Sample Name, AUS25x23_24G
Freq, 24, GHz, Power, 10, dBm
SR850: f = 25 Hz; phase = 96 deg; output = 5 V; sens. = 50 uV; tc = 300 ms; 12dB/oct
Field	X	Y
Oe	V	V
*
-6.659000E+2	3.045440E-6	-1.490130E-8
-6.659000E+2	3.045440E-6	-1.490130E-8
-6.647000E+2	2.896430E-6	1.490130E-8
-6.644000E+2	2.913190E-6	-1.043090E-7
-6.569000E+2	2.978380E-6	-2.086170E-7
-6.569000E+2	2.978380E-6	-2.086170E-7
-6.227000E+2	3.023090E-6	-1.359740E-7
-6.095000E+2	3.008190E-6	-6.333040E-8
-5.812000E+2	3.093870E-6	4.470370E-8
-5.655000E+2	3.149750E-6	7.264360E-8
-5.356000E+2	3.395620E-6	5.960510E-8
-5.192000E+2	3.434730E-6	1.005830E-7
-4.867000E+2	3.602370E-6	1.173470E-7
-4.721000E+2	3.740210E-6	1.899910E-7
-4.457000E+2	3.956290E-6	-5.215430E-8
-4.323000E+2	4.179800E-6	-1.229350E-7
-4.323000E+2	4.179800E-6	-1.229350E-7
-3.958000E+2	4.662230E-6	-1.117590E-8
-3.819000E+2	4.733010E-6	-9.313280E-9
-3.735000E+2	4.975150E-6	-9.872060E-8
-3.524000E+2	5.414740E-6	-1.396990E-7
-3.441000E+2	5.554440E-6	-2.011670E-7
-3.239000E+2	5.994020E-6	2.421450E-8
-3.144000E+2	6.075980E-6	1.620510E-7
-3.060000E+2	6.191460E-6	3.241020E-7
-2.827000E+2	6.416840E-6	3.110640E-7
-2.738000E+2	6.329300E-6	2.980250E-7
-2.525000E+2	6.141170E-6	2.421460E-7
-2.433000E+2	6.031270E-6	2.365570E-7
-2.216000E+2	5.919520E-6	2.626350E-7
-2.123000E+2	5.746290E-6	2.533220E-7
-2.009000E+2	5.530220E-6	1.620510E-7
-1.789000E+2	5.111130E-6	5.587960E-8
-1.681000E+2	4.839180E-6	5.587960E-8
-1.458000E+2	4.194710E-6	-2.346940E-7
-1.348000E+2	3.941390E-6	-1.639140E-7
-1.247000E+2	3.818450E-6	-3.911580E-8
-1.029000E+2	3.678740E-6	-6.519300E-8
-9.000000E+1	3.406790E-6	6.891830E-8
-9.000000E+1	3.406790E-6	6.891830E-8
-5.960000E+1	2.896430E-6	9.313270E-8
-4.040000E+1	2.522040E-6	1.676390E-8
-2.920000E+1	2.469880E-6	3.911580E-8
-1.700000E+1	2.328320E-6	3.911580E-8
3.600000E+0	1.847750E-6	8.381950E-8
1.310000E+1	1.732270E-6	-1.676390E-8
3.420000E+1	1.063580E-6	5.029160E-8
4.320000E+1	7.431990E-7	6.333040E-8
6.430000E+1	-1.676390E-7	2.924370E-7
7.320000E+1	-6.817320E-7	2.514590E-7
9.680000E+1	-1.553450E-6	2.384200E-7
1.061000E+2	-1.829120E-6	1.806770E-7
1.160000E+2	-2.134610E-6	2.365570E-7
1.360000E+2	-2.698990E-6	1.527380E-7
1.482000E+2	-2.885250E-6	1.527380E-7
1.689000E+2	-3.254060E-6	2.793990E-7
1.786000E+2	-3.559530E-6	3.613550E-7
1.988000E+2	-4.103440E-6	1.899910E-7
2.092000E+2	-4.390280E-6	1.806770E-7
2.292000E+2	-4.621250E-6	1.285230E-7
2.401000E+2	-4.878300E-6	1.117590E-7
2.594000E+2	-5.384940E-6	-8.568210E-8
2.707000E+2	-5.636390E-6	-1.639140E-7
2.835000E+2	-5.796580E-6	-8.009420E-8
3.030000E+2	-6.048040E-6	-4.470370E-8
3.135000E+2	-6.105780E-6	-1.173470E-7
3.336000E+2	-6.239890E-6	1.303860E-8
3.437000E+2	-6.189600E-6	1.862660E-8
3.671000E+2	-6.005200E-6	1.303860E-8
3.769000E+2	-5.856190E-6	-4.284110E-8
3.980000E+2	-5.733250E-6	-5.215430E-8
4.073000E+2	-5.558160E-6	-1.005830E-7
4.195000E+2	-5.357000E-6	-1.043090E-7
4.407000E+2	-5.032900E-6	-1.452870E-7
4.499000E+2	-4.809380E-6	-1.266610E-7
4.499000E+2	-4.809380E-6	-1.266610E-7
4.827000E+2	-4.477830E-6	-1.210730E-7
4.936000E+2	-4.353030E-6	1.676390E-8
5.129000E+2	-4.021480E-6	1.266610E-7
5.241000E+2	-4.012170E-6	2.626350E-7
5.435000E+2	-3.688050E-6	1.601880E-7
5.435000E+2	-3.688050E-6	1.601880E-7
5.672000E+2	-3.526000E-6	1.117590E-8
5.892000E+2	-3.194450E-6	-1.024460E-7
6.005000E+2	-3.010050E-6	-2.048920E-7
6.222000E+2	-2.652420E-6	-4.004710E-7
6.335000E+2	-2.922500E-6	-2.961620E-7
6.530000E+2	-2.840550E-6	-5.215430E-8
6.644000E+2	-2.853590E-6	1.527380E-7
6.842000E+2	-2.833100E-6	2.644970E-7
6.954000E+2	-2.875940E-6	2.887120E-7
7.045000E+2	-2.803300E-6	1.229350E-7
7.262000E+2	-2.846140E-6	1.229350E-7
7.354000E+2	-2.712030E-6	1.583260E-7
7.599000E+2	-2.987700E-6	2.793980E-8
7.692000E+2	-3.054750E-6	-3.911580E-8
7.908000E+2	-3.008190E-6	4.470370E-8
8.000000E+2	-2.851720E-6	1.732270E-7
8.217000E+2	-2.436350E-6	5.308580E-7
8.310000E+2	-2.404690E-6	4.749760E-7
8.525000E+2	-2.423320E-6	2.514590E-7
8.623000E+2	-2.440080E-6	1.341110E-7
8.834000E+2	-2.529490E-6	5.401690E-8
8.834000E+2	-2.529490E-6	5.401690E-8
9.053000E+2	-2.566740E-6	2.793990E-7
9.274000E+2	-2.499680E-6	3.781190E-7
9.274000E+2	-2.499680E-6	3.781190E-7
9.590000E+2	-1.870100E-6	-1.378370E-7
9.708000E+2	-2.140190E-6	-8.568210E-8
9.914000E+2	-2.397240E-6	-2.570470E-7
1.002700E+3	-2.319010E-6	-3.445910E-7
1.023400E+3	-2.324600E-6	-3.427290E-7
1.033800E+3	-2.345080E-6	-3.334150E-7
1.056400E+3	-2.432630E-6	-1.620510E-7
1.067700E+3	-2.402830E-6	-2.086170E-7
1.087700E+3	-2.469880E-6	-1.713640E-7
1.098400E+3	-2.374890E-6	2.793980E-8
1.107600E+3	-2.238910E-6	9.313270E-8
1.129300E+3	-2.291070E-6	1.396990E-7
1.139000E+3	-2.384200E-6	1.732270E-7
1.160400E+3	-2.423320E-6	1.117590E-8
1.170600E+3	-2.561150E-6	-5.215430E-8
1.195200E+3	-2.570460E-6	-2.179300E-7
1.204900E+3	-2.579780E-6	-3.390030E-7
1.226700E+3	-2.710160E-6	-5.196820E-7
1.236700E+3	-2.853590E-6	-4.097840E-7
1.257800E+3	-2.685950E-6	-1.546000E-7
1.268300E+3	-2.631930E-6	-3.352780E-8
1.288900E+3	-2.719480E-6	-1.620510E-7
1.288900E+3	-2.719480E-6	-1.620510E-7
1.319800E+3	-2.855450E-6	-3.352780E-8
1.333000E+3	-2.836820E-6	-1.117590E-8
1.344300E+3	-2.872210E-6	1.117590E-8
1.366900E+3	-2.948580E-6	4.284110E-8
1.378100E+3	-2.946720E-6	-5.587960E-9
1.397000E+3	-2.987700E-6	-4.656640E-8
1.408600E+3	-3.024950E-6	-1.005830E-7
1.408600E+3	-3.024950E-6	-1.005830E-7
1.438700E+3	-3.132980E-6	-6.146770E-8
1.450500E+3	-3.147880E-6	-1.173470E-7
1.471700E+3	-3.196310E-6	-5.774220E-8
1.480500E+3	-3.146020E-6	-1.601880E-7
1.501300E+3	-3.188860E-6	-9.313280E-9
1.510300E+3	-3.132980E-6	-1.061710E-7
1.521400E+3	-3.132980E-6	-8.754480E-8
1.542800E+3	-3.017500E-6	-1.899910E-7
1.553600E+3	-3.017500E-6	-1.899910E-7
1.572800E+3	-3.151610E-6	-2.384200E-7
1.584100E+3	-3.181410E-6	-1.918530E-7
1.603400E+3	-3.157200E-6	-2.384200E-7
1.614600E+3	-3.151610E-6	-1.192100E-7
1.633300E+3	-2.650560E-6	-2.086170E-7
1.644300E+3	-2.339500E-6	-2.067550E-7
1.663700E+3	-1.378360E-6	-3.110640E-7
1.675000E+3	-6.817320E-7	-3.278270E-7
1.697000E+3	8.177050E-7	-4.768410E-7
1.708200E+3	1.652170E-6	-5.327200E-7
1.720500E+3	2.287340E-6	-3.613550E-7
1.740700E+3	3.542770E-6	-2.104800E-7
1.750600E+3	4.002850E-6	-1.918530E-7
1.771400E+3	4.766540E-6	-1.676390E-8
1.780800E+3	5.062700E-6	-4.470370E-8
1.804100E+3	5.545120E-6	1.098970E-7
1.814300E+3	5.751880E-6	1.266610E-7
1.834600E+3	6.085290E-6	3.166510E-7
1.844100E+3	6.273420E-6	2.644970E-7
1.844100E+3	6.273420E-6	2.644970E-7
1.877000E+3	6.511840E-6	3.520420E-7
1.885900E+3	6.595660E-6	3.371410E-7
1.898600E+3	6.636630E-6	3.129260E-7
1.918700E+3	6.668300E-6	2.197930E-7
1.929100E+3	6.563990E-6	2.719480E-7
1.948700E+3	6.578890E-6	2.477340E-7
1.959800E+3	6.537910E-6	3.147890E-7
1.979100E+3	6.703690E-6	1.620510E-7
1.979100E+3	6.703690E-6	1.620510E-7
2.009400E+3	6.785650E-6	2.272440E-7
2.020600E+3	6.839660E-6	1.993040E-7
2.041700E+3	6.886230E-6	1.993040E-7
2.053000E+3	6.904850E-6	1.620510E-7
2.065900E+3	6.940240E-6	1.993040E-7
2.085400E+3	7.081810E-6	1.527380E-7
2.098600E+3	7.003570E-6	2.067550E-7
2.108100E+3	7.018480E-6	1.732270E-7
2.131900E+3	6.981220E-6	2.235180E-7
2.141200E+3	6.997990E-6	2.812610E-7
2.161400E+3	7.040830E-6	2.551840E-7
2.174100E+3	6.997990E-6	3.445910E-7
2.194400E+3	6.921620E-6	3.278270E-7
2.203900E+3	6.921620E-6	3.278270E-7
2.213500E+3	6.981220E-6	2.533220E-7
2.236700E+3	6.951420E-6	2.626350E-7
2.245600E+3	6.902990E-6	2.719480E-7
2.266500E+3	6.832210E-6	2.719480E-7
2.276000E+3	6.852700E-6	1.993040E-7
2.296400E+3	6.876910E-6	8.940740E-8
2.306500E+3	6.899270E-6	1.061710E-7
2.326600E+3	7.018480E-6	1.993040E-7
2.337100E+3	6.947700E-6	2.682230E-7
2.347600E+3	6.943970E-6	2.160680E-7
2.369300E+3	6.934660E-6	2.738110E-7
2.380600E+3	6.951420E-6	2.495960E-7
2.399800E+3	6.929070E-6	2.514590E-7
2.410600E+3	6.929070E-6	3.166510E-7
2.430200E+3	6.893680E-6	3.464540E-7
2.440500E+3	6.865740E-6	2.924370E-7
2.460700E+3	6.791230E-6	2.719480E-7
2.470400E+3	6.839660E-6	2.067550E-7
2.491000E+3	6.893680E-6	2.738110E-7
2.500200E+3	6.893680E-6	2.440080E-7
2.500200E+3	6.893680E-6	2.440080E-7
2.530200E+3	6.727900E-6	3.948830E-7
2.530200E+3	6.727900E-6	3.948830E-7
2.566300E+3	6.768880E-6	3.315530E-7
2.575200E+3	6.727900E-6	2.421460E-7
2.596200E+3	6.709280E-6	2.142050E-7
2.596200E+3	6.709280E-6	2.142050E-7
2.618000E+3	6.662710E-6	1.601880E-7
2.618000E+3	6.662710E-6	1.601880E-7
2.648400E+3	6.672020E-6	1.806770E-7
2.667600E+3	6.727900E-6	2.626350E-7
2.678700E+3	6.716730E-6	2.384200E-7
2.697900E+3	6.808000E-6	1.955790E-7
2.709100E+3	6.731630E-6	2.421460E-7
2.730600E+3	6.781920E-6	1.359740E-7
2.741700E+3	6.707410E-6	1.862650E-7
2.761100E+3	6.655260E-6	2.123420E-7
2.772400E+3	6.642220E-6	2.384200E-7
2.791800E+3	6.690650E-6	2.216560E-7
2.803000E+3	6.729770E-6	2.123420E-7
2.822300E+3	6.858290E-6	2.048920E-7
2.833300E+3	6.934660E-6	1.620510E-7
2.842100E+3	7.035240E-6	1.098970E-7
2.865500E+3	6.940240E-6	1.415620E-7
2.874900E+3	6.997990E-6	7.264360E-8
2.895700E+3	6.901130E-6	-7.450640E-9
2.904700E+3	6.904850E-6	-1.024460E-7
2.925800E+3	6.876910E-6	-2.421450E-8
2.934600E+3	6.938380E-6	-3.725320E-9
2.955700E+3	7.301600E-6	2.607720E-7
2.964800E+3	7.333260E-6	3.017500E-7
2.976000E+3	7.333260E-6	3.017500E-7
2.997800E+3	7.225230E-6	3.371410E-7
3.008400E+3	7.186110E-6	3.743930E-7
3.027900E+3	7.156310E-6	3.892950E-7
3.039000E+3	7.128370E-6	3.688060E-7
3.058400E+3	7.201020E-6	2.589090E-7
3.069700E+3	7.212190E-6	2.663600E-7
3.091100E+3	7.251310E-6	2.626350E-7
3.102000E+3	7.197290E-6	2.626350E-7
3.121200E+3	7.201020E-6	3.706680E-7
3.132500E+3	7.214050E-6	4.116460E-7
3.151700E+3	7.303460E-6	3.706680E-7
3.162900E+3	7.266210E-6	2.980250E-7
3.182200E+3	7.230820E-6	1.732270E-7
3.193300E+3	7.228950E-6	7.636890E-8
3.213100E+3	7.098570E-6	2.048920E-7
3.223600E+3	7.221500E-6	1.974410E-7
3.232700E+3	7.305320E-6	1.583260E-7
3.256700E+3	7.268070E-6	2.495960E-7
3.265800E+3	7.329540E-6	1.844030E-7
3.286800E+3	7.502760E-6	1.881280E-7
3.295700E+3	7.560510E-6	1.266610E-7
3.316800E+3	7.644350E-6	2.030290E-7
3.316800E+3	7.644350E-6	2.030290E-7
3.346700E+3	7.573540E-6	3.613550E-7
3.356200E+3	7.515800E-6	3.967450E-7
3.376800E+3	7.461790E-6	4.600750E-7
3.387000E+3	7.547470E-6	5.271320E-7
3.407200E+3	7.761700E-6	4.749760E-7
3.418000E+3	7.677880E-6	4.675260E-7
3.437500E+3	7.677880E-6	3.874320E-7
3.448700E+3	7.672290E-6	3.613550E-7
3.448700E+3	7.672290E-6	3.613550E-7
3.481000E+3	7.886500E-6	5.085060E-7
3.491600E+3	7.899540E-6	5.699730E-7
3.511500E+3	7.754250E-6	5.029180E-7
3.521600E+3	7.724450E-6	5.383080E-7
3.543400E+3	7.757980E-6	6.146770E-7
3.554300E+3	7.810130E-6	6.333030E-7
3.563200E+3	7.908850E-6	5.867370E-7
3.586800E+3	8.184520E-6	4.712510E-7
3.586800E+3	8.184520E-6	4.712510E-7
3.619100E+3	8.225500E-6	2.831240E-7
3.629300E+3	8.145410E-6	1.210730E-7
3.641300E+3	8.201280E-6	7.823160E-8
3.662400E+3	8.311180E-6	7.078100E-8
3.662400E+3	8.311180E-6	7.078100E-8
3.692600E+3	8.376370E-6	1.136220E-7
3.701600E+3	8.422940E-6	1.546000E-7
3.722600E+3	8.173350E-6	5.513470E-7
3.731900E+3	8.137950E-6	6.593800E-7
3.752200E+3	8.277650E-6	3.129260E-7
3.762100E+3	8.296280E-6	2.682230E-7
3.782100E+3	8.257160E-6	1.415620E-7
3.794400E+3	8.225500E-6	1.993040E-7
3.805600E+3	8.162170E-6	3.855690E-7
3.805600E+3	8.162170E-6	3.855690E-7
3.836400E+3	8.406180E-6	3.110640E-7
3.855900E+3	8.596170E-6	3.315530E-7
3.866800E+3	8.773120E-6	3.166510E-7
3.886500E+3	8.799190E-6	3.017500E-7
3.899600E+3	8.901640E-6	3.818440E-7
3.908700E+3	9.007810E-6	4.433110E-7
3.932600E+3	8.728410E-6	1.173470E-7
3.941700E+3	8.633420E-6	1.676390E-8
3.965000E+3	8.489990E-6	-1.173470E-7
3.975000E+3	8.562640E-6	-1.657760E-7
3.984500E+3	8.549600E-6	-5.215430E-8
4.005200E+3	8.752630E-6	1.620510E-7
4.026400E+3	8.814100E-6	5.438960E-7
4.035400E+3	8.890460E-6	5.587970E-7
4.047800E+3	8.922130E-6	5.047800E-7
4.068400E+3	8.933300E-6	5.047800E-7
4.078100E+3	8.940750E-6	4.451740E-7
4.089300E+3	8.989180E-6	3.464540E-7
4.110400E+3	9.007810E-6	2.793980E-8
4.121400E+3	9.041340E-6	6.333040E-8
4.143000E+3	9.166130E-6	1.266610E-7
4.153400E+3	9.195940E-6	2.160680E-7
4.173000E+3	9.384060E-6	1.098970E-7
4.184000E+3	9.346810E-6	1.098970E-7
4.194100E+3	9.235050E-6	2.123420E-7
4.217300E+3	9.242500E-6	3.986080E-7
4.227200E+3	9.173590E-6	3.445910E-7
4.248000E+3	8.987320E-6	1.583260E-7
4.257300E+3	9.050650E-6	9.685800E-8
4.278400E+3	9.195940E-6	1.098970E-7
4.278400E+3	9.195940E-6	1.098970E-7
4.308300E+3	9.326320E-6	1.452870E-7
4.317400E+3	9.372890E-6	1.564630E-7
4.341400E+3	9.452980E-6	2.775360E-7
4.350600E+3	9.546110E-6	2.458710E-7
4.371800E+3	9.536800E-6	4.172340E-7
4.380900E+3	9.611310E-6	4.135090E-7
4.393500E+3	9.693260E-6	3.427290E-7
4.414200E+3	9.834820E-6	3.688060E-7
4.426200E+3	9.927960E-6	3.092010E-7
4.437300E+3	9.879530E-6	2.961620E-7
4.456500E+3	9.952170E-6	3.203770E-7
4.467700E+3	9.970800E-6	3.464540E-7
4.489100E+3	1.003040E-5	3.073380E-7
4.489100E+3	1.003040E-5	3.073380E-7
4.519100E+3	1.008630E-5	2.551840E-7
4.530200E+3	1.013280E-5	2.626350E-7
4.549600E+3	1.027070E-5	1.769520E-7
4.560800E+3	1.027440E-5	3.725310E-8
4.580100E+3	1.027440E-5	7.823160E-8
4.591200E+3	1.041780E-5	1.136220E-7
4.603300E+3	1.048300E-5	2.495960E-7
4.623700E+3	1.047740E-5	2.849870E-7
4.633200E+3	1.045880E-5	2.533220E-7
4.656000E+3	1.050350E-5	2.067550E-7
4.666200E+3	1.051840E-5	1.620510E-7
4.666200E+3	1.051840E-5	1.620510E-7
4.696200E+3	1.061710E-5	1.639140E-7
4.705600E+3	1.068050E-5	2.551840E-7
4.726300E+3	1.078660E-5	4.172340E-7
4.736500E+3	1.081090E-5	4.135090E-7
4.757000E+3	1.080150E-5	3.855690E-7
4.767700E+3	1.079410E-5	4.321350E-7
4.787500E+3	1.079410E-5	4.321350E-7
4.798600E+3	1.081090E-5	5.383080E-7
4.820800E+3	1.096360E-5	3.129260E-7
4.831200E+3	1.092450E-5	2.924370E-7
4.851100E+3	1.103810E-5	3.315530E-7
4.851100E+3	1.103810E-5	3.315530E-7
4.874900E+3	1.114240E-5	3.185140E-7
4.894200E+3	1.121880E-5	2.700850E-7
4.905200E+3	1.128960E-5	2.849870E-7
4.905200E+3	1.128960E-5	2.849870E-7
4.937500E+3	1.158760E-5	2.533220E-7
4.956600E+3	1.167140E-5	2.402830E-7
4.967700E+3	1.176450E-5	2.458710E-7
4.979900E+3	1.173100E-5	3.241020E-7
5.000400E+3	1.177570E-5	3.017500E-7
5.010200E+3	1.190420E-5	2.980250E-7
5.031100E+3	1.199920E-5	2.980250E-7
5.040500E+3	1.208120E-5	2.589090E-7
5.064700E+3	1.214450E-5	2.775360E-7
5.074000E+3	1.220970E-5	2.905740E-7
5.086100E+3	1.226370E-5	2.048920E-7
5.107000E+3	1.231960E-5	2.514590E-7
5.119000E+3	1.247230E-5	2.365570E-7
5.129600E+3	1.255060E-5	3.073380E-7
5.151900E+3	1.261580E-5	3.669430E-7
5.161900E+3	1.266230E-5	3.650800E-7
5.182100E+3	1.270700E-5	4.451740E-7
5.194300E+3	1.277780E-5	3.650800E-7
5.205600E+3	1.277970E-5	3.688060E-7
5.227600E+3	1.294920E-5	3.334150E-7
5.238200E+3	1.299010E-5	3.464540E-7
5.257900E+3	1.317270E-5	3.036130E-7
5.269100E+3	1.321370E-5	3.334150E-7
5.269100E+3	1.321370E-5	3.334150E-7
5.299500E+3	1.348190E-5	3.501790E-7
5.312100E+3	1.352660E-5	3.855690E-7
5.332000E+3	1.365320E-5	3.632180E-7
5.345300E+3	1.368680E-5	3.855690E-7
5.354300E+3	1.369050E-5	3.390030E-7
5.378300E+3	1.359360E-5	3.371410E-7
5.387400E+3	1.369420E-5	2.644970E-7
5.411000E+3	1.381900E-5	2.179300E-7
5.420800E+3	1.391770E-5	1.769520E-7
5.441700E+3	1.388610E-5	3.092010E-7
5.450800E+3	1.393260E-5	3.278270E-7
5.471900E+3	1.398290E-5	3.799810E-7
5.480900E+3	1.402760E-5	3.296900E-7
5.480900E+3	1.402760E-5	3.296900E-7
5.491700E+3	1.402210E-5	2.998880E-7
5.524000E+3	1.416550E-5	6.333040E-8
5.544100E+3	1.404630E-5	6.891830E-8
5.556300E+3	1.384140E-5	8.754480E-8
5.567600E+3	1.366810E-5	1.583260E-7
5.587000E+3	1.332910E-5	1.490130E-7
5.598200E+3	1.317640E-5	2.346940E-7
5.617800E+3	1.261950E-5	3.203770E-7
5.628800E+3	1.225070E-5	4.060580E-7
5.650500E+3	1.169370E-5	4.265480E-7
5.661900E+3	1.115920E-5	3.334150E-7
5.674500E+3	1.075310E-5	2.849870E-7
5.674500E+3	1.075310E-5	2.849870E-7
5.694400E+3	9.950310E-6	2.197930E-7
5.727600E+3	8.393140E-6	2.924370E-7
5.737700E+3	7.808270E-6	3.241020E-7
5.758300E+3	6.333020E-6	3.203770E-7
5.767800E+3	5.638260E-6	2.793990E-7
5.777800E+3	5.638260E-6	2.793990E-7
5.798200E+3	3.134850E-6	2.086170E-7
5.798200E+3	3.134850E-6	2.086170E-7
5.828500E+3	9.648570E-7	1.005830E-7
5.828500E+3	9.648570E-7	1.005830E-7
5.861500E+3	-1.560900E-6	9.872060E-8
5.871800E+3	-2.348810E-6	1.732270E-7
5.891700E+3	-3.615410E-6	9.127010E-8
5.902400E+3	-4.297150E-6	5.029160E-8
5.921800E+3	-5.669920E-6	4.097840E-8
5.932100E+3	-5.669920E-6	4.097840E-8
5.932100E+3	-6.288320E-6	7.636890E-8
5.963000E+3	-7.830620E-6	1.341110E-7
5.982600E+3	-8.795470E-6	2.235190E-8
5.993700E+3	-9.117710E-6	-5.401690E-8
6.006500E+3	-9.562880E-6	1.303860E-8
6.025700E+3	-1.026700E-5	9.499540E-8
6.036400E+3	-1.043460E-5	1.862660E-8
6.056500E+3	-1.079220E-5	3.725320E-9
6.066600E+3	-1.086300E-5	-8.754480E-8
6.087100E+3	-1.108470E-5	4.656640E-8
6.096900E+3	-1.104930E-5	-3.725310E-8
6.118000E+3	-1.130630E-5	-6.146770E-8
6.118000E+3	-1.130630E-5	-6.146770E-8
6.139500E+3	-1.155220E-5	-2.291060E-7
6.163600E+3	-1.169370E-5	-1.937160E-7
6.163600E+3	-1.169370E-5	-1.937160E-7
6.193500E+3	-1.169370E-5	-1.136220E-7
6.203200E+3	-1.176640E-5	-3.539050E-8
6.223700E+3	-1.176640E-5	-3.539050E-8
6.232900E+3	-1.178690E-5	-2.048920E-8
6.244200E+3	-1.171980E-5	-2.980250E-8
6.266700E+3	-1.160060E-5	4.097840E-8
6.278000E+3	-1.160060E-5	4.097840E-8
6.297600E+3	-1.146460E-5	7.823160E-8
6.308800E+3	-1.139760E-5	7.823160E-8
6.327400E+3	-1.121500E-5	-7.636890E-8
6.341700E+3	-1.125970E-5	-1.490130E-8
6.360900E+3	-1.106790E-5	-4.097840E-8
6.372200E+3	-1.105670E-5	-5.587960E-9
6.391500E+3	-1.094870E-5	8.754480E-8
6.402400E+3	-1.101020E-5	1.620510E-7
6.411400E+3	-1.101020E-5	1.620510E-7
6.411400E+3	-1.090960E-5	2.030290E-7
6.444400E+3	-1.068790E-5	4.097840E-8
6.456500E+3	-1.054260E-5	-4.842900E-8
6.477600E+3	-1.039550E-5	-3.725310E-8
6.498200E+3	-1.032100E-5	6.519300E-8
6.507700E+3	-1.017200E-5	5.029160E-8
6.517500E+3	-1.005090E-5	9.685800E-8
6.541000E+3	-9.987560E-6	2.328320E-7
6.550000E+3	-9.818060E-6	1.695020E-7
6.561300E+3	-9.754730E-6	1.881280E-7
6.583200E+3	-9.788260E-6	-3.725320E-9
6.593700E+3	-9.808750E-6	-1.043090E-7
6.616200E+3	-9.808750E-6	-1.043090E-7
6.626100E+3	-9.406420E-6	1.266610E-7
6.626100E+3	-9.406420E-6	1.266610E-7
6.658800E+3	-9.065550E-6	-5.401690E-8
6.669900E+3	-9.145650E-6	-5.774220E-8
6.689400E+3	-9.136330E-6	-2.421450E-8
6.700600E+3	-9.043200E-6	-1.825400E-7
6.720000E+3	-9.076730E-6	-3.408660E-7
6.731100E+3	-8.994770E-6	-3.874320E-7
6.750800E+3	-9.033890E-6	-1.471500E-7
6.761500E+3	-9.089770E-6	-1.415620E-7
6.781800E+3	-9.181040E-6	-2.812610E-7
6.792100E+3	-9.046930E-6	-3.669430E-7
6.812800E+3	-9.046930E-6	-3.185140E-7
6.822400E+3	-8.884880E-6	-3.613550E-7
6.845400E+3	-8.789880E-6	-2.235180E-7
6.855800E+3	-8.702340E-6	-2.868490E-7
6.864900E+3	-8.506760E-6	-2.943000E-7
6.888700E+3	-8.557050E-6	-1.098970E-7
6.897800E+3	-8.562640E-6	-8.009420E-8
6.918800E+3	-8.439700E-6	-5.587960E-8
6.918800E+3	-8.439700E-6	-5.587960E-8
6.949000E+3	-8.156580E-6	-2.421450E-8
6.958300E+3	-8.128640E-6	3.166520E-8
6.979100E+3	-7.955420E-6	1.490130E-8
6.989000E+3	-7.947970E-6	4.097840E-8
7.002200E+3	-7.856700E-6	9.127010E-8
7.021800E+3	-7.670430E-6	2.030290E-7
7.033000E+3	-7.500900E-6	3.427290E-7
7.052300E+3	-7.538150E-6	4.395860E-7
7.063600E+3	-7.627560E-6	4.433110E-7
7.082900E+3	-7.733760E-6	3.166510E-7
7.094100E+3	-7.599620E-6	2.011670E-7
7.113900E+3	-7.465510E-6	1.918530E-7
7.113900E+3	-7.465510E-6	1.918530E-7
7.146400E+3	-7.236410E-6	1.266610E-7
7.157600E+3	-7.022200E-6	5.029160E-8
7.177200E+3	-6.953280E-6	1.061710E-7
7.188000E+3	-6.867600E-6	1.490130E-8
7.208000E+3	-6.847110E-6	9.685800E-8
7.218200E+3	-6.906720E-6	2.421450E-8
7.230100E+3	-6.720450E-6	-1.601880E-7
7.251400E+3	-6.645950E-6	-4.358610E-7
7.263500E+3	-6.455960E-6	-7.078090E-7
7.273900E+3	-6.459680E-6	-5.681100E-7
7.296800E+3	-6.545360E-6	-3.334150E-7
7.306400E+3	-6.711140E-6	-1.322490E-7
7.317600E+3	-6.666440E-6	-7.264360E-8
7.338900E+3	-6.778190E-6	1.303860E-8
7.350100E+3	-6.662710E-6	-9.872060E-8
7.369600E+3	-6.526740E-6	7.823160E-8
7.380800E+3	-6.476450E-6	1.899910E-7
7.400000E+3	-6.334890E-6	-5.215430E-8
7.411200E+3	-6.176560E-6	-1.750900E-7
7.430600E+3	-6.033140E-6	-4.265480E-7
7.441500E+3	-6.176560E-6	-3.557670E-7
7.463500E+3	-6.178420E-6	-2.384200E-7
7.474800E+3	-6.176560E-6	-1.210730E-7
7.494400E+3	-6.211950E-6	7.450630E-8
7.505500E+3	-5.915790E-6	9.127010E-8
7.525200E+3	-6.029410E-6	4.284110E-8
7.535900E+3	-5.906480E-6	1.452870E-7
7.544900E+3	-5.790990E-6	-5.587960E-9
7.568800E+3	-5.802170E-6	1.490130E-8
7.577900E+3	-5.682960E-6	-9.872060E-8
7.601400E+3	-5.736980E-6	-2.421450E-8
7.611100E+3	-5.606590E-6	-9.872060E-8
7.620700E+3	-5.554440E-6	5.029160E-8
7.644200E+3	-5.412880E-6	8.009420E-8
7.654200E+3	-5.459440E-6	4.656640E-8
7.664700E+3	-5.427780E-6	-5.215430E-8
7.687100E+3	-5.377490E-6	2.458710E-7
7.687100E+3	-5.377490E-6	2.458710E-7
7.698500E+3	-5.463170E-6	4.004710E-7
7.729400E+3	-5.275040E-6	2.142050E-7
7.729400E+3	-5.275040E-6	2.142050E-7
7.749000E+3	-5.202400E-6	3.799810E-7
7.778900E+3	-5.055250E-6	4.321350E-7
7.790100E+3	-5.038480E-6	2.849870E-7
7.812300E+3	-5.466890E-6	4.284110E-8
7.812300E+3	-5.466890E-6	4.284110E-8
7.843000E+3	-5.465030E-6	-1.117590E-7
7.853700E+3	-5.422190E-6	6.146770E-8
7.853700E+3	-5.422190E-6	6.146770E-8
7.865900E+3	-5.297390E-6	3.352780E-8
7.899300E+3	-5.118580E-6	2.421450E-8
7.899300E+3	-5.118580E-6	2.421450E-8
7.932500E+3	-4.734870E-6	-2.048920E-7
7.941700E+3	-4.509490E-6	-2.291060E-7
7.952200E+3	-4.515080E-6	-8.754480E-8
7.975300E+3	-4.420090E-6	-1.061710E-7
7.985000E+3	-4.518810E-6	-5.029160E-8
8.005600E+3	-4.464790E-6	1.192100E-7
8.005600E+3	-4.464790E-6	1.192100E-7
8.018600E+3	-4.516940E-6	9.499540E-8
8.048400E+3	-4.367930E-6	-1.732270E-7
8.062500E+3	-4.477830E-6	-8.009420E-8
8.081900E+3	-4.449890E-6	-8.195680E-8
8.095100E+3	-4.434990E-6	2.048920E-8
8.105600E+3	-4.373520E-6	6.519300E-8
8.127700E+3	-4.090400E-6	4.097840E-8
8.138900E+3	-4.122060E-6	5.029160E-8
8.158600E+3	-4.049420E-6	-1.117590E-8
8.169400E+3	-3.963740E-6	-4.284110E-8
8.189600E+3	-4.088540E-6	-2.793980E-8
8.202500E+3	-4.088540E-6	-2.793980E-8
8.222000E+3	-4.150000E-6	1.396990E-7
8.233000E+3	-4.122060E-6	2.030290E-7
8.245100E+3	-4.021480E-6	1.788150E-7
8.265600E+3	-4.000990E-6	2.142050E-7
8.278000E+3	-4.032660E-6	2.011670E-7
8.287100E+3	-3.984230E-6	1.415620E-7
8.311400E+3	-4.118340E-6	2.179300E-7
8.320500E+3	-4.099710E-6	1.080340E-7
8.341700E+3	-4.038240E-6	1.024460E-7
8.341700E+3	-4.038240E-6	1.024460E-7
8.372300E+3	-4.136960E-6	9.127010E-8
8.372300E+3	-4.136960E-6	9.127010E-8
8.402600E+3	-4.114610E-6	1.285230E-7
8.412100E+3	-4.116470E-6	1.359740E-7
8.423300E+3	-3.961880E-6	-1.862660E-8
8.423300E+3	-3.961880E-6	-1.862660E-8
8.445500E+3	-3.865020E-6	8.195680E-8
8.478100E+3	-3.762560E-6	7.078100E-8
8.489300E+3	-3.848250E-6	1.396990E-7
8.508900E+3	-3.922760E-6	3.725320E-9
8.520200E+3	-3.771870E-6	-1.676390E-8
8.539800E+3	-3.526000E-6	3.352780E-8
8.551000E+3	-3.678740E-6	1.117590E-7
8.563400E+3	-3.483160E-6	1.341110E-7
8.584000E+3	-3.380720E-6	6.333040E-8
8.596700E+3	-3.470120E-6	3.725310E-8
8.605800E+3	-3.466400E-6	-5.960510E-8
8.629900E+3	-3.615410E-6	3.166520E-8
8.629900E+3	-3.615410E-6	3.166520E-8
8.660700E+3	-3.458950E-6	-5.215430E-8
8.660700E+3	-3.458950E-6	-5.215430E-8
8.694100E+3	-3.511100E-6	5.774220E-8
8.694100E+3	-3.511100E-6	5.774220E-8
8.714200E+3	-3.485020E-6	-2.048920E-8
8.733800E+3	-3.384440E-6	1.154840E-7
8.746800E+3	-3.576290E-6	7.450640E-9
8.746800E+3	-3.576290E-6	7.450640E-9
8.777700E+3	-3.429140E-6	-1.117590E-8
8.790800E+3	-3.367680E-6	4.842900E-8
8.810400E+3	-3.214940E-6	6.891830E-8
8.821700E+3	-3.110630E-6	4.656640E-8
8.843200E+3	-2.995150E-6	1.415620E-7
8.854300E+3	-2.948580E-6	1.620510E-7
8.864200E+3	-3.006320E-6	1.974410E-7
8.887800E+3	-2.905740E-6	1.154840E-7
8.897400E+3	-2.894570E-6	1.266610E-7
8.920500E+3	-2.887110E-6	9.685800E-8
8.931000E+3	-2.915050E-6	6.891830E-8
8.940100E+3	-2.915050E-6	6.891830E-8
8.940100E+3	-2.790260E-6	-1.117590E-8
8.982200E+3	-2.549980E-6	5.960510E-8
8.991600E+3	-2.624480E-6	-9.313280E-9
9.012200E+3	-2.730650E-6	2.235190E-8
9.022100E+3	-2.739970E-6	-5.587960E-9
9.031700E+3	-2.747420E-6	1.490130E-8
9.055300E+3	-2.624480E-6	8.009420E-8
9.065200E+3	-2.535070E-6	9.499540E-8
9.085600E+3	-2.464290E-6	6.519300E-8
9.095100E+3	-2.428900E-6	4.656640E-8
9.115900E+3	-2.410280E-6	4.097840E-8
9.128600E+3	-2.300380E-6	-4.470370E-8
9.128600E+3	-2.300380E-6	-4.470370E-8
9.159300E+3	-2.373020E-6	7.450630E-8
9.170500E+3	-2.343220E-6	1.061710E-7
9.192100E+3	-2.361850E-6	4.097840E-8
9.203300E+3	-2.369300E-6	3.166520E-8
9.216100E+3	-2.404690E-6	7.450630E-8
9.216100E+3	-2.404690E-6	7.450630E-8
9.246700E+3	-2.225880E-6	-3.352780E-8
9.246700E+3	-2.225880E-6	-3.352780E-8
9.277200E+3	-2.229600E-6	-7.078100E-8
9.298100E+3	-2.190490E-6	-5.215430E-8
9.307400E+3	-2.244500E-6	-1.043090E-7
9.330700E+3	-2.389790E-6	2.346940E-7
9.340800E+3	-2.279890E-6	2.644970E-7
9.361400E+3	-1.838440E-6	1.732270E-7
9.371000E+3	-1.678250E-6	1.434250E-7
9.383100E+3	-1.730400E-6	-1.862660E-9
9.383100E+3	-1.730400E-6	-1.862660E-9
9.413600E+3	-1.970690E-6	2.048920E-7
9.434600E+3	-1.847750E-6	1.154840E-7
9.444300E+3	-1.760210E-6	8.940740E-8
9.455600E+3	-1.683840E-6	1.024460E-7
9.477200E+3	-1.765790E-6	6.519300E-8
9.488400E+3	-1.929710E-6	1.583260E-7
9.507800E+3	-1.950200E-6	2.533220E-7
9.519000E+3	-1.980010E-6	2.179300E-7
9.541200E+3	-1.864520E-6	3.017500E-7
9.551500E+3	-2.007950E-6	3.483160E-7
9.564900E+3	-1.922260E-6	3.017500E-7
9.585400E+3	-1.804910E-6	1.061710E-7
9.585400E+3	-1.804910E-6	1.061710E-7
9.607700E+3	-1.858930E-6	1.937160E-7
9.607700E+3	-1.858930E-6	1.937160E-7
9.631500E+3	-1.737860E-6	-5.587960E-8
9.641500E+3	-1.601880E-6	-2.440080E-7
9.674900E+3	-1.655900E-6	-1.862660E-8
9.674900E+3	-1.655900E-6	-1.862660E-8
9.708300E+3	-1.898040E-6	-5.587960E-9
9.717500E+3	-2.093630E-6	-4.656640E-8
9.717500E+3	-2.093630E-6	-4.656640E-8
9.738700E+3	-2.026570E-6	5.215430E-8
9.769000E+3	-1.836580E-6	7.823160E-8
9.781100E+3	-1.702460E-6	-4.842900E-8
9.791200E+3	-1.708050E-6	-5.587960E-8
9.791200E+3	-1.708050E-6	-5.587960E-8
9.824900E+3	-1.594430E-6	-5.587960E-9
9.844900E+3	-1.432380E-6	3.539050E-8
9.854900E+3	-1.456600E-6	2.980250E-8
9.875300E+3	-1.406300E-6	-2.607710E-8
9.885800E+3	-1.449150E-6	-1.303860E-8
9.905800E+3	-1.484540E-6	6.333040E-8
9.916800E+3	-1.458460E-6	5.960510E-8
9.927000E+3	-1.439830E-6	6.891830E-8
9.950400E+3	-1.376500E-6	3.390030E-7
9.960500E+3	-1.316900E-6	3.036130E-7
9.983100E+3	-1.339250E-6	2.421450E-8
9.994000E+3	-1.329940E-6	2.607710E-8
1.000330E+4	-1.339250E-6	-3.166520E-8
1.002740E+4	-1.566490E-6	-5.215430E-8
1.002740E+4	-1.566490E-6	-5.215430E-8
1.005790E+4	-1.480810E-6	-1.806770E-7
1.006690E+4	-1.560900E-6	-6.146770E-8
1.006690E+4	-1.560900E-6	-6.146770E-8
1.010000E+4	-1.471500E-6	-5.587960E-9
1.011010E+4	-1.376500E-6	-5.587960E-9
1.013360E+4	-1.246120E-6	0.000000E+0
1.014300E+4	-1.197690E-6	-8.381950E-8
1.014300E+4	-1.197690E-6	-8.381950E-8
1.017640E+4	-1.356010E-6	-7.450640E-9
1.019000E+4	-1.302000E-6	3.725320E-9
1.020990E+4	-1.315030E-6	7.823160E-8
1.022080E+4	-1.331800E-6	1.098970E-7
1.023120E+4	-1.220040E-6	1.024460E-7
1.023120E+4	-1.220040E-6	1.024460E-7
1.026440E+4	-1.078480E-6	4.656640E-8
1.028440E+4	-1.098970E-6	1.266610E-7
1.029490E+4	-1.031910E-6	8.940740E-8
1.031540E+4	-1.143670E-6	2.104800E-7
1.031540E+4	-1.143670E-6	2.104800E-7
1.034600E+4	-1.084070E-6	1.266610E-7
1.035560E+4	-9.983850E-7	-5.215430E-8
1.037610E+4	-1.084070E-6	1.117590E-8
1.038620E+4	-1.031910E-6	1.117590E-8
1.040720E+4	-1.125040E-6	1.061710E-7
1.042000E+4	-1.143670E-6	5.960510E-8
1.044140E+4	-9.834840E-7	-2.011670E-7
1.045080E+4	-1.152980E-6	-1.918530E-7
1.046320E+4	-1.186510E-6	-1.806770E-7
1.048450E+4	-1.078480E-6	-1.285230E-7
1.049410E+4	-1.050540E-6	-1.862660E-9
1.051790E+4	-1.030050E-6	9.685800E-8
1.052700E+4	-9.983850E-7	2.197930E-7
1.053800E+4	-1.009560E-6	2.011670E-7
1.055780E+4	-6.575170E-7	0.000000E+0
1.057070E+4	-6.258520E-7	3.725310E-8
1.057070E+4	-6.258520E-7	3.725310E-8
1.060340E+4	-6.202640E-7	-1.098970E-7
1.061450E+4	-6.258520E-7	-1.620510E-7
1.063390E+4	-7.003580E-7	-2.775360E-7
1.064510E+4	-6.314400E-7	-3.501790E-7
1.066480E+4	-7.357480E-7	-1.117590E-7
1.067560E+4	-8.549580E-7	3.725320E-9
1.069770E+4	-1.074750E-6	1.359740E-7
1.070890E+4	-1.164160E-6	2.272440E-7
1.072860E+4	-1.328070E-6	1.490130E-7
1.073950E+4	-1.270330E-6	1.247980E-7
1.074880E+4	-1.290820E-6	1.527380E-7
1.074880E+4	-1.290820E-6	1.527380E-7
1.078240E+4	-1.035640E-6	1.583260E-7
1.080700E+4	-1.087790E-6	-2.030290E-7
1.081640E+4	-9.723080E-7	-3.185140E-7
1.082690E+4	-1.043090E-6	-2.011670E-7
1.084720E+4	-1.017010E-6	-8.009420E-8
1.086850E+4	-1.149260E-6	9.872060E-8
1.087760E+4	-1.173470E-6	2.048920E-8
1.089080E+4	-1.087790E-6	1.490130E-8
1.091120E+4	-1.212590E-6	3.166510E-7
1.092370E+4	-1.272190E-6	2.048920E-7
1.093500E+4	-1.439830E-6	1.862650E-7
1.095670E+4	-1.290820E-6	1.676390E-7
1.096740E+4	-1.115730E-6	3.855690E-7
1.097780E+4	-9.853470E-7	4.321350E-7
1.099990E+4	-8.717220E-7	2.421460E-7
1.101110E+4	-9.462270E-7	1.899910E-7
1.103290E+4	-8.661340E-7	8.754480E-8
1.104430E+4	-9.108370E-7	1.229350E-7
1.105710E+4	-9.760330E-7	1.676390E-7
1.107810E+4	-9.536820E-7	2.104800E-7
1.109070E+4	-1.043090E-6	2.682230E-7
1.109070E+4	-1.043090E-6	2.682230E-7
1.112130E+4	-1.041230E-6	1.322490E-7
1.113350E+4	-9.834840E-7	1.732270E-7
1.115490E+4	-1.102690E-6	2.402830E-7
1.116410E+4	-1.046810E-6	2.644970E-7
1.118560E+4	-1.000250E-6	2.682230E-7
1.119480E+4	-1.048680E-6	2.514590E-7
1.121590E+4	-1.048680E-6	2.514590E-7
1.122560E+4	-1.084070E-6	7.264360E-8
1.124630E+4	-1.030050E-6	7.823160E-8
1.125650E+4	-1.020740E-6	1.154840E-7
1.125650E+4	-1.020740E-6	1.154840E-7
1.127700E+4	-1.003970E-6	2.793980E-8
1.129790E+4	-1.098970E-6	3.483160E-7
1.129790E+4	-1.098970E-6	3.483160E-7
1.132030E+4	-1.119460E-6	2.533220E-7
1.135330E+4	-1.190240E-6	2.142050E-7
1.136450E+4	-1.288960E-6	2.160680E-7
1.137740E+4	-1.385820E-6	2.402830E-7
1.139720E+4	-1.365330E-6	-2.607710E-8
1.141030E+4	-1.365330E-6	7.450640E-9
1.142000E+4	-1.262880E-6	1.490130E-8
1.144130E+4	-1.143670E-6	1.527380E-7
1.145060E+4	-1.125040E-6	1.732270E-7
1.147200E+4	-9.760330E-7	1.899910E-7
1.148120E+4	-1.087790E-6	2.272440E-7
1.150510E+4	-1.162300E-6	2.272440E-7
1.151460E+4	-1.059850E-6	8.754480E-8
1.153800E+4	-8.307430E-7	5.215430E-8
1.154760E+4	-8.400570E-7	4.656640E-8
1.155810E+4	-9.313260E-7	4.097840E-8
1.157440E+4	-8.903480E-7	1.154840E-7
1.157970E+4	-9.201500E-7	3.911580E-8
1.157970E+4	-9.201500E-7	3.911580E-8
1.159340E+4	-8.959360E-7	1.322490E-7
1.159510E+4	-9.462270E-7	1.825400E-7
1.159500E+4	-1.056130E-6	4.079210E-7
1.159190E+4	-1.022600E-6	3.576300E-7
1.158930E+4	-1.005840E-6	3.278270E-7
1.157480E+4	-1.043090E-6	3.166510E-7
1.156760E+4	-1.136220E-6	2.905740E-7
1.154610E+4	-1.220040E-6	2.365570E-7
1.153470E+4	-1.186510E-6	2.048920E-7
1.153470E+4	-1.186510E-6	2.048920E-7
1.149340E+4	-1.065440E-6	-3.911580E-8
1.146390E+4	-1.057990E-6	-8.009420E-8
1.144570E+4	-1.154850E-6	-1.490130E-8
1.141610E+4	-1.041230E-6	1.490130E-8
1.140290E+4	-1.221900E-6	3.725320E-9
1.137610E+4	-1.315030E-6	6.333040E-8
1.136370E+4	-1.281510E-6	6.333040E-8
1.135060E+4	-1.065440E-6	4.656640E-8
1.132650E+4	-8.773100E-7	1.583260E-7
1.131480E+4	-8.158420E-7	1.806770E-7
1.129580E+4	-9.685830E-7	2.216560E-7
1.128540E+4	-8.232930E-7	1.769520E-7
1.126780E+4	-4.749760E-7	-1.862660E-8
1.125790E+4	-5.196820E-7	-1.154840E-7
1.123800E+4	-6.221270E-7	2.086170E-7
1.122730E+4	-6.761440E-7	2.644970E-7
1.121820E+4	-7.115340E-7	2.719480E-7
1.119530E+4	-5.234070E-7	1.415620E-7
1.118520E+4	-4.861540E-7	1.266610E-7
1.117310E+4	-5.271320E-7	1.285230E-7
1.115170E+4	-7.320230E-7	1.005830E-7
1.114250E+4	-7.189850E-7	6.333040E-8
1.112090E+4	-7.618260E-7	-1.452870E-7
1.111160E+4	-8.437820E-7	-2.104800E-7
1.109060E+4	-8.586830E-7	-3.222390E-7
1.109060E+4	-8.586830E-7	-3.222390E-7
1.106040E+4	-1.059850E-6	-3.464540E-7
1.105040E+4	-1.177200E-6	-1.881280E-7
1.102720E+4	-1.154850E-6	-8.009420E-8
1.101800E+4	-1.259160E-6	1.061710E-7
1.100500E+4	-1.253570E-6	1.788150E-7
1.098510E+4	-1.253570E-6	1.788150E-7
1.097440E+4	-1.050540E-6	3.203770E-7
1.095210E+4	-9.518150E-7	2.980250E-7
1.094120E+4	-8.642710E-7	1.732270E-7
1.092200E+4	-8.847600E-7	1.359740E-7
1.091090E+4	-8.717220E-7	5.587960E-8
1.089160E+4	-9.685830E-7	1.508750E-7
1.088040E+4	-9.704450E-7	1.695020E-7
1.087130E+4	-1.041230E-6	2.533220E-7
1.085070E+4	-9.965220E-7	1.993040E-7
1.084110E+4	-1.013290E-6	2.142050E-7
1.082000E+4	-9.331890E-7	2.793990E-7
1.081080E+4	-1.007700E-6	2.644970E-7
1.078950E+4	-1.199550E-6	2.421450E-8
1.078040E+4	-1.246120E-6	-1.415620E-7
1.075630E+4	-1.218180E-6	-1.713640E-7
1.074730E+4	-1.186510E-6	-1.098970E-7
1.073460E+4	-1.136220E-6	-1.415620E-7
1.071420E+4	-1.138080E-6	-5.085060E-7
1.070210E+4	-1.328070E-6	-3.781190E-7
1.069100E+4	-1.328070E-6	-3.781190E-7
1.066930E+4	-1.395130E-6	-1.676390E-8
1.065870E+4	-1.395130E-6	-1.676390E-8
1.063630E+4	-1.417480E-6	9.499540E-8
1.062650E+4	-1.469630E-6	6.333040E-8
1.061530E+4	-1.359740E-6	2.179300E-7
1.059300E+4	-1.268470E-6	1.937160E-7
1.058200E+4	-1.244250E-6	1.471500E-7
1.056240E+4	-1.046810E-6	1.043090E-7
1.055230E+4	-1.028190E-6	8.195680E-8
1.053280E+4	-1.057990E-6	1.378370E-7
1.052180E+4	-1.097110E-6	2.402830E-7
1.050210E+4	-1.011420E-6	3.818440E-7
1.050210E+4	-1.011420E-6	3.818440E-7
1.049150E+4	-9.480900E-7	3.520420E-7
1.046140E+4	-9.387770E-7	-1.080340E-7
1.044090E+4	-1.009560E-6	5.774220E-8
1.043130E+4	-1.039360E-6	1.229350E-7
1.041870E+4	-1.134360E-6	7.450630E-8
1.039830E+4	-1.087790E-6	-6.891830E-8
1.038820E+4	-9.760330E-7	-1.844030E-7
1.036800E+4	-9.276010E-7	-1.750900E-7
1.035830E+4	-9.872090E-7	-1.378370E-7
1.033450E+4	-1.491990E-6	-1.993040E-7
1.033450E+4	-1.491990E-6	-1.993040E-7
1.031330E+4	-1.594430E-6	-4.842900E-8
1.029170E+4	-1.398850E-6	1.415620E-7
1.028040E+4	-1.357880E-6	1.899910E-7
1.025850E+4	-1.175340E-6	1.899910E-7
1.024780E+4	-1.071030E-6	1.955790E-7
1.024780E+4	-1.071030E-6	1.955790E-7
1.021540E+4	-8.810350E-7	1.769520E-7
1.020430E+4	-9.760330E-7	2.179300E-7
1.018480E+4	-1.147400E-6	7.636890E-8
1.017420E+4	-1.160440E-6	-5.587960E-8
1.015420E+4	-1.149260E-6	-7.264360E-8
1.014410E+4	-1.421210E-6	9.499540E-8
1.012380E+4	-1.462180E-6	2.868490E-7
1.011420E+4	-1.585120E-6	2.924370E-7
1.010460E+4	-1.711780E-6	2.775360E-7
1.008130E+4	-1.631680E-6	-8.195680E-8
1.007220E+4	-1.730400E-6	-3.725310E-8
1.004820E+4	-1.600020E-6	6.333040E-8
1.003910E+4	-1.680110E-6	2.235180E-7
1.002860E+4	-1.663350E-6	2.682230E-7
1.000560E+4	-1.592570E-6	2.291060E-7
9.995900E+3	-1.527380E-6	1.639140E-7
9.972200E+3	-1.572080E-6	1.341110E-7
9.963100E+3	-1.577670E-6	1.955790E-7
9.942000E+3	-1.708050E-6	2.551840E-7
9.932600E+3	-1.691290E-6	2.235180E-7
9.921500E+3	-1.629820E-6	1.993040E-7
9.899400E+3	-1.495710E-6	2.551840E-7
9.888300E+3	-1.462180E-6	1.955790E-7
9.868800E+3	-1.642860E-6	2.663600E-7
9.868800E+3	-1.642860E-6	2.663600E-7
9.848800E+3	-1.633550E-6	3.594920E-7
9.848800E+3	-1.633550E-6	3.669430E-7
9.805700E+3	-1.510610E-6	9.313270E-8
9.794600E+3	-1.553450E-6	9.313270E-8
9.782400E+3	-1.456600E-6	2.738110E-7
9.761900E+3	-1.395130E-6	7.078100E-8
9.749300E+3	-1.456600E-6	3.539050E-8
9.740300E+3	-1.553450E-6	1.210730E-7
9.719100E+3	-1.546000E-6	1.955790E-7
9.710100E+3	-1.424930E-6	1.098970E-7
9.686200E+3	-1.505020E-6	2.235190E-8
9.677100E+3	-1.505020E-6	2.235190E-8
9.666600E+3	-1.693150E-6	1.415620E-7
9.644000E+3	-1.741580E-6	2.272440E-7
9.634400E+3	-1.758340E-6	2.272440E-7
9.634400E+3	-1.758340E-6	2.272440E-7
9.620500E+3	-1.801190E-6	2.738110E-7
9.587900E+3	-1.696880E-6	7.823160E-8
9.568600E+3	-1.689430E-6	2.421450E-8
9.557400E+3	-1.754620E-6	2.048920E-8
9.537900E+3	-1.842160E-6	4.284110E-8
9.526700E+3	-1.855200E-6	-2.607710E-8
9.507200E+3	-1.901770E-6	2.980250E-8
9.494000E+3	-1.790010E-6	5.774220E-8
9.484100E+3	-1.834710E-6	1.341110E-7
9.461600E+3	-1.898040E-6	1.359740E-7
9.451000E+3	-1.985590E-6	2.365570E-7
9.430900E+3	-1.894320E-6	6.891830E-8
9.420800E+3	-1.933440E-6	4.097840E-8
9.400400E+3	-2.093630E-6	4.097840E-8
9.390800E+3	-2.039610E-6	1.434250E-7
9.378800E+3	-2.102940E-6	1.396990E-7
9.357700E+3	-2.181170E-6	1.154840E-7
9.345800E+3	-2.264990E-6	1.266610E-7
9.324600E+3	-2.127160E-6	1.043090E-7
9.315600E+3	-2.076860E-6	8.754480E-8
9.305200E+3	-1.980010E-6	6.146770E-8
9.282500E+3	-1.981870E-6	9.872060E-8
9.271700E+3	-2.037750E-6	1.247980E-7
9.249400E+3	-2.073140E-6	1.154840E-7
9.239400E+3	-2.091770E-6	8.754480E-8
9.239400E+3	-2.091770E-6	8.754480E-8
9.206800E+3	-2.291070E-6	7.823160E-8
9.195500E+3	-2.359990E-6	7.823160E-8
9.176100E+3	-2.378610E-6	8.568210E-8
9.164900E+3	-2.320870E-6	-7.264360E-8
9.145500E+3	-2.412140E-6	-7.450640E-9
9.134800E+3	-2.454980E-6	9.685800E-8
9.115100E+3	-2.460570E-6	1.247980E-7
9.104700E+3	-2.551840E-6	2.421460E-7
9.084600E+3	-2.533210E-6	2.495960E-7
9.074900E+3	-2.533210E-6	2.495960E-7
9.065400E+3	-2.533210E-6	2.328320E-7
9.041700E+3	-2.522040E-6	9.313270E-8
9.032600E+3	-2.546250E-6	1.527380E-7
9.008600E+3	-2.486650E-6	1.080340E-7
8.999500E+3	-2.585370E-6	1.341110E-7
8.978300E+3	-2.646830E-6	4.097840E-8
8.969300E+3	-2.697120E-6	3.166520E-8
8.956800E+3	-2.712030E-6	4.284110E-8
8.936300E+3	-2.758590E-6	-9.313280E-9
8.936300E+3	-2.758590E-6	-9.313280E-9
8.903100E+3	-2.570460E-6	-9.313280E-9
8.892800E+3	-2.482920E-6	0.000000E+0
8.892800E+3	-2.482920E-6	0.000000E+0
8.860300E+3	-2.859170E-6	4.172340E-7
8.848900E+3	-2.773490E-6	2.998880E-7
8.829500E+3	-2.685950E-6	2.719480E-7
8.818400E+3	-2.620760E-6	1.266610E-7
8.798700E+3	-2.719480E-6	1.192100E-7
8.798700E+3	-2.719480E-6	1.192100E-7
8.776200E+3	-2.771630E-6	1.359740E-7
8.755200E+3	-2.877800E-6	3.539050E-8
8.746000E+3	-2.991420E-6	9.313270E-8
8.724900E+3	-3.103180E-6	1.303860E-8
8.724900E+3	-3.103180E-6	1.303860E-8
8.715900E+3	-3.246610E-6	-1.098970E-7
8.685700E+3	-3.274540E-6	-4.284110E-8
8.664700E+3	-3.309930E-6	-4.284110E-8
8.655600E+3	-3.421690E-6	-2.980250E-8
8.634400E+3	-3.412380E-6	-1.117590E-7
8.622300E+3	-3.475710E-6	2.048920E-8
8.601200E+3	-3.656390E-6	1.415620E-7
8.601200E+3	-3.656390E-6	1.415620E-7
8.571100E+3	-3.760700E-6	2.756730E-7
8.561200E+3	-3.810990E-6	3.017500E-7
8.540900E+3	-3.818450E-6	2.551840E-7
8.531500E+3	-3.799810E-6	2.067550E-7
8.510600E+3	-3.816590E-6	1.732270E-7
8.500700E+3	-3.818450E-6	1.173470E-7
8.486600E+3	-3.861290E-6	-1.676390E-8
8.467200E+3	-3.945110E-6	-8.940740E-8
8.467200E+3	-3.945110E-6	-8.940740E-8
8.436400E+3	-3.945110E-6	4.656640E-8
8.426000E+3	-3.928350E-6	5.587960E-8
8.405700E+3	-3.928350E-6	5.587960E-8
8.395800E+3	-4.101570E-6	1.676390E-8
8.376300E+3	-4.148140E-6	-7.450640E-9
8.365800E+3	-4.123930E-6	1.676390E-8
8.354000E+3	-4.159320E-6	6.333040E-8
8.332900E+3	-4.133240E-6	7.823160E-8
8.324100E+3	-4.041970E-6	5.960510E-8
8.303400E+3	-4.049420E-6	4.842900E-8
8.303400E+3	-4.049420E-6	4.842900E-8
8.273600E+3	-4.133240E-6	6.705570E-8
8.263500E+3	-4.101570E-6	8.195680E-8
8.243500E+3	-4.187260E-6	1.490130E-7
8.232700E+3	-4.177940E-6	1.285230E-7
8.213200E+3	-4.339990E-6	1.285230E-7
8.202000E+3	-4.284110E-6	1.508750E-7
8.182500E+3	-4.306460E-6	2.235190E-8
8.169500E+3	-4.360480E-6	3.725310E-8
8.158700E+3	-4.353030E-6	4.284110E-8
8.158700E+3	-4.353030E-6	4.284110E-8
8.119300E+3	-4.308330E-6	2.235190E-8
8.108100E+3	-4.304600E-6	3.166520E-8
8.098400E+3	-4.446160E-6	1.601880E-7
8.077300E+3	-4.509490E-6	2.700850E-7
8.068100E+3	-4.509490E-6	2.700850E-7
8.044600E+3	-4.608210E-6	1.080340E-7
8.034600E+3	-4.651050E-6	7.636890E-8
8.013900E+3	-4.611940E-6	1.154840E-7
8.004600E+3	-4.617530E-6	1.173470E-7
7.983300E+3	-4.475970E-6	1.788150E-7
7.974200E+3	-4.513220E-6	2.142050E-7
7.974200E+3	-4.513220E-6	2.142050E-7
7.941200E+3	-4.375380E-6	2.477340E-7
7.941200E+3	-4.375380E-6	2.477340E-7
7.911300E+3	-4.405180E-6	7.450630E-8
7.901100E+3	-4.500180E-6	-1.117590E-8
7.881300E+3	-4.716250E-6	1.341110E-7
7.870500E+3	-4.872710E-6	2.626350E-7
7.848000E+3	-5.083190E-6	3.073380E-7
7.838000E+3	-5.081330E-6	3.147890E-7
7.826800E+3	-5.191220E-6	2.998880E-7
7.805200E+3	-5.282490E-6	3.296900E-7
7.793900E+3	-5.211710E-6	2.477340E-7
7.772000E+3	-5.304840E-6	2.831240E-7
7.761200E+3	-5.224750E-6	2.570470E-7
7.750700E+3	-5.224750E-6	2.849870E-7
7.727800E+3	-5.345820E-6	2.533220E-7
7.727800E+3	-5.345820E-6	2.533220E-7
7.695800E+3	-5.494830E-6	1.378370E-7
7.684800E+3	-5.496690E-6	7.823160E-8
7.684800E+3	-5.496690E-6	7.823160E-8
7.654600E+3	-5.599140E-6	1.285230E-7
7.645600E+3	-5.580510E-6	9.499540E-8
7.624400E+3	-5.563750E-6	7.636890E-8
7.614900E+3	-5.509730E-6	0.000000E+0
7.594100E+3	-5.621490E-6	3.725320E-9
7.585000E+3	-5.593550E-6	-2.607710E-8
7.560800E+3	-5.653160E-6	-2.607710E-8
7.551700E+3	-5.705310E-6	-4.284110E-8
7.530900E+3	-5.701590E-6	-3.725310E-8
7.521200E+3	-5.686680E-6	-3.352780E-8
7.500800E+3	-5.824520E-6	5.960510E-8
7.491500E+3	-5.815210E-6	-7.450640E-9
7.470600E+3	-5.997750E-6	-1.080340E-7
7.460900E+3	-6.021960E-6	-1.434250E-7
7.449700E+3	-6.169110E-6	-1.434250E-7
7.427600E+3	-6.590070E-6	-1.434250E-7
7.416600E+3	-6.636630E-6	-1.415620E-7
7.397000E+3	-6.644080E-6	-1.229350E-7
7.386800E+3	-6.683200E-6	-7.450630E-8
7.367300E+3	-6.606830E-6	9.499540E-8
7.356000E+3	-6.485760E-6	1.266610E-7
7.336200E+3	-6.403800E-6	-1.303860E-8
7.325400E+3	-6.459680E-6	-5.960510E-8
7.305200E+3	-6.508110E-6	-1.173470E-7
7.295000E+3	-6.683200E-6	-7.078100E-8
7.274500E+3	-6.737220E-6	-1.192100E-7
7.265000E+3	-6.819170E-6	-4.842900E-8
7.243900E+3	-6.819170E-6	-4.842900E-8
7.243900E+3	-6.884370E-6	3.166520E-8
7.213500E+3	-6.906720E-6	6.705570E-8
7.204400E+3	-6.975640E-6	9.127010E-8
7.204400E+3	-6.975640E-6	9.127010E-8
7.171200E+3	-7.094840E-6	1.415620E-7
7.171200E+3	-7.094840E-6	1.415620E-7
7.137900E+3	-7.113470E-6	1.862660E-8
7.128700E+3	-7.029650E-6	-1.490130E-8
7.108000E+3	-7.029650E-6	-1.490130E-8
7.098300E+3	-7.253170E-6	-8.754480E-8
7.084300E+3	-7.316500E-6	-9.685800E-8
7.084300E+3	-7.316500E-6	-9.685800E-8
7.053800E+3	-7.599620E-6	5.960510E-8
7.034000E+3	-7.633180E-6	9.499540E-8
7.023400E+3	-7.679740E-6	6.333040E-8
7.003300E+3	-7.879050E-6	-1.620510E-7
6.993300E+3	-7.923750E-6	-1.918530E-7
6.973800E+3	-8.124920E-6	7.264360E-8
6.963200E+3	-8.208740E-6	1.117590E-7
6.954200E+3	-8.136090E-6	1.043090E-7
6.930100E+3	-8.044820E-6	1.527380E-7
6.921000E+3	-7.866010E-6	1.825400E-7
6.900000E+3	-7.746800E-6	7.636890E-8
6.890900E+3	-7.838070E-6	-8.195680E-8
6.866700E+3	-8.221770E-6	-4.284110E-8
6.866700E+3	-8.221770E-6	-4.284110E-8
6.836600E+3	-8.747040E-6	1.434250E-7
6.827300E+3	-8.814100E-6	2.216560E-7
6.806600E+3	-8.819680E-6	1.061710E-7
6.796800E+3	-8.912820E-6	-1.490130E-8
6.786400E+3	-9.002220E-6	3.725320E-9
6.764100E+3	-9.045060E-6	1.303860E-8
6.752700E+3	-8.985460E-6	3.725310E-8
6.733400E+3	-9.071140E-6	9.313270E-8
6.720400E+3	-9.210840E-6	1.043090E-7
6.707200E+3	-9.248090E-6	6.891830E-8
6.707200E+3	-9.248090E-6	6.891830E-8
6.676600E+3	-9.503270E-6	-1.285230E-7
6.657100E+3	-9.438080E-6	-1.043090E-7
6.646200E+3	-9.313280E-6	-8.009420E-8
6.626200E+3	-9.264860E-6	-2.402830E-7
6.615900E+3	-9.313280E-6	-1.285230E-7
6.595700E+3	-9.257400E-6	6.705570E-8
6.586000E+3	-9.330050E-6	8.568210E-8
6.565100E+3	-9.438080E-6	-1.490130E-8
6.565100E+3	-9.438080E-6	-1.490130E-8
6.534900E+3	-9.737970E-6	-6.146770E-8
6.525900E+3	-9.855310E-6	-6.705570E-8
6.504900E+3	-1.006950E-5	-1.862660E-8
6.495900E+3	-1.014590E-5	-1.303860E-8
6.474900E+3	-1.033960E-5	-6.146770E-8
6.465700E+3	-1.046070E-5	-1.508750E-7
6.451700E+3	-1.054080E-5	-1.583260E-7
6.451700E+3	-1.054080E-5	-1.583260E-7
6.422100E+3	-1.075310E-5	-1.266610E-7
6.422100E+3	-1.075310E-5	-1.266610E-7
6.388600E+3	-1.097660E-5	-9.872060E-8
6.388600E+3	-1.097660E-5	-9.872060E-8
6.357800E+3	-1.104930E-5	-1.546000E-7
6.338500E+3	-1.110330E-5	-5.960510E-8
6.327200E+3	-1.117780E-5	1.117590E-8
6.315000E+3	-1.118710E-5	7.450640E-9
6.294600E+3	-1.121500E-5	-7.636890E-8
6.284900E+3	-1.136780E-5	-4.842900E-8
6.264100E+3	-1.142740E-5	-1.061710E-7
6.255000E+3	-1.145530E-5	-8.940740E-8
6.255000E+3	-1.145530E-5	-8.940740E-8
6.233800E+3	-1.148330E-5	-1.359740E-7
6.203600E+3	-1.162480E-5	-2.663600E-7
6.194600E+3	-1.175520E-5	-3.185140E-7
6.173500E+3	-1.193780E-5	-3.464540E-7
6.164000E+3	-1.190790E-5	-3.278270E-7
6.143200E+3	-1.189680E-5	-4.842910E-7
6.133400E+3	-1.171420E-5	-5.643850E-7
6.112900E+3	-1.178500E-5	-3.594920E-7
6.103500E+3	-1.176640E-5	-3.017500E-7
6.103500E+3	-1.176640E-5	-3.017500E-7
6.092300E+3	-1.178500E-5	-2.346940E-7
6.061900E+3	-1.167140E-5	9.685800E-8
6.039600E+3	-1.152980E-5	-7.264360E-8
6.028600E+3	-1.142370E-5	-1.918530E-7
6.007000E+3	-1.123370E-5	-1.769520E-7
6.007000E+3	-1.123370E-5	-1.769520E-7
5.986300E+3	-1.086860E-5	-2.495960E-7
5.962900E+3	-1.086860E-5	-2.495960E-7
5.952700E+3	-1.015890E-5	-1.117590E-7
5.932300E+3	-9.456710E-6	-1.620510E-7
5.922500E+3	-9.087900E-6	-1.322490E-7
5.901700E+3	-8.035510E-6	-2.607710E-8
5.889500E+3	-7.469240E-6	-7.264360E-8
5.880500E+3	-6.981220E-6	1.490130E-8
5.859300E+3	-5.574930E-6	7.450640E-9
5.847400E+3	-4.965840E-6	6.333040E-8
5.826200E+3	-3.555800E-6	4.284110E-8
5.817200E+3	-2.922500E-6	8.940740E-8
5.806100E+3	-1.838440E-6	3.539050E-8
5.783900E+3	-4.377230E-7	1.527380E-7
5.773700E+3	3.278270E-7	2.197930E-7
5.753900E+3	2.045200E-6	2.831240E-7
5.743200E+3	2.877800E-6	2.775360E-7
5.720900E+3	4.621250E-6	3.203770E-7
5.709700E+3	5.388660E-6	3.203770E-7
5.709700E+3	5.388660E-6	2.607720E-7
5.680100E+3	7.467370E-6	3.129260E-7
5.669200E+3	8.165890E-6	3.129260E-7
5.648800E+3	9.311420E-6	1.862650E-7
5.629300E+3	1.019800E-5	2.924370E-7
5.617900E+3	1.075680E-5	3.166510E-7
5.617900E+3	1.075680E-5	3.166510E-7
5.585300E+3	1.186700E-5	4.638000E-7
5.585300E+3	1.186700E-5	4.638000E-7
5.571800E+3	1.234190E-5	3.445910E-7
5.541500E+3	1.319880E-5	4.507620E-7
5.532300E+3	1.336640E-5	4.339980E-7
5.508400E+3	1.382090E-5	1.974410E-7
5.499300E+3	1.384510E-5	1.974410E-7
5.488500E+3	1.405370E-5	2.402830E-7
5.466300E+3	1.412080E-5	3.166510E-7
5.456300E+3	1.412080E-5	3.166510E-7
5.433000E+3	1.432940E-5	2.719480E-7
5.423800E+3	1.423630E-5	3.203770E-7
5.403000E+3	1.419530E-5	2.868490E-7
5.393200E+3	1.426420E-5	2.030290E-7
5.372700E+3	1.416920E-5	2.179300E-7
5.372700E+3	1.416920E-5	2.179300E-7
5.349100E+3	1.414310E-5	1.490130E-7
5.329900E+3	1.394940E-5	2.421460E-7
5.318700E+3	1.384510E-5	2.365570E-7
5.299400E+3	1.372220E-5	3.129260E-7
5.299400E+3	1.372220E-5	3.129260E-7
5.268700E+3	1.367930E-5	2.775360E-7
5.258000E+3	1.358250E-5	4.675260E-7
5.237900E+3	1.368680E-5	5.513470E-7
5.237900E+3	1.368680E-5	5.513470E-7
5.207300E+3	1.338690E-5	5.010550E-7
5.197700E+3	1.324910E-5	5.289950E-7
5.176600E+3	1.317830E-5	3.501790E-7
5.176600E+3	1.317830E-5	3.501790E-7
5.157100E+3	1.315780E-5	3.781190E-7
5.133800E+3	1.290260E-5	4.693880E-7
5.133800E+3	1.290260E-5	4.693880E-7
5.103500E+3	1.275360E-5	4.377230E-7
5.091200E+3	1.263440E-5	4.898790E-7
5.080000E+3	1.269770E-5	3.464540E-7
5.057700E+3	1.256550E-5	3.054760E-7
5.047200E+3	1.256550E-5	3.054760E-7
5.024300E+3	1.245000E-5	3.483160E-7
5.024300E+3	1.245000E-5	3.483160E-7
5.013700E+3	1.245370E-5	2.998880E-7
4.981500E+3	1.216310E-5	5.327200E-7
4.970400E+3	1.219110E-5	3.855690E-7
4.949200E+3	1.209610E-5	4.544870E-7
4.937900E+3	1.209610E-5	4.544870E-7
4.925000E+3	1.205700E-5	3.427290E-7
4.905200E+3	1.172350E-5	4.228220E-7
4.905200E+3	1.172350E-5	4.228220E-7
4.874100E+3	1.163970E-5	4.563500E-7
4.864000E+3	1.155960E-5	4.936050E-7
4.854800E+3	1.152980E-5	5.532090E-7
4.830800E+3	1.150380E-5	5.625220E-7
4.818800E+3	1.141620E-5	4.638000E-7
4.797600E+3	1.127280E-5	3.781190E-7
4.797600E+3	1.127280E-5	3.781190E-7
4.767400E+3	1.124860E-5	2.458710E-7
4.767400E+3	1.124860E-5	2.458710E-7
4.743200E+3	1.124480E-5	3.948830E-7
4.722100E+3	1.120570E-5	4.414490E-7
4.712600E+3	1.120950E-5	4.135090E-7
4.701300E+3	1.122440E-5	3.017500E-7
4.701300E+3	1.122440E-5	3.017500E-7
4.668900E+3	1.102130E-5	2.682230E-7
4.649500E+3	1.085000E-5	2.905740E-7
4.638200E+3	1.071030E-5	3.706680E-7
4.618800E+3	1.060040E-5	4.041960E-7
4.618800E+3	1.060040E-5	4.041960E-7
4.588100E+3	1.068420E-5	3.092010E-7
4.577100E+3	1.058170E-5	3.892950E-7
4.557200E+3	1.060780E-5	2.570470E-7
4.546800E+3	1.052400E-5	3.017500E-7
4.537600E+3	1.051840E-5	2.346940E-7
4.513600E+3	1.036380E-5	8.568210E-8
4.504600E+3	1.038060E-5	8.381950E-8
4.504600E+3	1.038060E-5	8.381950E-8
4.471400E+3	1.030980E-5	2.346940E-7
4.450300E+3	1.028190E-5	1.676390E-7
4.441200E+3	1.003600E-5	2.495960E-7
4.441200E+3	1.003600E-5	2.495960E-7
4.407800E+3	9.892570E-6	2.197930E-7
4.395700E+3	9.799430E-6	2.943000E-7
4.384900E+3	9.847860E-6	2.235180E-7
4.362200E+3	9.752870E-6	2.458710E-7
4.351200E+3	9.751010E-6	2.440080E-7
4.351200E+3	9.751010E-6	2.440080E-7
4.321900E+3	9.818060E-6	2.738110E-7
4.302000E+3	9.773360E-6	3.278270E-7
4.290100E+3	9.747280E-6	3.818440E-7
4.290100E+3	9.747280E-6	3.818440E-7
4.260600E+3	9.592680E-6	2.924370E-7
4.241200E+3	9.451120E-6	3.092010E-7
4.229900E+3	9.451120E-6	3.092010E-7
4.229900E+3	9.404550E-6	3.296900E-7
4.196200E+3	9.372890E-6	2.905740E-7
4.187100E+3	9.246230E-6	3.799810E-7
4.187100E+3	9.246230E-6	3.799810E-7
4.156700E+3	9.128880E-6	3.147890E-7
4.135700E+3	9.151230E-6	3.576300E-7
4.123700E+3	9.181040E-6	3.408660E-7
4.102600E+3	9.166130E-6	3.445910E-7
4.093600E+3	9.074870E-6	4.190970E-7
4.072500E+3	9.104670E-6	3.781190E-7
4.063500E+3	9.045060E-6	4.246850E-7
4.052400E+3	9.024570E-6	4.246850E-7
4.030300E+3	9.004080E-6	4.749760E-7
4.019800E+3	9.022710E-6	4.190970E-7
3.999800E+3	8.855070E-6	4.619380E-7
3.988700E+3	8.944480E-6	3.688060E-7
3.969100E+3	9.030160E-6	3.948830E-7
3.969100E+3	9.030160E-6	3.948830E-7
3.948200E+3	9.071140E-6	4.507620E-7
3.925400E+3	8.974280E-6	4.004710E-7
3.914900E+3	8.983600E-6	3.986080E-7
3.894800E+3	8.849490E-6	3.408660E-7
3.884800E+3	8.683710E-6	4.880170E-7
3.864100E+3	8.741450E-6	3.669430E-7
3.854800E+3	8.622240E-6	4.097840E-7
3.831500E+3	8.564500E-6	4.228220E-7
3.821200E+3	8.596170E-6	3.930200E-7
3.809300E+3	8.545870E-6	4.973300E-7
3.809300E+3	8.545870E-6	4.973300E-7
3.775900E+3	8.452740E-6	4.433110E-7
3.755400E+3	8.342850E-6	4.265480E-7
3.742900E+3	8.350300E-6	3.501790E-7
3.733900E+3	8.305590E-6	3.576300E-7
3.709500E+3	8.391270E-6	2.067550E-7
3.700400E+3	8.210600E-6	3.166510E-7
3.689100E+3	8.184520E-6	3.315530E-7
3.667100E+3	8.184520E-6	3.390030E-7
3.656600E+3	8.184520E-6	3.594920E-7
3.633700E+3	8.126780E-6	3.147890E-7
3.624000E+3	8.165890E-6	2.272440E-7
3.610900E+3	8.137950E-6	1.527380E-7
3.591400E+3	8.044820E-6	2.663600E-7
3.578500E+3	8.046690E-6	2.980250E-7
3.567300E+3	8.089530E-6	2.682230E-7
3.567300E+3	8.089530E-6	2.682230E-7
3.545000E+3	7.931200E-6	3.334150E-7
3.515000E+3	7.936790E-6	2.365570E-7
3.515000E+3	7.936790E-6	2.365570E-7
3.483900E+3	7.679740E-6	2.514590E-7
3.469800E+3	7.845520E-6	2.533220E-7
3.460600E+3	7.795230E-6	3.725310E-7
3.439300E+3	7.880910E-6	3.967450E-7
3.427300E+3	7.856700E-6	3.948830E-7
3.406400E+3	7.892090E-6	3.352780E-7
3.397300E+3	7.806400E-6	3.799810E-7
3.376300E+3	7.748660E-6	3.669430E-7
3.367300E+3	7.687190E-6	4.321350E-7
3.356400E+3	7.677880E-6	3.445910E-7
3.334000E+3	7.553060E-6	3.669430E-7
3.324000E+3	7.625700E-6	2.570470E-7
3.303700E+3	7.538150E-6	2.924370E-7
3.293100E+3	7.614520E-6	2.421460E-7
3.273100E+3	7.582860E-6	2.905740E-7
3.262000E+3	7.620110E-6	2.142050E-7
3.242500E+3	7.545600E-6	2.738110E-7
3.231200E+3	7.651800E-6	2.067550E-7
3.231200E+3	7.651800E-6	2.067550E-7
3.200400E+3	7.472960E-6	1.583260E-7
3.178900E+3	7.472960E-6	1.583260E-7
3.167600E+3	7.359340E-6	1.881280E-7
3.157700E+3	7.268070E-6	2.086170E-7
3.136900E+3	7.344440E-6	1.098970E-7
3.136900E+3	7.344440E-6	1.098970E-7
3.106300E+3	7.141410E-6	1.918530E-7
3.106300E+3	7.141410E-6	1.918530E-7
3.076100E+3	7.212190E-6	2.943000E-7
3.067300E+3	7.249440E-6	3.427290E-7
3.046200E+3	7.174940E-6	3.669430E-7
3.037000E+3	7.208470E-6	3.632180E-7
3.016400E+3	7.174940E-6	3.483160E-7
3.006600E+3	7.247580E-6	2.160680E-7
2.985900E+3	7.126510E-6	2.793990E-7
2.976700E+3	7.167490E-6	2.384200E-7
2.955500E+3	7.156310E-6	2.570470E-7
2.945700E+3	7.139550E-6	2.775360E-7
2.922100E+3	7.085530E-6	3.483160E-7
2.912100E+3	7.065040E-6	2.458710E-7
2.900800E+3	7.009160E-6	1.937160E-7
2.879200E+3	6.921620E-6	1.937160E-7
2.867800E+3	6.999850E-6	4.656640E-8
2.848400E+3	7.044550E-6	1.210730E-7
2.848400E+3	7.044550E-6	1.210730E-7
2.817700E+3	6.983090E-6	1.546000E-7
2.806700E+3	7.003570E-6	1.210730E-7
2.785100E+3	6.953280E-6	2.197930E-7
2.773900E+3	6.955150E-6	2.365570E-7
2.761500E+3	6.953280E-6	1.695020E-7
2.752500E+3	6.869460E-6	2.402830E-7
2.728400E+3	6.889950E-6	2.309690E-7
2.719300E+3	6.781920E-6	3.594920E-7
2.695800E+3	6.908580E-6	2.663600E-7
2.686000E+3	6.821040E-6	3.147890E-7
2.676300E+3	6.821040E-6	2.887120E-7
2.652500E+3	6.755840E-6	4.265480E-7
2.643400E+3	6.852700E-6	2.905740E-7
2.621900E+3	6.906720E-6	1.899910E-7
2.609700E+3	6.821040E-6	2.402830E-7
2.588500E+3	6.821040E-6	2.402830E-7
2.578900E+3	6.850840E-6	1.676390E-7
2.565700E+3	6.884370E-6	1.173470E-7
2.546100E+3	6.932790E-6	1.322490E-7
2.533200E+3	6.873190E-6	2.197930E-7
2.512900E+3	6.873190E-6	2.849870E-7
2.502400E+3	6.916030E-6	2.440080E-7
2.482600E+3	6.808000E-6	2.067550E-7
2.482600E+3	6.808000E-6	2.067550E-7
2.461300E+3	6.703690E-6	1.490130E-7
2.439100E+3	6.746530E-6	1.788150E-7
2.439100E+3	6.746530E-6	1.788150E-7
2.408400E+3	6.921620E-6	1.434250E-7
2.397800E+3	6.876910E-6	2.104800E-7
2.377300E+3	6.936520E-6	1.993040E-7
2.367100E+3	6.902990E-6	2.235180E-7
2.346200E+3	6.966320E-6	1.341110E-7
2.336600E+3	6.895540E-6	1.788150E-7
2.326600E+3	6.871330E-6	1.192100E-7
2.302900E+3	6.873190E-6	1.415620E-7
2.293700E+3	6.850840E-6	9.127010E-8
2.272500E+3	6.776330E-6	2.142050E-7
2.262900E+3	6.804270E-6	2.086170E-7
2.239100E+3	6.886230E-6	2.700850E-7
2.230100E+3	6.889950E-6	3.557670E-7
2.208900E+3	6.901130E-6	3.669430E-7
2.199600E+3	6.970050E-6	2.738110E-7
2.178800E+3	6.968180E-6	3.371410E-7
2.169000E+3	7.024060E-6	3.017500E-7
2.148600E+3	6.925340E-6	3.967450E-7
2.148600E+3	6.925340E-6	3.967450E-7
2.127100E+3	6.971910E-6	3.222390E-7
2.105300E+3	6.934660E-6	2.048920E-7
2.105300E+3	6.934660E-6	2.048920E-7
2.074200E+3	7.044550E-6	6.146770E-8
2.062800E+3	7.016610E-6	1.117590E-8
2.062800E+3	7.016610E-6	1.117590E-8
2.042600E+3	7.063180E-6	6.891830E-8
2.031700E+3	7.044550E-6	1.732270E-7
2.010900E+3	7.147000E-6	1.210730E-7
1.990800E+3	7.079940E-6	2.589090E-7
1.966400E+3	7.074360E-6	1.993040E-7
1.966400E+3	7.074360E-6	1.993040E-7
1.957100E+3	6.951420E-6	2.440080E-7
1.922200E+3	6.884370E-6	2.570470E-7
1.909300E+3	6.884370E-6	2.570470E-7
1.887100E+3	6.672020E-6	1.918530E-7
1.874000E+3	6.597520E-6	2.533220E-7
1.851800E+3	6.640360E-6	1.341110E-7
1.841600E+3	6.699960E-6	1.396990E-7
1.819800E+3	6.558400E-6	2.291060E-7
1.810100E+3	6.541640E-6	1.899910E-7
1.787900E+3	6.370280E-6	1.899910E-7
1.777700E+3	6.329300E-6	1.583260E-7
1.756200E+3	5.874810E-6	2.142050E-7
1.745500E+3	5.597280E-6	2.142050E-7
1.745500E+3	5.597280E-6	2.142050E-7
1.721300E+3	5.038480E-6	2.346940E-7
1.696900E+3	3.952560E-6	1.695020E-7
1.677200E+3	2.799570E-6	1.322490E-7
1.665700E+3	2.285480E-6	1.490130E-8
1.656500E+3	1.529240E-6	8.195680E-8
1.635200E+3	1.529240E-6	8.195680E-8
1.635200E+3	3.986080E-7	-9.685800E-8
1.605200E+3	-1.158570E-6	-1.639140E-7
1.596300E+3	-1.637270E-6	-1.452870E-7
1.596300E+3	-1.637270E-6	-1.452870E-7
1.575700E+3	-2.296660E-6	-1.862650E-7
1.543800E+3	-2.866630E-6	-2.700850E-7
1.535200E+3	-3.010050E-6	-1.434250E-7
1.535200E+3	-3.010050E-6	-1.434250E-7
1.506700E+3	-3.181410E-6	-1.974410E-7
1.506700E+3	-3.181410E-6	-1.974410E-7
1.476300E+3	-3.211210E-6	-8.009420E-8
1.466200E+3	-3.086420E-6	-9.313270E-8
1.448300E+3	-2.993290E-6	-8.754480E-8
1.437900E+3	-2.909470E-6	-9.685800E-8
1.437900E+3	-2.909470E-6	-9.685800E-8
1.409900E+3	-2.879660E-6	-1.639140E-7
1.390300E+3	-2.898290E-6	-1.918530E-7
1.380100E+3	-2.875940E-6	-1.937160E-7
1.370800E+3	-2.888980E-6	-1.043090E-7
1.370800E+3	-2.888980E-6	-1.043090E-7
1.340500E+3	-2.868490E-6	-1.080340E-7
1.322500E+3	-2.766040E-6	-2.104800E-7
1.313000E+3	-2.773490E-6	-1.676390E-7
1.302200E+3	-2.766040E-6	-7.450630E-8
1.282900E+3	-2.685950E-6	7.264360E-8
1.271900E+3	-2.715750E-6	1.210730E-7
1.253200E+3	-2.807020E-6	1.769520E-7
1.241600E+3	-2.793980E-6	1.452870E-7
1.233600E+3	-2.820060E-6	1.806770E-7
1.233600E+3	-2.820060E-6	1.806770E-7
1.214400E+3	-2.792120E-6	7.636890E-8
1.187300E+3	-2.602130E-6	-2.253810E-7
1.178900E+3	-2.440080E-6	-4.284100E-7
1.160500E+3	-2.354400E-6	-4.582130E-7
1.151600E+3	-2.287340E-6	-6.053630E-7
1.130900E+3	-2.162550E-6	-7.431990E-7
1.122800E+3	-2.160680E-6	-6.705560E-7
1.111200E+3	-2.108530E-6	-6.035010E-7
1.093900E+3	-2.088040E-6	-4.265480E-7
1.093900E+3	-2.088040E-6	-4.265480E-7
1.072600E+3	-2.000500E-6	-3.688060E-7
1.072600E+3	-2.000500E-6	-3.688060E-7
1.044300E+3	-1.948340E-6	-3.650800E-7
1.026200E+3	-1.978140E-6	-3.725310E-7
1.016600E+3	-1.931580E-6	-4.731140E-7
1.016600E+3	-1.931580E-6	-4.731140E-7
9.895000E+2	-1.894320E-6	-4.731140E-7
9.805000E+2	-1.836580E-6	-4.749760E-7
9.637000E+2	-1.883140E-6	-4.358610E-7
9.529000E+2	-1.881280E-6	-4.358610E-7
9.454000E+2	-2.004220E-6	-5.103680E-7
9.257000E+2	-2.073140E-6	-5.029180E-7
9.257000E+2	-2.073140E-6	-5.029180E-7
9.176000E+2	-2.140190E-6	-4.991930E-7
8.928000E+2	-2.080590E-6	-6.407540E-7
8.845000E+2	-2.034020E-6	-8.083920E-7
8.626000E+2	-2.075000E-6	-8.102540E-7
8.626000E+2	-2.075000E-6	-8.102540E-7
8.378000E+2	-1.842160E-6	-8.009410E-7
8.301000E+2	-1.778830E-6	-8.549580E-7
8.192000E+2	-1.726680E-6	-9.201500E-7
8.031000E+2	-1.898040E-6	-7.022210E-7
7.939000E+2	-1.918540E-6	-7.022210E-7
7.939000E+2	-1.918540E-6	-7.059460E-7
7.687000E+2	-2.075000E-6	-4.731140E-7
7.531000E+2	-2.143920E-6	-2.943000E-7
7.437000E+2	-2.123430E-6	-3.017500E-7
7.437000E+2	-2.123430E-6	-3.017500E-7
7.160000E+2	-1.898040E-6	-3.874320E-7
7.068000E+2	-1.836580E-6	-3.650800E-7
7.068000E+2	-1.836580E-6	-3.650800E-7
6.912000E+2	-1.885000E-6	-3.706680E-7
6.665000E+2	-1.901770E-6	-5.550720E-7
6.585000E+2	-2.011670E-6	-5.252700E-7
6.513000E+2	-2.080590E-6	-5.178190E-7
6.321000E+2	-2.147640E-6	-4.768410E-7
6.321000E+2	-2.147640E-6	-4.768410E-7
6.083000E+2	-2.294790E-6	-3.222390E-7
6.013000E+2	-2.432630E-6	-1.434250E-7
6.013000E+2	-2.432630E-6	-1.434250E-7
5.754000E+2	-2.419590E-6	-1.303860E-7
5.658000E+2	-2.546250E-6	-4.097840E-8
5.494000E+2	-2.760450E-6	-6.333040E-8
5.494000E+2	-2.760450E-6	-6.333040E-8
5.397000E+2	-2.859170E-6	-1.862660E-9
5.144000E+2	-3.188860E-6	9.127010E-8
5.056000E+2	-3.259640E-6	4.842900E-8
4.891000E+2	-3.593060E-6	1.452870E-7
4.795000E+2	-3.622860E-6	9.127010E-8
4.541000E+2	-3.734620E-6	9.499540E-8
4.360000E+2	-3.745790E-6	6.891830E-8
3.968000E+2	-3.887370E-6	-7.078100E-8
3.755000E+2	-4.047560E-6	-1.750900E-7
3.540000E+2	-4.323230E-6	-2.142050E-7
3.065000E+2	-4.984470E-6	-2.440080E-7
2.764000E+2	-5.209850E-6	-2.458710E-7
2.764000E+2	-5.209850E-6	-2.458710E-7
1.980000E+2	-5.036620E-6	-4.228220E-7
1.429000E+2	-4.522530E-6	-3.464540E-7
1.159000E+2	-4.183530E-6	-2.663600E-7
8.700000E+1	-3.749520E-6	-2.700850E-7
2.570000E+1	-2.838690E-6	-1.154840E-7
-3.200000E+0	-2.358120E-6	-1.229350E-7
-5.770000E+1	-1.041230E-6	-5.401690E-8
-8.650000E+1	-3.017500E-7	-9.872060E-8
-1.401000E+2	9.965220E-7	-9.872060E-8
-1.679000E+2	1.674530E-6	0.000000E+0
-2.198000E+2	2.954170E-6	-6.519300E-8
-2.198000E+2	2.954170E-6	-6.519300E-8
-2.704000E+2	4.170490E-6	1.080340E-7
-3.265000E+2	5.096230E-6	1.452870E-7
-3.265000E+2	5.096230E-6	1.452870E-7
