Sample Name, AUS25x23_20G
Freq, 20, GHz, Power, 10, dBm
SR850: f = 25 Hz; phase = 96 deg; output = 5 V; sens. = 50 uV; tc = 300 ms; 12dB/oct
Field	X	Y
Oe	V	V
*
-6.631000E+2	-5.887850E-6	-1.862660E-8
-6.631000E+2	-5.887850E-6	-1.657760E-7
-6.622000E+2	-5.846870E-6	-1.508750E-7
-6.633000E+2	-5.828250E-6	-1.173470E-7
-6.535000E+2	-5.820800E-6	-4.842900E-8
-6.458000E+2	-5.681100E-6	-1.061710E-7
-6.191000E+2	-5.628940E-6	-7.450640E-9
-6.069000E+2	-5.573060E-6	2.980250E-8
-5.881000E+2	-5.435230E-6	-2.235190E-8
-5.585000E+2	-5.293670E-6	-1.117590E-7
-5.431000E+2	-5.334640E-6	-4.842900E-8
-5.121000E+2	-4.999370E-6	-2.402830E-7
-4.965000E+2	-4.829870E-6	-1.247980E-7
-4.679000E+2	-3.892960E-6	-4.842900E-8
-4.531000E+2	-3.214940E-6	-6.519300E-8
-4.283000E+2	-1.506890E-6	-1.620510E-7
-4.151000E+2	-4.451740E-7	-7.450630E-8
-4.042000E+2	1.132500E-6	-1.490130E-8
-3.796000E+2	3.967460E-6	9.872060E-8
-3.707000E+2	5.157690E-6	1.024460E-7
-3.514000E+2	7.117200E-6	1.695020E-7
-3.435000E+2	8.059720E-6	1.788150E-7
-3.225000E+2	9.251820E-6	1.490130E-7
-3.225000E+2	9.251820E-6	1.490130E-7
-2.943000E+2	1.040110E-5	1.769520E-7
-2.856000E+2	1.061150E-5	1.620510E-7
-2.856000E+2	1.061150E-5	1.620510E-7
-2.756000E+2	1.071030E-5	2.197930E-7
-2.431000E+2	1.046810E-5	3.315530E-7
-2.222000E+2	9.788260E-6	3.911570E-7
-2.121000E+2	9.404550E-6	4.991930E-7
-2.121000E+2	9.404550E-6	4.991930E-7
-1.810000E+2	8.370790E-6	2.626350E-7
-1.583000E+2	7.595900E-6	2.291060E-7
-1.487000E+2	7.364930E-6	2.570470E-7
-1.487000E+2	7.364930E-6	2.570470E-7
-1.184000E+2	7.070630E-6	2.477340E-7
-1.184000E+2	6.444780E-6	1.676390E-7
-8.820000E+1	5.777950E-6	9.313280E-9
-7.790000E+1	5.563750E-6	1.117590E-8
-5.630000E+1	4.995640E-6	-7.264360E-8
-4.520000E+1	4.718110E-6	-1.043090E-7
-2.580000E+1	4.099710E-6	1.490130E-8
-1.270000E+1	3.701090E-6	1.229350E-7
-3.100000E+0	3.324840E-6	8.568210E-8
1.790000E+1	2.343220E-6	1.229350E-7
3.020000E+1	1.762070E-6	8.381950E-8
3.930000E+1	1.085930E-6	3.352780E-8
6.330000E+1	-4.787030E-7	1.452870E-7
7.230000E+1	-9.946600E-7	1.396990E-7
9.600000E+1	-2.266850E-6	1.359740E-7
1.050000E+2	-2.754870E-6	7.823160E-8
1.159000E+2	-3.136710E-6	-3.352780E-8
1.382000E+2	-3.960010E-6	-1.769520E-7
1.481000E+2	-4.546750E-6	-1.192100E-7
1.681000E+2	-5.254550E-6	-6.705570E-8
1.786000E+2	-5.561890E-6	-4.097840E-8
1.982000E+2	-6.347920E-6	-5.401690E-8
1.982000E+2	-6.347920E-6	-5.401690E-8
2.222000E+2	-7.057590E-6	-2.570470E-7
2.414000E+2	-7.893950E-6	-1.452870E-7
2.611000E+2	-8.603620E-6	-1.806770E-7
2.720000E+2	-9.097220E-6	-1.247980E-7
2.849000E+2	-9.590820E-6	-5.215430E-8
3.040000E+2	-1.009930E-5	-8.009420E-8
3.151000E+2	-1.027630E-5	-1.303860E-7
3.346000E+2	-1.057060E-5	-1.192100E-7
3.452000E+2	-1.066740E-5	-1.415620E-7
3.655000E+2	-1.033030E-5	-2.309690E-7
3.756000E+2	-9.900020E-6	-1.899910E-7
3.849000E+2	-9.443670E-6	-7.078100E-8
4.090000E+2	-7.560510E-6	5.960510E-8
4.181000E+2	-6.487620E-6	8.940740E-8
4.422000E+2	-3.997270E-6	2.142050E-7
4.514000E+2	-2.790260E-6	2.216560E-7
4.514000E+2	-2.790260E-6	2.216560E-7
4.848000E+2	6.258520E-7	2.831240E-7
4.940000E+2	1.465910E-6	2.570470E-7
5.149000E+2	2.868490E-6	1.583260E-7
5.248000E+2	3.388170E-6	1.899910E-7
5.453000E+2	4.274800E-6	2.421460E-7
5.556000E+2	4.567240E-6	2.346940E-7
5.785000E+2	4.993780E-6	4.097840E-8
5.881000E+2	5.081330E-6	5.774220E-8
5.994000E+2	5.282490E-6	1.490130E-8
6.208000E+2	5.455720E-6	1.471500E-7
6.320000E+2	5.561890E-6	1.732270E-7
6.513000E+2	5.748150E-6	1.788150E-7
6.627000E+2	5.820800E-6	1.471500E-7
6.822000E+2	5.947460E-6	2.365570E-7
6.937000E+2	6.048040E-6	3.092010E-7
7.135000E+2	6.061080E-6	3.241020E-7
7.247000E+2	6.154210E-6	2.626350E-7
7.451000E+2	6.144900E-6	1.583260E-7
7.557000E+2	6.137440E-6	8.381950E-8
7.765000E+2	6.150480E-6	-4.842900E-8
7.866000E+2	6.193320E-6	-8.195680E-8
7.993000E+2	6.293910E-6	-9.872060E-8
8.203000E+2	6.364690E-6	-9.127010E-8
8.296000E+2	6.299490E-6	-4.656640E-8
8.512000E+2	6.280870E-6	0.000000E+0
8.606000E+2	6.273420E-6	5.774220E-8
8.819000E+2	6.169110E-6	2.607720E-7
8.920000E+2	6.226850E-6	2.048920E-7
9.160000E+2	6.433610E-6	2.738110E-7
9.264000E+2	6.457820E-6	2.738110E-7
9.473000E+2	6.532330E-6	3.632180E-7
9.585000E+2	6.435470E-6	3.632180E-7
9.791000E+2	6.411250E-6	2.272440E-7
9.908000E+2	6.279010E-6	1.452870E-7
1.001100E+3	6.226850E-6	6.333040E-8
1.021500E+3	6.262240E-6	1.192100E-7
1.032400E+3	6.273420E-6	3.092010E-7
1.056300E+3	6.554680E-6	3.632180E-7
1.056300E+3	6.554680E-6	3.632180E-7
1.076300E+3	6.681340E-6	2.551840E-7
1.101200E+3	6.457820E-6	3.948830E-7
1.110500E+3	6.483900E-6	3.725310E-7
1.132600E+3	6.433610E-6	2.458710E-7
1.144900E+3	6.478310E-6	2.365570E-7
1.166600E+3	6.590070E-6	3.129260E-7
1.166600E+3	6.590070E-6	3.129260E-7
1.197400E+3	6.558400E-6	2.905740E-7
1.206600E+3	6.578890E-6	3.017500E-7
1.228400E+3	6.660850E-6	2.253810E-7
1.237700E+3	6.660850E-6	1.620510E-7
1.259300E+3	6.565850E-6	4.470370E-8
1.269200E+3	6.448510E-6	7.450630E-8
1.282700E+3	6.411250E-6	1.173470E-7
1.282700E+3	6.411250E-6	1.173470E-7
1.314100E+3	6.388900E-6	1.527380E-7
1.333700E+3	6.459680E-6	2.142050E-7
1.345200E+3	6.424290E-6	2.533220E-7
1.364600E+3	6.470860E-6	2.272440E-7
1.376100E+3	6.392630E-6	7.823160E-8
1.385200E+3	6.409390E-6	-1.247980E-7
1.409000E+3	6.379590E-6	9.313280E-9
1.418800E+3	6.413120E-6	1.080340E-7
1.441600E+3	6.541640E-6	1.937160E-7
1.454700E+3	6.476450E-6	2.793990E-7
1.464000E+3	6.476450E-6	2.793990E-7
1.484900E+3	6.623600E-6	2.365570E-7
1.493800E+3	6.621730E-6	2.309690E-7
1.514900E+3	6.560270E-6	2.160680E-7
1.523700E+3	6.685060E-6	8.009420E-8
1.547700E+3	6.672020E-6	7.823160E-8
1.556700E+3	6.686930E-6	6.519300E-8
1.566900E+3	6.644080E-6	1.844030E-7
1.589800E+3	6.685060E-6	2.887120E-7
1.600300E+3	6.642220E-6	2.682230E-7
1.623000E+3	6.604970E-6	2.421460E-7
1.632600E+3	6.666440E-6	2.998880E-7
1.645600E+3	6.567720E-6	3.371410E-7
1.664900E+3	6.567720E-6	3.371410E-7
1.677700E+3	6.483900E-6	1.210730E-7
1.677700E+3	6.483900E-6	1.210730E-7
1.688900E+3	6.552810E-6	2.253810E-7
1.721400E+3	6.649670E-6	3.073380E-7
1.731000E+3	6.755840E-6	1.974410E-7
1.753800E+3	6.878780E-6	1.303860E-7
1.764200E+3	6.865740E-6	1.564630E-7
1.784500E+3	6.940240E-6	1.937160E-7
1.794500E+3	7.007300E-6	1.098970E-7
1.815200E+3	6.912310E-6	1.136220E-7
1.824400E+3	6.808000E-6	1.098970E-7
1.845600E+3	6.808000E-6	1.098970E-7
1.845600E+3	6.916030E-6	1.806770E-7
1.878300E+3	6.834070E-6	2.328320E-7
1.888100E+3	6.863880E-6	1.788150E-7
1.909100E+3	6.988670E-6	2.458710E-7
1.921100E+3	6.990540E-6	2.998880E-7
1.931200E+3	6.971910E-6	3.315530E-7
1.951300E+3	6.997990E-6	3.166510E-7
1.961800E+3	6.986810E-6	2.551840E-7
1.981200E+3	6.938380E-6	-3.725320E-9
1.992100E+3	6.917890E-6	3.166520E-8
2.011200E+3	6.923480E-6	8.754480E-8
2.024000E+3	6.964460E-6	1.918530E-7
2.034900E+3	7.035240E-6	3.483160E-7
2.056300E+3	7.307190E-6	2.589090E-7
2.067600E+3	7.325810E-6	3.259650E-7
2.088900E+3	7.340710E-6	1.993040E-7
2.100000E+3	7.368650E-6	1.676390E-7
2.112900E+3	7.182390E-6	1.993040E-7
2.132300E+3	6.970050E-6	3.483160E-7
2.143300E+3	7.016610E-6	2.998880E-7
2.163000E+3	7.016610E-6	2.998880E-7
2.173400E+3	6.984950E-6	2.738110E-7
2.185400E+3	6.971910E-6	2.589090E-7
2.206500E+3	7.063180E-6	2.253810E-7
2.218500E+3	7.160040E-6	1.993040E-7
2.239600E+3	7.109750E-6	1.266610E-7
2.251500E+3	7.055730E-6	2.030290E-7
2.260900E+3	7.074360E-6	2.458710E-7
2.281300E+3	7.215920E-6	2.887120E-7
2.291200E+3	7.163760E-6	2.980250E-7
2.311200E+3	7.165620E-6	2.738110E-7
2.321700E+3	7.158170E-6	2.309690E-7
2.341100E+3	7.409630E-6	1.806770E-7
2.351000E+3	7.474820E-6	1.583260E-7
2.373900E+3	7.452470E-6	3.688060E-7
2.384000E+3	7.467370E-6	3.296900E-7
2.394800E+3	7.538150E-6	2.905740E-7
2.414500E+3	7.463650E-6	1.676390E-7
2.424700E+3	7.504630E-6	1.974410E-7
2.443800E+3	7.430120E-6	2.328320E-7
2.454600E+3	7.461790E-6	2.011670E-7
2.474500E+3	7.363070E-6	3.743930E-7
2.484900E+3	7.374240E-6	3.390030E-7
2.505200E+3	7.372380E-6	2.048920E-7
2.514900E+3	7.404040E-6	2.067550E-7
2.535500E+3	7.536290E-6	2.011670E-7
2.544700E+3	7.700230E-6	1.117590E-7
2.565700E+3	7.633180E-6	5.401690E-8
2.565700E+3	7.633180E-6	5.401690E-8
2.598100E+3	7.525120E-6	1.378370E-7
2.607700E+3	7.595900E-6	6.333040E-8
2.628500E+3	7.653670E-6	1.098970E-7
2.637600E+3	7.679740E-6	1.341110E-7
2.658700E+3	7.692780E-6	2.849870E-7
2.667500E+3	7.845520E-6	2.570470E-7
2.688700E+3	7.931200E-6	2.700850E-7
2.688700E+3	7.931200E-6	2.700850E-7
2.718500E+3	7.782190E-6	3.892950E-7
2.728100E+3	7.860420E-6	3.688060E-7
2.748600E+3	7.910710E-6	2.793990E-7
2.758600E+3	7.895810E-6	2.719480E-7
2.769800E+3	7.823170E-6	2.421460E-7
2.791200E+3	7.927480E-6	1.713640E-7
2.802500E+3	7.916300E-6	2.272440E-7
2.821900E+3	8.154720E-6	2.887120E-7
2.833100E+3	8.171480E-6	2.086170E-7
2.852300E+3	8.191970E-6	4.656640E-8
2.852300E+3	8.191970E-6	4.656640E-8
2.863200E+3	8.296280E-6	4.842900E-8
2.895600E+3	8.462060E-6	2.216560E-7
2.904800E+3	8.482540E-6	2.421460E-7
2.927600E+3	8.534700E-6	3.650800E-7
2.937500E+3	8.581260E-6	2.998880E-7
2.957900E+3	8.544010E-6	2.272440E-7
2.967200E+3	8.616650E-6	1.806770E-7
2.979400E+3	8.501170E-6	1.732270E-7
3.000600E+3	8.523520E-6	2.365570E-7
3.009700E+3	8.519800E-6	2.365570E-7
3.030700E+3	8.691160E-6	1.564630E-7
3.040300E+3	8.763800E-6	2.048920E-7
3.060900E+3	8.661360E-6	2.421460E-7
3.071000E+3	8.618520E-6	2.644970E-7
3.094300E+3	8.694890E-6	3.147890E-7
3.103500E+3	8.715370E-6	3.743930E-7
3.124300E+3	8.752630E-6	3.576300E-7
3.124300E+3	8.752630E-6	3.576300E-7
3.148100E+3	8.704200E-6	2.142050E-7
3.166500E+3	8.715370E-6	2.533220E-7
3.177700E+3	8.691160E-6	2.682230E-7
3.197000E+3	8.791740E-6	3.166510E-7
3.208300E+3	8.784290E-6	3.203770E-7
3.227500E+3	8.845760E-6	3.539040E-7
3.238500E+3	9.015260E-6	3.110640E-7
3.258100E+3	9.015260E-6	3.110640E-7
3.268500E+3	9.190350E-6	1.546000E-7
3.288600E+3	9.097220E-6	1.620510E-7
3.301400E+3	9.104670E-6	2.402830E-7
3.310400E+3	9.218290E-6	1.620510E-7
3.331500E+3	9.277890E-6	1.899910E-7
3.340400E+3	9.302110E-6	1.825400E-7
3.361600E+3	9.274170E-6	1.434250E-7
3.370600E+3	9.212700E-6	7.636890E-8
3.394700E+3	9.376610E-6	1.247980E-7
3.403900E+3	9.447390E-6	1.229350E-7
3.417400E+3	9.434360E-6	8.568210E-8
3.417400E+3	9.434360E-6	8.568210E-8
3.449900E+3	9.441810E-6	1.229350E-7
3.470300E+3	9.410140E-6	9.685800E-8
3.480400E+3	9.482780E-6	9.685800E-8
3.500100E+3	9.628070E-6	1.154840E-7
3.510800E+3	9.693260E-6	6.891830E-8
3.530000E+3	9.892570E-6	-6.519300E-8
3.541200E+3	9.963350E-6	1.210730E-7
3.560400E+3	1.006950E-5	3.147890E-7
3.571600E+3	1.006020E-5	3.892950E-7
3.581000E+3	1.017940E-5	3.799810E-7
3.601900E+3	1.027440E-5	3.818440E-7
3.610900E+3	1.034520E-5	3.576300E-7
3.632000E+3	1.038990E-5	2.495960E-7
3.641000E+3	1.043090E-5	2.793990E-7
3.662200E+3	1.035260E-5	3.352780E-7
3.671200E+3	1.027440E-5	3.315530E-7
3.695000E+3	1.044950E-5	3.054760E-7
3.703800E+3	1.052590E-5	2.887120E-7
3.725000E+3	1.066000E-5	3.390030E-7
3.733900E+3	1.067670E-5	3.110640E-7
3.754900E+3	1.086110E-5	2.365570E-7
3.764300E+3	1.088910E-5	2.514590E-7
3.784800E+3	1.090030E-5	3.967450E-7
3.784800E+3	1.090030E-5	3.967450E-7
3.806000E+3	1.089840E-5	4.135090E-7
3.827600E+3	1.118150E-5	4.041960E-7
3.838900E+3	1.132120E-5	3.352780E-7
3.858300E+3	1.139760E-5	2.775360E-7
3.858300E+3	1.139760E-5	2.775360E-7
3.881700E+3	1.141060E-5	3.110640E-7
3.881700E+3	1.141060E-5	3.110640E-7
3.914600E+3	1.147950E-5	2.011670E-7
3.934000E+3	1.166770E-5	1.732270E-7
3.947600E+3	1.171610E-5	1.750900E-7
3.956700E+3	1.180550E-5	1.154840E-7
3.977300E+3	1.193780E-5	1.396990E-7
3.986300E+3	1.200290E-5	1.266610E-7
4.007300E+3	1.207930E-5	2.384200E-7
4.016200E+3	1.226930E-5	2.905740E-7
4.037300E+3	1.242020E-5	4.451740E-7
4.046400E+3	1.246300E-5	5.308580E-7
4.046400E+3	1.246300E-5	5.308580E-7
4.070300E+3	1.250030E-5	5.178190E-7
4.100300E+3	1.284490E-5	4.284100E-7
4.109200E+3	1.280950E-5	4.507620E-7
4.123000E+3	1.277410E-5	4.153720E-7
4.142400E+3	1.285420E-5	2.644970E-7
4.155300E+3	1.288020E-5	2.384200E-7
4.166400E+3	1.285040E-5	2.477340E-7
4.187800E+3	1.272010E-5	1.732270E-7
4.199100E+3	1.264180E-5	2.943000E-7
4.220800E+3	1.270700E-5	2.775360E-7
4.231600E+3	1.270140E-5	3.278270E-7
4.241900E+3	1.263440E-5	2.793990E-7
4.263700E+3	1.247050E-5	1.881280E-7
4.274800E+3	1.238850E-5	1.695020E-7
4.286800E+3	1.241460E-5	1.713640E-7
4.307400E+3	1.220220E-5	1.899910E-7
4.320200E+3	1.204390E-5	1.732270E-7
4.320200E+3	1.204390E-5	1.732270E-7
4.350700E+3	1.116100E-5	1.098970E-7
4.371900E+3	1.041600E-5	2.048920E-8
4.380900E+3	1.007700E-5	-2.235190E-8
4.402100E+3	9.106530E-6	1.490130E-8
4.411000E+3	8.519800E-6	-3.725310E-8
4.423700E+3	8.042960E-6	-2.235190E-8
4.443900E+3	6.644080E-6	6.705570E-8
4.443900E+3	6.644080E-6	6.705570E-8
4.476900E+3	4.669680E-6	1.192100E-7
4.476900E+3	4.669680E-6	1.192100E-7
4.497500E+3	3.267090E-6	1.750900E-7
4.519000E+3	1.650310E-6	1.341110E-7
4.529900E+3	9.872090E-7	9.685800E-8
4.549300E+3	-4.246850E-7	3.911580E-8
4.560700E+3	-1.430520E-6	3.725310E-8
4.582200E+3	-2.831240E-6	-1.490130E-7
4.593000E+3	-3.596780E-6	-1.415620E-7
4.605900E+3	-4.261760E-6	-8.195680E-8
4.625100E+3	-5.656880E-6	-5.029160E-8
4.638200E+3	-6.344200E-6	3.725320E-9
4.638200E+3	-6.344200E-6	3.725320E-9
4.668600E+3	-8.085800E-6	-2.421460E-7
4.681200E+3	-8.085800E-6	-2.421460E-7
4.701800E+3	-9.551700E-6	-4.842900E-8
4.711000E+3	-9.872080E-6	-1.601880E-7
4.731500E+3	-1.079780E-5	-1.713640E-7
4.741400E+3	-1.079780E-5	-1.713640E-7
4.762400E+3	-1.113310E-5	-3.334150E-7
4.762400E+3	-1.113310E-5	-3.334150E-7
4.784600E+3	-1.141810E-5	-3.874320E-7
4.805100E+3	-1.154470E-5	-3.594920E-7
4.815500E+3	-1.162670E-5	-3.930200E-7
4.838400E+3	-1.181670E-5	-2.384200E-7
4.847900E+3	-1.181670E-5	-2.384200E-7
4.859200E+3	-1.208300E-5	-2.551840E-7
4.859200E+3	-1.208300E-5	-2.551840E-7
4.880400E+3	-1.222460E-5	-1.546000E-7
4.913300E+3	-1.213150E-5	-1.713640E-7
4.923600E+3	-1.222650E-5	-1.359740E-7
4.943300E+3	-1.233640E-5	-2.421460E-7
4.954100E+3	-1.239600E-5	-1.210730E-7
4.964400E+3	-1.224320E-5	-1.359740E-7
4.964400E+3	-1.224320E-5	-1.359740E-7
4.997300E+3	-1.217430E-5	6.686930E-7
5.006400E+3	-1.198990E-5	4.973300E-7
5.006400E+3	-1.198990E-5	4.973300E-7
5.039600E+3	-1.156710E-5	4.470370E-8
5.063500E+3	-1.145160E-5	-1.080340E-7
5.072700E+3	-1.134170E-5	-1.862650E-7
5.084900E+3	-1.117970E-5	-1.862650E-7
5.106000E+3	-1.121320E-5	-4.377230E-7
5.117900E+3	-1.104550E-5	-4.656630E-7
5.139000E+3	-1.096550E-5	-2.011670E-7
5.148000E+3	-1.089650E-5	-7.823160E-8
5.169000E+3	-1.091520E-5	-1.676390E-8
5.169000E+3	-1.091520E-5	-1.676390E-8
5.199100E+3	-1.063760E-5	-1.676390E-7
5.208600E+3	-1.051660E-5	-2.328320E-7
5.219900E+3	-1.040290E-5	-2.011670E-7
5.241200E+3	-1.026510E-5	-3.743930E-7
5.252300E+3	-1.030980E-5	-2.887120E-7
5.274200E+3	-1.028190E-5	-2.272440E-7
5.284500E+3	-1.028740E-5	6.519300E-8
5.297700E+3	-1.018870E-5	9.685800E-8
5.317000E+3	-1.000620E-5	4.842900E-8
5.328300E+3	-9.920510E-6	-4.842900E-8
5.347500E+3	-9.754730E-6	-9.313270E-8
5.358700E+3	-9.641110E-6	-1.285230E-7
5.378400E+3	-9.575920E-6	5.029160E-8
5.388900E+3	-9.367300E-6	2.607710E-8
5.409000E+3	-9.328190E-6	-9.313280E-9
5.419100E+3	-9.303970E-6	-1.415620E-7
5.431100E+3	-9.225740E-6	-2.868490E-7
5.452400E+3	-9.063690E-6	-1.676390E-7
5.461400E+3	-9.041340E-6	-2.440080E-7
5.482900E+3	-8.946340E-6	-3.241020E-7
5.492100E+3	-8.985460E-6	-3.408660E-7
5.513300E+3	-9.028300E-6	-2.868490E-7
5.523000E+3	-9.041340E-6	-1.601880E-7
5.543400E+3	-8.834580E-6	-1.769520E-7
5.553400E+3	-8.871840E-6	1.303860E-8
5.573300E+3	-8.758220E-6	7.823160E-8
5.585700E+3	-8.566360E-6	-4.470370E-8
5.596800E+3	-8.352160E-6	-1.527380E-7
5.618800E+3	-8.143540E-6	-1.601880E-7
5.630000E+3	-8.203150E-6	-1.676390E-8
5.649300E+3	-8.054140E-6	3.911580E-8
5.660300E+3	-8.082080E-6	1.154840E-7
5.660300E+3	-8.082080E-6	1.154840E-7
5.693100E+3	-7.962870E-6	5.960510E-8
5.702400E+3	-7.830620E-6	-2.607710E-8
5.725600E+3	-7.826890E-6	-9.685800E-8
5.735900E+3	-7.752390E-6	-1.043090E-7
5.756400E+3	-7.750520E-6	3.725310E-8
5.766100E+3	-7.569820E-6	-3.352780E-8
5.778200E+3	-7.580990E-6	-7.636890E-8
5.799300E+3	-7.508350E-6	-2.011670E-7
5.808200E+3	-7.472960E-6	-2.235180E-7
5.829400E+3	-7.273660E-6	-3.501790E-7
5.838800E+3	-7.273660E-6	-3.501790E-7
5.859500E+3	-7.022200E-6	-4.619380E-7
5.859500E+3	-7.022200E-6	-4.619380E-7
5.889800E+3	-6.919760E-6	-3.594920E-7
5.900200E+3	-7.066900E-6	-1.899910E-7
5.923000E+3	-7.107880E-6	-1.452870E-7
5.932700E+3	-6.919760E-6	-2.440080E-7
5.945800E+3	-6.824760E-6	-2.216560E-7
5.965300E+3	-6.441060E-6	-3.129260E-7
5.978100E+3	-6.515560E-6	-2.570470E-7
5.978100E+3	-6.515560E-6	-2.570470E-7
6.010600E+3	-6.424290E-6	-6.146770E-8
6.021900E+3	-6.508110E-6	-2.235190E-8
6.041100E+3	-6.360960E-6	-1.974410E-7
6.052300E+3	-6.379590E-6	-2.440080E-7
6.064600E+3	-6.338610E-6	-2.216560E-7
6.064600E+3	-6.338610E-6	-2.216560E-7
6.085800E+3	-6.189600E-6	-3.501790E-7
6.107200E+3	-6.329300E-6	-3.259650E-7
6.131200E+3	-6.329300E-6	-3.259650E-7
6.140300E+3	-6.387040E-6	-2.365570E-7
6.164200E+3	-6.226850E-6	-1.098970E-7
6.173600E+3	-6.046180E-6	-1.955790E-7
6.194700E+3	-5.915790E-6	-1.583260E-7
6.203800E+3	-5.830110E-6	-2.197930E-7
6.225000E+3	-5.595420E-6	-2.756730E-7
6.234100E+3	-5.582380E-6	-1.788150E-7
6.255400E+3	-5.424050E-6	-1.266610E-7
6.264600E+3	-5.565610E-6	-3.352780E-8
6.277500E+3	-5.606590E-6	-1.285230E-7
6.297400E+3	-5.440820E-6	-2.589090E-7
6.308000E+3	-5.332780E-6	-1.546000E-7
6.330300E+3	-5.217300E-6	-2.179300E-7
6.340200E+3	-5.256410E-6	-1.210730E-7
6.351300E+3	-5.206120E-6	-1.601880E-7
6.372800E+3	-5.206120E-6	-1.601880E-7
6.387100E+3	-5.211710E-6	-5.215430E-8
6.397200E+3	-5.152110E-6	2.235190E-8
6.418100E+3	-5.010540E-6	9.872060E-8
6.427600E+3	-4.829870E-6	9.872060E-8
6.450900E+3	-4.792620E-6	5.215430E-8
6.461100E+3	-4.692030E-6	-3.352780E-8
6.461100E+3	-4.692030E-6	-3.352780E-8
6.494100E+3	-4.645470E-6	7.264360E-8
6.503100E+3	-4.611940E-6	-3.352780E-8
6.527000E+3	-4.557920E-6	-1.862660E-8
6.536200E+3	-4.543020E-6	-1.080340E-7
6.557400E+3	-4.794480E-6	2.235190E-8
6.566600E+3	-4.714380E-6	-5.587960E-8
6.587800E+3	-4.759090E-6	-2.793980E-8
6.596900E+3	-4.762810E-6	0.000000E+0
6.609600E+3	-4.727420E-6	-4.842900E-8
6.630100E+3	-4.783300E-6	5.587960E-8
6.642300E+3	-4.645470E-6	5.401690E-8
6.653500E+3	-4.611940E-6	1.732270E-7
6.675300E+3	-4.366070E-6	5.029160E-8
6.685800E+3	-4.353030E-6	7.264360E-8
6.705500E+3	-4.259900E-6	3.725310E-8
6.716500E+3	-4.293430E-6	4.470370E-8
6.735900E+3	-4.213330E-6	9.313280E-9
6.735900E+3	-4.213330E-6	9.313280E-9
6.769000E+3	-4.123930E-6	-8.009420E-8
6.779900E+3	-4.055010E-6	-9.499540E-8
6.793300E+3	-4.040110E-6	-7.823160E-8
6.813300E+3	-3.960010E-6	-8.009420E-8
6.823400E+3	-3.939520E-6	-1.061710E-7
6.843800E+3	-3.993540E-6	7.636890E-8
6.853300E+3	-3.840800E-6	3.166520E-8
6.863000E+3	-3.945110E-6	1.583260E-7
6.886500E+3	-3.945110E-6	1.806770E-7
6.895600E+3	-3.878060E-6	7.823160E-8
6.916700E+3	-3.770010E-6	-3.352780E-8
6.926200E+3	-3.624720E-6	3.725310E-8
6.939200E+3	-3.445910E-6	4.656640E-8
6.965000E+3	-3.520410E-6	1.266610E-7
6.974200E+3	-3.611680E-6	8.940740E-8
6.985100E+3	-3.661970E-6	3.166520E-8
7.007600E+3	-3.725300E-6	-8.009420E-8
7.007600E+3	-3.725300E-6	-8.009420E-8
7.037600E+3	-3.758830E-6	-1.955790E-7
7.048100E+3	-3.770010E-6	-2.048920E-7
7.070800E+3	-3.634040E-6	-1.546000E-7
7.081700E+3	-3.624720E-6	-8.940740E-8
7.092000E+3	-3.596780E-6	-1.844030E-7
7.114000E+3	-3.630310E-6	-2.514590E-7
7.125100E+3	-3.566980E-6	-1.788150E-7
7.144700E+3	-3.574430E-6	1.862660E-9
7.155400E+3	-3.580020E-6	1.043090E-7
7.167600E+3	-3.468260E-6	1.732270E-7
7.189000E+3	-3.367680E-6	1.322490E-7
7.201300E+3	-3.272680E-6	9.313270E-8
7.221800E+3	-3.296900E-6	1.266610E-7
7.231700E+3	-3.263370E-6	1.862660E-9
7.241200E+3	-3.285720E-6	-3.166520E-8
7.241200E+3	-3.285720E-6	-3.166520E-8
7.274100E+3	-3.285720E-6	-1.136220E-7
7.295200E+3	-2.961620E-6	-1.639140E-7
7.304500E+3	-2.887110E-6	-1.918530E-7
7.325200E+3	-2.900150E-6	-1.285230E-7
7.337400E+3	-2.754870E-6	-2.682230E-7
7.358500E+3	-2.732510E-6	-1.601880E-7
7.367700E+3	-2.762320E-6	-3.725310E-8
7.378900E+3	-2.784670E-6	4.097840E-8
7.400900E+3	-2.617030E-6	-5.587960E-9
7.411500E+3	-2.678500E-6	2.793980E-8
7.431300E+3	-2.838690E-6	-6.333040E-8
7.442400E+3	-2.760450E-6	-1.266610E-7
7.455400E+3	-2.743690E-6	-8.754480E-8
7.477600E+3	-2.739970E-6	-1.210730E-7
7.488800E+3	-2.782810E-6	-5.960510E-8
7.508700E+3	-2.756730E-6	-1.080340E-7
7.519300E+3	-2.747420E-6	-7.078100E-8
7.539400E+3	-2.836820E-6	1.154840E-7
7.549500E+3	-2.775360E-6	4.097840E-8
7.558900E+3	-2.712030E-6	6.519300E-8
7.582700E+3	-2.374890E-6	-1.490130E-8
7.591800E+3	-2.320870E-6	-3.352780E-8
7.613100E+3	-2.179310E-6	-1.210730E-7
7.622300E+3	-2.181170E-6	-1.918530E-7
7.643500E+3	-2.285480E-6	-2.086170E-7
7.655600E+3	-2.197940E-6	-2.477340E-7
7.655600E+3	-2.197940E-6	-2.477340E-7
7.689000E+3	-2.212840E-6	-1.955790E-7
7.699900E+3	-2.307830E-6	-1.359740E-7
7.719400E+3	-2.311560E-6	-1.117590E-7
7.730500E+3	-2.399100E-6	-6.705570E-8
7.749800E+3	-2.242640E-6	-4.842900E-8
7.762900E+3	-2.156960E-6	-1.117590E-7
7.773500E+3	-2.086180E-6	-1.434250E-7
7.793900E+3	-2.028440E-6	-1.136220E-7
7.804000E+3	-2.017260E-6	-1.043090E-7
7.824800E+3	-2.179310E-6	6.891830E-8
7.834300E+3	-2.123430E-6	-2.421450E-8
7.855500E+3	-2.179310E-6	-6.891830E-8
7.864600E+3	-2.091770E-6	-9.313270E-8
7.885800E+3	-2.013530E-6	1.676390E-8
7.894800E+3	-1.870100E-6	-6.519300E-8
7.918800E+3	-1.844030E-6	3.166520E-8
7.928100E+3	-1.750890E-6	3.725320E-9
7.940300E+3	-1.765790E-6	-8.009420E-8
7.961600E+3	-1.901770E-6	-7.078100E-8
7.971100E+3	-1.888730E-6	-4.842900E-8
7.991800E+3	-2.028440E-6	1.862660E-8
8.001800E+3	-2.134610E-6	7.823160E-8
8.025300E+3	-2.065690E-6	7.823160E-8
8.025300E+3	-2.065690E-6	7.823160E-8
8.045800E+3	-1.842160E-6	2.607710E-8
8.068100E+3	-1.629820E-6	-7.450640E-9
8.079400E+3	-1.613060E-6	-7.450640E-9
8.079400E+3	-1.613060E-6	2.980250E-8
8.109300E+3	-1.760210E-6	-5.401690E-8
8.128800E+3	-1.581390E-6	-8.009420E-8
8.140100E+3	-1.452870E-6	-1.546000E-7
8.159500E+3	-1.473360E-6	-4.470370E-8
8.170700E+3	-1.473360E-6	-4.470370E-8
8.190400E+3	-1.544140E-6	-3.352780E-8
8.204000E+3	-1.648450E-6	1.490130E-7
8.213200E+3	-1.586980E-6	2.421450E-8
8.237000E+3	-1.654040E-6	-3.539050E-8
8.246400E+3	-1.637270E-6	-8.009420E-8
8.267600E+3	-1.583260E-6	-6.519300E-8
8.276800E+3	-1.609330E-6	1.862660E-9
8.289000E+3	-1.508750E-6	-3.725310E-8
8.310000E+3	-1.521790E-6	-1.676390E-8
8.310000E+3	-1.521790E-6	-1.676390E-8
8.332900E+3	-1.525510E-6	-4.842900E-8
8.355400E+3	-1.525510E-6	-4.842900E-8
8.365400E+3	-1.333660E-6	1.750900E-7
8.385800E+3	-9.667200E-7	5.867370E-7
8.396300E+3	-1.005840E-6	6.835940E-7
8.396300E+3	-1.005840E-6	6.835940E-7
8.428900E+3	-1.141810E-6	2.943000E-7
8.440200E+3	-1.199550E-6	1.676390E-7
8.462600E+3	-1.205140E-6	7.078100E-8
8.473700E+3	-1.322490E-6	1.396990E-7
8.495300E+3	-1.156710E-6	1.695020E-7
8.506600E+3	-1.307580E-6	1.620510E-7
8.519200E+3	-1.395130E-6	9.127010E-8
8.528300E+3	-1.404440E-6	1.862660E-9
8.552300E+3	-1.480810E-6	-3.539050E-8
8.561700E+3	-1.369050E-6	-9.313270E-8
8.585100E+3	-1.389540E-6	5.029160E-8
8.595300E+3	-1.333660E-6	3.166520E-8
8.604600E+3	-1.333660E-6	3.166520E-8
8.628700E+3	-1.270330E-6	-1.862660E-9
8.637700E+3	-1.190240E-6	-9.313270E-8
8.662000E+3	-1.173470E-6	4.470370E-8
8.671100E+3	-1.069170E-6	3.725320E-9
8.683800E+3	-1.080340E-6	-5.215430E-8
8.704100E+3	-1.069170E-6	-1.192100E-7
8.714500E+3	-1.121320E-6	-2.048920E-8
8.734500E+3	-1.121320E-6	-2.048920E-8
8.745300E+3	-1.205140E-6	-4.284110E-8
8.765000E+3	-1.262880E-6	-3.166520E-8
8.776200E+3	-1.283370E-6	-1.490130E-8
8.798400E+3	-1.145530E-6	4.656640E-8
8.809000E+3	-1.207000E-6	8.195680E-8
8.809000E+3	-1.207000E-6	8.195680E-8
8.829000E+3	-1.238670E-6	-3.352780E-8
8.859700E+3	-1.246120E-6	-4.656640E-8
8.870800E+3	-1.283370E-6	2.235190E-8
8.880400E+3	-1.173470E-6	-6.146770E-8
8.901400E+3	-1.126910E-6	9.313270E-8
8.910600E+3	-1.030050E-6	6.333040E-8
8.920800E+3	-1.033780E-6	1.005830E-7
8.946800E+3	-9.108370E-7	-1.396990E-7
8.955900E+3	-9.834840E-7	-1.378370E-7
8.977100E+3	-9.909340E-7	-2.477340E-7
8.986100E+3	-1.013290E-6	-2.551840E-7
9.007400E+3	-1.210730E-6	-1.359740E-7
9.016900E+3	-1.251700E-6	-1.359740E-7
9.041000E+3	-1.169750E-6	5.587960E-9
9.050200E+3	-1.145530E-6	1.806770E-7
9.071600E+3	-1.177200E-6	4.135090E-7
9.080800E+3	-1.115730E-6	3.557670E-7
9.102000E+3	-1.085930E-6	2.812610E-7
9.111700E+3	-1.087790E-6	3.650800E-7
9.124800E+3	-1.046810E-6	2.998880E-7
9.124800E+3	-1.046810E-6	2.998880E-7
9.144500E+3	-1.110140E-6	2.123420E-7
9.168700E+3	-1.067300E-6	7.823160E-8
9.188900E+3	-1.011420E-6	1.266610E-7
9.208300E+3	-9.406390E-7	4.842900E-8
9.219600E+3	-1.065440E-6	3.725320E-9
9.229000E+3	-1.156710E-6	9.127010E-8
9.252300E+3	-1.154850E-6	1.676390E-7
9.262500E+3	-1.087790E-6	5.587960E-8
9.283200E+3	-1.180920E-6	6.146770E-8
9.292800E+3	-1.110140E-6	1.676390E-8
9.314000E+3	-1.093380E-6	-5.587960E-9
9.326500E+3	-1.123180E-6	-3.352780E-8
9.335600E+3	-1.113870E-6	-1.676390E-8
9.359600E+3	-1.193960E-6	3.725320E-9
9.368700E+3	-1.141810E-6	-3.911580E-8
9.389800E+3	-1.084070E-6	-7.823160E-8
9.389800E+3	-1.084070E-6	-7.823160E-8
9.420000E+3	-1.117590E-6	-2.067550E-7
9.429400E+3	-1.078480E-6	-1.750900E-7
9.429400E+3	-1.078480E-6	-1.750900E-7
9.460300E+3	-1.013290E-6	-1.583260E-7
9.473500E+3	-1.106420E-6	0.000000E+0
9.484000E+3	-1.050540E-6	-7.450640E-9
9.507300E+3	-1.011420E-6	3.166520E-8
9.517500E+3	-9.816210E-7	1.117590E-8
9.538700E+3	-9.890720E-7	5.401690E-8
9.549100E+3	-9.872090E-7	5.774220E-8
9.564600E+3	-1.044950E-6	-8.009420E-8
9.572500E+3	-1.112010E-6	-4.284110E-8
9.582700E+3	-5.941870E-7	3.948830E-7
9.587400E+3	-5.327200E-7	4.116460E-7
9.591300E+3	-6.854570E-7	3.315530E-7
9.591800E+3	-7.506500E-7	1.732270E-7
9.588800E+3	-1.017010E-6	2.216560E-7
9.584700E+3	-9.667200E-7	1.732270E-7
9.574000E+3	-1.076620E-6	7.823160E-8
9.565400E+3	-9.983850E-7	-1.303860E-7
9.553300E+3	-9.890720E-7	-2.346940E-7
9.531300E+3	-1.063580E-6	-1.750900E-7
9.517600E+3	-1.147400E-6	-5.029160E-8
9.490700E+3	-1.147400E-6	-5.029160E-8
9.471800E+3	-1.177200E-6	-1.806770E-7
9.444300E+3	-1.091520E-6	-2.831240E-7
9.428900E+3	-1.044950E-6	-2.048920E-7
9.401600E+3	-9.033870E-7	-1.303860E-7
9.387600E+3	-9.015240E-7	-6.146770E-8
9.362100E+3	-9.052490E-7	-1.210730E-7
9.349900E+3	-1.022600E-6	-1.061710E-7
9.349900E+3	-1.022600E-6	-1.061710E-7
9.316700E+3	-1.087790E-6	-1.285230E-7
9.306900E+3	-1.134360E-6	-8.009420E-8
9.284600E+3	-1.141810E-6	5.215430E-8
9.276500E+3	-1.162300E-6	1.471500E-7
9.257600E+3	-1.080340E-6	1.899910E-7
9.248900E+3	-9.816210E-7	1.806770E-7
9.235800E+3	-9.909340E-7	1.955790E-7
9.235800E+3	-9.909340E-7	1.955790E-7
9.206400E+3	-9.629950E-7	2.142050E-7
9.184800E+3	-9.834840E-7	2.402830E-7
9.173500E+3	-9.741710E-7	1.192100E-7
9.160400E+3	-9.574070E-7	-5.029160E-8
9.160400E+3	-9.574070E-7	-5.029160E-8
9.129500E+3	-1.052400E-6	-7.636890E-8
9.109100E+3	-8.828970E-7	-1.285230E-7
9.096100E+3	-9.667200E-7	-2.589090E-7
9.076600E+3	-1.063580E-6	-2.123420E-7
9.065800E+3	-1.095240E-6	-1.993040E-7
9.046000E+3	-1.061720E-6	-2.030290E-7
9.035800E+3	-1.061720E-6	-2.030290E-7
9.026800E+3	-1.188370E-6	-2.421450E-8
9.006100E+3	-1.097110E-6	-9.872060E-8
9.006100E+3	-1.097110E-6	-9.872060E-8
8.976200E+3	-1.095240E-6	-9.685800E-8
8.966200E+3	-1.072890E-6	-1.154840E-7
8.943100E+3	-1.141810E-6	-2.551840E-7
8.933700E+3	-1.236800E-6	-2.402830E-7
8.909900E+3	-1.367190E-6	-2.440080E-7
8.900800E+3	-1.445420E-6	-8.009420E-8
8.890000E+3	-1.367190E-6	-4.470370E-8
8.890000E+3	-1.367190E-6	-4.470370E-8
8.857800E+3	-1.367190E-6	4.470370E-8
8.837700E+3	-1.272190E-6	2.235190E-8
8.827200E+3	-1.190240E-6	-4.842900E-8
8.807600E+3	-1.160440E-6	-6.333040E-8
8.793800E+3	-1.186510E-6	-9.499540E-8
8.783600E+3	-1.274060E-6	-9.685800E-8
8.764500E+3	-1.298270E-6	-9.685800E-8
8.753900E+3	-1.259160E-6	-6.705570E-8
8.733900E+3	-1.087790E-6	-6.519300E-8
8.723600E+3	-1.188370E-6	-3.725320E-9
8.703300E+3	-1.287100E-6	2.048920E-8
8.693700E+3	-1.363460E-6	2.142050E-7
8.670100E+3	-1.331800E-6	1.620510E-7
8.660500E+3	-1.292680E-6	1.620510E-7
8.648500E+3	-1.359740E-6	1.434250E-7
8.627300E+3	-1.290820E-6	7.823160E-8
8.627300E+3	-1.290820E-6	7.823160E-8
8.597300E+3	-1.082200E-6	1.732270E-7
8.587800E+3	-1.171610E-6	1.322490E-7
8.564300E+3	-1.408170E-6	-1.862660E-9
8.564300E+3	-1.408170E-6	-1.862660E-9
8.542600E+3	-1.419340E-6	-1.918530E-7
8.522500E+3	-1.393270E-6	-2.142050E-7
8.512200E+3	-1.290820E-6	-2.253810E-7
8.492300E+3	-1.275920E-6	6.146770E-8
8.481400E+3	-1.234940E-6	-1.117590E-8
8.471200E+3	-1.329940E-6	6.891830E-8
8.449200E+3	-1.525510E-6	-4.097840E-8
8.438300E+3	-1.503160E-6	-1.359740E-7
8.416800E+3	-1.536690E-6	-8.195680E-8
8.405600E+3	-1.462180E-6	-1.471500E-7
8.396200E+3	-1.464050E-6	-1.117590E-7
8.373200E+3	-1.460320E-6	-1.471500E-7
8.363000E+3	-1.465910E-6	-1.043090E-7
8.340000E+3	-1.531100E-6	-5.774220E-8
8.340000E+3	-1.531100E-6	-5.774220E-8
8.318000E+3	-1.523650E-6	3.166520E-8
8.297000E+3	-1.518060E-6	-6.519300E-8
8.284900E+3	-1.523650E-6	-1.173470E-7
8.272800E+3	-1.633550E-6	1.993040E-7
8.251600E+3	-1.743440E-6	2.384200E-7
8.251600E+3	-1.743440E-6	2.384200E-7
8.221500E+3	-1.695010E-6	1.490130E-8
8.212200E+3	-1.510610E-6	-8.009420E-8
8.188500E+3	-1.464050E-6	-1.173470E-7
8.179500E+3	-1.490120E-6	-7.636890E-8
8.168600E+3	-1.490120E-6	-1.098970E-7
8.149300E+3	-1.676390E-6	-1.564630E-7
8.149300E+3	-1.676390E-6	-1.564630E-7
8.138100E+3	-1.730400E-6	-2.384200E-7
8.118800E+3	-1.814220E-6	-2.514590E-7
8.107500E+3	-1.767660E-6	-1.862650E-7
8.075300E+3	-1.650310E-6	-1.154840E-7
8.065300E+3	-1.635410E-6	-1.862660E-8
8.043000E+3	-1.622370E-6	-1.285230E-7
8.032300E+3	-1.624230E-6	-1.210730E-7
8.012400E+3	-1.512480E-6	-3.706680E-7
8.002100E+3	-1.534830E-6	-4.116460E-7
7.981700E+3	-1.665210E-6	-5.662480E-7
7.972100E+3	-1.752760E-6	-4.768410E-7
7.972100E+3	-1.752760E-6	-4.768410E-7
7.951200E+3	-1.892450E-6	-3.203770E-7
7.939100E+3	-1.918540E-6	-3.203770E-7
7.930100E+3	-1.920400E-6	-3.688060E-7
7.896900E+3	-1.972560E-6	-1.136220E-7
7.873000E+3	-1.929710E-6	1.303860E-8
7.864100E+3	-2.028440E-6	1.415620E-7
7.853400E+3	-2.041470E-6	3.539050E-8
7.830900E+3	-2.004220E-6	-7.264360E-8
7.830900E+3	-2.004220E-6	-7.264360E-8
7.809700E+3	-1.922260E-6	-2.235180E-7
7.788300E+3	-2.114120E-6	-2.291060E-7
7.777200E+3	-2.114120E-6	-2.700850E-7
7.757700E+3	-2.238910E-6	-8.381950E-8
7.757700E+3	-2.238910E-6	-8.381950E-8
7.725200E+3	-2.415870E-6	2.235190E-8
7.714100E+3	-2.488510E-6	6.333040E-8
7.704300E+3	-2.568600E-6	1.266610E-7
7.704300E+3	-2.568600E-6	1.266610E-7
7.671500E+3	-2.348810E-6	7.823160E-8
7.651400E+3	-2.414000E-6	-2.980250E-8
7.641300E+3	-2.518310E-6	-9.313280E-9
7.641300E+3	-2.518310E-6	-9.313280E-9
7.611300E+3	-2.652420E-6	-8.940740E-8
7.590400E+3	-2.652420E-6	-8.940740E-8
7.590400E+3	-2.739970E-6	-4.097840E-8
7.581300E+3	-2.674770E-6	-4.842900E-8
7.551000E+3	-2.503410E-6	-1.043090E-7
7.551000E+3	-2.503410E-6	-1.043090E-7
7.520000E+3	-2.369300E-6	-2.980250E-8
7.499800E+3	-2.540660E-6	7.264360E-8
7.490400E+3	-2.734380E-6	2.048920E-7
7.476300E+3	-2.851720E-6	1.676390E-7
7.476300E+3	-2.851720E-6	1.676390E-7
7.444000E+3	-3.114360E-6	1.024460E-7
7.424500E+3	-3.084550E-6	0.000000E+0
7.413300E+3	-3.024950E-6	-7.450640E-9
7.394000E+3	-2.933680E-6	-8.009420E-8
7.382800E+3	-2.838690E-6	-1.657760E-7
7.373500E+3	-2.812610E-6	-1.061710E-7
7.350400E+3	-2.825650E-6	-1.750900E-7
7.340200E+3	-2.766040E-6	-1.452870E-7
7.319800E+3	-2.766040E-6	-1.825400E-7
7.310200E+3	-2.818200E-6	-1.080340E-7
7.289200E+3	-2.756730E-6	1.061710E-7
7.280100E+3	-2.784670E-6	1.508750E-7
7.259000E+3	-2.862900E-6	-4.842900E-8
7.247000E+3	-2.944860E-6	-2.607710E-8
7.247000E+3	-2.944860E-6	-2.607710E-8
7.213800E+3	-3.136710E-6	-1.303860E-8
7.204900E+3	-3.207490E-6	-1.490130E-8
7.183700E+3	-3.211210E-6	-1.452870E-7
7.174500E+3	-3.227980E-6	-2.253810E-7
7.163300E+3	-3.322970E-6	-2.291060E-7
7.141700E+3	-3.445910E-6	-2.011670E-7
7.130900E+3	-3.522280E-6	-1.825400E-7
7.108700E+3	-3.531590E-6	-9.872060E-8
7.108700E+3	-3.531590E-6	-9.872060E-8
7.087600E+3	-3.563250E-6	-1.676390E-8
7.065600E+3	-3.660110E-6	-2.048920E-8
7.054600E+3	-3.652660E-6	-5.587960E-8
7.033000E+3	-3.641490E-6	-6.146770E-8
7.033000E+3	-3.641490E-6	-6.146770E-8
7.021700E+3	-3.544630E-6	-1.601880E-7
6.989200E+3	-3.559530E-6	-6.333040E-8
6.989200E+3	-3.559530E-6	-6.333040E-8
6.979300E+3	-3.727170E-6	4.097840E-8
6.949400E+3	-3.848250E-6	4.656640E-8
6.928500E+3	-4.049420E-6	-6.519300E-8
6.919400E+3	-3.812850E-6	-1.899910E-7
6.898300E+3	-3.613550E-6	-3.557670E-7
6.889300E+3	-3.706680E-6	-3.501790E-7
6.868200E+3	-3.719720E-6	-2.961620E-7
6.859100E+3	-3.810990E-6	-2.514590E-7
6.847800E+3	-3.954420E-6	-1.899910E-7
6.822800E+3	-4.150000E-6	-5.960510E-8
6.813400E+3	-4.038240E-6	-4.842900E-8
6.792600E+3	-4.027070E-6	2.607710E-8
6.782900E+3	-4.101570E-6	-1.303860E-8
6.782900E+3	-4.101570E-6	-1.303860E-8
6.749500E+3	-4.109020E-6	-4.097840E-8
6.736300E+3	-4.118340E-6	-4.097840E-8
6.726300E+3	-4.183530E-6	-2.421450E-8
6.704100E+3	-4.384700E-6	-1.396990E-7
6.693200E+3	-4.360480E-6	-2.943000E-7
6.671600E+3	-4.466650E-6	-1.639140E-7
6.671600E+3	-4.466650E-6	-1.639140E-7
6.651100E+3	-4.477830E-6	-4.656640E-8
6.627600E+3	-4.379110E-6	-9.313270E-8
6.617800E+3	-4.332540E-6	-1.732270E-7
6.595600E+3	-4.269210E-6	-1.639140E-7
6.584800E+3	-4.341850E-6	-8.381950E-8
6.584800E+3	-4.341850E-6	-8.381950E-8
6.551700E+3	-4.360480E-6	7.823160E-8
6.551700E+3	-4.360480E-6	7.823160E-8
6.521800E+3	-4.449890E-6	6.333040E-8
6.513000E+3	-4.440580E-6	7.450640E-9
6.491900E+3	-4.466650E-6	-1.396990E-7
6.482800E+3	-4.567240E-6	-1.881280E-7
6.458800E+3	-4.727420E-6	-2.384200E-7
6.449800E+3	-4.909960E-6	-1.844030E-7
6.438600E+3	-4.991920E-6	-1.341110E-7
6.416800E+3	-5.079460E-6	-6.891830E-8
6.406100E+3	-5.131620E-6	1.490130E-8
6.393000E+3	-5.114850E-6	-5.215430E-8
6.373500E+3	-5.114850E-6	-5.215430E-8
6.360200E+3	-5.114850E-6	-7.264360E-8
6.350000E+3	-5.172590E-6	-8.568210E-8
6.327900E+3	-5.170730E-6	-8.568210E-8
6.316800E+3	-5.207980E-6	2.793980E-8
6.295500E+3	-5.252690E-6	1.136220E-7
6.284100E+3	-5.280630E-6	2.421450E-8
6.264700E+3	-5.314160E-6	4.097840E-8
6.253600E+3	-5.258280E-6	-5.587960E-9
6.244400E+3	-5.323470E-6	-1.117590E-7
6.220300E+3	-5.304840E-6	-2.700850E-7
6.211200E+3	-5.416600E-6	-3.036130E-7
6.187500E+3	-5.472480E-6	-2.719480E-7
6.178100E+3	-5.515320E-6	-1.974410E-7
6.168100E+3	-5.563750E-6	-1.918530E-7
6.147900E+3	-5.641980E-6	-1.657760E-7
6.147900E+3	-5.641980E-6	-1.657760E-7
6.114800E+3	-5.973530E-6	-2.272440E-7
6.105200E+3	-6.016370E-6	-2.533220E-7
6.084900E+3	-6.049900E-6	-2.719480E-7
6.074900E+3	-6.064800E-6	-3.408660E-7
6.061700E+3	-6.170970E-6	-2.756730E-7
6.042400E+3	-6.187740E-6	-2.551840E-7
6.031200E+3	-6.059210E-6	-2.980250E-7
6.011900E+3	-6.023820E-6	-2.384200E-7
6.000600E+3	-6.010790E-6	-2.011670E-7
5.979300E+3	-6.223130E-6	-1.937160E-7
5.968000E+3	-6.224990E-6	-2.421460E-7
5.958200E+3	-6.342340E-6	-2.421460E-7
5.958200E+3	-6.342340E-6	-2.365570E-7
5.924900E+3	-6.414980E-6	7.450640E-9
5.924900E+3	-6.414980E-6	7.450640E-9
5.894700E+3	-6.746530E-6	1.117590E-8
5.874300E+3	-6.794960E-6	-1.601880E-7
5.865000E+3	-6.938380E-6	-1.247980E-7
5.841900E+3	-6.949560E-6	-6.519300E-8
5.831800E+3	-6.984950E-6	-6.333040E-8
5.822600E+3	-6.983090E-6	-1.192100E-7
5.798600E+3	-6.990540E-6	-2.197930E-7
5.798600E+3	-6.990540E-6	-2.197930E-7
5.768500E+3	-7.223370E-6	-2.104800E-7
5.759400E+3	-7.269930E-6	-2.961620E-7
5.738600E+3	-7.467370E-6	-3.166510E-7
5.729300E+3	-7.506490E-6	-4.488990E-7
5.708800E+3	-7.597760E-6	-4.209600E-7
5.698800E+3	-7.592170E-6	-4.228220E-7
5.678700E+3	-7.664840E-6	-4.135090E-7
5.668100E+3	-7.594030E-6	-4.172340E-7
5.648200E+3	-7.817580E-6	-2.980250E-7
5.637000E+3	-7.944240E-6	-2.570470E-7
5.637000E+3	-7.944240E-6	-2.570470E-7
5.604300E+3	-8.199420E-6	-3.129260E-7
5.590200E+3	-8.218050E-6	-4.060580E-7
5.581100E+3	-8.266480E-6	-3.129260E-7
5.557300E+3	-8.326080E-6	-1.899910E-7
5.547700E+3	-8.450880E-6	-1.788150E-7
5.524900E+3	-8.570090E-6	-2.477340E-7
5.514500E+3	-8.633420E-6	-2.943000E-7
5.514500E+3	-8.633420E-6	-2.943000E-7
5.484300E+3	-8.801060E-6	-2.924370E-7
5.463600E+3	-8.948210E-6	-2.849870E-7
5.454400E+3	-9.106530E-6	-2.514590E-7
5.454400E+3	-9.106530E-6	-2.514590E-7
5.421000E+3	-9.352400E-6	-1.471500E-7
5.411900E+3	-9.309560E-6	-1.918530E-7
5.400700E+3	-9.305830E-6	-2.533220E-7
5.379100E+3	-9.393380E-6	-3.185140E-7
5.379100E+3	-9.393380E-6	-3.185140E-7
5.346000E+3	-9.443670E-6	-3.390030E-7
5.346000E+3	-9.443670E-6	-3.390030E-7
5.315700E+3	-9.452980E-6	-3.613550E-7
5.305100E+3	-9.492100E-6	-3.948830E-7
5.285300E+3	-9.641110E-6	-3.501790E-7
5.274100E+3	-9.680230E-6	-3.464540E-7
5.261100E+3	-9.713750E-6	-3.594920E-7
5.241500E+3	-9.896290E-6	-2.197930E-7
5.227600E+3	-9.849730E-6	-2.868490E-7
5.208000E+3	-1.005650E-5	-4.414490E-7
5.208000E+3	-1.005650E-5	-4.414490E-7
5.188300E+3	-1.035640E-5	-3.762560E-7
5.164400E+3	-1.076240E-5	-4.023330E-7
5.155200E+3	-1.076240E-5	-4.023330E-7
5.134100E+3	-1.106790E-5	-4.470370E-7
5.125200E+3	-1.104930E-5	-4.116460E-7
5.104000E+3	-1.102510E-5	-3.706680E-7
5.092000E+3	-1.120570E-5	-3.017500E-7
5.081900E+3	-1.128400E-5	-2.235180E-7
5.081900E+3	-1.128400E-5	-2.235180E-7
5.051200E+3	-1.137520E-5	-3.129260E-7
5.031600E+3	-1.156150E-5	-4.135090E-7
5.020400E+3	-1.165280E-5	-4.097840E-7
5.020400E+3	-1.165280E-5	-4.097840E-7
4.989900E+3	-1.184090E-5	-3.986080E-7
4.970500E+3	-1.187070E-5	-3.781190E-7
4.970500E+3	-1.187070E-5	-3.781190E-7
4.938100E+3	-1.207560E-5	-4.190970E-7
4.926900E+3	-1.221160E-5	-3.557670E-7
4.917100E+3	-1.230660E-5	-3.818440E-7
4.894500E+3	-1.241460E-5	-4.023330E-7
4.884000E+3	-1.244070E-5	-4.339980E-7
4.863900E+3	-1.239220E-5	-3.930200E-7
4.850900E+3	-1.230470E-5	-5.085060E-7
4.841900E+3	-1.229910E-5	-4.954670E-7
4.820600E+3	-1.249470E-5	-4.209600E-7
4.800700E+3	-1.232150E-5	-4.433110E-7
4.790300E+3	-1.232330E-5	-3.725310E-7
4.790300E+3	-1.232330E-5	-3.725310E-7
4.757100E+3	-1.222460E-5	-3.874320E-7
4.747900E+3	-1.207370E-5	-3.911570E-7
4.727100E+3	-1.198990E-5	-2.905740E-7
4.718100E+3	-1.190610E-5	-2.551840E-7
4.696900E+3	-1.162670E-5	-1.788150E-7
4.687800E+3	-1.135470E-5	-2.440080E-7
4.666900E+3	-1.083320E-5	-2.067550E-7
4.657100E+3	-1.036750E-5	-2.495960E-7
4.657100E+3	-1.036750E-5	-2.495960E-7
4.626300E+3	-9.257400E-6	-2.849870E-7
4.606400E+3	-8.380100E-6	-3.036130E-7
4.606400E+3	-8.380100E-6	-3.036130E-7
4.576100E+3	-6.619870E-6	-1.750900E-7
4.564800E+3	-5.930690E-6	-1.955790E-7
4.545400E+3	-4.434990E-6	-2.104800E-7
4.545400E+3	-4.434990E-6	-2.104800E-7
4.514900E+3	-2.656150E-6	-2.235180E-7
4.503800E+3	-1.819810E-6	-2.067550E-7
4.484300E+3	-2.477340E-7	-1.341110E-7
4.484300E+3	-2.477340E-7	-1.341110E-7
4.464900E+3	1.531100E-6	5.029160E-8
4.440900E+3	3.181410E-6	-1.676390E-8
4.431900E+3	4.041970E-6	6.146770E-8
4.408100E+3	5.427780E-6	5.215430E-8
4.398300E+3	6.241750E-6	1.806770E-7
4.385800E+3	6.834070E-6	3.352780E-7
4.365000E+3	8.136090E-6	2.533220E-7
4.352800E+3	8.516070E-6	2.980250E-7
4.341900E+3	9.026440E-6	2.495960E-7
4.319700E+3	1.007510E-5	2.551840E-7
4.309600E+3	1.060970E-5	1.266610E-7
4.298600E+3	1.103620E-5	1.173470E-7
4.277200E+3	1.163040E-5	2.086170E-7
4.265900E+3	1.171980E-5	3.799810E-7
4.244400E+3	1.216690E-5	4.898790E-7
4.244400E+3	1.216690E-5	4.898790E-7
4.214000E+3	1.256170E-5	4.731140E-7
4.202800E+3	1.277220E-5	2.887120E-7
4.183500E+3	1.294540E-5	2.924370E-7
4.183500E+3	1.294540E-5	2.924370E-7
4.152800E+3	1.290630E-5	4.842910E-7
4.141800E+3	1.292500E-5	4.954670E-7
4.122200E+3	1.288770E-5	4.079210E-7
4.111700E+3	1.276850E-5	3.948830E-7
4.111700E+3	1.276850E-5	3.948830E-7
4.081800E+3	1.269210E-5	1.844030E-7
4.069800E+3	1.266600E-5	2.849870E-7
4.048700E+3	1.270520E-5	2.253810E-7
4.036700E+3	1.270520E-5	2.253810E-7
4.015800E+3	1.264740E-5	2.682230E-7
4.006600E+3	1.250590E-5	4.246850E-7
3.996400E+3	1.254870E-5	3.110640E-7
3.996400E+3	1.254870E-5	3.110640E-7
3.976300E+3	1.224510E-5	3.799810E-7
3.942900E+3	1.190240E-5	3.017500E-7
3.932800E+3	1.194150E-5	2.309690E-7
3.912400E+3	1.176270E-5	2.086170E-7
3.901800E+3	1.180920E-5	1.396990E-7
3.891000E+3	1.178130E-5	7.078100E-8
3.868000E+3	1.164160E-5	1.918530E-7
3.857500E+3	1.161180E-5	2.849870E-7
3.835600E+3	1.150560E-5	4.619380E-7
3.824400E+3	1.162300E-5	3.874320E-7
3.804900E+3	1.152980E-5	3.781190E-7
3.794200E+3	1.139200E-5	3.837070E-7
3.794200E+3	1.139200E-5	3.837070E-7
3.764200E+3	1.119270E-5	2.160680E-7
3.743900E+3	1.116850E-5	4.842900E-8
3.734200E+3	1.087230E-5	1.266610E-7
3.724500E+3	1.076240E-5	1.490130E-7
3.724500E+3	1.076240E-5	1.490130E-7
3.704000E+3	1.080150E-5	1.341110E-7
3.670500E+3	1.069160E-5	2.067550E-7
3.661000E+3	1.076610E-5	1.844030E-7
3.649700E+3	1.089470E-5	1.732270E-7
3.628100E+3	1.064510E-5	1.788150E-7
3.617100E+3	1.067670E-5	7.823160E-8
3.595000E+3	1.049230E-5	2.365570E-7
3.584800E+3	1.042900E-5	3.632180E-7
3.571500E+3	1.050910E-5	3.296900E-7
3.552100E+3	1.037500E-5	4.079210E-7
3.537900E+3	1.024270E-5	4.805660E-7
3.528300E+3	1.017940E-5	4.302730E-7
3.505300E+3	1.005280E-5	2.719480E-7
3.494900E+3	9.983840E-6	2.477340E-7
3.472900E+3	9.933540E-6	2.216560E-7
3.461600E+3	9.918640E-6	2.197930E-7
3.441800E+3	9.862760E-6	2.570470E-7
3.431100E+3	9.836690E-6	2.812610E-7
3.422000E+3	9.672770E-6	4.526250E-7
3.397900E+3	9.583370E-6	4.619380E-7
3.397900E+3	9.583370E-6	4.619380E-7
3.367800E+3	9.276030E-6	5.606600E-7
3.358800E+3	9.320730E-6	4.433110E-7
3.337600E+3	9.164270E-6	2.775360E-7
3.328600E+3	9.203390E-6	2.756730E-7
3.304500E+3	9.264860E-6	2.272440E-7
3.295500E+3	9.246230E-6	2.458710E-7
3.295500E+3	9.246230E-6	2.458710E-7
3.265100E+3	9.395240E-6	1.881280E-7
3.254000E+3	9.376610E-6	2.514590E-7
3.231800E+3	9.335640E-6	3.818440E-7
3.221600E+3	9.354260E-6	3.781190E-7
3.208300E+3	9.324460E-6	3.054760E-7
3.189200E+3	9.324460E-6	3.054760E-7
3.175200E+3	9.147510E-6	3.110640E-7
3.156600E+3	9.032020E-6	3.669430E-7
3.156600E+3	9.032020E-6	3.669430E-7
3.135400E+3	8.955660E-6	3.408660E-7
3.112100E+3	8.771250E-6	3.948830E-7
3.102400E+3	8.761940E-6	4.116460E-7
3.079800E+3	8.829000E-6	4.060580E-7
3.069100E+3	8.918400E-6	3.445910E-7
3.069100E+3	8.918400E-6	3.445910E-7
3.036100E+3	8.767530E-6	2.682230E-7
3.023800E+3	8.737730E-6	1.527380E-7
3.014900E+3	8.616650E-6	2.197930E-7
3.014900E+3	8.616650E-6	2.197930E-7
2.981600E+3	8.456470E-6	4.097840E-8
2.981600E+3	8.456470E-6	4.097840E-8
2.948200E+3	8.387550E-6	1.732270E-7
2.938400E+3	8.404310E-6	1.620510E-7
2.917800E+3	8.137950E-6	3.594920E-7
2.907500E+3	8.137950E-6	3.594920E-7
2.887400E+3	8.167760E-6	1.993040E-7
2.873600E+3	8.188250E-6	7.823160E-8
2.854100E+3	8.264610E-6	1.434250E-7
2.844000E+3	8.296280E-6	1.136220E-7
2.823800E+3	8.262750E-6	2.626350E-7
2.813100E+3	8.279520E-6	2.142050E-7
2.793400E+3	8.311180E-6	1.415620E-7
2.782300E+3	8.231090E-6	7.636890E-8
2.763100E+3	8.035510E-6	-4.284110E-8
2.751900E+3	8.061590E-6	-1.657760E-7
2.732600E+3	8.015020E-6	-1.080340E-7
2.721400E+3	8.016880E-6	-5.215430E-8
2.721400E+3	8.016880E-6	-5.215430E-8
2.691200E+3	8.152860E-6	3.539050E-8
2.682200E+3	8.035510E-6	1.378370E-7
2.658300E+3	8.007570E-6	-5.587960E-9
2.649000E+3	7.897670E-6	2.048920E-8
2.625200E+3	7.994530E-6	-2.607710E-8
2.615000E+3	7.953550E-6	3.725310E-8
2.594200E+3	7.802680E-6	1.098970E-7
2.584600E+3	7.705820E-6	8.754480E-8
2.563400E+3	7.856700E-6	-4.097840E-8
2.554300E+3	7.884640E-6	-2.421450E-8
2.543900E+3	7.916300E-6	-6.146770E-8
2.524000E+3	7.838070E-6	3.725310E-8
2.513200E+3	7.772880E-6	-7.450630E-8
2.493800E+3	7.614520E-6	-3.725320E-9
2.480900E+3	7.571680E-6	-3.725320E-9
2.460700E+3	7.580990E-6	1.620510E-7
2.450000E+3	7.763560E-6	3.166520E-8
2.439500E+3	7.696510E-6	9.685800E-8
2.414900E+3	7.718860E-6	9.685800E-8
2.403500E+3	7.666710E-6	2.197930E-7
2.384000E+3	7.472960E-6	1.769520E-7
2.370700E+3	7.418940E-6	1.564630E-7
2.360600E+3	7.316500E-6	1.732270E-7
2.339800E+3	7.176800E-6	2.272440E-7
2.327100E+3	7.247580E-6	1.564630E-7
2.318100E+3	7.187980E-6	1.769520E-7
2.296800E+3	7.249440E-6	2.291060E-7
2.276400E+3	7.333260E-6	7.078100E-8
2.266600E+3	7.336990E-6	6.333040E-8
2.266600E+3	7.336990E-6	6.333040E-8
2.236600E+3	7.092980E-6	2.700850E-7
2.215400E+3	7.249440E-6	2.346940E-7
2.206200E+3	7.201020E-6	3.259650E-7
2.184900E+3	7.264350E-6	1.955790E-7
2.175900E+3	7.171210E-6	2.849870E-7
2.162900E+3	7.240130E-6	2.495960E-7
2.142400E+3	7.180530E-6	1.806770E-7
2.129900E+3	7.180530E-6	1.806770E-7
2.118600E+3	7.109750E-6	1.639140E-7
2.096600E+3	6.852700E-6	3.892950E-7
2.096600E+3	6.852700E-6	3.892950E-7
2.066100E+3	6.822900E-6	3.855690E-7
2.054800E+3	6.808000E-6	3.725310E-7
2.035100E+3	6.739080E-6	1.899910E-7
2.023500E+3	6.802410E-6	1.266610E-7
2.003200E+3	6.817310E-6	1.862660E-8
1.991600E+3	6.765160E-6	1.005830E-7
1.972100E+3	6.923480E-6	2.775360E-7
1.960300E+3	7.027790E-6	3.166510E-7
1.950300E+3	6.934660E-6	2.849870E-7
1.924900E+3	6.776330E-6	2.719480E-7
1.915100E+3	6.649670E-6	3.390030E-7
1.890400E+3	6.644080E-6	2.328320E-7
1.879800E+3	6.591930E-6	2.682230E-7
1.879800E+3	6.591930E-6	2.682230E-7
1.844400E+3	6.638500E-6	9.127010E-8
1.844400E+3	6.638500E-6	9.127010E-8
1.812400E+3	6.364690E-6	2.179300E-7
1.812400E+3	6.364690E-6	2.179300E-7
1.780600E+3	6.383310E-6	2.644970E-7
1.770500E+3	6.385180E-6	3.930200E-7
1.749200E+3	6.396350E-6	4.172340E-7
1.738600E+3	6.474580E-6	3.613550E-7
1.718100E+3	6.694380E-6	1.303860E-7
1.718100E+3	6.694380E-6	1.303860E-7
1.696600E+3	6.713000E-6	6.333040E-8
1.696600E+3	6.713000E-6	6.333040E-8
1.661600E+3	6.545360E-6	1.452870E-7
1.661600E+3	6.545360E-6	1.452870E-7
1.629900E+3	6.642220E-6	1.676390E-7
1.619200E+3	6.539780E-6	1.676390E-7
1.619200E+3	6.539780E-6	2.700850E-7
1.589900E+3	6.752120E-6	3.296900E-7
1.570400E+3	6.765160E-6	3.408660E-7
1.561000E+3	6.683200E-6	4.116460E-7
1.541100E+3	6.841520E-6	3.427290E-7
1.532200E+3	6.796820E-6	4.433110E-7
1.512000E+3	6.793100E-6	4.079210E-7
1.503600E+3	6.608690E-6	4.582130E-7
1.483500E+3	6.562130E-6	3.464540E-7
1.483500E+3	6.562130E-6	3.464540E-7
1.452600E+3	6.537910E-6	2.123420E-7
1.452600E+3	6.537910E-6	2.123420E-7
1.424000E+3	6.521150E-6	3.166520E-8
1.415700E+3	6.517420E-6	1.359740E-7
1.405600E+3	6.653400E-6	2.421450E-8
1.384600E+3	6.530460E-6	1.285230E-7
1.374300E+3	6.539780E-6	7.823160E-8
1.356300E+3	6.374000E-6	2.365570E-7
1.345800E+3	6.368410E-6	1.620510E-7
1.337000E+3	6.321850E-6	-1.918530E-7
1.315800E+3	6.148620E-6	-3.036130E-7
1.315800E+3	6.148620E-6	-3.036130E-7
1.285800E+3	6.213810E-6	-1.210730E-7
1.275500E+3	6.342340E-6	4.097840E-8
1.275500E+3	6.342340E-6	4.097840E-8
1.245200E+3	6.431740E-6	2.682230E-7
1.233600E+3	6.420570E-6	1.061710E-7
1.225500E+3	6.239890E-6	1.583260E-7
1.203600E+3	6.157930E-6	4.097840E-8
1.195300E+3	6.087150E-6	2.067550E-7
1.173400E+3	6.239890E-6	2.253810E-7
1.165400E+3	6.236170E-6	3.501790E-7
1.156300E+3	6.230580E-6	4.358610E-7
1.135800E+3	6.316260E-6	3.445910E-7
1.127600E+3	6.202640E-6	3.855690E-7
1.106600E+3	6.156070E-6	2.943000E-7
1.106600E+3	6.156070E-6	2.943000E-7
1.089200E+3	6.148620E-6	2.365570E-7
1.089200E+3	6.148620E-6	2.365570E-7
1.062900E+3	6.247340E-6	2.216560E-7
1.046500E+3	6.098330E-6	1.769520E-7
1.036700E+3	6.094600E-6	9.499540E-8
1.036700E+3	6.094600E-6	9.499540E-8
1.009200E+3	6.299490E-6	1.154840E-7
9.985000E+2	6.392630E-6	1.266610E-7
9.822000E+2	6.459680E-6	2.421450E-8
9.732000E+2	6.405670E-6	-5.401690E-8
9.732000E+2	6.405670E-6	-5.401690E-8
9.482000E+2	6.474580E-6	-6.519300E-8
9.482000E+2	6.474580E-6	-6.519300E-8
9.232000E+2	6.448510E-6	-1.341110E-7
9.232000E+2	6.448510E-6	-1.676390E-7
8.957000E+2	6.612420E-6	-1.657760E-7
8.885000E+2	6.644080E-6	-2.607720E-7
8.685000E+2	6.493210E-6	-5.215430E-8
8.614000E+2	6.491350E-6	3.911580E-8
8.614000E+2	6.491350E-6	3.911580E-8
8.365000E+2	6.284590E-6	1.657760E-7
8.190000E+2	6.284590E-6	1.657760E-7
8.190000E+2	6.319980E-6	2.551840E-7
8.007000E+2	6.223130E-6	3.241020E-7
7.821000E+2	6.230580E-6	3.185140E-7
7.733000E+2	6.305080E-6	2.924370E-7
7.733000E+2	6.305080E-6	2.924370E-7
7.645000E+2	6.286460E-6	3.874320E-7
7.378000E+2	6.269690E-6	2.849870E-7
7.223000E+2	6.251070E-6	1.732270E-7
7.223000E+2	6.251070E-6	1.732270E-7
7.134000E+2	6.284590E-6	5.029160E-8
6.871000E+2	6.126270E-6	9.872060E-8
6.798000E+2	6.126270E-6	2.421450E-8
6.798000E+2	6.126270E-6	2.421450E-8
6.533000E+2	6.193320E-6	4.284110E-8
6.357000E+2	6.176560E-6	1.601880E-7
6.270000E+2	6.118820E-6	7.264360E-8
6.202000E+2	5.925100E-6	6.333040E-8
6.010000E+2	5.796580E-6	1.061710E-7
5.940000E+2	5.763050E-6	1.061710E-7
5.756000E+2	5.692270E-6	3.539050E-8
5.677000E+2	5.601000E-6	1.527380E-7
5.677000E+2	5.601000E-6	1.527380E-7
5.420000E+2	5.375620E-6	1.266610E-7
5.328000E+2	5.148380E-6	1.825400E-7
5.161000E+2	5.077600E-6	1.080340E-7
5.094000E+2	4.814970E-6	4.656640E-8
4.995000E+2	4.470380E-6	5.774220E-8
4.830000E+2	4.131380E-6	-5.029160E-8
4.718000E+2	3.810990E-6	-9.685800E-8
4.387000E+2	2.462430E-6	2.793980E-8
4.387000E+2	2.462430E-6	2.793980E-8
3.997000E+2	-3.296900E-7	1.527380E-7
3.548000E+2	-3.907860E-6	7.823160E-8
3.323000E+2	-5.448270E-6	-1.303860E-8
2.829000E+2	-7.914440E-6	-3.725310E-8
2.576000E+2	-8.549600E-6	-3.911580E-8
1.974000E+2	-8.635280E-6	1.061710E-7
1.711000E+2	-8.311180E-6	5.029160E-8
1.711000E+2	-8.311180E-6	5.029160E-8
1.151000E+2	-7.392870E-6	6.891830E-8
3.130000E+1	-5.399840E-6	-1.080340E-7
3.130000E+1	-5.399840E-6	-1.080340E-7
-5.970000E+1	-2.302240E-6	-3.799810E-7
-8.660000E+1	-1.098970E-6	-3.501790E-7
-8.660000E+1	-1.098970E-6	-3.501790E-7
-1.686000E+2	2.769770E-6	-2.160680E-7
-1.962000E+2	3.827760E-6	-2.011670E-7
-2.477000E+2	6.286460E-6	-1.937160E-7
-2.739000E+2	7.180530E-6	-3.352780E-8
-3.228000E+2	8.855070E-6	-1.676390E-7
-3.469000E+2	9.145650E-6	-1.266610E-7
