Sample Name, AUS25x23_30G
Freq, 30, GHz, Power, 10, dBm
SR850: f = 25 Hz; phase = 96 deg; output = 5 V; sens. = 50 uV; tc = 300 ms; 12dB/oct
Field	X	Y
Oe	V	V
*
-6.666000E+2	6.007080E-8	-1.396990E-9
-6.666000E+2	6.631050E-7	1.117590E-8
-6.664000E+2	6.631050E-7	1.117590E-8
-6.657000E+2	5.625220E-7	9.872060E-8
-6.589000E+2	7.264350E-7	1.955790E-7
-6.415000E+2	6.854570E-7	3.166510E-7
-6.296000E+2	6.388910E-7	3.241020E-7
-6.038000E+2	8.996610E-7	1.899910E-7
-6.038000E+2	8.996610E-7	1.899910E-7
-5.718000E+2	8.121170E-7	5.960510E-8
-5.403000E+2	8.642710E-7	-5.587960E-9
-5.261000E+2	8.381940E-7	-3.501790E-7
-5.261000E+2	8.381940E-7	-3.501790E-7
-4.818000E+2	1.117590E-6	-4.600750E-7
-4.535000E+2	1.043090E-6	-2.607720E-7
-4.412000E+2	9.685830E-7	-1.247980E-7
-4.165000E+2	9.201500E-7	-2.421450E-8
-4.054000E+2	8.419190E-7	1.378370E-7
-3.819000E+2	6.966330E-7	1.266610E-7
-3.819000E+2	6.966330E-7	1.266610E-7
-3.630000E+2	7.338860E-7	-1.117590E-8
-3.442000E+2	7.227100E-7	-4.656640E-8
-3.344000E+2	6.239900E-7	5.215430E-8
-3.168000E+2	6.035010E-7	-2.980250E-8
-3.062000E+2	4.246850E-7	6.333040E-8
-2.853000E+2	1.396990E-7	3.725320E-9
-2.749000E+2	9.313280E-9	1.117590E-8
-2.644000E+2	-2.980250E-8	-1.229350E-7
-2.412000E+2	-2.551840E-7	-9.499540E-8
-2.310000E+2	-3.874320E-7	-1.341110E-7
-2.111000E+2	-6.798690E-7	5.587960E-9
-2.002000E+2	-7.096710E-7	-4.842900E-8
-1.800000E+2	-8.735840E-7	-1.229350E-7
-1.800000E+2	-8.735840E-7	-1.229350E-7
-1.493000E+2	-9.350520E-7	-2.048920E-7
-1.493000E+2	-9.350520E-7	-2.048920E-7
-1.279000E+2	-9.853470E-7	-1.378370E-7
-1.041000E+2	-7.059460E-7	-7.450630E-8
-9.530000E+1	-5.047800E-7	-9.127010E-8
-9.530000E+1	-5.047800E-7	-9.127010E-8
-6.280000E+1	-1.508750E-7	-7.078100E-8
-5.290000E+1	-8.754480E-8	4.656640E-8
-3.310000E+1	2.589090E-7	-3.166520E-8
-2.240000E+1	4.880170E-7	-3.352780E-8
1.000000E-1	7.115340E-7	-8.009420E-8
1.000000E+1	7.487870E-7	-1.117590E-7
2.330000E+1	7.916280E-7	-9.499540E-8
4.270000E+1	6.184020E-7	-9.499540E-8
4.270000E+1	6.184020E-7	1.601880E-7
6.680000E+1	4.433110E-7	3.315530E-7
8.910000E+1	5.997750E-7	2.235180E-7
9.990000E+1	5.327200E-7	2.384200E-7
1.213000E+2	7.599630E-7	0.000000E+0
1.325000E+2	7.767270E-7	9.313270E-8
1.415000E+2	8.810350E-7	1.378370E-7
1.648000E+2	1.037500E-6	3.725320E-9
1.747000E+2	1.102690E-6	-7.264360E-8
1.969000E+2	1.098970E-6	-1.136220E-7
2.077000E+2	1.139950E-6	-6.146770E-8
2.167000E+2	1.104560E-6	9.313280E-9
2.379000E+2	1.089650E-6	-4.097840E-8
2.379000E+2	1.089650E-6	-4.097840E-8
2.469000E+2	1.205140E-6	-1.825400E-7
2.803000E+2	9.387770E-7	-1.359740E-7
3.009000E+2	5.718360E-7	-1.080340E-7
3.098000E+2	4.116460E-7	-8.195680E-8
3.308000E+2	7.636890E-8	2.793980E-8
3.308000E+2	7.636890E-8	2.793980E-8
3.608000E+2	-2.849870E-7	-4.842900E-8
3.709000E+2	-4.190970E-7	-9.313280E-9
3.849000E+2	-5.196820E-7	4.656640E-8
4.037000E+2	-5.383080E-7	9.313280E-9
4.180000E+2	-6.035010E-7	3.725320E-9
4.280000E+2	-5.234070E-7	-2.607710E-8
4.280000E+2	-5.234070E-7	-2.607710E-8
4.614000E+2	-7.767270E-7	1.285230E-7
4.831000E+2	-7.748640E-7	4.284110E-8
4.945000E+2	-8.083920E-7	4.097840E-8
5.036000E+2	-8.195680E-7	1.303860E-8
5.287000E+2	-7.245730E-7	-7.636890E-8
5.399000E+2	-6.537920E-7	-1.210730E-7
5.520000E+2	-6.407540E-7	-9.685800E-8
5.733000E+2	-9.536820E-7	-1.080340E-7
5.824000E+2	-8.903480E-7	-1.117590E-7
6.036000E+2	-7.450620E-7	-4.842900E-8
6.159000E+2	-6.891820E-7	-1.490130E-8
6.261000E+2	-6.482040E-7	3.725320E-9
6.261000E+2	-6.482040E-7	3.725320E-9
6.592000E+2	-4.805660E-7	9.127010E-8
6.805000E+2	-5.159560E-7	7.823160E-8
6.904000E+2	-5.662480E-7	1.490130E-7
7.112000E+2	-6.109510E-7	3.166520E-8
7.217000E+2	-6.649680E-7	1.303860E-8
7.422000E+2	-8.083920E-7	5.587960E-8
7.534000E+2	-8.288810E-7	1.415620E-7
7.534000E+2	-8.288810E-7	1.415620E-7
7.850000E+2	-6.444790E-7	1.341110E-7
7.850000E+2	-6.444790E-7	1.341110E-7
8.182000E+2	-4.936050E-7	1.676390E-7
8.292000E+2	-4.302730E-7	1.173470E-7
8.517000E+2	-4.749760E-7	3.110640E-7
8.633000E+2	-4.991930E-7	3.110640E-7
8.835000E+2	-5.234070E-7	1.993040E-7
8.948000E+2	-5.401710E-7	2.384200E-7
9.039000E+2	-4.470370E-7	1.080340E-7
9.256000E+2	-6.314400E-7	2.048920E-8
9.350000E+2	-6.966330E-7	3.166520E-8
9.597000E+2	-4.805660E-7	-3.166520E-8
9.722000E+2	-4.749760E-7	-3.352780E-8
9.817000E+2	-5.401710E-7	6.146770E-8
1.003300E+3	-4.172340E-7	1.154840E-7
1.013500E+3	-3.650800E-7	1.788150E-7
1.035100E+3	-3.427290E-7	3.911580E-8
1.046000E+3	-3.837070E-7	-4.842900E-8
1.046000E+3	-3.837070E-7	-4.842900E-8
1.080400E+3	-3.818440E-7	-1.601880E-7
1.080400E+3	-3.818440E-7	-1.601880E-7
1.112600E+3	-3.259650E-7	1.862660E-9
1.124000E+3	-3.185140E-7	2.048920E-8
1.146700E+3	-4.284100E-7	3.166520E-8
1.157800E+3	-4.433110E-7	1.415620E-7
1.178000E+3	-4.358610E-7	2.551840E-7
1.188400E+3	-5.569350E-7	2.998880E-7
1.207900E+3	-6.966330E-7	3.781190E-7
1.219100E+3	-6.854570E-7	3.539040E-7
1.231400E+3	-6.854570E-7	3.017500E-7
1.253300E+3	-7.618260E-7	3.315530E-7
1.273900E+3	-6.984960E-7	3.036130E-7
1.284400E+3	-6.835940E-7	3.166510E-7
1.294000E+3	-5.550720E-7	2.216560E-7
1.315500E+3	-5.308580E-7	1.546000E-7
1.324700E+3	-5.010550E-7	1.154840E-7
1.346400E+3	-5.159560E-7	5.960510E-8
1.355800E+3	-5.252700E-7	5.029160E-8
1.377100E+3	-6.854570E-7	1.043090E-7
1.389800E+3	-5.923250E-7	-4.284110E-8
1.401200E+3	-6.258520E-7	5.587960E-9
1.422500E+3	-5.699730E-7	-1.154840E-7
1.433500E+3	-6.463420E-7	-8.940740E-8
1.455300E+3	-6.780060E-7	-1.378370E-7
1.465500E+3	-6.668310E-7	-8.009420E-8
1.476200E+3	-6.184020E-7	-9.499540E-8
1.497600E+3	-5.960500E-7	-1.043090E-7
1.508800E+3	-5.941870E-7	-2.980250E-7
1.528000E+3	-5.923250E-7	-1.136220E-7
1.539000E+3	-6.035010E-7	2.607710E-8
1.560100E+3	-6.035010E-7	2.607710E-8
1.571300E+3	-6.910450E-7	5.960510E-8
1.580600E+3	-6.407540E-7	-4.656640E-8
1.601500E+3	-6.947700E-7	-8.381950E-8
1.610500E+3	-7.469240E-7	-3.166520E-8
1.634100E+3	-7.934900E-7	-7.450630E-8
1.643800E+3	-7.003580E-7	-1.192100E-7
1.667500E+3	-7.133970E-7	-3.166520E-8
1.676900E+3	-6.072260E-7	-6.333040E-8
1.688900E+3	-5.457590E-7	-5.215430E-8
1.710200E+3	-5.718360E-7	1.471500E-7
1.719300E+3	-6.202640E-7	2.235180E-7
1.740400E+3	-5.867370E-7	1.322490E-7
1.750000E+3	-6.035010E-7	5.401690E-8
1.770600E+3	-6.295780E-7	-1.285230E-7
1.782700E+3	-5.941870E-7	-2.216560E-7
1.793900E+3	-7.618260E-7	-1.546000E-7
1.813200E+3	-7.487870E-7	-1.415620E-7
1.824400E+3	-7.245730E-7	-5.587960E-8
1.843400E+3	-6.537920E-7	3.725310E-8
1.854600E+3	-6.035010E-7	1.322490E-7
1.873700E+3	-6.314400E-7	2.123420E-7
1.884500E+3	-6.128140E-7	1.918530E-7
1.904500E+3	-5.178190E-7	-1.825400E-7
1.914700E+3	-4.768410E-7	-1.825400E-7
1.914700E+3	-4.768410E-7	-2.943000E-7
1.935100E+3	-8.251550E-7	-2.384200E-7
1.967500E+3	-8.251550E-7	4.656640E-8
1.978000E+3	-7.338860E-7	1.695020E-7
1.986900E+3	-6.947700E-7	1.359740E-7
2.007900E+3	-6.482040E-7	7.823160E-8
2.017200E+3	-6.798690E-7	1.862660E-9
2.037800E+3	-8.624080E-7	-1.452870E-7
2.047600E+3	-9.201500E-7	-1.043090E-7
2.067800E+3	-8.698590E-7	-2.775360E-7
2.077200E+3	-9.667200E-7	-2.533220E-7
2.097800E+3	-8.568200E-7	-2.812610E-7
2.107700E+3	-8.922110E-7	-2.067550E-7
2.127800E+3	-8.437820E-7	-2.048920E-7
2.127800E+3	-8.437820E-7	-2.048920E-7
2.160900E+3	-8.437820E-7	7.823160E-8
2.170600E+3	-8.884850E-7	7.636890E-8
2.184500E+3	-9.834840E-7	1.247980E-7
2.184500E+3	-9.834840E-7	1.247980E-7
2.215000E+3	-9.555440E-7	4.470370E-8
2.234400E+3	-9.741710E-7	-9.313280E-9
2.245100E+3	-9.685830E-7	1.303860E-8
2.264800E+3	-9.574070E-7	3.166520E-8
2.274800E+3	-9.182880E-7	-1.266610E-7
2.294100E+3	-1.018870E-6	-6.519300E-8
2.304900E+3	-9.667200E-7	-7.636890E-8
2.304900E+3	-9.667200E-7	-7.636890E-8
2.337800E+3	-1.192100E-6	6.891830E-8
2.346800E+3	-1.087790E-6	-4.470370E-8
2.367700E+3	-1.095240E-6	-5.587960E-8
2.376600E+3	-1.033780E-6	-1.080340E-7
2.400500E+3	-1.125040E-6	-5.401690E-8
2.409300E+3	-1.052400E-6	-2.030290E-7
2.430300E+3	-1.026320E-6	-2.980250E-7
2.439300E+3	-1.128770E-6	-2.384200E-7
2.460000E+3	-1.125040E-6	-3.185140E-7
2.469700E+3	-1.149260E-6	-2.812610E-7
2.482800E+3	-1.162300E-6	-2.048920E-7
2.502400E+3	-1.164160E-6	-1.601880E-7
2.515400E+3	-1.205140E-6	-1.601880E-7
2.526700E+3	-1.290820E-6	-1.266610E-7
2.548100E+3	-1.179060E-6	-2.104800E-7
2.559500E+3	-1.274060E-6	-1.508750E-7
2.578700E+3	-1.138080E-6	-1.750900E-7
2.589900E+3	-1.112010E-6	-1.862650E-7
2.608900E+3	-1.192100E-6	-1.918530E-7
2.619900E+3	-1.233080E-6	-1.695020E-7
2.639400E+3	-1.249840E-6	-2.030290E-7
2.649700E+3	-1.249840E-6	-2.030290E-7
2.669700E+3	-1.318760E-6	-7.078100E-8
2.679500E+3	-1.302000E-6	-8.940740E-8
2.700100E+3	-1.406300E-6	-2.793980E-8
2.709400E+3	-1.404440E-6	-2.793980E-8
2.709400E+3	-1.404440E-6	-1.024460E-7
2.739400E+3	-1.411890E-6	-1.005830E-7
2.760500E+3	-1.396990E-6	-1.359740E-7
2.769400E+3	-1.475220E-6	-1.359740E-7
2.782000E+3	-1.547870E-6	-7.078100E-8
2.802300E+3	-1.605610E-6	-1.676390E-8
2.814400E+3	-1.560900E-6	-7.078100E-8
2.814400E+3	-1.560900E-6	-7.078100E-8
2.847200E+3	-1.594430E-6	-1.322490E-7
2.857700E+3	-1.728540E-6	-8.568210E-8
2.877300E+3	-1.760210E-6	-2.551840E-7
2.888300E+3	-1.788150E-6	-2.943000E-7
2.907600E+3	-1.812360E-6	-2.253810E-7
2.918800E+3	-1.963240E-6	-7.078100E-8
2.938000E+3	-2.065690E-6	-1.713640E-7
2.949100E+3	-1.881280E-6	-3.986080E-7
2.968500E+3	-1.758340E-6	-2.812610E-7
2.979400E+3	-1.775110E-6	-1.918530E-7
3.000900E+3	-1.799320E-6	-3.669430E-7
3.012100E+3	-1.832850E-6	-3.296900E-7
3.021700E+3	-1.776970E-6	-4.675260E-7
3.044700E+3	-1.946480E-6	-2.793990E-7
3.054700E+3	-2.032160E-6	-9.872060E-8
3.066600E+3	-1.946480E-6	-2.048920E-7
3.087800E+3	-2.009810E-6	-1.918530E-7
3.087800E+3	-2.009810E-6	-1.918530E-7
3.120900E+3	-2.058240E-6	-2.402830E-7
3.129800E+3	-2.147640E-6	-1.546000E-7
3.129800E+3	-2.147640E-6	-1.546000E-7
3.159900E+3	-2.279890E-6	-1.434250E-7
3.180600E+3	-2.400960E-6	-1.676390E-7
3.190200E+3	-2.542530E-6	-1.080340E-7
3.210500E+3	-2.520170E-6	-1.993040E-7
3.220700E+3	-2.533210E-6	-1.750900E-7
3.231600E+3	-2.512720E-6	-1.769520E-7
3.253200E+3	-2.566740E-6	-1.285230E-7
3.264400E+3	-2.672910E-6	-6.146770E-8
3.283700E+3	-2.665460E-6	-1.173470E-7
3.296800E+3	-2.672910E-6	-1.918530E-7
3.309800E+3	-2.708300E-6	-1.564630E-7
3.329000E+3	-2.797710E-6	-9.499540E-8
3.339800E+3	-2.868490E-6	-1.862660E-8
3.359600E+3	-2.967210E-6	1.303860E-8
3.370000E+3	-2.952310E-6	-5.215430E-8
3.381900E+3	-3.017500E-6	-8.195680E-8
3.403100E+3	-3.168370E-6	-1.266610E-7
3.415200E+3	-3.123670E-6	-2.216560E-7
3.415200E+3	-3.123670E-6	-2.216560E-7
3.448700E+3	-3.380720E-6	-2.011670E-7
3.458100E+3	-3.436590E-6	-2.440080E-7
3.478400E+3	-3.483160E-6	-2.682230E-7
3.488300E+3	-3.535320E-6	-1.750900E-7
3.511100E+3	-3.695500E-6	-1.844030E-7
3.520200E+3	-3.792360E-6	-1.899910E-7
3.540800E+3	-4.006580E-6	-2.644970E-7
3.550500E+3	-4.164900E-6	-2.011670E-7
3.561800E+3	-4.166770E-6	-2.533220E-7
3.582900E+3	-4.258040E-6	-2.309690E-7
3.582900E+3	-4.258040E-6	-2.309690E-7
3.606600E+3	-4.444300E-6	-1.918530E-7
3.628700E+3	-4.781440E-6	-1.173470E-7
3.639400E+3	-4.828010E-6	-1.825400E-7
3.659200E+3	-5.045930E-6	-1.601880E-7
3.669500E+3	-5.070150E-6	-2.328320E-7
3.689700E+3	-5.222890E-6	-1.881280E-7
3.699500E+3	-5.133480E-6	-3.315530E-7
3.720300E+3	-5.152110E-6	-3.147890E-7
3.729400E+3	-4.997510E-6	-2.980250E-7
3.750500E+3	-4.811240E-6	1.676390E-8
3.750500E+3	-4.811240E-6	1.676390E-8
3.780700E+3	-3.699230E-6	-4.097840E-8
3.789700E+3	-3.246610E-6	8.940740E-8
3.802400E+3	-2.587230E-6	3.166520E-8
3.822700E+3	-1.324350E-6	3.166520E-8
3.822700E+3	-1.324350E-6	3.166520E-8
3.855800E+3	3.390030E-7	-1.750900E-7
3.867800E+3	8.065290E-7	-2.346940E-7
3.878500E+3	1.125040E-6	-1.005830E-7
3.898100E+3	1.762070E-6	-4.470370E-8
3.909200E+3	2.037750E-6	-4.097840E-8
3.928400E+3	2.490370E-6	-1.583260E-7
3.939800E+3	2.602130E-6	-1.471500E-7
3.961300E+3	2.911330E-6	-3.036130E-7
3.972200E+3	2.959760E-6	-2.142050E-7
3.991500E+3	3.213080E-6	-3.259650E-7
4.002700E+3	3.417970E-6	-2.943000E-7
4.022000E+3	3.417970E-6	-2.943000E-7
4.033300E+3	3.937660E-6	-1.080340E-7
4.052600E+3	4.293430E-6	3.725320E-9
4.063500E+3	4.326950E-6	9.685800E-8
4.072500E+3	4.379110E-6	4.842900E-8
4.093700E+3	4.431260E-6	9.685800E-8
4.102600E+3	4.483420E-6	1.341110E-7
4.128600E+3	4.258040E-6	-3.725320E-9
4.138800E+3	4.379110E-6	-7.636890E-8
4.147800E+3	4.451750E-6	-5.960510E-8
4.171800E+3	4.580270E-6	-4.842900E-8
4.181000E+3	4.690170E-6	-1.247980E-7
4.193900E+3	4.667820E-6	-1.043090E-7
4.213700E+3	4.746050E-6	-7.264360E-8
4.224600E+3	4.675270E-6	-1.490130E-8
4.244100E+3	4.731150E-6	2.048920E-8
4.255400E+3	4.708800E-6	6.705570E-8
4.255400E+3	4.708800E-6	6.705570E-8
4.286200E+3	4.835460E-6	1.862660E-8
4.307700E+3	4.842910E-6	-6.333040E-8
4.318900E+3	4.844770E-6	-5.587960E-9
4.331700E+3	4.807520E-6	9.685800E-8
4.351100E+3	4.779580E-6	2.980250E-8
4.361800E+3	4.814970E-6	0.000000E+0
4.381500E+3	4.684580E-6	5.401690E-8
4.391700E+3	4.760950E-6	-2.607710E-8
4.412000E+3	4.736740E-6	-5.587960E-8
4.421700E+3	4.811240E-6	-1.173470E-7
4.442400E+3	4.753500E-6	-1.862660E-8
4.451500E+3	4.837320E-6	-6.519300E-8
4.472500E+3	4.844770E-6	-5.029160E-8
4.481500E+3	4.891340E-6	-5.215430E-8
4.502800E+3	4.926730E-6	-3.166520E-8
4.511700E+3	4.934180E-6	-1.676390E-8
4.511700E+3	4.934180E-6	-1.676390E-8
4.545100E+3	4.954670E-6	2.607710E-8
4.555600E+3	4.882020E-6	4.656640E-8
4.578400E+3	4.883880E-6	-5.774220E-8
4.588200E+3	4.846630E-6	-9.872060E-8
4.608700E+3	4.828010E-6	-1.024460E-7
4.618900E+3	4.788890E-6	9.313280E-9
4.638900E+3	4.924860E-6	0.000000E+0
4.649600E+3	5.001230E-6	8.940740E-8
4.662700E+3	4.975150E-6	1.769520E-7
4.681900E+3	5.133480E-6	1.061710E-7
4.695000E+3	5.086910E-6	1.136220E-7
4.705200E+3	5.077600E-6	6.333040E-8
4.727300E+3	5.137200E-6	7.636890E-8
4.738300E+3	5.142790E-6	4.656640E-8
4.758100E+3	5.066420E-6	6.146770E-8
4.758100E+3	5.066420E-6	6.146770E-8
4.780400E+3	5.135340E-6	2.793980E-8
4.780400E+3	5.135340E-6	2.793980E-8
4.813300E+3	5.319740E-6	-8.009420E-8
4.836500E+3	5.271310E-6	-3.911580E-8
4.846300E+3	5.345820E-6	-3.725310E-8
4.855700E+3	5.282490E-6	2.793980E-8
4.879300E+3	5.308570E-6	-2.793980E-8
4.888300E+3	5.241510E-6	3.725320E-9
4.888300E+3	5.241510E-6	3.725320E-9
4.918600E+3	5.284350E-6	-6.333040E-8
4.929900E+3	5.329060E-6	-7.823160E-8
4.951500E+3	5.327190E-6	-3.539050E-8
4.962200E+3	5.248960E-6	2.607710E-8
4.984400E+3	5.349550E-6	-9.872060E-8
4.995400E+3	5.286220E-6	-1.490130E-8
5.014700E+3	5.507870E-6	0.000000E+0
5.025900E+3	5.498560E-6	8.754480E-8
5.044500E+3	5.487380E-6	0.000000E+0
5.055700E+3	5.468760E-6	-2.048920E-8
5.065800E+3	5.532090E-6	-8.195680E-8
5.089000E+3	5.461300E-6	-4.656640E-8
5.098900E+3	5.448270E-6	3.725310E-8
5.119500E+3	5.478070E-6	-2.421450E-8
5.131900E+3	5.446400E-6	2.048920E-8
5.141000E+3	5.498560E-6	-5.401690E-8
5.162100E+3	5.543260E-6	-4.842900E-8
5.162100E+3	5.543260E-6	-4.842900E-8
5.195500E+3	5.543260E-6	3.166520E-8
5.204600E+3	5.543260E-6	3.166520E-8
5.225900E+3	5.506010E-6	-3.539050E-8
5.237900E+3	5.569340E-6	-9.313270E-8
5.247900E+3	5.636390E-6	-2.067550E-7
5.247900E+3	5.636390E-6	-2.067550E-7
5.278800E+3	5.668060E-6	-1.750900E-7
5.298600E+3	5.692270E-6	-2.067550E-7
5.309700E+3	5.655020E-6	-1.192100E-7
5.331700E+3	5.649430E-6	-1.080340E-7
5.341900E+3	5.640120E-6	-3.166520E-8
5.361700E+3	5.699720E-6	3.166520E-8
5.372600E+3	5.684820E-6	3.166520E-8
5.391900E+3	5.833830E-6	-8.940740E-8
5.403100E+3	5.818930E-6	-9.685800E-8
5.422400E+3	5.884130E-6	-1.080340E-7
5.433700E+3	5.848730E-6	-3.911580E-8
5.443000E+3	5.841280E-6	-4.842900E-8
5.466300E+3	5.891580E-6	-5.960510E-8
5.466300E+3	5.891580E-6	-5.960510E-8
5.498800E+3	5.953040E-6	-3.166520E-8
5.498800E+3	5.953040E-6	-3.166520E-8
5.521700E+3	5.936280E-6	-1.117590E-8
5.531000E+3	5.893440E-6	-4.284110E-8
5.554600E+3	5.813340E-6	-9.313280E-9
5.563600E+3	5.858050E-6	-4.284110E-8
5.587800E+3	5.984710E-6	-5.960510E-8
5.587800E+3	5.984710E-6	-5.960510E-8
5.617700E+3	6.107640E-6	-2.048920E-8
5.617700E+3	6.107640E-6	-2.048920E-8
5.638500E+3	6.206360E-6	-6.146770E-8
5.659900E+3	6.170970E-6	-6.705570E-8
5.671100E+3	6.115090E-6	-3.352780E-8
5.690300E+3	6.154210E-6	1.490130E-8
5.703100E+3	6.144900E-6	4.842900E-8
5.723000E+3	6.206360E-6	5.774220E-8
5.733900E+3	6.202640E-6	5.960510E-8
5.733900E+3	6.202640E-6	5.960510E-8
5.746900E+3	6.213810E-6	8.754480E-8
5.777500E+3	6.411250E-6	-4.097840E-8
5.797300E+3	6.409390E-6	-3.725310E-8
5.808000E+3	6.414980E-6	-6.146770E-8
5.828300E+3	6.489480E-6	3.725320E-9
5.838300E+3	6.556540E-6	-3.911580E-8
5.858900E+3	6.657120E-6	-3.352780E-8
5.868300E+3	6.755840E-6	-2.793980E-8
5.891100E+3	6.867600E-6	-1.061710E-7
5.901400E+3	6.876910E-6	-6.519300E-8
5.910300E+3	6.776330E-6	2.421450E-8
5.934300E+3	6.664570E-6	-5.587960E-9
5.943200E+3	6.662710E-6	-3.166520E-8
5.956500E+3	6.748390E-6	-7.078100E-8
5.976200E+3	6.822900E-6	-8.568210E-8
5.985900E+3	6.830350E-6	-6.146770E-8
6.006200E+3	6.927210E-6	-1.862660E-8
6.016400E+3	6.865740E-6	-2.421450E-8
6.036300E+3	6.921620E-6	-1.136220E-7
6.047300E+3	6.880640E-6	-1.285230E-7
6.066700E+3	6.949560E-6	-3.147890E-7
6.077900E+3	6.843390E-6	-3.334150E-7
6.097300E+3	6.750260E-6	-1.322490E-7
6.108500E+3	6.834070E-6	-1.098970E-7
6.130100E+3	6.949560E-6	-7.078100E-8
6.141000E+3	7.031510E-6	-1.154840E-7
6.154200E+3	7.094840E-6	0.000000E+0
6.174500E+3	7.042690E-6	-7.636890E-8
6.184100E+3	7.158170E-6	-2.477340E-7
6.204900E+3	7.383550E-6	-8.009420E-8
6.217200E+3	7.448750E-6	-6.891830E-8
6.237400E+3	7.459920E-6	5.587960E-8
6.247400E+3	7.445020E-6	1.862660E-9
6.256800E+3	7.445020E-6	6.891830E-8
6.277700E+3	7.595900E-6	-1.546000E-7
6.287600E+3	7.631320E-6	-2.365570E-7
6.308100E+3	7.785910E-6	-2.663600E-7
6.318600E+3	7.797090E-6	-1.583260E-7
6.338500E+3	7.692780E-6	-1.583260E-7
6.349400E+3	7.698370E-6	-2.384200E-7
6.368700E+3	7.618250E-6	-1.750900E-7
6.379800E+3	7.623840E-6	-2.533220E-7
6.399000E+3	7.856700E-6	-2.812610E-7
6.410200E+3	7.813850E-6	-2.868490E-7
6.429500E+3	7.970320E-6	-3.762560E-7
6.439900E+3	8.072760E-6	-2.812610E-7
6.459200E+3	8.119330E-6	-1.750900E-7
6.470600E+3	8.130500E-6	-1.452870E-7
6.490200E+3	8.121190E-6	-1.285230E-7
6.504200E+3	8.126780E-6	-1.490130E-8
6.523900E+3	8.169620E-6	-1.229350E-7
6.534800E+3	8.145410E-6	-1.825400E-7
6.543800E+3	8.214320E-6	-2.142050E-7
6.567800E+3	8.398730E-6	-1.713640E-7
6.577000E+3	8.514210E-6	-1.452870E-7
6.600200E+3	8.642730E-6	-1.061710E-7
6.600200E+3	8.642730E-6	-1.061710E-7
6.622000E+3	8.722830E-6	-7.078100E-8
6.643200E+3	8.758220E-6	-6.333040E-8
6.655400E+3	8.847620E-6	-9.685800E-8
6.655400E+3	8.847620E-6	-9.685800E-8
6.688600E+3	9.007810E-6	-4.656640E-8
6.697600E+3	9.076730E-6	-8.754480E-8
6.718700E+3	9.322600E-6	-3.911580E-8
6.718700E+3	9.322600E-6	-3.911580E-8
6.739400E+3	9.382200E-6	-8.009420E-8
6.761600E+3	9.529350E-6	-1.117590E-7
6.772900E+3	9.520040E-6	-9.872060E-8
6.772900E+3	9.520040E-6	-9.872060E-8
6.805600E+3	9.533080E-6	-1.043090E-7
6.825100E+3	9.650420E-6	-1.359740E-7
6.836400E+3	9.657870E-6	-1.192100E-7
6.845900E+3	9.732380E-6	-1.713640E-7
6.869100E+3	9.832960E-6	-1.210730E-7
6.879400E+3	9.862760E-6	-1.098970E-7
6.899700E+3	9.933540E-6	-6.146770E-8
6.909400E+3	1.000810E-5	-8.568210E-8
6.932100E+3	1.014030E-5	-1.154840E-7
6.942400E+3	1.026700E-5	-9.685800E-8
6.962600E+3	1.032840E-5	-1.303860E-8
6.972600E+3	1.045140E-5	-1.117590E-7
6.993400E+3	1.056130E-5	-1.229350E-7
7.002800E+3	1.066000E-5	-1.601880E-7
7.015000E+3	1.074750E-5	-2.011670E-7
7.026000E+3	1.074190E-5	-1.210730E-7
7.048200E+3	1.092070E-5	-1.247980E-7
7.058500E+3	1.098220E-5	-9.872060E-8
7.081600E+3	1.110890E-5	-5.587960E-8
7.091000E+3	1.122620E-5	-4.842900E-8
7.105100E+3	1.127280E-5	-2.235190E-8
7.124400E+3	1.147400E-5	-3.911580E-8
7.134800E+3	1.146460E-5	-2.421450E-8
7.154400E+3	1.155960E-5	-8.195680E-8
7.165800E+3	1.169750E-5	-6.519300E-8
7.188300E+3	1.201780E-5	-6.705570E-8
7.199700E+3	1.229720E-5	-4.097840E-8
7.212200E+3	1.234750E-5	3.166520E-8
7.232500E+3	1.246300E-5	-5.587960E-8
7.245500E+3	1.251890E-5	-5.960510E-8
7.254600E+3	1.247610E-5	-8.940740E-8
7.275600E+3	1.253380E-5	-2.179300E-7
7.295300E+3	1.274430E-5	-4.582130E-7
7.305600E+3	1.291010E-5	-5.420330E-7
7.305600E+3	1.291010E-5	-5.420330E-7
7.335600E+3	1.316520E-5	-4.805660E-7
7.345100E+3	1.334030E-5	-4.805660E-7
7.365700E+3	1.370730E-5	-3.445910E-7
7.375600E+3	1.384510E-5	-2.533220E-7
7.396000E+3	1.412260E-5	-2.123420E-7
7.406700E+3	1.418220E-5	-1.378370E-7
7.426400E+3	1.439270E-5	-2.291060E-7
7.437500E+3	1.452680E-5	-3.054760E-7
7.457000E+3	1.472610E-5	-5.476210E-7
7.468200E+3	1.481930E-5	-6.388910E-7
7.489900E+3	1.490870E-5	-6.798690E-7
7.500800E+3	1.496270E-5	-6.314400E-7
7.514000E+3	1.498320E-5	-4.414490E-7
7.533400E+3	1.519180E-5	-2.943000E-7
7.544600E+3	1.527380E-5	-1.862650E-7
7.564400E+3	1.548430E-5	-9.127010E-8
7.564400E+3	1.548430E-5	-9.127010E-8
7.595000E+3	1.548430E-5	-1.285230E-7
7.607900E+3	1.540050E-5	-1.546000E-7
7.627300E+3	1.525330E-5	-1.657760E-7
7.638100E+3	1.513030E-5	-1.769520E-7
7.638100E+3	1.513030E-5	-1.769520E-7
7.670900E+3	1.460880E-5	-1.341110E-7
7.670900E+3	1.460880E-5	-1.341110E-7
7.701500E+3	1.393260E-5	-2.011670E-7
7.710600E+3	1.365880E-5	-2.253810E-7
7.731900E+3	1.303110E-5	-1.378370E-7
7.741000E+3	1.262510E-5	-1.508750E-7
7.762300E+3	1.166950E-5	-1.750900E-7
7.771700E+3	1.114610E-5	-1.844030E-7
7.782900E+3	1.058730E-5	-1.173470E-7
7.804600E+3	9.330050E-6	-1.136220E-7
7.815500E+3	8.739590E-6	-6.705570E-8
7.835000E+3	7.519530E-6	-2.011670E-7
7.846200E+3	6.904850E-6	-1.862650E-7
7.865700E+3	5.757470E-6	-2.943000E-7
7.876900E+3	5.077600E-6	-2.551840E-7
7.896300E+3	3.939520E-6	-1.769520E-7
7.907300E+3	3.432870E-6	-1.955790E-7
7.929000E+3	2.242640E-6	-1.974410E-7
7.940300E+3	1.681980E-6	-1.974410E-7
7.949900E+3	1.002110E-6	-1.918530E-7
7.973100E+3	1.620510E-7	-2.067550E-7
7.983400E+3	-4.023330E-7	-1.806770E-7
8.005500E+3	-1.210730E-6	-2.421460E-7
8.016600E+3	-1.711780E-6	-1.750900E-7
8.028600E+3	-2.045200E-6	-1.788150E-7
8.049800E+3	-2.698990E-6	-1.899910E-7
8.061800E+3	-3.011910E-6	-1.825400E-7
8.061800E+3	-3.011910E-6	-1.825400E-7
8.091800E+3	-3.697370E-6	-2.589090E-7
8.101900E+3	-4.036380E-6	-2.644970E-7
8.101900E+3	-4.036380E-6	-2.644970E-7
8.134700E+3	-4.481550E-6	-1.359740E-7
8.146000E+3	-4.792620E-6	-1.620510E-7
8.167700E+3	-5.202400E-6	-1.825400E-7
8.178600E+3	-5.360720E-6	-1.769520E-7
8.201000E+3	-5.580510E-6	-1.937160E-7
8.211300E+3	-5.757470E-6	-1.415620E-7
8.231600E+3	-5.746290E-6	-1.546000E-7
8.242300E+3	-5.824520E-6	-4.842900E-8
8.255400E+3	-5.865500E-6	-5.587960E-9
8.274900E+3	-5.859910E-6	-8.568210E-8
8.286100E+3	-5.986570E-6	-1.862660E-9
8.305700E+3	-6.057350E-6	-9.685800E-8
8.305700E+3	-6.057350E-6	-9.685800E-8
8.338200E+3	-6.223130E-6	-3.464540E-7
8.349500E+3	-6.223130E-6	-3.054760E-7
8.358800E+3	-6.204500E-6	-3.017500E-7
8.383000E+3	-6.325570E-6	-3.594920E-7
8.392200E+3	-6.362820E-6	-4.041960E-7
8.415800E+3	-6.392630E-6	-2.887120E-7
8.425500E+3	-6.375860E-6	-1.899910E-7
8.437600E+3	-6.167250E-6	-2.477340E-7
8.458800E+3	-6.048040E-6	-1.750900E-7
8.468000E+3	-6.014510E-6	-3.222390E-7
8.479100E+3	-6.152350E-6	-2.607720E-7
8.501300E+3	-6.025690E-6	-1.750900E-7
8.511700E+3	-5.997750E-6	-1.899910E-7
8.531800E+3	-5.902750E-6	-2.477340E-7
8.542900E+3	-5.951180E-6	-2.365570E-7
8.565400E+3	-5.938140E-6	-3.799810E-7
8.565400E+3	-5.938140E-6	-3.799810E-7
8.586700E+3	-5.967940E-6	-3.669430E-7
8.586700E+3	-5.967940E-6	-3.669430E-7
8.619500E+3	-5.951180E-6	-4.284100E-7
8.641200E+3	-6.085290E-6	-3.334150E-7
8.652100E+3	-6.189600E-6	-2.738110E-7
8.662400E+3	-6.131860E-6	-3.390030E-7
8.685800E+3	-6.193320E-6	-2.067550E-7
8.695900E+3	-6.089020E-6	-2.291060E-7
8.715700E+3	-6.234300E-6	-1.098970E-7
8.726200E+3	-6.331160E-6	-1.639140E-7
8.746500E+3	-6.282730E-6	-1.918530E-7
8.759500E+3	-6.245480E-6	-1.620510E-7
8.768700E+3	-6.066660E-6	-2.216560E-7
8.792700E+3	-6.049900E-6	-1.583260E-7
8.792700E+3	-6.049900E-6	-1.583260E-7
8.812600E+3	-5.902750E-6	-3.222390E-7
8.812600E+3	-5.902750E-6	-3.222390E-7
8.845400E+3	-5.971670E-6	-3.092010E-7
8.866000E+3	-5.940000E-6	-2.440080E-7
8.876600E+3	-5.966080E-6	-1.825400E-7
8.896700E+3	-5.863640E-6	-2.309690E-7
8.909500E+3	-5.885990E-6	-2.458710E-7
8.930100E+3	-5.612180E-6	-2.868490E-7
8.940300E+3	-5.628940E-6	-2.533220E-7
8.960300E+3	-5.602870E-6	-2.868490E-7
8.971000E+3	-5.692270E-6	-1.955790E-7
8.971000E+3	-5.692270E-6	-1.955790E-7
8.990700E+3	-5.675510E-6	-2.253810E-7
9.014700E+3	-5.690410E-6	-1.601880E-7
9.034500E+3	-5.632670E-6	-2.570470E-7
9.045300E+3	-5.571200E-6	-3.390030E-7
9.065500E+3	-5.649430E-6	-1.788150E-7
9.075900E+3	-5.543260E-6	-2.570470E-7
9.098000E+3	-5.621490E-6	-1.713640E-7
9.108900E+3	-5.580510E-6	-1.583260E-7
9.108900E+3	-5.580510E-6	-1.583260E-7
9.139000E+3	-5.368170E-6	-2.216560E-7
9.159400E+3	-5.384940E-6	-2.216560E-7
9.169300E+3	-5.366310E-6	-2.160680E-7
9.181300E+3	-5.258280E-6	-3.185140E-7
9.202400E+3	-5.349550E-6	-2.216560E-7
9.211700E+3	-5.273180E-6	-2.421460E-7
9.233000E+3	-5.217300E-6	-2.365570E-7
9.242300E+3	-5.202400E-6	-2.067550E-7
9.263400E+3	-5.200530E-6	-2.998880E-7
9.273200E+3	-5.248960E-6	-2.402830E-7
9.293800E+3	-5.060840E-6	-2.943000E-7
9.304300E+3	-5.165140E-6	-2.868490E-7
9.315400E+3	-5.153970E-6	-3.147890E-7
9.337300E+3	-5.194950E-6	-2.533220E-7
9.348700E+3	-5.012410E-6	-3.799810E-7
9.348700E+3	-5.012410E-6	-3.799810E-7
9.379500E+3	-4.909960E-6	-4.619380E-7
9.398900E+3	-5.090640E-6	-2.458710E-7
9.398900E+3	-5.090640E-6	-2.458710E-7
9.429900E+3	-5.215440E-6	-1.043090E-7
9.440200E+3	-5.228470E-6	-1.452870E-7
9.460900E+3	-5.226610E-6	-2.123420E-7
9.470700E+3	-5.085050E-6	-2.365570E-7
9.491800E+3	-5.494830E-6	-2.943000E-7
9.501100E+3	-5.396110E-6	-2.570470E-7
9.522400E+3	-5.396110E-6	-2.570470E-7
9.522400E+3	-5.405430E-6	-6.146770E-8
9.555300E+3	-5.060840E-6	-1.359740E-7
9.564700E+3	-4.867120E-6	-1.583260E-7
9.574700E+3	-4.893200E-6	-1.378370E-7
9.598000E+3	-4.878300E-6	-1.899910E-7
9.608400E+3	-4.723700E-6	-2.849870E-7
9.621600E+3	-4.733010E-6	-2.570470E-7
9.641100E+3	-4.505770E-6	-2.793990E-7
9.654200E+3	-4.498320E-6	-2.756730E-7
9.674100E+3	-4.481550E-6	-2.551840E-7
9.685200E+3	-4.434990E-6	-2.719480E-7
9.704800E+3	-4.297150E-6	-3.092010E-7
9.716100E+3	-4.434990E-6	-3.278270E-7
9.725800E+3	-4.449890E-6	-6.966330E-7
9.748800E+3	-4.574690E-6	-6.035010E-7
9.759100E+3	-4.641740E-6	-4.414490E-7
9.771100E+3	-4.569100E-6	-3.911570E-7
9.794400E+3	-4.697620E-6	-8.009420E-8
9.804600E+3	-4.569100E-6	-7.078100E-8
9.828300E+3	-4.295290E-6	2.048920E-8
9.838200E+3	-4.213330E-6	-5.215430E-8
9.838200E+3	-4.213330E-6	-5.215430E-8
9.871800E+3	-4.177940E-6	-2.235180E-7
9.871800E+3	-4.177940E-6	-2.235180E-7
9.892200E+3	-4.075500E-6	-2.067550E-7
9.914700E+3	-4.094120E-6	-2.067550E-7
9.925100E+3	-4.040110E-6	-2.067550E-7
9.948400E+3	-3.987950E-6	-1.955790E-7
9.958100E+3	-3.974910E-6	-1.750900E-7
9.978800E+3	-3.974910E-6	-2.309690E-7
9.988900E+3	-4.006580E-6	-1.750900E-7
1.000940E+4	-3.919030E-6	-1.993040E-7
1.002000E+4	-3.963740E-6	-1.210730E-7
1.002000E+4	-3.963740E-6	-1.210730E-7
1.005110E+4	-3.906000E-6	-1.434250E-7
1.007070E+4	-3.892960E-6	-1.359740E-7
1.008190E+4	-3.770010E-6	-2.365570E-7
1.009450E+4	-3.865020E-6	-1.862650E-7
1.011440E+4	-3.820310E-6	-2.384200E-7
1.012490E+4	-3.840800E-6	-2.253810E-7
1.013690E+4	-3.725300E-6	-3.129260E-7
1.015800E+4	-3.779320E-6	-2.142050E-7
1.016730E+4	-3.710400E-6	-2.216560E-7
1.019100E+4	-3.764420E-6	-1.285230E-7
1.020060E+4	-3.734620E-6	-1.583260E-7
1.022170E+4	-3.743930E-6	-1.825400E-7
1.023090E+4	-3.801670E-6	-1.192100E-7
1.025230E+4	-3.868740E-6	-3.948830E-7
1.026440E+4	-3.820310E-6	-4.526250E-7
1.027500E+4	-3.892960E-6	-3.874320E-7
1.029470E+4	-3.784910E-6	-4.619380E-7
1.029470E+4	-3.784910E-6	-4.619380E-7
1.031870E+4	-3.727170E-6	-3.911570E-7
1.034020E+4	-3.594920E-6	-4.153720E-7
1.035140E+4	-3.594920E-6	-4.153720E-7
1.037100E+4	-3.544630E-6	-3.203770E-7
1.037100E+4	-3.544630E-6	-3.203770E-7
1.040410E+4	-3.561390E-6	-2.700850E-7
1.041530E+4	-3.613550E-6	-2.216560E-7
1.042540E+4	-3.682460E-6	-2.589090E-7
1.044810E+4	-3.671290E-6	-1.899910E-7
1.045890E+4	-3.695500E-6	-1.490130E-7
1.048080E+4	-3.617270E-6	-2.551840E-7
1.049200E+4	-3.615410E-6	-2.551840E-7
1.050450E+4	-3.650800E-6	-2.831240E-7
1.052480E+4	-3.591190E-6	-2.663600E-7
1.053800E+4	-3.594920E-6	-2.086170E-7
1.054730E+4	-3.486890E-6	-2.570470E-7
1.057150E+4	-3.578160E-6	-9.685800E-8
1.057150E+4	-3.578160E-6	-9.685800E-8
1.060450E+4	-3.613550E-6	-1.564630E-7
1.061410E+4	-3.514830E-6	-2.421460E-7
1.062410E+4	-3.436590E-6	-2.626350E-7
1.064460E+4	-3.390030E-6	-2.030290E-7
1.065500E+4	-3.419830E-6	-2.048920E-7
1.067500E+4	-3.287580E-6	-3.799810E-7
1.068600E+4	-3.326700E-6	-2.849870E-7
1.070840E+4	-3.246610E-6	-3.371410E-7
1.071850E+4	-3.278270E-6	-2.719480E-7
1.072960E+4	-3.322970E-6	-2.421460E-7
1.075160E+4	-3.209350E-6	-2.607720E-7
1.076300E+4	-3.263370E-6	-2.346940E-7
1.078500E+4	-3.187000E-6	-2.533220E-7
1.079610E+4	-3.187000E-6	-2.402830E-7
1.080950E+4	-3.226120E-6	-1.937160E-7
1.082900E+4	-3.246610E-6	-1.639140E-7
1.082900E+4	-3.246610E-6	-1.639140E-7
1.086020E+4	-3.209350E-6	-2.123420E-7
1.087380E+4	-3.233570E-6	-1.695020E-7
1.089390E+4	-3.134850E-6	-2.477340E-7
1.090430E+4	-3.138570E-6	-3.278270E-7
1.091360E+4	-3.173960E-6	-2.384200E-7
1.093470E+4	-3.062200E-6	-4.302730E-7
1.094380E+4	-3.037990E-6	-4.731140E-7
1.096830E+4	-3.084550E-6	-4.135090E-7
1.097750E+4	-3.023090E-6	-4.265480E-7
1.099040E+4	-2.920640E-6	-4.339980E-7
1.101090E+4	-2.877800E-6	-3.613550E-7
1.102330E+4	-2.883390E-6	-2.943000E-7
1.104460E+4	-2.859170E-6	-1.862660E-9
1.105440E+4	-2.851720E-6	1.303860E-7
1.107490E+4	-2.708300E-6	1.136220E-7
1.108520E+4	-2.749280E-6	1.788150E-7
1.110540E+4	-2.671050E-6	-2.235190E-8
1.111630E+4	-2.704580E-6	-3.352780E-8
1.112940E+4	-2.672910E-6	-6.519300E-8
1.114930E+4	-2.563010E-6	-1.750900E-7
1.114930E+4	-2.563010E-6	-1.750900E-7
1.116050E+4	-2.425180E-6	-1.322490E-7
1.118030E+4	-2.615170E-6	-1.434250E-7
1.121130E+4	-2.607720E-6	-1.844030E-7
1.122160E+4	-2.559290E-6	-2.551840E-7
1.124210E+4	-2.592820E-6	-1.769520E-7
1.125190E+4	-2.536940E-6	-2.570470E-7
1.125190E+4	-2.536940E-6	-2.570470E-7
1.128540E+4	-2.458710E-6	-1.546000E-7
1.128540E+4	-2.458710E-6	-1.546000E-7
1.131590E+4	-2.492230E-6	-3.185140E-7
1.132800E+4	-2.505270E-6	-3.371410E-7
1.132800E+4	-2.505270E-6	-3.371410E-7
1.135870E+4	-2.423320E-6	-3.036130E-7
1.138020E+4	-2.378610E-6	-3.818440E-7
1.139230E+4	-2.322730E-6	-4.582130E-7
1.140270E+4	-2.406550E-6	-4.563500E-7
1.142260E+4	-2.212840E-6	-5.252700E-7
1.143340E+4	-2.216560E-6	-3.837070E-7
1.145320E+4	-2.129020E-6	-2.440080E-7
1.146440E+4	-2.047060E-6	-1.546000E-7
1.148410E+4	-1.834710E-6	-1.546000E-7
1.149720E+4	-1.810500E-6	-6.519300E-8
1.150810E+4	-1.817950E-6	-1.136220E-7
1.153020E+4	-1.745310E-6	-3.743930E-7
1.154150E+4	-1.806770E-6	-3.874320E-7
1.154150E+4	-1.806770E-6	-3.874320E-7
1.157450E+4	-1.879420E-6	-4.880170E-7
1.159400E+4	-1.965110E-6	-4.079210E-7
1.160530E+4	-1.989320E-6	-3.781190E-7
1.161480E+4	-1.948340E-6	-5.327200E-7
1.163610E+4	-1.734130E-6	-5.699730E-7
1.165600E+4	-1.672660E-6	-2.868490E-7
1.166690E+4	-1.767660E-6	-2.756730E-7
1.167910E+4	-1.860790E-6	-3.147890E-7
1.170040E+4	-1.883140E-6	-4.246850E-7
1.170980E+4	-1.866380E-6	-5.215440E-7
1.170980E+4	-1.866380E-6	-5.215440E-7
1.174050E+4	-1.735990E-6	-4.097840E-7
1.176190E+4	-1.678250E-6	-4.582130E-7
1.177110E+4	-1.842160E-6	-3.371410E-7
1.179230E+4	-1.806770E-6	-2.682230E-7
1.179230E+4	-1.806770E-6	-2.682230E-7
1.181490E+4	-1.989320E-6	-2.849870E-7
1.183490E+4	-1.834710E-6	-3.036130E-7
1.184880E+4	-1.821670E-6	-1.974410E-7
1.185930E+4	-1.871970E-6	-5.587960E-8
1.188170E+4	-1.819810E-6	-1.676390E-8
1.189290E+4	-1.790010E-6	-1.173470E-7
1.191270E+4	-1.750890E-6	-2.961620E-7
1.192350E+4	-1.462180E-6	-3.036130E-7
1.194370E+4	-1.415620E-6	-4.097840E-8
1.195400E+4	-1.335520E-6	-1.005830E-7
1.197460E+4	-1.464050E-6	-1.173470E-7
1.198430E+4	-1.443560E-6	-1.899910E-7
1.200530E+4	-1.488260E-6	1.657760E-7
1.201480E+4	-1.436110E-6	1.061710E-7
1.202700E+4	-1.436110E-6	1.061710E-7
1.204830E+4	-1.503160E-6	-7.078100E-8
1.205790E+4	-1.564630E-6	-5.215430E-8
1.207870E+4	-1.639140E-6	-1.285230E-7
1.208880E+4	-1.588840E-6	-1.844030E-7
1.211240E+4	-1.601880E-6	-2.011670E-7
1.212180E+4	-1.572080E-6	-2.756730E-7
1.214300E+4	-1.600020E-6	-2.272440E-7
1.215290E+4	-1.680110E-6	-1.769520E-7
1.215290E+4	-1.680110E-6	-1.769520E-7
1.218400E+4	-1.678250E-6	-2.514590E-7
1.219490E+4	-1.683840E-6	-2.216560E-7
1.221690E+4	-1.551590E-6	-2.831240E-7
1.221690E+4	-1.551590E-6	-2.831240E-7
1.224990E+4	-1.506890E-6	-3.464540E-7
1.226100E+4	-1.525510E-6	-3.650800E-7
1.227120E+4	-1.609330E-6	-3.166510E-7
1.229360E+4	-1.573940E-6	-2.291060E-7
1.230460E+4	-1.573940E-6	-2.291060E-7
1.232750E+4	-1.536690E-6	-1.881280E-7
1.233820E+4	-1.534830E-6	-2.216560E-7
1.234750E+4	-1.594430E-6	-2.048920E-7
1.237150E+4	-1.585120E-6	-2.756730E-7
1.237150E+4	-1.585120E-6	-2.756730E-7
1.240210E+4	-1.573940E-6	-1.825400E-7
1.241430E+4	-1.499440E-6	-2.086170E-7
1.242400E+4	-1.460320E-6	-2.831240E-7
1.244790E+4	-1.523650E-6	-3.129260E-7
1.245720E+4	-1.424930E-6	-3.613550E-7
1.246840E+4	-1.423070E-6	-3.129260E-7
1.249070E+4	-1.458460E-6	-3.278270E-7
1.249070E+4	-1.458460E-6	-3.278270E-7
1.252460E+4	-1.518060E-6	-3.967450E-7
1.253440E+4	-1.546000E-6	-3.539040E-7
1.254850E+4	-1.544140E-6	-3.017500E-7
1.256830E+4	-1.506890E-6	-3.222390E-7
1.257880E+4	-1.508750E-6	-3.110640E-7
1.259850E+4	-1.324350E-6	-3.352780E-7
1.261270E+4	-1.389540E-6	-2.346940E-7
1.262260E+4	-1.410030E-6	-2.235180E-7
1.264570E+4	-1.290820E-6	-1.899910E-7
1.265640E+4	-1.231220E-6	-2.309690E-7
1.267690E+4	-1.231220E-6	-2.309690E-7
1.268710E+4	-1.369050E-6	-1.974410E-7
1.270780E+4	-1.445420E-6	-1.583260E-7
1.270780E+4	-1.445420E-6	-1.583260E-7
1.273860E+4	-1.328070E-6	-2.104800E-7
1.273860E+4	-1.328070E-6	-2.104800E-7
1.277160E+4	-1.437970E-6	-1.899910E-7
1.278160E+4	-1.449150E-6	-1.620510E-7
1.279390E+4	-1.367190E-6	-2.551840E-7
1.281550E+4	-1.303860E-6	-2.682230E-7
1.282770E+4	-1.272190E-6	-3.557670E-7
1.283770E+4	-1.283370E-6	-3.147890E-7
1.286140E+4	-1.272190E-6	-2.514590E-7
1.287070E+4	-1.302000E-6	-2.663600E-7
1.289180E+4	-1.359740E-6	-2.384200E-7
1.290150E+4	-1.337390E-6	-2.700850E-7
1.291290E+4	-1.365330E-6	-3.129260E-7
1.293470E+4	-1.203280E-6	-1.750900E-7
1.294580E+4	-1.188370E-6	-1.862660E-9
1.294580E+4	-1.188370E-6	-1.862660E-9
1.296820E+4	-1.059850E-6	1.527380E-7
1.298930E+4	-1.009560E-6	2.682230E-7
1.301240E+4	-1.022600E-6	3.483160E-7
1.302300E+4	-1.149260E-6	2.458710E-7
1.304340E+4	-1.261020E-6	1.788150E-7
1.305360E+4	-1.143670E-6	1.378370E-7
1.305360E+4	-1.143670E-6	1.378370E-7
1.308720E+4	-1.084070E-6	-7.636890E-8
1.310760E+4	-1.031910E-6	-3.520420E-7
1.310760E+4	-1.031910E-6	-3.520420E-7
1.313010E+4	-1.193960E-6	-5.103680E-7
1.315120E+4	-1.359740E-6	-6.370280E-7
1.316050E+4	-1.432380E-6	-5.457590E-7
1.318180E+4	-1.398850E-6	-4.153720E-7
1.319100E+4	-1.413750E-6	-4.097840E-7
1.319100E+4	-1.413750E-6	-4.097840E-7
1.322470E+4	-1.272190E-6	-3.501790E-7
1.323530E+4	-1.266610E-6	-2.421460E-7
1.325850E+4	-1.162300E-6	-2.551840E-7
1.326840E+4	-1.225630E-6	-3.408660E-7
1.326840E+4	-1.225630E-6	-3.408660E-7
1.329930E+4	-1.242390E-6	-4.917420E-7
1.331960E+4	-1.218180E-6	-5.066430E-7
1.333040E+4	-1.341110E-6	-4.265480E-7
1.334080E+4	-1.316900E-6	-2.812610E-7
1.336300E+4	-1.316900E-6	-2.812610E-7
1.337410E+4	-1.186510E-6	-2.197930E-7
1.339410E+4	-1.236800E-6	-1.285230E-7
1.340510E+4	-1.244250E-6	-1.527380E-7
1.342550E+4	-1.298270E-6	-1.881280E-7
1.343590E+4	-1.259160E-6	-2.700850E-7
1.345860E+4	-1.342970E-6	-3.781190E-7
1.346970E+4	-1.283370E-6	-3.967450E-7
1.348980E+4	-1.374640E-6	-2.793990E-7
1.350040E+4	-1.307580E-6	-3.241020E-7
1.350970E+4	-1.277780E-6	-3.147890E-7
1.353100E+4	-1.195830E-6	-2.887120E-7
1.355170E+4	-1.195830E-6	-2.887120E-7
1.356130E+4	-1.085930E-6	-2.961620E-7
1.357140E+4	-1.115730E-6	-1.601880E-7
1.359190E+4	-1.018870E-6	-2.589090E-7
1.360250E+4	-1.018870E-6	-2.589090E-7
1.362260E+4	-1.007700E-6	-1.769520E-7
1.363540E+4	-1.074750E-6	-1.546000E-7
1.364680E+4	-1.098970E-6	-1.173470E-7
1.366870E+4	-1.011420E-6	-2.738110E-7
1.367990E+4	-1.050540E-6	-2.067550E-7
1.370260E+4	-1.030050E-6	-2.663600E-7
1.371380E+4	-1.095240E-6	-2.123420E-7
1.372360E+4	-1.126910E-6	-2.160680E-7
1.374680E+4	-1.182790E-6	-3.837070E-7
1.374680E+4	-1.182790E-6	-3.837070E-7
1.377790E+4	-1.039360E-6	-5.271320E-7
1.378810E+4	-9.946600E-7	-5.494840E-7
1.378810E+4	-9.946600E-7	-5.494840E-7
1.381890E+4	-9.350520E-7	-3.799810E-7
1.384040E+4	-1.061720E-6	-3.147890E-7
1.385000E+4	-1.059850E-6	-3.073380E-7
1.387150E+4	-9.834840E-7	-3.892950E-7
1.388090E+4	-8.512320E-7	-5.159560E-7
1.389380E+4	-8.698590E-7	-5.196820E-7
1.389380E+4	-8.698590E-7	-5.196820E-7
1.392680E+4	-8.977990E-7	-4.265480E-7
1.392680E+4	-8.977990E-7	-4.265480E-7
1.395770E+4	-8.437820E-7	-3.911570E-7
1.397850E+4	-7.376110E-7	-3.483160E-7
1.398870E+4	-7.618260E-7	-2.756730E-7
1.400930E+4	-6.370280E-7	-3.874320E-7
1.401990E+4	-6.835940E-7	-3.520420E-7
1.401990E+4	-6.835940E-7	-3.520420E-7
1.405300E+4	-6.984960E-7	-4.190970E-7
1.405300E+4	-6.984960E-7	-4.190970E-7
1.408630E+4	-6.798690E-7	-3.799810E-7
1.409750E+4	-7.320230E-7	-4.414490E-7
1.410760E+4	-7.431990E-7	-4.451740E-7
1.413050E+4	-8.214300E-7	-3.743930E-7
1.414140E+4	-7.711390E-7	-4.321350E-7
1.416360E+4	-8.083920E-7	-3.594920E-7
1.417490E+4	-8.437820E-7	-3.576300E-7
1.418430E+4	-8.139800E-7	-4.451740E-7
1.420880E+4	-8.884850E-7	-3.222390E-7
1.420880E+4	-8.884850E-7	-3.222390E-7
1.421830E+4	-8.121170E-7	-3.725310E-7
1.424910E+4	-8.381940E-7	-3.036130E-7
1.427330E+4	-7.748640E-7	-3.352780E-7
1.428260E+4	-7.133970E-7	-4.265480E-7
1.429310E+4	-7.785890E-7	-3.967450E-7
1.431330E+4	-7.618260E-7	-4.582130E-7
1.432400E+4	-7.972160E-7	-3.948830E-7
1.434380E+4	-8.177050E-7	-3.818440E-7
1.435680E+4	-8.624080E-7	-3.334150E-7
1.437730E+4	-6.668310E-7	-3.799810E-7
1.438800E+4	-7.301610E-7	-3.315530E-7
1.440800E+4	-7.934900E-7	-3.818440E-7
1.442100E+4	-7.618260E-7	-4.526250E-7
1.443230E+4	-8.102540E-7	-3.855690E-7
1.445210E+4	-8.177050E-7	-3.185140E-7
1.445210E+4	-8.177050E-7	-3.185140E-7
1.446300E+4	-7.413360E-7	-3.073380E-7
1.449650E+4	-7.133970E-7	-2.887120E-7
1.450920E+4	-6.575170E-7	-3.129260E-7
1.452970E+4	-6.314400E-7	-2.402830E-7
1.454010E+4	-6.333030E-7	-2.775360E-7
1.455970E+4	-8.475070E-7	-2.793990E-7
1.455970E+4	-8.475070E-7	-2.793990E-7
1.458470E+4	-6.780060E-7	-3.818440E-7
1.459100E+4	-7.431990E-7	-3.930200E-7
1.459500E+4	-6.686930E-7	-3.818440E-7
1.460320E+4	-6.388910E-7	-3.185140E-7
1.460350E+4	-5.550720E-7	-3.818440E-7
1.460280E+4	-5.718360E-7	-3.334150E-7
1.459960E+4	-5.830120E-7	-3.296900E-7
1.459390E+4	-5.476210E-7	-2.570470E-7
1.458880E+4	-6.221270E-7	-1.993040E-7
1.457070E+4	-6.146770E-7	-1.993040E-7
1.456040E+4	-6.463420E-7	-3.054760E-7
1.453620E+4	-6.556550E-7	-3.632180E-7
1.452310E+4	-6.128140E-7	-3.948830E-7
1.449430E+4	-6.388910E-7	-4.638000E-7
1.448050E+4	-6.575170E-7	-4.358610E-7
1.445040E+4	-7.450620E-7	-3.483160E-7
1.443700E+4	-7.171220E-7	-3.147890E-7
1.443700E+4	-7.171220E-7	-3.147890E-7
1.439610E+4	-7.618260E-7	-2.551840E-7
1.437010E+4	-7.860400E-7	-3.129260E-7
1.435600E+4	-8.493700E-7	-2.495960E-7
1.433320E+4	-1.035640E-6	-2.142050E-7
1.432380E+4	-9.238760E-7	-2.663600E-7
1.430360E+4	-9.294640E-7	-3.166510E-7
1.429510E+4	-9.480900E-7	-2.775360E-7
1.427600E+4	-9.946600E-7	-2.384200E-7
1.426700E+4	-9.667200E-7	-2.067550E-7
1.425650E+4	-8.996610E-7	-2.868490E-7
1.423570E+4	-9.033870E-7	-2.943000E-7
1.422460E+4	-8.624080E-7	-3.762560E-7
1.420510E+4	-8.568200E-7	-2.197930E-7
1.419380E+4	-7.767270E-7	-2.756730E-7
1.417400E+4	-8.251550E-7	-1.918530E-7
1.417400E+4	-8.251550E-7	-1.918530E-7
1.415030E+4	-9.108370E-7	-1.173470E-7
1.412970E+4	-9.443650E-7	-2.719480E-7
1.411990E+4	-9.480900E-7	-3.334150E-7
1.409900E+4	-7.804520E-7	-6.128140E-7
1.408970E+4	-8.810350E-7	-6.165390E-7
1.406560E+4	-7.934900E-7	-6.128140E-7
1.405640E+4	-7.897650E-7	-4.731140E-7
1.405640E+4	-7.897650E-7	-4.731140E-7
1.402640E+4	-7.730010E-7	-3.799810E-7
1.401630E+4	-7.599630E-7	-3.408660E-7
1.399300E+4	-9.033870E-7	-1.918530E-7
1.398280E+4	-8.717220E-7	-2.402830E-7
1.396270E+4	-7.972160E-7	-3.613550E-7
1.395010E+4	-7.897650E-7	-3.874320E-7
1.393900E+4	-7.301610E-7	-3.799810E-7
1.391730E+4	-7.450620E-7	-2.868490E-7
1.390630E+4	-7.581000E-7	-3.334150E-7
1.388420E+4	-8.754470E-7	-1.918530E-7
1.387400E+4	-8.977990E-7	-2.272440E-7
1.386330E+4	-9.965220E-7	-1.937160E-7
1.384070E+4	-9.760330E-7	-2.570470E-7
1.383020E+4	-1.057990E-6	-1.918530E-7
1.381010E+4	-1.104560E-6	-1.881280E-7
1.380000E+4	-1.076620E-6	-2.253810E-7
1.377960E+4	-1.130630E-6	-2.477340E-7
1.377960E+4	-1.130630E-6	-2.477340E-7
1.375780E+4	-1.022600E-6	-2.402830E-7
1.373390E+4	-9.890720E-7	-3.594920E-7
1.372450E+4	-1.128770E-6	-3.501790E-7
1.371450E+4	-1.175340E-6	-3.352780E-7
1.369090E+4	-1.160440E-6	-3.427290E-7
1.368140E+4	-1.179060E-6	-3.110640E-7
1.365760E+4	-1.089650E-6	-3.818440E-7
1.365760E+4	-1.089650E-6	-3.818440E-7
1.363510E+4	-1.158570E-6	-3.259650E-7
1.361550E+4	-1.160440E-6	-3.408660E-7
1.360270E+4	-1.147400E-6	-2.961620E-7
1.359160E+4	-1.080340E-6	-3.743930E-7
1.357020E+4	-1.082200E-6	-3.669430E-7
1.355920E+4	-1.147400E-6	-2.887120E-7
1.353730E+4	-1.251700E-6	-2.030290E-7
1.353730E+4	-1.251700E-6	-2.030290E-7
1.351630E+4	-1.141810E-6	-2.589090E-7
1.349430E+4	-1.231220E-6	-2.384200E-7
1.348310E+4	-1.164160E-6	-3.036130E-7
1.347080E+4	-1.151120E-6	-3.166510E-7
1.345050E+4	-1.141810E-6	-4.116460E-7
1.344070E+4	-1.212590E-6	-3.296900E-7
1.341810E+4	-1.201410E-6	-3.296900E-7
1.340750E+4	-1.227490E-6	-3.371410E-7
1.339530E+4	-1.247980E-6	-2.961620E-7
1.337390E+4	-1.251700E-6	-3.408660E-7
1.336470E+4	-1.255430E-6	-3.967450E-7
1.334070E+4	-1.292680E-6	-3.967450E-7
1.333150E+4	-1.376500E-6	-3.241020E-7
1.333150E+4	-1.376500E-6	-3.241020E-7
1.330130E+4	-1.315030E-6	-2.719480E-7
1.328840E+4	-1.315030E-6	-2.793990E-7
1.326810E+4	-1.272190E-6	-3.501790E-7
1.326810E+4	-1.272190E-6	-3.501790E-7
1.324480E+4	-1.225630E-6	-3.501790E-7
1.322540E+4	-1.240530E-6	-3.464540E-7
1.321430E+4	-1.311310E-6	-2.831240E-7
1.319470E+4	-1.311310E-6	-2.831240E-7
1.318370E+4	-1.275920E-6	-2.700850E-7
1.316380E+4	-1.264740E-6	-3.315530E-7
1.315320E+4	-1.337390E-6	-3.241020E-7
1.313290E+4	-1.396990E-6	-3.427290E-7
1.311990E+4	-1.354150E-6	-3.948830E-7
1.310030E+4	-1.339250E-6	-3.241020E-7
1.308960E+4	-1.374640E-6	-3.315530E-7
1.307740E+4	-1.408170E-6	-2.533220E-7
1.305630E+4	-1.357880E-6	-2.551840E-7
1.304720E+4	-1.415620E-6	-2.533220E-7
1.302620E+4	-1.339250E-6	-3.259650E-7
1.301720E+4	-1.426790E-6	-2.589090E-7
1.299310E+4	-1.393270E-6	-2.253810E-7
1.298400E+4	-1.475220E-6	-1.359740E-7
1.297130E+4	-1.432380E-6	-1.490130E-7
1.295080E+4	-1.441690E-6	-2.998880E-7
1.293870E+4	-1.518060E-6	-2.756730E-7
1.292770E+4	-1.454730E-6	-3.520420E-7
1.292770E+4	-1.454730E-6	-3.520420E-7
1.289520E+4	-1.413750E-6	-4.060580E-7
1.287510E+4	-1.400720E-6	-3.762560E-7
1.286420E+4	-1.300130E-6	-4.824290E-7
1.286420E+4	-1.300130E-6	-4.824290E-7
1.283160E+4	-1.439830E-6	-4.284100E-7
1.282060E+4	-1.419340E-6	-4.526250E-7
1.279900E+4	-1.490120E-6	-3.818440E-7
1.278790E+4	-1.426790E-6	-4.284100E-7
1.277540E+4	-1.464050E-6	-3.371410E-7
1.275470E+4	-1.408170E-6	-3.594920E-7
1.274550E+4	-1.393270E-6	-3.054760E-7
1.272450E+4	-1.346700E-6	-3.092010E-7
1.271540E+4	-1.357880E-6	-2.663600E-7
1.269450E+4	-1.320620E-6	-2.644970E-7
1.268520E+4	-1.309450E-6	-2.961620E-7
1.268520E+4	-1.309450E-6	-2.961620E-7
1.265480E+4	-1.434240E-6	-3.613550E-7
1.263050E+4	-1.471500E-6	-4.135090E-7
1.262140E+4	-1.505020E-6	-3.520420E-7
1.260040E+4	-1.464050E-6	-3.445910E-7
1.259130E+4	-1.460320E-6	-3.334150E-7
1.257010E+4	-1.382090E-6	-3.371410E-7
1.256100E+4	-1.437970E-6	-2.905740E-7
1.255010E+4	-1.380230E-6	-3.296900E-7
1.253050E+4	-1.383950E-6	-4.060580E-7
1.251930E+4	-1.378360E-6	-4.265480E-7
1.249750E+4	-1.436110E-6	-3.874320E-7
1.248690E+4	-1.342970E-6	-3.911570E-7
1.246430E+4	-1.389540E-6	-3.036130E-7
1.245330E+4	-1.389540E-6	-3.036130E-7
1.245330E+4	-1.396990E-6	-2.607720E-7
1.243120E+4	-1.411890E-6	-2.384200E-7
1.240810E+4	-1.410030E-6	-2.812610E-7
1.239810E+4	-1.480810E-6	-2.328320E-7
1.237740E+4	-1.525510E-6	-2.104800E-7
1.236480E+4	-1.518060E-6	-2.700850E-7
1.234450E+4	-1.467770E-6	-3.147890E-7
1.233420E+4	-1.547870E-6	-2.197930E-7
1.232480E+4	-1.549730E-6	-2.756730E-7
1.230060E+4	-1.661490E-6	-1.918530E-7
1.229140E+4	-1.639140E-6	-2.551840E-7
1.227000E+4	-1.654040E-6	-2.011670E-7
1.226070E+4	-1.600020E-6	-3.241020E-7
1.223660E+4	-1.674530E-6	-4.600750E-7
1.222750E+4	-1.594430E-6	-5.662480E-7
1.221700E+4	-1.590710E-6	-5.625220E-7
1.219430E+4	-1.536690E-6	-4.079210E-7
1.218460E+4	-1.432380E-6	-3.241020E-7
1.216120E+4	-1.503160E-6	-1.415620E-7
1.216120E+4	-1.503160E-6	-1.415620E-7
1.213130E+4	-1.549730E-6	-1.285230E-7
1.212070E+4	-1.527380E-6	-1.918530E-7
1.211020E+4	-1.462180E-6	-3.464540E-7
1.208840E+4	-1.316900E-6	-6.090890E-7
1.207730E+4	-1.357880E-6	-6.668310E-7
1.205780E+4	-1.665210E-6	-6.854570E-7
1.204670E+4	-1.810500E-6	-6.500670E-7
1.204670E+4	-1.810500E-6	-6.500670E-7
1.201370E+4	-1.575810E-6	-3.706680E-7
1.200430E+4	-1.681980E-6	-3.483160E-7
1.198110E+4	-1.855200E-6	-3.501790E-7
1.197100E+4	-1.709920E-6	-2.142050E-7
1.195040E+4	-1.600020E-6	1.247980E-7
1.193760E+4	-1.566490E-6	1.266610E-7
1.192840E+4	-1.570220E-6	1.378370E-7
1.190740E+4	-1.460320E-6	1.769520E-7
1.189840E+4	-1.532960E-6	1.061710E-7
1.187750E+4	-1.600020E-6	-3.725310E-8
1.186820E+4	-1.546000E-6	-2.291060E-7
1.184470E+4	-1.681980E-6	-3.129260E-7
1.183560E+4	-1.687560E-6	-3.464540E-7
1.181460E+4	-1.801190E-6	-2.477340E-7
1.180530E+4	-1.898040E-6	-2.812610E-7
1.179410E+4	-1.894320E-6	-2.570470E-7
1.177460E+4	-1.816090E-6	-1.881280E-7
1.176330E+4	-1.743440E-6	-3.203770E-7
1.174180E+4	-1.978140E-6	-3.967450E-7
1.173040E+4	-1.925990E-6	-4.488990E-7
1.172040E+4	-1.946480E-6	-5.085060E-7
1.169670E+4	-1.912950E-6	-5.606600E-7
1.168700E+4	-1.935300E-6	-4.731140E-7
1.168700E+4	-1.935300E-6	-4.731140E-7
1.165360E+4	-2.052650E-6	-4.470370E-7
1.165360E+4	-2.052650E-6	-4.470370E-7
1.164170E+4	-2.104800E-6	-3.967450E-7
1.161150E+4	-2.205390E-6	-3.688060E-7
1.161150E+4	-2.205390E-6	-3.688060E-7
1.157830E+4	-2.095490E-6	-2.868490E-7
1.155720E+4	-2.069410E-6	-2.607720E-7
1.154810E+4	-2.121570E-6	-1.844030E-7
1.153780E+4	-2.108530E-6	-2.067550E-7
1.151460E+4	-2.127160E-6	-3.688060E-7
1.150490E+4	-2.186760E-6	-2.663600E-7
1.150490E+4	-2.186760E-6	-2.663600E-7
1.147210E+4	-2.125290E-6	5.029160E-8
1.146110E+4	-2.123430E-6	-4.656640E-8
1.143880E+4	-2.086180E-6	3.166520E-8
1.142770E+4	-2.015400E-6	-2.607710E-8
1.140880E+4	-2.011670E-6	-1.341110E-7
1.139800E+4	-2.075000E-6	-1.601880E-7
1.137840E+4	-2.240780E-6	-2.235180E-7
1.136720E+4	-2.251950E-6	-2.775360E-7
1.134780E+4	-2.387930E-6	-2.365570E-7
1.133370E+4	-2.382340E-6	-2.700850E-7
1.132420E+4	-2.412140E-6	-2.067550E-7
1.130400E+4	-2.404690E-6	-2.589090E-7
1.129390E+4	-2.430770E-6	-2.291060E-7
1.127310E+4	-2.427040E-6	-2.663600E-7
1.126350E+4	-2.505270E-6	-2.551840E-7
1.124230E+4	-2.572330E-6	-2.346940E-7
1.123310E+4	-2.620760E-6	-2.104800E-7
1.123310E+4	-2.620760E-6	-2.104800E-7
1.119970E+4	-2.624480E-6	-2.291060E-7
1.119010E+4	-2.615170E-6	-2.291060E-7
1.116660E+4	-2.700850E-6	-1.918530E-7
1.116660E+4	-2.700850E-6	-1.918530E-7
1.113640E+4	-2.775360E-6	-1.918530E-7
1.112620E+4	-2.725060E-6	-2.682230E-7
1.112620E+4	-2.725060E-6	-2.682230E-7
1.109390E+4	-2.676640E-6	-2.477340E-7
1.108080E+4	-2.680360E-6	-2.160680E-7
1.106130E+4	-2.790260E-6	-1.080340E-7
1.106130E+4	-2.790260E-6	-1.080340E-7
1.102790E+4	-2.766040E-6	-9.127010E-8
1.102790E+4	-2.766040E-6	-9.127010E-8
1.101750E+4	-2.836820E-6	-1.452870E-7
1.098660E+4	-2.902020E-6	-2.868490E-7
1.097620E+4	-2.866630E-6	-2.309690E-7
1.095580E+4	-2.838690E-6	-1.825400E-7
1.094310E+4	-2.821920E-6	-2.142050E-7
1.092320E+4	-2.956030E-6	-2.384200E-7
1.091260E+4	-3.088280E-6	-1.825400E-7
1.089250E+4	-3.064070E-6	-2.644970E-7
1.089250E+4	-3.064070E-6	-2.644970E-7
1.086170E+4	-3.164650E-6	-2.738110E-7
1.086170E+4	-3.164650E-6	-2.738110E-7
1.084230E+4	-3.201900E-6	-2.644970E-7
1.081870E+4	-3.242880E-6	-2.328320E-7
1.080940E+4	-3.341600E-6	-1.918530E-7
1.078520E+4	-3.263370E-6	-2.756730E-7
1.077620E+4	-3.311800E-6	-2.086170E-7
1.076550E+4	-3.203760E-6	-2.440080E-7
1.074320E+4	-3.203760E-6	-2.980250E-7
1.073330E+4	-3.149750E-6	-3.352780E-7
1.071010E+4	-3.326700E-6	-3.036130E-7
1.070000E+4	-3.289450E-6	-3.408660E-7
1.068900E+4	-3.360230E-6	-2.756730E-7
1.066920E+4	-3.371400E-6	-2.533220E-7
1.065880E+4	-3.390030E-6	-2.775360E-7
1.063680E+4	-3.071520E-6	-2.551840E-7
1.062570E+4	-3.071520E-6	-2.551840E-7
1.060600E+4	-3.194450E-6	-2.943000E-7
1.059530E+4	-3.231700E-6	-3.129260E-7
1.057510E+4	-3.332290E-6	-3.222390E-7
1.056480E+4	-3.416110E-6	-2.793990E-7
1.056480E+4	-3.416110E-6	-2.793990E-7
1.053460E+4	-3.535320E-6	-2.495960E-7
1.051370E+4	-3.581880E-6	-2.738110E-7
1.050420E+4	-3.559530E-6	-2.197930E-7
1.048380E+4	-3.505510E-6	-1.918530E-7
1.047400E+4	-3.600510E-6	-6.891830E-8
1.046430E+4	-3.609820E-6	-8.568210E-8
1.046430E+4	-3.609820E-6	-8.568210E-8
1.042860E+4	-3.675010E-6	-6.146770E-8
1.040750E+4	-3.719720E-6	-1.061710E-7
1.039830E+4	-3.693640E-6	-1.583260E-7
1.038530E+4	-3.820310E-6	-2.253810E-7
1.036530E+4	-3.827760E-6	-2.793990E-7
1.035460E+4	-3.810990E-6	-3.464540E-7
1.035460E+4	-3.810990E-6	-3.464540E-7
1.033510E+4	-3.794220E-6	-3.650800E-7
1.030190E+4	-3.743930E-6	-2.197930E-7
1.029130E+4	-3.671290E-6	-2.458710E-7
1.028050E+4	-3.734620E-6	-2.011670E-7
1.026030E+4	-3.699230E-6	-2.831240E-7
1.026030E+4	-3.699230E-6	-2.831240E-7
1.023810E+4	-3.801670E-6	-2.943000E-7
1.021380E+4	-3.721580E-6	-3.501790E-7
1.021380E+4	-3.721580E-6	-3.501790E-7
1.018380E+4	-3.712270E-6	-3.576300E-7
1.017450E+4	-3.786770E-6	-2.719480E-7
1.015350E+4	-3.766280E-6	-2.793990E-7
1.014440E+4	-3.866880E-6	-1.601880E-7
1.012310E+4	-3.952560E-6	-1.285230E-7
1.011410E+4	-3.889230E-6	-1.918530E-7
1.009280E+4	-3.950700E-6	-1.918530E-7
1.009280E+4	-3.950700E-6	-1.583260E-7
1.005950E+4	-3.894820E-6	-3.185140E-7
1.005050E+4	-3.894820E-6	-3.185140E-7
1.003960E+4	-3.922760E-6	-4.041960E-7
1.002000E+4	-3.911580E-6	-3.967450E-7
9.998800E+3	-3.915310E-6	-3.036130E-7
9.989400E+3	-3.907860E-6	-3.017500E-7
9.978100E+3	-4.015890E-6	-2.384200E-7
9.956000E+3	-4.030790E-6	-1.955790E-7
9.944700E+3	-4.032660E-6	-2.346940E-7
9.926200E+3	-3.971190E-6	-2.346940E-7
9.914900E+3	-3.997270E-6	-4.358610E-7
9.895500E+3	-4.142550E-6	-2.961620E-7
9.881500E+3	-4.259900E-6	-2.868490E-7
9.881500E+3	-4.259900E-6	-2.868490E-7
9.848900E+3	-4.604490E-6	-2.905740E-7
9.838900E+3	-4.593310E-6	-2.589090E-7
9.829500E+3	-4.578410E-6	-2.235180E-7
9.805400E+3	-4.408910E-6	-3.017500E-7
9.796300E+3	-4.401460E-6	-2.551840E-7
9.772300E+3	-4.287840E-6	-3.017500E-7
9.762800E+3	-4.334400E-6	-2.812610E-7
9.741500E+3	-4.334400E-6	-2.719480E-7
9.732300E+3	-4.313920E-6	-2.495960E-7
9.711100E+3	-4.278530E-6	-2.719480E-7
9.702000E+3	-4.343720E-6	-2.607720E-7
9.680700E+3	-4.323230E-6	-2.123420E-7
9.671500E+3	-4.328820E-6	-2.253810E-7
9.658600E+3	-4.421950E-6	-1.881280E-7
9.638800E+3	-4.472240E-6	-1.266610E-7
9.628000E+3	-4.567240E-6	-1.285230E-7
9.605700E+3	-4.448030E-6	-1.285230E-7
9.595600E+3	-4.498320E-6	-1.750900E-7
9.581400E+3	-4.537430E-6	-1.899910E-7
9.561800E+3	-4.718110E-6	-1.285230E-7
9.548700E+3	-4.688310E-6	-2.011670E-7
9.538800E+3	-4.699480E-6	-2.197930E-7
9.516200E+3	-4.710660E-6	-2.309690E-7
9.505600E+3	-4.727420E-6	-2.663600E-7
9.496600E+3	-4.783300E-6	-2.719480E-7
9.472500E+3	-4.751640E-6	-3.203770E-7
9.463400E+3	-4.865260E-6	-2.924370E-7
9.439800E+3	-4.848490E-6	-3.743930E-7
9.430000E+3	-4.919270E-6	-3.408660E-7
9.418100E+3	-5.044070E-6	-2.943000E-7
9.396900E+3	-5.044070E-6	-2.682230E-7
9.396900E+3	-5.044070E-6	-2.682230E-7
9.374000E+3	-5.042210E-6	-2.719480E-7
9.351700E+3	-5.196810E-6	-2.533220E-7
9.341500E+3	-5.250830E-6	-2.123420E-7
9.341500E+3	-5.250830E-6	-2.123420E-7
9.308700E+3	-5.338370E-6	-2.626350E-7
9.297400E+3	-5.357000E-6	-2.011670E-7
9.278100E+3	-5.394250E-6	-2.123420E-7
9.278100E+3	-5.394250E-6	-2.123420E-7
9.247300E+3	-5.250830E-6	-7.078100E-8
9.234200E+3	-5.267590E-6	9.313280E-9
9.214700E+3	-5.362580E-6	3.725320E-9
9.201600E+3	-5.362580E-6	3.725320E-9
9.190900E+3	-5.368170E-6	-1.657760E-7
9.190900E+3	-5.368170E-6	-1.657760E-7
9.157500E+3	-5.487380E-6	-1.322490E-7
9.148300E+3	-5.511600E-6	-1.546000E-7
9.124000E+3	-5.461300E-6	-1.564630E-7
9.124000E+3	-5.461300E-6	-1.564630E-7
9.094000E+3	-5.478070E-6	-2.179300E-7
9.084700E+3	-5.422190E-6	-2.924370E-7
9.060600E+3	-5.461300E-6	-2.738110E-7
9.051400E+3	-5.511600E-6	-2.589090E-7
9.041000E+3	-5.520910E-6	-2.011670E-7
9.018100E+3	-5.621490E-6	-1.881280E-7
9.008600E+3	-5.671780E-6	-1.508750E-7
8.985000E+3	-5.675510E-6	-2.775360E-7
8.975900E+3	-5.755600E-6	-3.017500E-7
8.964900E+3	-5.714620E-6	-4.116460E-7
8.943000E+3	-5.787270E-6	-3.464540E-7
8.932600E+3	-5.785400E-6	-3.576300E-7
8.912600E+3	-5.638260E-6	-4.395860E-7
8.901700E+3	-5.597280E-6	-5.252700E-7
8.882200E+3	-5.673650E-6	-4.321350E-7
8.882200E+3	-5.673650E-6	-4.321350E-7
8.851600E+3	-5.923240E-6	-4.377230E-7
8.840300E+3	-5.923240E-6	-4.377230E-7
8.840300E+3	-5.977260E-6	-4.153720E-7
8.809500E+3	-6.087150E-6	-3.408660E-7
8.797300E+3	-6.089020E-6	-3.017500E-7
8.776600E+3	-6.098330E-6	-2.458710E-7
8.763900E+3	-6.167250E-6	-1.750900E-7
8.754900E+3	-6.185870E-6	-1.750900E-7
8.730800E+3	-6.366550E-6	-1.378370E-7
8.730800E+3	-6.366550E-6	-1.378370E-7
8.700000E+3	-6.508110E-6	-1.918530E-7
8.690900E+3	-6.470860E-6	-2.533220E-7
8.690900E+3	-6.470860E-6	-2.533220E-7
8.660600E+3	-6.478310E-6	-3.557670E-7
8.639600E+3	-6.428020E-6	-2.849870E-7
8.630300E+3	-6.305080E-6	-2.849870E-7
8.609700E+3	-6.297630E-6	-3.743930E-7
8.597600E+3	-6.321850E-6	-3.743930E-7
8.586600E+3	-6.245480E-6	-3.967450E-7
8.567200E+3	-6.141170E-6	-3.706680E-7
8.546200E+3	-6.141170E-6	-3.706680E-7
8.536500E+3	-6.318120E-6	-1.955790E-7
8.525400E+3	-6.347920E-6	-1.750900E-7
8.503900E+3	-6.351650E-6	-2.011670E-7
8.503900E+3	-6.351650E-6	-2.011670E-7
8.473600E+3	-6.310670E-6	-2.216560E-7
8.473600E+3	-6.310670E-6	-2.216560E-7
8.453100E+3	-6.254790E-6	-2.346940E-7
8.428900E+3	-6.208230E-6	-2.738110E-7
8.419700E+3	-6.305080E-6	-4.135090E-7
8.419700E+3	-6.305080E-6	-4.135090E-7
8.396100E+3	-6.340470E-6	-6.090890E-7
8.365300E+3	-6.081570E-6	-5.438960E-7
8.355800E+3	-6.111370E-6	-4.451740E-7
8.334500E+3	-6.144900E-6	-3.539040E-7
8.325400E+3	-6.098330E-6	-3.501790E-7
8.313000E+3	-6.152350E-6	-2.253810E-7
8.292100E+3	-6.087150E-6	-6.891830E-8
8.282500E+3	-6.185870E-6	-6.705570E-8
8.259100E+3	-6.074110E-6	-4.395860E-7
8.250100E+3	-6.094600E-6	-4.749760E-7
8.238900E+3	-5.930690E-6	-5.867370E-7
8.216800E+3	-5.820800E-6	-4.526250E-7
8.206300E+3	-5.880400E-6	-4.619380E-7
8.183400E+3	-5.969810E-6	-2.868490E-7
8.183400E+3	-5.969810E-6	-2.868490E-7
8.162400E+3	-5.802170E-6	-2.402830E-7
8.140900E+3	-5.766780E-6	-3.241020E-7
8.140900E+3	-5.766780E-6	-3.241020E-7
8.110000E+3	-5.275040E-6	-4.563500E-7
8.098700E+3	-5.055250E-6	-2.458710E-7
8.079200E+3	-4.703210E-6	-1.844030E-7
8.068000E+3	-4.524390E-6	-1.844030E-7
8.058900E+3	-4.267350E-6	-1.844030E-7
8.035300E+3	-3.803540E-6	-3.017500E-7
8.025600E+3	-3.559530E-6	-2.607720E-7
8.004500E+3	-3.309930E-6	-8.195680E-8
7.995200E+3	-3.185140E-6	4.470370E-8
7.973800E+3	-2.644970E-6	-5.215430E-8
7.964800E+3	-2.285480E-6	-1.266610E-7
7.943600E+3	-1.648450E-6	-2.086170E-7
7.934600E+3	-1.125040E-6	-4.116460E-7
7.910700E+3	3.725310E-8	-4.451740E-7
7.910700E+3	3.725310E-8	-4.451740E-7
7.891300E+3	9.182880E-7	-4.246850E-7
7.868700E+3	1.840300E-6	-4.060580E-7
7.857800E+3	2.644970E-6	-3.967450E-7
7.838300E+3	3.794220E-6	-1.918530E-7
7.838300E+3	3.794220E-6	-1.918530E-7
7.808000E+3	5.768640E-6	-1.806770E-7
7.808000E+3	5.768640E-6	-1.806770E-7
7.777500E+3	7.471100E-6	-7.078100E-8
7.766300E+3	8.184520E-6	-1.434250E-7
7.747000E+3	9.398970E-6	-2.589090E-7
7.735700E+3	1.003790E-5	-1.750900E-7
7.716400E+3	1.103250E-5	-5.215430E-8
7.705200E+3	1.156150E-5	-4.842900E-8
7.693100E+3	1.206810E-5	-1.490130E-8
7.672000E+3	1.279640E-5	-1.806770E-7
7.672000E+3	1.279640E-5	-1.806770E-7
7.641800E+3	1.391960E-5	-2.365570E-7
7.632700E+3	1.422320E-5	-1.173470E-7
7.611400E+3	1.496270E-5	-1.080340E-7
7.599300E+3	1.514520E-5	-6.519300E-8
7.578000E+3	1.555130E-5	-1.601880E-7
7.569100E+3	1.562210E-5	-2.235180E-7
7.558000E+3	1.579350E-5	-2.943000E-7
7.558000E+3	1.579350E-5	-2.943000E-7
7.525700E+3	1.595930E-5	-2.440080E-7
7.502700E+3	1.595930E-5	-1.527380E-7
7.493200E+3	1.581210E-5	-1.285230E-7
7.493200E+3	1.581210E-5	-1.285230E-7
7.460700E+3	1.586800E-5	-9.685800E-8
7.449600E+3	1.593500E-5	-1.117590E-7
7.430300E+3	1.567240E-5	-2.980250E-8
7.419100E+3	1.563890E-5	-9.499540E-8
7.399600E+3	1.563890E-5	-9.499540E-8
7.388500E+3	1.503530E-5	-2.048920E-8
7.368900E+3	1.468700E-5	1.080340E-7
7.368900E+3	1.468700E-5	1.080340E-7
7.338000E+3	1.418040E-5	-5.587960E-9
7.327500E+3	1.401650E-5	1.583260E-7
7.306800E+3	1.387120E-5	1.583260E-7
7.297000E+3	1.367750E-5	-3.445910E-7
7.297000E+3	1.367750E-5	-3.445910E-7
7.263300E+3	1.317830E-5	1.043090E-7
7.254300E+3	1.304600E-5	1.788150E-7
7.230400E+3	1.281880E-5	8.940740E-8
7.221300E+3	1.264930E-5	1.266610E-7
7.200100E+3	1.259530E-5	6.333040E-8
7.191100E+3	1.257660E-5	1.210730E-7
7.178600E+3	1.244070E-5	1.546000E-7
7.157900E+3	1.244070E-5	1.546000E-7
7.147800E+3	1.234940E-5	-9.313270E-8
7.147800E+3	1.234940E-5	-9.313270E-8
7.116900E+3	1.208490E-5	-3.725310E-8
7.116900E+3	1.208490E-5	-3.725310E-8
7.086100E+3	1.198250E-5	-6.705570E-8
7.086100E+3	1.198250E-5	-6.705570E-8
7.055400E+3	1.176080E-5	1.788150E-7
7.035800E+3	1.152980E-5	1.527380E-7
7.035800E+3	1.152980E-5	1.527380E-7
7.012300E+3	1.145530E-5	9.127010E-8
6.991800E+3	1.145530E-5	9.127010E-8
6.991800E+3	1.125420E-5	1.564630E-7
6.960900E+3	1.104740E-5	1.788150E-7
6.951700E+3	1.091520E-5	2.589090E-7
6.928300E+3	1.093010E-5	8.009420E-8
6.918300E+3	1.102880E-5	3.911580E-8
6.906400E+3	1.087600E-5	1.732270E-7
6.885200E+3	1.055570E-5	1.192100E-7
6.876200E+3	1.046630E-5	8.009420E-8
6.876200E+3	1.046630E-5	8.009420E-8
6.845800E+3	1.018130E-5	1.657760E-7
6.845800E+3	1.018130E-5	1.657760E-7
6.812700E+3	1.014220E-5	8.009420E-8
6.799200E+3	1.001920E-5	7.823160E-8
6.779400E+3	9.959620E-6	8.381950E-8
6.779400E+3	9.959620E-6	8.381950E-8
6.755500E+3	9.939130E-6	1.415620E-7
6.734200E+3	9.683950E-6	1.415620E-7
6.722900E+3	9.801300E-6	-9.313280E-9
6.722900E+3	9.801300E-6	-9.313280E-9
6.690300E+3	9.436220E-6	-2.291060E-7
6.679400E+3	9.343090E-6	-2.421460E-7
6.657400E+3	9.158680E-6	-1.657760E-7
6.657400E+3	9.158680E-6	-1.657760E-7
6.623400E+3	9.236920E-6	1.732270E-7
6.612800E+3	9.337500E-6	1.098970E-7
6.602700E+3	9.184760E-6	2.551840E-7
6.602700E+3	9.184760E-6	2.551840E-7
6.569200E+3	8.979870E-6	2.607720E-7
6.548100E+3	8.879290E-6	1.434250E-7
6.538900E+3	8.883010E-6	-9.127010E-8
6.526700E+3	8.868110E-6	-4.656640E-8
6.505700E+3	8.817820E-6	1.490130E-8
6.496300E+3	8.817820E-6	1.490130E-8
6.472800E+3	8.629690E-6	7.823160E-8
6.463700E+3	8.517930E-6	1.266610E-7
6.442600E+3	8.249710E-6	1.974410E-7
6.433400E+3	8.300000E-6	6.333040E-8
6.412400E+3	8.517930E-6	1.117590E-8
6.412400E+3	8.517930E-6	1.117590E-8
6.402600E+3	8.601750E-6	-2.793980E-8
6.371900E+3	8.607340E-6	4.656640E-8
6.351700E+3	8.395000E-6	2.048920E-7
6.340900E+3	8.365200E-6	2.048920E-7
6.340900E+3	8.365200E-6	1.508750E-7
6.310000E+3	8.167760E-6	1.359740E-7
6.291000E+3	7.985220E-6	1.769520E-7
6.280200E+3	8.208740E-6	1.546000E-7
6.269700E+3	8.257160E-6	2.067550E-7
6.246800E+3	8.303730E-6	1.676390E-8
6.246800E+3	8.303730E-6	1.676390E-8
6.236600E+3	8.180800E-6	-8.009420E-8
6.206600E+3	7.839930E-6	-1.043090E-7
6.185600E+3	7.707680E-6	-2.980250E-8
6.176300E+3	7.608930E-6	5.215430E-8
6.166100E+3	7.607070E-6	-3.725310E-8
6.166100E+3	7.607070E-6	-3.725310E-8
6.142800E+3	7.370520E-6	3.725320E-9
6.112500E+3	7.314640E-6	-1.471500E-7
6.102400E+3	7.318360E-6	-1.918530E-7
6.082200E+3	7.238270E-6	-1.247980E-7
6.071600E+3	7.236410E-6	-1.378370E-7
6.071600E+3	7.236410E-6	-1.378370E-7
6.039300E+3	7.040830E-6	-9.313280E-9
6.028100E+3	7.109750E-6	-1.210730E-7
6.028100E+3	7.109750E-6	-1.210730E-7
6.006800E+3	7.018480E-6	1.490130E-8
5.973600E+3	7.003570E-6	9.685800E-8
5.962800E+3	7.085530E-6	1.862660E-9
5.951900E+3	7.092980E-6	-3.352780E-8
5.951900E+3	7.092980E-6	-3.352780E-8
5.918400E+3	7.102300E-6	-4.284110E-8
5.918400E+3	7.102300E-6	-4.284110E-8
5.887800E+3	6.889950E-6	-4.656640E-8
5.878800E+3	6.746530E-6	-3.725310E-8
5.854800E+3	6.740940E-6	-1.210730E-7
5.854800E+3	6.740940E-6	-1.210730E-7
5.845500E+3	6.657120E-6	-1.676390E-8
5.815200E+3	6.651530E-6	1.490130E-8
5.793900E+3	6.653400E-6	-5.960510E-8
5.784800E+3	6.606830E-6	-5.960510E-8
5.763600E+3	6.577030E-6	-9.127010E-8
5.751800E+3	6.541640E-6	-1.285230E-7
5.751800E+3	6.541640E-6	-1.285230E-7
5.718400E+3	6.362820E-6	7.636890E-8
5.707900E+3	6.398220E-6	-4.097840E-8
5.688100E+3	6.331160E-6	-4.097840E-8
5.678100E+3	6.396350E-6	-6.146770E-8
5.657800E+3	6.301360E-6	-2.048920E-8
5.647100E+3	6.301360E-6	-2.980250E-8
5.627300E+3	6.269690E-6	-9.499540E-8
5.613300E+3	6.189600E-6	-5.401690E-8
5.603000E+3	6.161660E-6	-8.381950E-8
5.582800E+3	6.122540E-6	-5.587960E-9
5.573000E+3	6.152350E-6	2.048920E-8
5.573000E+3	6.152350E-6	2.048920E-8
5.539700E+3	6.223130E-6	3.166520E-8
5.519700E+3	6.197050E-6	1.490130E-8
5.509600E+3	6.090880E-6	1.490130E-8
5.500300E+3	6.143030E-6	-4.842900E-8
5.500300E+3	6.143030E-6	-4.842900E-8
5.467300E+3	6.046180E-6	-3.539050E-8
5.445900E+3	5.990300E-6	1.285230E-7
5.436600E+3	5.951180E-6	1.620510E-7
5.415300E+3	5.900890E-6	1.639140E-7
5.405600E+3	5.910200E-6	1.750900E-7
5.384800E+3	5.949320E-6	2.235190E-8
5.372600E+3	5.856190E-6	1.005830E-7
5.361500E+3	5.921380E-6	3.539050E-8
5.361500E+3	5.921380E-6	3.539050E-8
5.329100E+3	5.830110E-6	1.098970E-7
5.308900E+3	5.763050E-6	2.048920E-8
5.298000E+3	5.805890E-6	-4.842900E-8
5.278200E+3	5.673650E-6	5.401690E-8
5.267000E+3	5.759330E-6	-2.421450E-8
5.247400E+3	5.763050E-6	-6.146770E-8
5.234400E+3	5.723940E-6	-5.401690E-8
5.223800E+3	5.679230E-6	-4.470370E-8
5.203700E+3	5.614040E-6	-1.117590E-8
5.193600E+3	5.487380E-6	5.774220E-8
5.171500E+3	5.625220E-6	-2.607710E-8
5.160600E+3	5.574930E-6	2.980250E-8
5.140500E+3	5.465030E-6	8.754480E-8
5.127500E+3	5.554440E-6	-2.048920E-8
5.118100E+3	5.461300E-6	7.450630E-8
5.096800E+3	5.431500E-6	3.166520E-8
5.087600E+3	5.450130E-6	7.450640E-9
5.066300E+3	5.492970E-6	-9.313270E-8
5.057200E+3	5.463170E-6	-9.872060E-8
5.036000E+3	5.336510E-6	-7.450640E-9
5.026700E+3	5.397970E-6	-8.009420E-8
5.006000E+3	5.442680E-6	-9.313270E-8
5.006000E+3	5.442680E-6	-9.313270E-8
4.972600E+3	5.431500E-6	1.676390E-8
4.963500E+3	5.448270E-6	1.490130E-8
4.950500E+3	5.394250E-6	3.539050E-8
4.930300E+3	5.349550E-6	3.539050E-8
4.919500E+3	5.383070E-6	5.587960E-9
4.899800E+3	5.330920E-6	3.539050E-8
4.888600E+3	5.370040E-6	5.587960E-9
4.869400E+3	5.288080E-6	-3.352780E-8
4.858000E+3	5.278770E-6	-1.136220E-7
4.838600E+3	5.252690E-6	-1.583260E-7
4.827400E+3	5.217300E-6	-1.862660E-8
4.807700E+3	5.301120E-6	-2.793980E-8
4.796900E+3	5.189360E-6	1.061710E-7
4.781700E+3	5.118580E-6	1.508750E-7
4.760800E+3	5.124170E-6	1.117590E-7
4.751400E+3	5.083190E-6	1.117590E-7
4.742200E+3	5.135340E-6	7.823160E-8
4.718100E+3	5.112990E-6	1.043090E-7
4.708900E+3	5.090640E-6	1.452870E-7
4.687900E+3	5.157690E-6	8.940740E-8
4.678200E+3	5.232200E-6	1.303860E-8
4.657700E+3	5.092500E-6	7.823160E-8
4.657700E+3	5.092500E-6	7.823160E-8
4.627100E+3	5.023580E-6	2.048920E-8
4.627100E+3	5.023580E-6	2.048920E-8
4.605400E+3	5.064560E-6	3.725320E-9
4.583200E+3	5.107400E-6	-1.676390E-8
4.571900E+3	5.153970E-6	-5.960510E-8
4.571900E+3	5.153970E-6	-5.960510E-8
4.539100E+3	5.155830E-6	-1.676390E-8
4.517200E+3	5.044070E-6	1.862660E-8
4.506400E+3	5.058970E-6	-2.421450E-8
4.495900E+3	5.058970E-6	-8.568210E-8
4.473900E+3	4.937900E-6	-3.352780E-8
4.462700E+3	5.055250E-6	-7.450630E-8
4.450500E+3	5.045930E-6	-3.352780E-8
4.430000E+3	5.049660E-6	-5.960510E-8
4.417300E+3	5.055250E-6	-3.539050E-8
4.407700E+3	4.967700E-6	9.872060E-8
4.383800E+3	4.984470E-6	9.313270E-8
4.374800E+3	4.872710E-6	2.086170E-7
4.353400E+3	4.816830E-6	1.750900E-7
4.344200E+3	4.861530E-6	1.080340E-7
4.323200E+3	4.645470E-6	1.546000E-7
4.313500E+3	4.716250E-6	1.210730E-7
4.292800E+3	4.811240E-6	-9.685800E-8
4.280600E+3	4.734870E-6	-4.284110E-8
4.269200E+3	4.682720E-6	-9.685800E-8
4.247200E+3	4.859670E-6	-1.825400E-7
4.236600E+3	4.859670E-6	-1.825400E-7
4.216400E+3	4.680860E-6	-5.401690E-8
4.205200E+3	4.697620E-6	-3.911580E-8
4.185700E+3	4.798200E-6	-2.421450E-8
4.171500E+3	4.809380E-6	-6.705570E-8
4.161500E+3	4.721830E-6	-9.499540E-8
4.161500E+3	4.721830E-6	-9.499540E-8
4.131300E+3	4.449890E-6	-1.639140E-7
4.110900E+3	4.392150E-6	-1.192100E-7
4.097900E+3	4.354890E-6	-2.291060E-7
4.077300E+3	4.217060E-6	-1.546000E-7
4.064600E+3	4.157450E-6	-1.788150E-7
4.055600E+3	3.974910E-6	-5.401690E-8
4.034100E+3	4.056870E-6	-1.117590E-7
4.022000E+3	4.056870E-6	-1.117590E-7
4.000600E+3	4.071770E-6	-1.750900E-7
4.000600E+3	4.071770E-6	-1.750900E-7
3.969900E+3	3.950700E-6	-8.381950E-8
3.960800E+3	3.941390E-6	-8.009420E-8
3.960800E+3	3.941390E-6	-8.009420E-8
3.930100E+3	3.693640E-6	-4.656640E-8
3.918900E+3	3.501790E-6	-7.450630E-8
3.897300E+3	3.101320E-6	-2.067550E-7
3.886400E+3	2.976520E-6	-2.849870E-7
3.866800E+3	2.628210E-6	-2.943000E-7
3.866800E+3	2.628210E-6	-2.943000E-7
3.833700E+3	1.791870E-6	-1.322490E-7
3.833700E+3	1.791870E-6	-1.322490E-7
3.823000E+3	1.484540E-6	3.539050E-8
3.790400E+3	1.229350E-7	-9.685800E-8
3.779100E+3	-5.085060E-7	-1.080340E-7
3.759700E+3	-1.624230E-6	-2.309690E-7
3.748700E+3	-2.207250E-6	-2.663600E-7
3.748700E+3	-2.207250E-6	-2.663600E-7
3.715700E+3	-3.906000E-6	-2.160680E-7
3.706400E+3	-4.285980E-6	-2.160680E-7
3.685100E+3	-4.824280E-6	-8.940740E-8
3.685100E+3	-4.824280E-6	-8.940740E-8
3.651700E+3	-5.226610E-6	-1.974410E-7
3.642600E+3	-5.368170E-6	-1.322490E-7
3.632800E+3	-5.364450E-6	-1.359740E-7
3.609500E+3	-5.180050E-6	-2.011670E-7
3.599300E+3	-4.990060E-6	-2.067550E-7
3.579000E+3	-4.809380E-6	-1.005830E-7
3.568300E+3	-4.714380E-6	-1.024460E-7
3.545600E+3	-4.502040E-6	-1.471500E-7
3.535700E+3	-4.416360E-6	-2.291060E-7
3.515300E+3	-4.341850E-6	-1.806770E-7
3.505000E+3	-4.259900E-6	-2.365570E-7
3.494000E+3	-4.150000E-6	-2.384200E-7
3.472300E+3	-3.978640E-6	-1.359740E-7
3.461100E+3	-3.945110E-6	-5.401690E-8
3.441600E+3	-3.799810E-6	1.303860E-8
3.428400E+3	-3.658250E-6	-1.378370E-7
3.428400E+3	-3.658250E-6	-1.378370E-7
3.397500E+3	-3.451500E-6	-1.918530E-7
3.387900E+3	-3.451500E-6	-1.918530E-7
3.364800E+3	-3.261510E-6	-2.346940E-7
3.354400E+3	-3.181410E-6	-2.570470E-7
3.334000E+3	-2.991420E-6	-2.738110E-7
3.324000E+3	-2.954170E-6	-2.291060E-7
3.324000E+3	-2.954170E-6	-2.291060E-7
3.290400E+3	-2.857310E-6	-1.452870E-7
3.281300E+3	-2.825650E-6	-1.452870E-7
3.259800E+3	-2.814470E-6	-1.322490E-7
3.250600E+3	-2.712030E-6	-1.750900E-7
3.229600E+3	-2.702710E-6	-1.918530E-7
3.229600E+3	-2.702710E-6	-1.918530E-7
3.196300E+3	-2.527620E-6	-1.769520E-7
3.187000E+3	-2.477330E-6	-1.806770E-7
3.175800E+3	-2.384200E-6	-2.104800E-7
3.175800E+3	-2.384200E-6	-2.104800E-7
3.135600E+3	-2.356260E-6	-1.676390E-7
3.125400E+3	-2.328320E-6	-2.216560E-7
3.125400E+3	-2.328320E-6	-2.216560E-7
3.091700E+3	-2.272440E-6	-1.825400E-7
3.080900E+3	-2.322730E-6	-9.685800E-8
3.060800E+3	-2.194210E-6	-7.636890E-8
3.050500E+3	-2.170000E-6	-5.215430E-8
3.030000E+3	-2.088040E-6	-8.940740E-8
3.017200E+3	-2.028440E-6	-1.471500E-7
3.017200E+3	-2.028440E-6	-1.471500E-7
3.008200E+3	-2.063830E-6	-1.005830E-7
2.977700E+3	-1.994910E-6	-1.154840E-7
2.956400E+3	-1.937170E-6	-1.490130E-7
2.947000E+3	-1.845890E-6	-2.216560E-7
2.947000E+3	-1.845890E-6	-2.216560E-7
2.916900E+3	-1.786280E-6	-2.216560E-7
2.895500E+3	-1.795600E-6	-2.216560E-7
2.886000E+3	-1.806770E-6	-1.005830E-7
2.864900E+3	-1.827260E-6	-1.210730E-7
2.855000E+3	-1.793730E-6	-1.452870E-7
2.834500E+3	-1.769520E-6	-9.872060E-8
2.824100E+3	-1.646590E-6	-1.266610E-7
2.804200E+3	-1.631680E-6	-1.117590E-8
2.793100E+3	-1.609330E-6	-1.490130E-8
2.779900E+3	-1.482670E-6	-4.842900E-8
2.779900E+3	-1.482670E-6	-4.842900E-8
2.746100E+3	-1.410030E-6	-7.450630E-8
2.746100E+3	-1.410030E-6	-7.450630E-8
2.713100E+3	-1.413750E-6	-4.470370E-8
2.713100E+3	-1.413750E-6	-4.470370E-8
2.682300E+3	-1.374640E-6	-7.078100E-8
2.673000E+3	-1.356010E-6	-4.284110E-8
2.651800E+3	-1.302000E-6	-4.284110E-8
2.642700E+3	-1.279640E-6	-1.434250E-7
2.618600E+3	-1.279640E-6	-1.434250E-7
2.609100E+3	-1.266610E-6	-1.192100E-7
2.599100E+3	-1.292680E-6	-7.078100E-8
2.575200E+3	-1.246120E-6	3.725320E-9
2.565900E+3	-1.184650E-6	-5.774220E-8
2.544700E+3	-1.203280E-6	-7.450640E-9
2.544700E+3	-1.203280E-6	-7.450640E-9
2.514400E+3	-1.287100E-6	-4.842900E-8
2.504100E+3	-1.177200E-6	-1.117590E-7
2.480900E+3	-1.177200E-6	-1.117590E-7
2.471500E+3	-1.210730E-6	-5.029160E-8
2.471500E+3	-1.210730E-6	-5.029160E-8
2.460100E+3	-1.160440E-6	-1.005830E-7
2.425400E+3	-1.149260E-6	-1.173470E-7
2.425400E+3	-1.149260E-6	-1.173470E-7
2.394200E+3	-1.173470E-6	1.303860E-8
2.373700E+3	-1.193960E-6	8.009420E-8
2.362700E+3	-1.128770E-6	1.117590E-8
2.352200E+3	-1.184650E-6	1.490130E-8
2.330000E+3	-1.098970E-6	-3.166520E-8
2.318700E+3	-1.061720E-6	-6.519300E-8
2.309600E+3	-1.080340E-6	-6.519300E-8
2.285000E+3	-9.946600E-7	-5.215430E-8
2.276000E+3	-1.039360E-6	-5.960510E-8
2.252000E+3	-1.013290E-6	-2.980250E-8
2.242400E+3	-1.000250E-6	-2.980250E-8
2.230100E+3	-1.003970E-6	-3.725310E-8
2.208600E+3	-8.847600E-7	-5.215430E-8
2.199200E+3	-8.977990E-7	-6.519300E-8
2.178000E+3	-9.350520E-7	7.450640E-9
2.168200E+3	-9.369140E-7	1.862660E-9
2.147700E+3	-8.922110E-7	1.303860E-8
2.137500E+3	-8.083920E-7	-5.029160E-8
2.114200E+3	-7.860400E-7	3.725320E-9
2.104600E+3	-8.251550E-7	9.499540E-8
2.104600E+3	-8.251550E-7	9.499540E-8
2.071300E+3	-1.013290E-6	1.490130E-8
2.058100E+3	-9.331890E-7	-2.421450E-8
2.046500E+3	-8.046660E-7	-1.657760E-7
2.046500E+3	-8.046660E-7	-1.657760E-7
2.012800E+3	-8.437820E-7	-1.359740E-7
1.989800E+3	-8.959360E-7	-7.078100E-8
1.978100E+3	-8.903480E-7	-1.546000E-7
1.968000E+3	-8.884850E-7	-1.303860E-7
1.945500E+3	-8.475070E-7	-1.676390E-7
1.933800E+3	-8.884850E-7	-2.402830E-7
1.913700E+3	-8.363310E-7	-2.458710E-7
1.902500E+3	-8.884850E-7	-2.086170E-7
1.902500E+3	-8.884850E-7	-2.086170E-7
1.871500E+3	-8.419190E-7	-1.024460E-7
1.851000E+3	-8.028040E-7	-8.940740E-8
1.841200E+3	-8.083920E-7	-5.029160E-8
1.820400E+3	-7.171220E-7	-2.291060E-7
1.811200E+3	-7.003580E-7	-2.216560E-7
1.811200E+3	-7.003580E-7	-2.216560E-7
1.778300E+3	-8.046660E-7	-3.725320E-9
1.769200E+3	-7.562380E-7	-7.078100E-8
1.745900E+3	-7.804520E-7	2.235190E-8
1.737200E+3	-6.966330E-7	0.000000E+0
1.726800E+3	-6.258520E-7	-2.421450E-8
1.705200E+3	-6.165390E-7	3.352780E-8
1.694600E+3	-5.923250E-7	3.725320E-9
1.673500E+3	-6.668310E-7	3.725320E-9
1.663700E+3	-6.500670E-7	-1.490130E-8
1.653200E+3	-6.482040E-7	1.303860E-8
1.632800E+3	-6.388910E-7	5.029160E-8
1.622000E+3	-5.718360E-7	3.725320E-9
1.622000E+3	-5.718360E-7	3.725320E-9
1.593100E+3	-6.593800E-7	-2.980250E-8
1.574400E+3	-6.351660E-7	-4.284110E-8
1.574400E+3	-6.351660E-7	-4.284110E-8
1.544900E+3	-6.351660E-7	-2.421450E-8
1.544900E+3	-6.351660E-7	-2.421450E-8
1.535200E+3	-7.096710E-7	6.146770E-8
1.506300E+3	-6.686930E-7	3.725320E-9
1.494600E+3	-7.934900E-7	4.470370E-8
1.474000E+3	-6.035010E-7	-1.266610E-7
1.462400E+3	-6.426160E-7	-9.685800E-8
1.462400E+3	-6.426160E-7	-9.685800E-8
1.433200E+3	-5.457590E-7	-3.352780E-8
1.433200E+3	-5.457590E-7	-3.352780E-8
1.404100E+3	-3.986080E-7	-1.937160E-7
1.383700E+3	-3.799810E-7	-2.346940E-7
1.374900E+3	-4.395860E-7	-2.346940E-7
1.362500E+3	-4.284100E-7	-3.911580E-8
1.362500E+3	-4.284100E-7	-3.911580E-8
1.331900E+3	-5.960500E-7	1.769520E-7
1.321200E+3	-5.718360E-7	1.341110E-7
1.301300E+3	-6.556550E-7	1.695020E-7
1.301300E+3	-6.556550E-7	1.695020E-7
1.290900E+3	-5.550720E-7	1.750900E-7
1.260100E+3	-4.414490E-7	1.993040E-7
1.260100E+3	-4.414490E-7	1.993040E-7
1.230600E+3	-4.991930E-7	1.788150E-7
1.230600E+3	-4.991930E-7	1.788150E-7
1.210200E+3	-4.805660E-7	7.078100E-8
1.191200E+3	-4.153720E-7	1.117590E-8
1.180400E+3	-4.842910E-7	-4.470370E-8
1.172600E+3	-5.569350E-7	-5.029160E-8
1.151300E+3	-5.122310E-7	-1.322490E-7
1.143700E+3	-6.035010E-7	-7.078100E-8
1.122900E+3	-5.271320E-7	-1.415620E-7
1.114900E+3	-5.699730E-7	-9.313270E-8
1.114900E+3	-5.699730E-7	-9.313270E-8
1.086700E+3	-4.712510E-7	5.029160E-8
1.078100E+3	-4.712510E-7	5.029160E-8
1.058500E+3	-3.818440E-7	-9.313270E-8
1.058500E+3	-3.818440E-7	-9.313270E-8
1.033400E+3	-4.731140E-7	-8.009420E-8
1.025200E+3	-5.234070E-7	-9.685800E-8
1.015600E+3	-5.327200E-7	-1.750900E-7
9.996000E+2	-5.532090E-7	-1.862650E-7
9.833000E+2	-6.351660E-7	-4.097840E-8
9.741000E+2	-5.718360E-7	-3.725310E-8
9.656000E+2	-5.736980E-7	3.352780E-8
9.656000E+2	-5.736980E-7	3.352780E-8
9.331000E+2	-5.401710E-7	6.146770E-8
9.240000E+2	-5.029180E-7	4.470370E-8
9.130000E+2	-4.973300E-7	2.048920E-8
8.962000E+2	-4.638000E-7	0.000000E+0
8.880000E+2	-5.066430E-7	4.842900E-8
8.808000E+2	-5.438960E-7	6.891830E-8
8.604000E+2	-5.289950E-7	-8.009420E-8
8.533000E+2	-5.718360E-7	1.490130E-8
8.332000E+2	-4.954670E-7	-8.009420E-8
8.257000E+2	-4.973300E-7	0.000000E+0
8.173000E+2	-4.880170E-7	1.117590E-8
7.981000E+2	-4.619380E-7	-6.333040E-8
7.905000E+2	-4.898790E-7	-2.048920E-8
7.797000E+2	-4.805660E-7	1.862660E-8
7.609000E+2	-4.377230E-7	7.823160E-8
7.532000E+2	-3.818440E-7	5.774220E-8
7.364000E+2	-4.228220E-7	-4.284110E-8
7.258000E+2	-4.917420E-7	-5.587960E-9
7.093000E+2	-5.140940E-7	5.587960E-9
7.007000E+2	-4.488990E-7	-1.676390E-8
6.849000E+2	-4.451740E-7	-4.656640E-8
6.758000E+2	-4.451740E-7	-4.656640E-8
6.675000E+2	-4.675260E-7	-1.434250E-7
6.498000E+2	-4.917420E-7	-1.508750E-7
6.407000E+2	-6.537920E-7	-1.192100E-7
6.250000E+2	-4.600750E-7	-2.980250E-7
6.164000E+2	-4.544870E-7	-2.943000E-7
6.003000E+2	-3.390030E-7	-5.085060E-7
5.924000E+2	-4.600750E-7	-4.563500E-7
5.830000E+2	-4.321350E-7	-2.551840E-7
5.660000E+2	-4.488990E-7	-1.899910E-7
5.592000E+2	-4.712510E-7	-1.024460E-7
5.423000E+2	-4.414490E-7	-7.450640E-9
5.353000E+2	-4.749760E-7	3.352780E-8
5.353000E+2	-4.749760E-7	3.352780E-8
5.114000E+2	-5.271320E-7	1.098970E-7
4.927000E+2	-5.178190E-7	-3.725310E-8
4.860000E+2	-5.327200E-7	-5.029160E-8
4.860000E+2	-5.327200E-7	-5.029160E-8
4.502000E+2	-5.718360E-7	-1.285230E-7
4.330000E+2	-5.997750E-7	-1.564630E-7
3.888000E+2	-6.016380E-7	-1.322490E-7
3.670000E+2	-5.736980E-7	-2.495960E-7
3.216000E+2	-5.271320E-7	-2.030290E-7
2.979000E+2	-4.451740E-7	-9.872060E-8
2.475000E+2	1.508750E-7	-8.009420E-8
2.475000E+2	1.508750E-7	-8.009420E-8
1.682000E+2	3.390030E-7	-7.450640E-9
1.422000E+2	6.090890E-7	9.685800E-8
8.620000E+1	6.090890E-7	9.685800E-8
5.990000E+1	3.632180E-7	7.636890E-8
3.700000E+0	5.960510E-8	6.333040E-8
-2.300000E+1	-1.061710E-7	1.527380E-7
-2.300000E+1	-1.061710E-7	1.527380E-7
-1.050000E+2	-3.092010E-7	2.030290E-7
-1.331000E+2	-3.501790E-7	2.048920E-8
-1.852000E+2	-6.966330E-7	-1.005830E-7
-2.364000E+2	-8.866230E-7	-1.005830E-7
-2.624000E+2	-6.780060E-7	-9.685800E-8
-3.106000E+2	-4.153720E-7	-9.313270E-8
-3.353000E+2	-4.153720E-7	-1.322490E-7
