Sample Name, AUS25x23_12G
Freq, 12, GHz, Power, 10, dBm
SR850: f = 25 Hz; phase = 96 deg; output = 5 V; sens. = 50 uV; tc = 300 ms; 12dB/oct
Field	X	Y
Oe	V	V
*
-6.481000E+2	-1.014220E-5	-1.881280E-7
-6.481000E+2	-1.014220E-5	-1.881280E-7
-6.493000E+2	-1.015710E-5	-1.881280E-7
-6.493000E+2	-1.015710E-5	-1.881280E-7
-6.413000E+2	-9.995010E-6	-1.303860E-7
-6.234000E+2	-9.821790E-6	-2.793990E-7
-6.106000E+2	-9.803160E-6	-2.943000E-7
-5.851000E+2	-9.728650E-6	-1.043090E-7
-5.694000E+2	-9.846000E-6	1.303860E-8
-5.398000E+2	-9.765910E-6	-1.862660E-8
-5.200000E+2	-9.967070E-6	1.434250E-7
-5.045000E+2	-1.003790E-5	1.490130E-7
-4.710000E+2	-1.061150E-5	2.533220E-7
-4.558000E+2	-1.073080E-5	2.663600E-7
-4.289000E+2	-1.071770E-5	1.247980E-7
-4.158000E+2	-1.080530E-5	1.508750E-7
-3.902000E+2	-1.113310E-5	2.495960E-7
-3.783000E+2	-1.111630E-5	1.061710E-7
-3.587000E+2	-1.134730E-5	1.136220E-7
-3.488000E+2	-1.133050E-5	1.136220E-7
-3.409000E+2	-1.130630E-5	4.656640E-8
-3.409000E+2	-1.130630E-5	4.656640E-8
-3.137000E+2	-1.166210E-5	1.154840E-7
-2.914000E+2	-1.153360E-5	1.229350E-7
-2.831000E+2	-1.134730E-5	1.620510E-7
-2.726000E+2	-1.125040E-5	1.881280E-7
-2.509000E+2	-1.140880E-5	4.097840E-8
-2.380000E+2	-1.124300E-5	1.862660E-8
-2.175000E+2	-1.077550E-5	6.705570E-8
-2.070000E+2	-1.077550E-5	6.705570E-8
-1.870000E+2	-1.033030E-5	-3.352780E-8
-1.759000E+2	-1.019800E-5	-1.639140E-7
-1.567000E+2	-1.009560E-5	-6.333040E-8
-1.567000E+2	-1.009560E-5	-6.333040E-8
-1.354000E+2	-1.014220E-5	7.450630E-8
-1.128000E+2	-9.859040E-6	2.011670E-7
-1.023000E+2	-9.801300E-6	1.806770E-7
-8.080000E+1	-9.471610E-6	-1.080340E-7
-6.980000E+1	-9.223880E-6	-1.657760E-7
-5.770000E+1	-9.033890E-6	-1.546000E-7
-3.740000E+1	-8.182660E-6	-1.657760E-7
-2.770000E+1	-7.670430E-6	-1.117590E-7
-6.900000E+0	-6.562130E-6	0.000000E+0
2.200000E+0	-5.381210E-6	-1.732270E-7
1.430000E+1	-4.334400E-6	-2.756730E-7
3.540000E+1	-1.329940E-6	-3.408660E-7
4.720000E+1	1.043090E-7	-3.613550E-7
6.860000E+1	2.598400E-6	-1.639140E-7
8.070000E+1	3.702950E-6	-2.253810E-7
9.020000E+1	4.630560E-6	-2.235180E-7
1.137000E+2	6.157930E-6	-1.136220E-7
1.137000E+2	6.157930E-6	-1.136220E-7
1.348000E+2	7.048280E-6	-1.341110E-7
1.560000E+2	7.582860E-6	-2.514590E-7
1.672000E+2	7.985220E-6	-2.142050E-7
1.864000E+2	8.115600E-6	-2.309690E-7
1.976000E+2	8.059720E-6	-2.756730E-7
2.168000E+2	8.072760E-6	-1.546000E-7
2.278000E+2	8.253440E-6	-3.725320E-9
2.473000E+2	8.788020E-6	1.266610E-7
2.602000E+2	9.087900E-6	1.974410E-7
2.794000E+2	9.581500E-6	1.732270E-7
2.904000E+2	9.851590E-6	1.415620E-7
2.994000E+2	1.015890E-5	8.940740E-8
3.227000E+2	1.047000E-5	1.806770E-7
3.324000E+2	1.052030E-5	1.415620E-7
3.324000E+2	1.052030E-5	1.415620E-7
3.658000E+2	1.064690E-5	-2.514590E-7
3.777000E+2	1.063580E-5	-2.104800E-7
3.990000E+2	1.062640E-5	5.960510E-8
4.114000E+2	1.064510E-5	3.539050E-8
4.204000E+2	1.055190E-5	5.401690E-8
4.415000E+2	1.036750E-5	1.043090E-7
4.512000E+2	1.042710E-5	1.844030E-7
4.716000E+2	1.073820E-5	1.061710E-7
4.818000E+2	1.078850E-5	1.918530E-7
5.020000E+2	1.085000E-5	3.147890E-7
5.127000E+2	1.087420E-5	3.017500E-7
5.326000E+2	1.074750E-5	-3.539050E-8
5.457000E+2	1.065440E-5	-1.043090E-7
5.660000E+2	1.052770E-5	-7.078100E-8
5.766000E+2	1.044020E-5	2.421450E-8
5.964000E+2	1.033770E-5	1.527380E-7
6.076000E+2	1.021670E-5	1.434250E-7
6.180000E+2	1.019990E-5	2.086170E-7
6.403000E+2	1.026510E-5	5.215430E-8
6.515000E+2	1.028740E-5	7.450630E-8
6.715000E+2	1.058170E-5	1.899910E-7
6.820000E+2	1.060780E-5	9.313270E-8
7.026000E+2	1.049230E-5	5.587960E-8
7.127000E+2	1.053700E-5	8.195680E-8
7.339000E+2	1.054450E-5	1.173470E-7
7.434000E+2	1.070650E-5	5.774220E-8
7.650000E+2	1.079220E-5	2.011670E-7
7.775000E+2	1.074940E-5	1.117590E-7
7.984000E+2	1.068050E-5	-1.210730E-7
8.082000E+2	1.071770E-5	-9.313280E-9
8.182000E+2	1.057430E-5	1.732270E-7
8.423000E+2	1.041780E-5	3.315530E-7
8.525000E+2	1.042160E-5	3.092010E-7
8.639000E+2	1.038800E-5	3.948830E-7
8.860000E+2	1.030610E-5	2.048920E-7
8.860000E+2	1.030610E-5	2.048920E-7
9.201000E+2	1.042900E-5	2.551840E-7
9.312000E+2	1.052210E-5	2.551840E-7
9.421000E+2	1.085000E-5	1.732270E-7
9.650000E+2	1.129330E-5	1.024460E-7
9.766000E+2	1.143110E-5	9.499540E-8
9.969000E+2	1.155030E-5	2.458710E-7
1.008000E+3	1.148510E-5	3.017500E-7
1.028700E+3	1.141060E-5	2.626350E-7
1.039300E+3	1.151310E-5	2.253810E-7
1.060400E+3	1.144040E-5	3.203770E-7
1.070300E+3	1.140500E-5	1.974410E-7
1.092000E+3	1.134920E-5	5.215430E-8
1.101400E+3	1.131940E-5	7.823160E-8
1.123300E+3	1.137710E-5	3.948830E-7
1.132600E+3	1.153540E-5	4.563500E-7
1.154300E+3	1.175330E-5	5.178190E-7
1.163600E+3	1.182410E-5	4.097840E-7
1.185200E+3	1.189860E-5	4.097840E-7
1.195000E+3	1.187810E-5	2.067550E-7
1.206600E+3	1.187630E-5	2.551840E-7
1.228600E+3	1.174590E-5	1.490130E-7
1.240000E+3	1.156890E-5	2.533220E-7
1.262600E+3	1.182970E-5	2.793990E-7
1.273200E+3	1.196010E-5	2.440080E-7
1.293500E+3	1.235680E-5	2.868490E-7
1.304600E+3	1.233450E-5	3.669430E-7
1.324300E+3	1.248350E-5	4.265480E-7
1.335700E+3	1.242760E-5	3.781190E-7
1.335700E+3	1.242760E-5	3.781190E-7
1.368800E+3	1.288960E-5	3.911580E-8
1.368800E+3	1.288960E-5	3.911580E-8
1.391900E+3	1.310000E-5	1.601880E-7
1.415000E+3	1.353590E-5	2.272440E-7
1.425300E+3	1.360480E-5	3.017500E-7
1.445500E+3	1.341860E-5	3.408660E-7
1.455200E+3	1.338320E-5	3.725310E-7
1.475800E+3	1.349860E-5	4.172340E-7
1.484800E+3	1.355830E-5	3.203770E-7
1.505700E+3	1.385260E-5	4.656640E-8
1.517600E+3	1.383580E-5	1.862660E-9
1.526900E+3	1.386370E-5	2.048920E-8
1.547500E+3	1.388240E-5	7.078100E-8
1.557200E+3	1.411520E-5	-3.352780E-8
1.580300E+3	1.446910E-5	-1.434250E-7
1.590400E+3	1.459020E-5	-2.048920E-8
1.610600E+3	1.505210E-5	-6.146770E-8
1.620200E+3	1.516570E-5	-2.048920E-8
1.641000E+3	1.553270E-5	4.656640E-8
1.651100E+3	1.557930E-5	2.216560E-7
1.665100E+3	1.552340E-5	3.948830E-7
1.684600E+3	1.580090E-5	3.110640E-7
1.694900E+3	1.605610E-5	2.048920E-7
1.714200E+3	1.641190E-5	3.166520E-8
1.725400E+3	1.634110E-5	1.117590E-7
1.744700E+3	1.620140E-5	9.313270E-8
1.755600E+3	1.637090E-5	8.009420E-8
1.775400E+3	1.645470E-5	1.396990E-7
1.785700E+3	1.651620E-5	2.086170E-7
1.805800E+3	1.658880E-5	3.390030E-7
1.815500E+3	1.670800E-5	2.756730E-7
1.837900E+3	1.685710E-5	1.993040E-7
1.848400E+3	1.684590E-5	9.127010E-8
1.860300E+3	1.687010E-5	-5.774220E-8
1.881400E+3	1.712710E-5	-9.685800E-8
1.881400E+3	1.712710E-5	-9.685800E-8
1.893200E+3	1.730970E-5	-9.685800E-8
1.926300E+3	1.708430E-5	3.054760E-7
1.935700E+3	1.706190E-5	3.986080E-7
1.947000E+3	1.695950E-5	1.993040E-7
1.968300E+3	1.665590E-5	8.754480E-8
1.979100E+3	1.633370E-5	8.381950E-8
1.979100E+3	1.633370E-5	8.381950E-8
2.001100E+3	1.558110E-5	7.636890E-8
2.031300E+3	1.413940E-5	1.490130E-7
2.043700E+3	1.350050E-5	2.682230E-7
2.054900E+3	1.297710E-5	2.160680E-7
2.074300E+3	1.158570E-5	2.700850E-7
2.085400E+3	1.044950E-5	3.147890E-7
2.104800E+3	8.400590E-6	1.285230E-7
2.115600E+3	7.538150E-6	1.303860E-8
2.135400E+3	5.509730E-6	-2.868490E-7
2.148600E+3	4.319500E-6	-2.551840E-7
2.157600E+3	3.267090E-6	-3.334150E-7
2.178400E+3	6.109510E-7	-2.384200E-7
2.178400E+3	6.109510E-7	-2.384200E-7
2.208200E+3	-3.214940E-6	-3.036130E-7
2.217100E+3	-4.587720E-6	-2.700850E-7
2.241000E+3	-7.443160E-6	-3.594920E-7
2.250000E+3	-8.503030E-6	-3.222390E-7
2.270700E+3	-1.036380E-5	-4.582130E-7
2.280300E+3	-1.116100E-5	-5.662480E-7
2.300900E+3	-1.244810E-5	-6.500670E-7
2.310100E+3	-1.342040E-5	-6.649680E-7
2.324200E+3	-1.388790E-5	-6.146770E-7
2.343700E+3	-1.489380E-5	-7.581000E-7
2.356700E+3	-1.537630E-5	-6.277150E-7
2.376500E+3	-1.611760E-5	-4.451740E-7
2.387500E+3	-1.653300E-5	-4.265480E-7
2.406800E+3	-1.736000E-5	-2.980250E-7
2.418000E+3	-1.753510E-5	-3.483160E-7
2.430700E+3	-1.788710E-5	-2.216560E-7
2.450200E+3	-1.800070E-5	-3.296900E-7
2.460700E+3	-1.803800E-5	-4.656630E-7
2.482400E+3	-1.804540E-5	-4.153720E-7
2.482400E+3	-1.804540E-5	-4.153720E-7
2.505800E+3	-1.807520E-5	-5.066430E-7
2.526100E+3	-1.827640E-5	-7.543750E-7
2.538900E+3	-1.846270E-5	-7.469240E-7
2.547800E+3	-1.832480E-5	-1.022600E-6
2.571800E+3	-1.827270E-5	-9.946600E-7
2.580700E+3	-1.806030E-5	-1.169750E-6
2.604300E+3	-1.792250E-5	-6.649680E-7
2.613400E+3	-1.769900E-5	-5.085060E-7
2.623500E+3	-1.769900E-5	-5.085060E-7
2.646400E+3	-1.735070E-5	-2.812610E-7
2.655600E+3	-1.719050E-5	-4.824290E-7
2.676200E+3	-1.687010E-5	-3.352780E-7
2.686100E+3	-1.685330E-5	-2.514590E-7
2.686100E+3	-1.685330E-5	-2.514590E-7
2.718500E+3	-1.622190E-5	-4.656630E-7
2.729800E+3	-1.611390E-5	-3.427290E-7
2.751500E+3	-1.560720E-5	-3.725310E-8
2.762200E+3	-1.548610E-5	5.960510E-8
2.772700E+3	-1.536880E-5	-1.862660E-8
2.794400E+3	-1.519370E-5	-3.520420E-7
2.805700E+3	-1.519920E-5	-4.041960E-7
2.825300E+3	-1.502790E-5	-8.065290E-7
2.836100E+3	-1.489190E-5	-9.182880E-7
2.858800E+3	-1.469450E-5	-9.071120E-7
2.869300E+3	-1.452680E-5	-8.512320E-7
2.889400E+3	-1.441510E-5	-7.450620E-7
2.889400E+3	-1.441510E-5	-7.450620E-7
2.908200E+3	-1.425120E-5	-4.451740E-7
2.929000E+3	-1.425120E-5	-4.451740E-7
2.938100E+3	-1.391960E-5	-6.035010E-7
2.962000E+3	-1.373330E-5	-4.526250E-7
2.971000E+3	-1.352290E-5	-4.917420E-7
2.991700E+3	-1.339810E-5	-3.278270E-7
3.001300E+3	-1.327510E-5	-2.700850E-7
3.021700E+3	-1.310000E-5	-1.601880E-7
3.031000E+3	-1.305910E-5	-1.546000E-7
3.051900E+3	-1.295290E-5	-4.228220E-7
3.061600E+3	-1.291190E-5	-5.569350E-7
3.075700E+3	-1.296970E-5	-6.072260E-7
3.095100E+3	-1.280760E-5	-7.562380E-7
3.106200E+3	-1.275920E-5	-6.761440E-7
3.125800E+3	-1.273120E-5	-6.090890E-7
3.136000E+3	-1.251520E-5	-6.128140E-7
3.155300E+3	-1.222830E-5	-5.103680E-7
3.166500E+3	-1.214260E-5	-3.818440E-7
3.186100E+3	-1.226000E-5	-1.080340E-7
3.196800E+3	-1.219670E-5	-9.313270E-8
3.219700E+3	-1.229910E-5	-2.030290E-7
3.230000E+3	-1.214640E-5	-2.514590E-7
3.238800E+3	-1.159870E-5	-3.781190E-7
3.263000E+3	-1.133980E-5	-2.682230E-7
3.272000E+3	-1.113500E-5	-2.998880E-7
3.295400E+3	-1.117970E-5	-3.688060E-7
3.305000E+3	-1.101760E-5	-4.023330E-7
3.314600E+3	-1.093560E-5	-4.582130E-7
3.334700E+3	-1.060040E-5	-4.507620E-7
3.344800E+3	-1.047180E-5	-4.507620E-7
3.364600E+3	-1.033220E-5	-1.918530E-7
3.375500E+3	-1.012170E-5	-1.098970E-7
3.395000E+3	-9.942860E-6	-1.769520E-7
3.406300E+3	-9.834820E-6	-2.738110E-7
3.425600E+3	-9.518170E-6	-3.781190E-7
3.437000E+3	-9.406420E-6	-4.097840E-7
3.458400E+3	-9.160550E-6	-3.948830E-7
3.469300E+3	-9.227600E-6	-3.706680E-7
3.479400E+3	-9.168000E-6	-4.973300E-7
3.501300E+3	-8.840170E-6	-4.787030E-7
3.512100E+3	-8.829000E-6	-2.458710E-7
3.532000E+3	-8.786160E-6	-3.557670E-7
3.532000E+3	-8.786160E-6	-3.557670E-7
3.562400E+3	-8.603620E-6	-2.961620E-7
3.572300E+3	-8.689300E-6	-3.948830E-7
3.594700E+3	-8.687440E-6	-1.061710E-7
3.605300E+3	-8.650180E-6	-7.450640E-9
3.614300E+3	-8.478820E-6	-1.583260E-7
3.635600E+3	-8.380100E-6	-1.546000E-7
3.644800E+3	-8.352160E-6	-2.551840E-7
3.665800E+3	-8.486270E-6	-4.842900E-8
3.675500E+3	-8.357750E-6	5.587960E-9
3.695700E+3	-8.000120E-6	1.490130E-8
3.705900E+3	-7.776600E-6	5.960510E-8
3.728800E+3	-7.281110E-6	5.029160E-8
3.738300E+3	-7.089260E-6	0.000000E+0
3.751200E+3	-7.087390E-6	6.891830E-8
3.770700E+3	-7.147000E-6	9.499540E-8
3.783400E+3	-7.232680E-6	1.471500E-7
3.803600E+3	-7.418940E-6	6.333040E-8
3.815700E+3	-7.426400E-6	-3.166520E-8
3.815700E+3	-7.426400E-6	-3.166520E-8
3.846100E+3	-7.098570E-6	8.381950E-8
3.857400E+3	-7.074360E-6	6.146770E-8
3.879400E+3	-6.968180E-6	2.365570E-7
3.890700E+3	-6.852700E-6	2.328320E-7
3.909100E+3	-6.878780E-6	2.253810E-7
3.920300E+3	-6.776330E-6	9.685800E-8
3.939500E+3	-6.806130E-6	-9.313280E-9
3.950700E+3	-6.748390E-6	-1.117590E-7
3.959800E+3	-6.634770E-6	-1.806770E-7
3.983900E+3	-6.439190E-6	-2.253810E-7
3.992800E+3	-6.318120E-6	-4.712510E-7
4.013600E+3	-6.390760E-6	-3.464540E-7
4.022900E+3	-6.375860E-6	-3.483160E-7
4.047000E+3	-6.651530E-6	-2.216560E-7
4.056000E+3	-6.729770E-6	-3.427290E-7
4.066300E+3	-6.694380E-6	-3.036130E-7
4.089200E+3	-6.655260E-6	-1.080340E-7
4.101100E+3	-6.534190E-6	-1.396990E-7
4.111600E+3	-6.651530E-6	-5.774220E-8
4.131300E+3	-6.411250E-6	-7.823160E-8
4.142500E+3	-6.375860E-6	1.527380E-7
4.161800E+3	-6.191460E-6	-3.539050E-8
4.173100E+3	-6.068530E-6	-7.078100E-8
4.194600E+3	-5.867360E-6	-1.434250E-7
4.205400E+3	-5.746290E-6	-8.940740E-8
4.215700E+3	-5.694140E-6	-1.508750E-7
4.237700E+3	-5.740700E-6	-4.861540E-7
4.248700E+3	-5.630810E-6	-5.085060E-7
4.260600E+3	-5.606590E-6	-4.004710E-7
4.283700E+3	-5.668060E-6	-2.570470E-7
4.293300E+3	-5.705310E-6	-2.868490E-7
4.314100E+3	-5.699720E-6	-2.905740E-7
4.314100E+3	-5.699720E-6	-2.905740E-7
4.323300E+3	-5.569340E-6	-3.818440E-7
4.353400E+3	-5.316020E-6	-8.009420E-8
4.374700E+3	-5.107400E-6	2.309690E-7
4.383500E+3	-4.852220E-6	1.993040E-7
4.404800E+3	-4.855950E-6	1.769520E-7
4.413800E+3	-4.794480E-6	-3.352780E-8
4.435100E+3	-4.688310E-6	-3.352780E-8
4.435100E+3	-4.688310E-6	-3.352780E-8
4.465100E+3	-4.656640E-6	-1.285230E-7
4.476900E+3	-4.723700E-6	-2.551840E-7
4.487200E+3	-4.792620E-6	-3.166510E-7
4.487200E+3	-4.792620E-6	-3.166510E-7
4.518700E+3	-4.805650E-6	-5.308580E-7
4.537000E+3	-4.759090E-6	-4.135090E-7
4.548200E+3	-4.606350E-6	-4.898790E-7
4.567200E+3	-4.587720E-6	-4.060580E-7
4.578400E+3	-4.479690E-6	-3.799810E-7
4.597700E+3	-4.319500E-6	-3.334150E-7
4.611500E+3	-4.369790E-6	-2.160680E-7
4.611500E+3	-4.369790E-6	-2.160680E-7
4.644200E+3	-4.207740E-6	1.527380E-7
4.653900E+3	-4.120200E-6	7.264360E-8
4.676700E+3	-4.155590E-6	1.117590E-8
4.676700E+3	-4.155590E-6	1.117590E-8
4.696400E+3	-3.965600E-6	-7.078100E-8
4.717700E+3	-3.848250E-6	-2.924370E-7
4.729700E+3	-3.675010E-6	-3.706680E-7
4.751000E+3	-3.745790E-6	-3.390030E-7
4.760000E+3	-3.652660E-6	-4.246850E-7
4.760000E+3	-3.652660E-6	-4.246850E-7
4.793100E+3	-3.630310E-6	-4.973300E-7
4.803400E+3	-3.708540E-6	-4.917420E-7
4.823500E+3	-3.987950E-6	-3.017500E-7
4.834100E+3	-4.189120E-6	-2.253810E-7
4.856400E+3	-3.904130E-6	-3.986080E-7
4.866300E+3	-3.885510E-6	-4.079210E-7
4.877400E+3	-3.945110E-6	-3.762560E-7
4.899500E+3	-3.945110E-6	-3.762560E-7
4.910500E+3	-3.879920E-6	-1.303860E-7
4.931900E+3	-3.743930E-6	1.378370E-7
4.943200E+3	-3.801670E-6	1.266610E-7
4.962400E+3	-3.794220E-6	1.266610E-7
4.973700E+3	-3.794220E-6	1.266610E-7
4.982800E+3	-3.596780E-6	-7.078100E-8
5.004100E+3	-3.427280E-6	-1.601880E-7
5.013100E+3	-3.518550E-6	-5.587960E-8
5.037000E+3	-3.153470E-6	1.005830E-7
5.046200E+3	-2.935540E-6	2.086170E-7
5.067300E+3	-2.987700E-6	2.887120E-7
5.076400E+3	-2.997010E-6	1.937160E-7
5.097600E+3	-2.978380E-6	-2.235190E-8
5.106600E+3	-3.010050E-6	-9.685800E-8
5.106600E+3	-3.010050E-6	-9.685800E-8
5.139300E+3	-3.043580E-6	-3.352780E-7
5.149600E+3	-2.957900E-6	-2.700850E-7
5.169100E+3	-2.738100E-6	-4.302730E-7
5.180000E+3	-2.944860E-6	-2.570470E-7
5.199300E+3	-2.935540E-6	-1.527380E-7
5.210500E+3	-3.010050E-6	-1.080340E-7
5.232100E+3	-3.153470E-6	-1.024460E-7
5.242900E+3	-3.149750E-6	2.048920E-7
5.255900E+3	-3.056620E-6	2.551840E-7
5.275200E+3	-2.816330E-6	2.793980E-8
5.288500E+3	-2.775360E-6	4.284110E-8
5.298600E+3	-2.719480E-6	3.911580E-8
5.320700E+3	-2.730650E-6	2.272440E-7
5.331700E+3	-2.685950E-6	1.806770E-7
5.351500E+3	-2.566740E-6	5.029160E-8
5.362000E+3	-2.395380E-6	-1.303860E-8
5.382200E+3	-2.412140E-6	-3.911580E-8
5.392100E+3	-2.402830E-6	-1.005830E-7
5.415500E+3	-2.434490E-6	5.029160E-8
5.425100E+3	-2.406550E-6	5.029160E-8
5.434100E+3	-2.300380E-6	8.009420E-8
5.455400E+3	-2.248230E-6	1.564630E-7
5.464600E+3	-2.210970E-6	2.365570E-7
5.485400E+3	-2.173720E-6	1.005830E-7
5.495200E+3	-2.289210E-6	3.725320E-9
5.518700E+3	-2.564880E-6	-1.527380E-7
5.527800E+3	-2.551840E-6	-8.195680E-8
5.527800E+3	-2.551840E-6	-8.195680E-8
5.548900E+3	-2.460570E-6	-4.079210E-7
5.578800E+3	-2.278030E-6	-4.079210E-7
5.588800E+3	-2.317150E-6	-2.160680E-7
5.608900E+3	-2.143920E-6	-3.352780E-8
5.619400E+3	-2.205390E-6	1.974410E-7
5.630100E+3	-2.121570E-6	2.756730E-7
5.653000E+3	-1.899910E-6	2.738110E-7
5.663400E+3	-1.806770E-6	1.341110E-7
5.685300E+3	-1.851480E-6	-1.490130E-8
5.696400E+3	-1.950200E-6	-1.564630E-7
5.716000E+3	-2.121570E-6	-2.831240E-7
5.726700E+3	-2.186760E-6	-2.160680E-7
5.738700E+3	-2.186760E-6	-1.750900E-7
5.761500E+3	-2.458710E-6	-2.607720E-7
5.771800E+3	-2.432630E-6	-2.626350E-7
5.792000E+3	-2.434490E-6	-1.452870E-7
5.801800E+3	-2.412140E-6	-9.127010E-8
5.811300E+3	-2.440080E-6	-1.508750E-7
5.831900E+3	-2.160680E-6	-1.564630E-7
5.842000E+3	-2.102940E-6	2.421450E-8
5.865300E+3	-2.114120E-6	-4.097840E-8
5.874400E+3	-2.313420E-6	7.823160E-8
5.887500E+3	-2.197940E-6	-3.725310E-8
5.907600E+3	-2.272440E-6	-3.911580E-8
5.918500E+3	-2.279890E-6	2.048920E-8
5.938100E+3	-2.011670E-6	-8.009420E-8
5.950900E+3	-2.050790E-6	-1.247980E-7
5.971100E+3	-2.050790E-6	-1.247980E-7
5.981800E+3	-2.227740E-6	8.381950E-8
6.001200E+3	-1.929710E-6	1.527380E-7
6.012200E+3	-1.855200E-6	1.378370E-7
6.022200E+3	-1.981870E-6	3.147890E-7
6.045300E+3	-2.104800E-6	4.228220E-7
6.055100E+3	-2.089900E-6	2.551840E-7
6.075900E+3	-2.171860E-6	2.551840E-7
6.085200E+3	-2.156960E-6	1.266610E-7
6.106400E+3	-2.186760E-6	3.948830E-7
6.106400E+3	-2.186760E-6	3.948830E-7
6.136400E+3	-2.075000E-6	2.905740E-7
6.145700E+3	-2.011670E-6	1.993040E-7
6.167100E+3	-1.965110E-6	2.812610E-7
6.176300E+3	-1.948340E-6	4.302730E-7
6.197600E+3	-2.017260E-6	5.066430E-7
6.206700E+3	-2.017260E-6	5.066430E-7
6.227900E+3	-1.860790E-6	3.483160E-7
6.237300E+3	-1.927850E-6	2.365570E-7
6.248500E+3	-1.877550E-6	1.862650E-7
6.270100E+3	-1.685700E-6	8.940740E-8
6.280900E+3	-1.695010E-6	1.303860E-7
6.303200E+3	-1.695010E-6	2.793980E-8
6.314200E+3	-1.797460E-6	-5.774220E-8
6.324300E+3	-1.790010E-6	-8.940740E-8
6.346700E+3	-1.963240E-6	5.401690E-8
6.357600E+3	-1.963240E-6	5.401690E-8
6.379400E+3	-1.976280E-6	1.098970E-7
6.379400E+3	-1.976280E-6	1.098970E-7
6.410100E+3	-1.952070E-6	4.582130E-7
6.421100E+3	-1.996770E-6	3.483160E-7
6.433200E+3	-2.000500E-6	2.849870E-7
6.453700E+3	-1.830990E-6	7.264360E-8
6.466300E+3	-1.708050E-6	4.470370E-8
6.475400E+3	-1.654040E-6	-1.844030E-7
6.499200E+3	-1.654040E-6	-1.844030E-7
6.508600E+3	-1.592570E-6	6.519300E-8
6.518800E+3	-1.631680E-6	-5.587960E-8
6.542300E+3	-1.663350E-6	-1.434250E-7
6.552800E+3	-1.674530E-6	-4.842900E-8
6.572800E+3	-1.503160E-6	1.490130E-8
6.583800E+3	-1.600020E-6	8.381950E-8
6.603000E+3	-1.616780E-6	2.253810E-7
6.603000E+3	-1.616780E-6	2.253810E-7
6.633100E+3	-1.937170E-6	-1.396990E-7
6.646700E+3	-1.942750E-6	-2.775360E-7
6.657300E+3	-2.067550E-6	-3.594920E-7
6.679200E+3	-2.179310E-6	-3.017500E-7
6.679200E+3	-2.179310E-6	-3.017500E-7
6.711700E+3	-2.244500E-6	-2.831240E-7
6.723000E+3	-2.114120E-6	-1.434250E-7
6.732900E+3	-2.091770E-6	-1.713640E-7
6.755800E+3	-2.022850E-6	-7.450640E-9
6.766400E+3	-1.793730E-6	-4.097840E-8
6.766400E+3	-1.793730E-6	-4.097840E-8
6.796800E+3	-1.637270E-6	-5.960510E-8
6.817500E+3	-1.750890E-6	-7.450640E-9
6.827000E+3	-1.661490E-6	-2.235190E-8
6.836900E+3	-1.652170E-6	7.823160E-8
6.860200E+3	-1.521790E-6	-2.607710E-8
6.869300E+3	-1.497570E-6	2.048920E-8
6.893400E+3	-1.361600E-6	1.192100E-7
6.902400E+3	-1.393270E-6	1.490130E-7
6.915800E+3	-1.400720E-6	8.754480E-8
6.935500E+3	-1.613060E-6	1.415620E-7
6.948200E+3	-1.508750E-6	2.402830E-7
6.968400E+3	-1.637270E-6	2.495960E-7
6.978500E+3	-1.670800E-6	3.315530E-7
6.998500E+3	-1.348560E-6	1.732270E-7
7.009200E+3	-1.411890E-6	8.195680E-8
7.028800E+3	-1.410030E-6	-3.539050E-8
7.040000E+3	-1.374640E-6	1.862660E-8
7.059600E+3	-1.553450E-6	-1.154840E-7
7.070900E+3	-1.536690E-6	-1.080340E-7
7.070900E+3	-1.536690E-6	-1.080340E-7
7.103700E+3	-1.695010E-6	-7.078100E-8
7.114000E+3	-1.683840E-6	-2.514590E-7
7.134500E+3	-1.888730E-6	-2.346940E-7
7.144300E+3	-1.825400E-6	-3.594920E-7
7.165400E+3	-1.739720E-6	-3.408660E-7
7.174600E+3	-1.600020E-6	-3.445910E-7
7.197900E+3	-1.844030E-6	-1.695020E-7
7.207800E+3	-1.829120E-6	-8.009420E-8
7.207800E+3	-1.829120E-6	-8.009420E-8
7.241100E+3	-1.629820E-6	2.160680E-7
7.250100E+3	-1.702460E-6	2.160680E-7
7.271600E+3	-1.808640E-6	-1.806770E-7
7.280800E+3	-1.767660E-6	-9.313270E-8
7.302000E+3	-1.311310E-6	-1.862650E-7
7.311900E+3	-1.121320E-6	-2.309690E-7
7.323100E+3	-1.156710E-6	-1.266610E-7
7.344500E+3	-1.063580E-6	-1.415620E-7
7.355700E+3	-1.175340E-6	-1.024460E-7
7.377500E+3	-1.108280E-6	-2.458710E-7
7.387900E+3	-1.182790E-6	-2.402830E-7
7.387900E+3	-1.182790E-6	-2.402830E-7
7.407700E+3	-1.152980E-6	-2.067550E-7
7.428800E+3	-1.372780E-6	-3.539040E-7
7.451200E+3	-1.728540E-6	-3.688060E-7
7.462200E+3	-1.788150E-6	-1.844030E-7
7.485000E+3	-1.708050E-6	7.823160E-8
7.495700E+3	-1.769520E-6	3.576300E-7
7.504700E+3	-1.734130E-6	4.600750E-7
7.528600E+3	-1.348560E-6	5.140940E-7
7.528600E+3	-1.348560E-6	5.140940E-7
7.561000E+3	-1.417480E-6	2.849870E-7
7.561000E+3	-1.417480E-6	2.849870E-7
7.580400E+3	-1.544140E-6	8.009420E-8
7.601100E+3	-1.326210E-6	-1.508750E-7
7.611300E+3	-1.393270E-6	-2.011670E-7
7.631500E+3	-1.329940E-6	-3.334150E-7
7.642100E+3	-1.346700E-6	-3.036130E-7
7.662000E+3	-1.188370E-6	-5.662480E-7
7.673100E+3	-1.242390E-6	-3.874320E-7
7.695300E+3	-1.141810E-6	-5.308580E-7
7.705700E+3	-1.246120E-6	-4.675260E-7
7.725600E+3	-1.246120E-6	-4.675260E-7
7.736500E+3	-1.395130E-6	3.725320E-9
7.756000E+3	-1.449150E-6	7.078100E-8
7.767200E+3	-1.544140E-6	2.458710E-7
7.777100E+3	-1.441690E-6	4.619380E-7
7.777100E+3	-1.441690E-6	4.619380E-7
7.810400E+3	-1.329940E-6	5.830120E-7
7.832300E+3	-1.227490E-6	4.917420E-7
7.843500E+3	-1.197690E-6	4.209600E-7
7.855900E+3	-1.097110E-6	3.650800E-7
7.876300E+3	-1.100830E-6	5.774220E-8
7.886300E+3	-1.100830E-6	-9.313280E-9
7.909200E+3	-1.328070E-6	2.980250E-8
7.919800E+3	-1.439830E-6	1.173470E-7
7.929000E+3	-1.376500E-6	1.732270E-7
7.950400E+3	-1.203280E-6	2.384200E-7
7.971000E+3	-1.370910E-6	3.781190E-7
7.980700E+3	-1.370910E-6	3.781190E-7
7.990500E+3	-1.242390E-6	2.272440E-7
8.010900E+3	-1.264740E-6	2.477340E-7
8.010900E+3	-1.264740E-6	2.477340E-7
8.044200E+3	-9.536820E-7	-2.067550E-7
8.053600E+3	-9.350520E-7	-2.831240E-7
8.074100E+3	-8.009410E-7	-2.402830E-7
8.074100E+3	-8.009410E-7	-2.402830E-7
8.095400E+3	-7.469240E-7	-2.533220E-7
8.116900E+3	-7.115340E-7	-1.750900E-7
8.128200E+3	-7.301610E-7	-1.583260E-7
8.147700E+3	-9.443650E-7	-2.477340E-7
8.161000E+3	-1.028190E-6	-1.899910E-7
8.180700E+3	-1.011420E-6	-2.440080E-7
8.192000E+3	-1.180920E-6	-1.639140E-7
8.202000E+3	-1.264740E-6	-1.955790E-7
8.202000E+3	-1.264740E-6	-1.955790E-7
8.235500E+3	-1.240530E-6	6.519300E-8
8.258600E+3	-1.303860E-6	1.117590E-7
8.269000E+3	-1.443560E-6	9.872060E-8
8.280800E+3	-1.404440E-6	-8.940740E-8
8.302000E+3	-1.441690E-6	-1.825400E-7
8.314300E+3	-1.339250E-6	-2.179300E-7
8.323800E+3	-1.152980E-6	-2.421460E-7
8.347900E+3	-9.201500E-7	-1.825400E-7
8.357000E+3	-7.618260E-7	-2.216560E-7
8.368000E+3	-7.692760E-7	-2.123420E-7
8.390200E+3	-6.910450E-7	-6.333040E-8
8.400300E+3	-6.333030E-7	-1.303860E-8
8.423500E+3	-6.686930E-7	-8.195680E-8
8.433900E+3	-7.227100E-7	-8.195680E-8
8.447000E+3	-8.493700E-7	-1.173470E-7
8.466300E+3	-1.017010E-6	-1.210730E-7
8.477400E+3	-1.175340E-6	-1.210730E-7
8.496900E+3	-1.188370E-6	-2.067550E-7
8.496900E+3	-1.188370E-6	-2.067550E-7
8.529600E+3	-1.324350E-6	-2.775360E-7
8.540800E+3	-1.290820E-6	-2.495960E-7
8.560500E+3	-1.236800E-6	-7.636890E-8
8.571700E+3	-1.102690E-6	3.539040E-7
8.580900E+3	-9.313260E-7	4.712510E-7
8.604400E+3	-9.220130E-7	5.513470E-7
8.614300E+3	-7.823150E-7	4.451740E-7
8.635200E+3	-1.002110E-6	1.732270E-7
8.644500E+3	-9.834840E-7	1.415620E-7
8.665800E+3	-1.197690E-6	2.533220E-7
8.675000E+3	-1.233080E-6	3.017500E-7
8.696300E+3	-1.141810E-6	2.477340E-7
8.705400E+3	-1.087790E-6	2.849870E-7
8.726500E+3	-1.536690E-6	5.643850E-7
8.735900E+3	-1.726680E-6	5.867370E-7
8.749000E+3	-1.763930E-6	6.016380E-7
8.769100E+3	-1.600020E-6	2.812610E-7
8.769100E+3	-1.600020E-6	2.812610E-7
8.802600E+3	-9.946600E-7	2.291060E-7
8.813700E+3	-8.251550E-7	3.576300E-7
8.832800E+3	-4.693880E-7	1.043090E-7
8.843600E+3	-5.736980E-7	1.061710E-7
8.863300E+3	-5.662480E-7	2.793980E-8
8.874400E+3	-5.830120E-7	-2.421450E-8
8.893900E+3	-4.693880E-7	-2.831240E-7
8.905100E+3	-5.792860E-7	-1.899910E-7
8.917600E+3	-6.761440E-7	-1.285230E-7
8.937600E+3	-8.400570E-7	5.774220E-8
8.947900E+3	-7.972160E-7	3.539050E-8
8.968500E+3	-4.116460E-7	2.104800E-7
8.981500E+3	-5.681100E-7	3.464540E-7
8.991100E+3	-6.090890E-7	2.924370E-7
9.015100E+3	-6.668310E-7	8.009420E-8
9.024400E+3	-6.351660E-7	3.911580E-8
9.045900E+3	-8.679960E-7	9.685800E-8
9.045900E+3	-8.679960E-7	9.685800E-8
9.068200E+3	-1.173470E-6	2.067550E-7
9.088300E+3	-1.115730E-6	1.415620E-7
9.099100E+3	-1.190240E-6	3.799810E-7
9.118600E+3	-1.143670E-6	3.799810E-7
9.129700E+3	-1.076620E-6	3.948830E-7
9.149100E+3	-7.376110E-7	1.061710E-7
9.162200E+3	-6.929080E-7	-1.490130E-8
9.182100E+3	-6.184020E-7	-1.918530E-7
9.193200E+3	-6.984960E-7	-1.750900E-7
9.212800E+3	-7.133970E-7	-2.551840E-7
9.224100E+3	-7.562380E-7	-3.725320E-9
9.243800E+3	-8.381940E-7	2.663600E-7
9.255200E+3	-7.692760E-7	2.179300E-7
9.267500E+3	-7.674130E-7	1.620510E-7
9.288100E+3	-8.568200E-7	2.048920E-8
9.298200E+3	-8.009410E-7	-2.607710E-8
9.318800E+3	-1.030050E-6	5.029160E-8
9.328400E+3	-1.003970E-6	5.774220E-8
9.351600E+3	-1.171610E-6	1.639140E-7
9.361900E+3	-1.164160E-6	2.142050E-7
9.371200E+3	-1.288960E-6	2.961620E-7
9.392100E+3	-1.231220E-6	1.750900E-7
9.401900E+3	-1.065440E-6	1.192100E-7
9.422500E+3	-9.257380E-7	8.754480E-8
9.434600E+3	-8.083920E-7	1.527380E-7
9.455800E+3	-1.015150E-6	1.061710E-7
9.455800E+3	-1.015150E-6	1.061710E-7
9.485900E+3	-9.201500E-7	-2.607710E-8
9.495900E+3	-8.083920E-7	-4.842900E-8
9.507100E+3	-6.035010E-7	-1.918530E-7
9.528600E+3	-6.295780E-7	-3.725310E-8
9.539800E+3	-5.308580E-7	3.725310E-8
9.559500E+3	-7.133970E-7	1.620510E-7
9.568200E+3	-7.879030E-7	2.216560E-7
9.580900E+3	-6.668310E-7	1.061710E-7
9.587200E+3	-7.431990E-7	1.490130E-8
9.593600E+3	-7.078090E-7	-2.048920E-8
9.596700E+3	-5.997750E-7	-7.823160E-8
9.595900E+3	-5.979130E-7	1.117590E-7
9.595100E+3	-6.966330E-7	2.477340E-7
9.586700E+3	-8.903480E-7	4.712510E-7
9.581400E+3	-7.208470E-7	3.427290E-7
9.573000E+3	-7.189850E-7	2.309690E-7
9.552400E+3	-8.828970E-7	3.352780E-7
9.539800E+3	-9.108370E-7	2.607720E-7
9.510700E+3	-1.149260E-6	1.452870E-7
9.496000E+3	-1.359740E-6	1.136220E-7
9.496000E+3	-1.359740E-6	1.136220E-7
9.448200E+3	-1.043090E-6	2.235190E-8
9.432200E+3	-9.760330E-7	5.960510E-8
9.404400E+3	-9.108370E-7	5.029160E-8
9.389700E+3	-9.648570E-7	6.705570E-8
9.364200E+3	-9.574070E-7	-1.490130E-8
9.351500E+3	-9.294640E-7	1.546000E-7
9.328700E+3	-6.873200E-7	5.029160E-8
9.318100E+3	-6.314400E-7	-3.911580E-8
9.318100E+3	-6.314400E-7	-3.911580E-8
9.286200E+3	-7.320230E-7	5.960510E-8
9.275300E+3	-7.692760E-7	1.061710E-7
9.266700E+3	-5.569350E-7	2.793980E-8
9.245300E+3	-2.887120E-7	2.980250E-7
9.236100E+3	-2.086170E-7	4.470370E-7
9.236100E+3	-2.086170E-7	4.470370E-7
9.204400E+3	-6.612430E-7	5.532090E-7
9.183400E+3	-9.518150E-7	5.532090E-7
9.173700E+3	-7.897650E-7	1.359740E-7
9.173700E+3	-7.897650E-7	1.359740E-7
9.140400E+3	-8.810350E-7	-3.539050E-8
9.127400E+3	-8.270180E-7	-8.195680E-8
9.116100E+3	-8.270180E-7	-8.195680E-8
9.116100E+3	-7.674130E-7	-4.842900E-8
9.083300E+3	-8.940730E-7	-8.009420E-8
9.083300E+3	-8.940730E-7	-8.009420E-8
9.052800E+3	-6.407540E-7	1.564630E-7
9.040500E+3	-6.128140E-7	1.713640E-7
9.020700E+3	-6.221270E-7	2.607710E-8
9.010900E+3	-7.003580E-7	8.940740E-8
8.987800E+3	-5.550720E-7	1.564630E-7
8.978400E+3	-5.755610E-7	2.365570E-7
8.969500E+3	-7.096710E-7	1.788150E-7
8.945500E+3	-7.636880E-7	-7.450630E-8
8.936500E+3	-8.251550E-7	-1.490130E-8
8.915500E+3	-8.251550E-7	-1.490130E-8
8.903400E+3	-9.611320E-7	-2.756730E-7
8.893000E+3	-9.425020E-7	-2.943000E-7
8.873500E+3	-8.754470E-7	-1.676390E-8
8.852300E+3	-6.128140E-7	1.117590E-8
8.852300E+3	-6.128140E-7	1.117590E-8
8.822300E+3	-5.923250E-7	1.825400E-7
8.822300E+3	-5.923250E-7	1.825400E-7
8.792300E+3	-7.320230E-7	3.241020E-7
8.782200E+3	-8.028040E-7	3.315530E-7
8.762300E+3	-1.108280E-6	6.798690E-7
8.751600E+3	-1.100830E-6	6.221270E-7
8.741200E+3	-1.138080E-6	4.936050E-7
8.719400E+3	-1.033780E-6	6.146770E-8
8.708300E+3	-1.033780E-6	6.146770E-8
8.688700E+3	-1.017010E-6	-2.067550E-7
8.678000E+3	-9.089740E-7	-3.501790E-7
8.657900E+3	-7.133970E-7	-4.656640E-8
8.647700E+3	-9.108370E-7	2.719480E-7
8.627400E+3	-9.015240E-7	1.732270E-7
8.617800E+3	-1.003970E-6	5.215430E-8
8.605700E+3	-1.056130E-6	3.352780E-8
8.584300E+3	-9.294640E-7	-1.192100E-7
8.575300E+3	-1.046810E-6	6.519300E-8
8.554200E+3	-1.011420E-6	1.639140E-7
8.542300E+3	-1.030050E-6	3.017500E-7
8.531900E+3	-1.069170E-6	2.868490E-7
8.509400E+3	-1.229350E-6	4.302730E-7
8.499700E+3	-1.201410E-6	4.265480E-7
8.479400E+3	-1.085930E-6	2.644970E-7
8.469100E+3	-9.853470E-7	6.705570E-8
8.449300E+3	-9.350520E-7	-1.117590E-7
8.438600E+3	-9.797590E-7	-7.636890E-8
8.419300E+3	-1.123180E-6	9.313270E-8
8.419300E+3	-1.123180E-6	9.313270E-8
8.398100E+3	-1.203280E-6	2.160680E-7
8.375600E+3	-1.100830E-6	-4.842900E-8
8.364900E+3	-1.082200E-6	-7.636890E-8
8.342000E+3	-1.074750E-6	-7.636890E-8
8.342000E+3	-1.074750E-6	-7.636890E-8
8.319800E+3	-1.294550E-6	1.303860E-8
8.298800E+3	-1.361600E-6	-6.705570E-8
8.286600E+3	-1.370910E-6	8.568210E-8
8.277500E+3	-1.348560E-6	1.844030E-7
8.253700E+3	-1.197690E-6	6.705570E-8
8.244600E+3	-1.195830E-6	7.823160E-8
8.221000E+3	-1.061720E-6	1.098970E-7
8.221000E+3	-1.061720E-6	1.098970E-7
8.211700E+3	-1.177200E-6	2.384200E-7
8.178500E+3	-1.141810E-6	1.378370E-7
8.178500E+3	-1.141810E-6	1.378370E-7
8.145400E+3	-1.190240E-6	2.607720E-7
8.135900E+3	-1.208860E-6	1.136220E-7
8.115400E+3	-1.283370E-6	-7.078100E-8
8.106100E+3	-1.247980E-6	-1.732270E-7
8.094900E+3	-1.158570E-6	-1.564630E-7
8.072900E+3	-1.005840E-6	7.450630E-8
8.061700E+3	-9.536820E-7	-2.980250E-8
8.042400E+3	-1.048680E-6	-1.676390E-8
8.031300E+3	-9.778960E-7	-4.842900E-8
8.011800E+3	-9.834840E-7	-4.842900E-8
8.001400E+3	-9.592700E-7	1.564630E-7
7.979100E+3	-1.311310E-6	1.136220E-7
7.967700E+3	-1.538550E-6	1.955790E-7
7.955300E+3	-1.577670E-6	2.123420E-7
7.935100E+3	-1.218180E-6	2.086170E-7
7.925000E+3	-1.324350E-6	1.732270E-7
7.904500E+3	-1.091520E-6	2.607710E-8
7.895200E+3	-1.091520E-6	2.607710E-8
7.885500E+3	-1.363460E-6	7.450640E-9
7.862200E+3	-1.188370E-6	2.421450E-8
7.853200E+3	-1.261020E-6	1.024460E-7
7.832400E+3	-1.190240E-6	-8.009420E-8
7.822800E+3	-1.052400E-6	-3.520420E-7
7.802500E+3	-1.192100E-6	-3.073380E-7
7.792400E+3	-1.117590E-6	-1.713640E-7
7.769200E+3	-1.266610E-6	7.450630E-8
7.759800E+3	-1.315030E-6	8.381950E-8
7.748600E+3	-1.426790E-6	8.381950E-8
7.727000E+3	-1.542280E-6	6.519300E-8
7.716100E+3	-1.294550E-6	-3.147890E-7
7.693900E+3	-1.059850E-6	-3.222390E-7
7.683800E+3	-9.201500E-7	-2.868490E-7
7.670600E+3	-9.257380E-7	-2.216560E-7
7.651200E+3	-1.313170E-6	-2.216560E-7
7.651200E+3	-1.313170E-6	-5.960510E-8
7.627400E+3	-1.534830E-6	-3.315530E-7
7.604800E+3	-1.672660E-6	-3.408660E-7
7.594300E+3	-1.596290E-6	-3.054760E-7
7.594300E+3	-1.596290E-6	-3.054760E-7
7.564200E+3	-1.542280E-6	-3.911580E-8
7.543500E+3	-1.303860E-6	-2.421450E-8
7.534100E+3	-1.190240E-6	-1.676390E-8
7.534100E+3	-1.190240E-6	-1.676390E-8
7.500900E+3	-1.078480E-6	-1.676390E-8
7.500900E+3	-1.078480E-6	-1.676390E-8
7.467900E+3	-1.173470E-6	2.682230E-7
7.459100E+3	-1.333660E-6	2.421460E-7
7.448600E+3	-1.452870E-6	2.365570E-7
7.426400E+3	-1.834710E-6	2.719480E-7
7.426400E+3	-1.834710E-6	2.719480E-7
7.393400E+3	-1.449150E-6	3.539050E-8
7.384200E+3	-1.478950E-6	-9.872060E-8
7.373000E+3	-1.451010E-6	-1.136220E-7
7.353800E+3	-1.441690E-6	-1.378370E-7
7.333200E+3	-1.374640E-6	3.166520E-8
7.322900E+3	-1.385820E-6	5.587960E-9
7.311900E+3	-1.547870E-6	2.402830E-7
7.292400E+3	-1.654040E-6	3.688060E-7
7.281900E+3	-1.618650E-6	5.066430E-7
7.260100E+3	-1.302000E-6	6.482040E-7
7.248900E+3	-1.253570E-6	6.482040E-7
7.227400E+3	-1.486400E-6	2.142050E-7
7.216200E+3	-1.441690E-6	-3.539050E-8
7.203400E+3	-1.411890E-6	-1.285230E-7
7.182900E+3	-1.361600E-6	-4.414490E-7
7.173300E+3	-1.410030E-6	-3.613550E-7
7.161300E+3	-1.555320E-6	-8.009420E-8
7.140100E+3	-1.432380E-6	1.657760E-7
7.130900E+3	-1.367190E-6	7.450630E-8
7.130900E+3	-1.367190E-6	7.450630E-8
7.098300E+3	-1.478950E-6	1.862660E-9
7.087400E+3	-1.493850E-6	7.823160E-8
7.065100E+3	-1.631680E-6	1.415620E-7
7.065100E+3	-1.631680E-6	1.415620E-7
7.055200E+3	-1.683840E-6	1.546000E-7
7.024500E+3	-1.722950E-6	2.775360E-7
7.001600E+3	-1.780700E-6	3.539050E-8
6.991900E+3	-1.806770E-6	-1.471500E-7
6.971500E+3	-1.885000E-6	-1.285230E-7
6.961300E+3	-1.883140E-6	-4.842900E-8
6.950300E+3	-1.935300E-6	7.264360E-8
6.928600E+3	-1.916680E-6	-7.078100E-8
6.917400E+3	-1.937170E-6	0.000000E+0
6.897900E+3	-1.877550E-6	1.229350E-7
6.886700E+3	-1.825400E-6	7.078100E-8
6.886700E+3	-1.825400E-6	7.078100E-8
6.854100E+3	-1.626100E-6	4.097840E-8
6.844400E+3	-1.657760E-6	7.823160E-8
6.823500E+3	-1.547870E-6	-2.458710E-7
6.814300E+3	-1.665210E-6	-2.216560E-7
6.793200E+3	-1.754620E-6	-1.452870E-7
6.793200E+3	-1.754620E-6	-1.452870E-7
6.760900E+3	-1.953930E-6	3.334150E-7
6.751700E+3	-1.905490E-6	2.421460E-7
6.739600E+3	-2.091770E-6	1.806770E-7
6.718500E+3	-2.011670E-6	-1.229350E-7
6.706400E+3	-1.901770E-6	-1.303860E-7
6.685200E+3	-1.663350E-6	-4.656640E-8
6.675800E+3	-1.560900E-6	-1.061710E-7
6.654900E+3	-1.637270E-6	-6.146770E-8
6.645700E+3	-1.629820E-6	-3.166520E-8
6.634400E+3	-1.629820E-6	-3.166520E-8
6.612100E+3	-1.678250E-6	-2.682230E-7
6.612100E+3	-1.678250E-6	-2.682230E-7
6.600800E+3	-1.618650E-6	-3.334150E-7
6.570300E+3	-1.821670E-6	-3.669430E-7
6.561000E+3	-1.972560E-6	-1.359740E-7
6.537800E+3	-1.849610E-6	-1.862660E-9
6.537800E+3	-1.849610E-6	-1.862660E-9
6.507500E+3	-1.732270E-6	-3.352780E-8
6.498300E+3	-1.756480E-6	-9.313280E-9
6.477100E+3	-1.695010E-6	5.029160E-8
6.468100E+3	-1.790010E-6	1.285230E-7
6.446900E+3	-1.735990E-6	-3.352780E-8
6.446900E+3	-1.735990E-6	-3.352780E-8
6.417100E+3	-1.924130E-6	5.587960E-9
6.405200E+3	-2.086180E-6	3.725320E-9
6.384200E+3	-2.400960E-6	-2.123420E-7
6.375200E+3	-2.475470E-6	-4.209600E-7
6.354200E+3	-2.428900E-6	-4.153720E-7
6.345100E+3	-2.319010E-6	-2.421460E-7
6.333900E+3	-2.201660E-6	-1.173470E-7
6.312000E+3	-2.045200E-6	1.229350E-7
6.301400E+3	-1.892450E-6	1.303860E-7
6.281800E+3	-1.762070E-6	1.862660E-9
6.270800E+3	-1.838440E-6	-5.587960E-8
6.270800E+3	-1.838440E-6	-5.587960E-8
6.238400E+3	-1.907360E-6	-1.788150E-7
6.218600E+3	-1.965110E-6	1.024460E-7
6.207900E+3	-1.914810E-6	1.005830E-7
6.207900E+3	-1.914810E-6	1.005830E-7
6.197500E+3	-1.858930E-6	-3.352780E-8
6.164500E+3	-2.237050E-6	2.421450E-8
6.152300E+3	-2.136470E-6	2.235190E-8
6.131800E+3	-2.060100E-6	-5.215430E-8
6.122300E+3	-2.170000E-6	9.313270E-8
6.098400E+3	-2.229600E-6	5.587960E-8
6.089100E+3	-2.151370E-6	7.450640E-9
6.079100E+3	-2.017260E-6	7.450640E-9
6.055700E+3	-2.119700E-6	2.533220E-7
6.046600E+3	-2.246360E-6	3.371410E-7
6.022700E+3	-2.106670E-6	2.123420E-7
6.013800E+3	-2.110390E-6	2.924370E-7
6.003000E+3	-2.129020E-6	2.458710E-7
5.980700E+3	-2.170000E-6	6.705570E-8
5.970700E+3	-2.155090E-6	6.705570E-8
5.947500E+3	-2.106670E-6	-2.160680E-7
5.938200E+3	-1.918540E-6	-2.291060E-7
5.938200E+3	-1.918540E-6	-2.291060E-7
5.914400E+3	-1.849610E-6	-2.682230E-7
5.891900E+3	-1.870100E-6	3.725320E-9
5.872300E+3	-1.870100E-6	3.725320E-9
5.861100E+3	-2.086180E-6	1.732270E-7
5.851000E+3	-2.086180E-6	1.732270E-7
5.851000E+3	-2.281750E-6	2.738110E-7
5.820700E+3	-2.346950E-6	3.650800E-7
5.797800E+3	-2.479200E-6	2.700850E-7
5.787400E+3	-2.427040E-6	1.508750E-7
5.787400E+3	-2.427040E-6	1.508750E-7
5.754600E+3	-2.181170E-6	4.656640E-8
5.742500E+3	-2.101080E-6	-9.685800E-8
5.722000E+3	-1.855200E-6	-7.823160E-8
5.712500E+3	-1.855200E-6	-7.823160E-8
5.691400E+3	-1.933440E-6	1.117590E-8
5.682300E+3	-2.123430E-6	-3.352780E-8
5.661000E+3	-2.384200E-6	-4.284110E-8
5.651900E+3	-2.399100E-6	-1.601880E-7
5.651900E+3	-2.399100E-6	-1.601880E-7
5.618500E+3	-2.374890E-6	-1.452870E-7
5.608400E+3	-2.359990E-6	-1.806770E-7
5.588400E+3	-2.309690E-6	-2.272440E-7
5.576100E+3	-2.471740E-6	-1.639140E-7
5.564800E+3	-2.438220E-6	-2.253810E-7
5.543300E+3	-2.408410E-6	-2.291060E-7
5.532400E+3	-2.408410E-6	-2.291060E-7
5.522200E+3	-2.359990E-6	-4.097840E-8
5.522200E+3	-2.359990E-6	-4.097840E-8
5.499000E+3	-2.408410E-6	-1.359740E-7
5.489100E+3	-2.319010E-6	-5.215430E-8
5.456000E+3	-2.350670E-6	3.408660E-7
5.436100E+3	-2.628210E-6	2.980250E-7
5.425800E+3	-2.698990E-6	3.110640E-7
5.405500E+3	-2.885250E-6	2.849870E-7
5.395900E+3	-2.948580E-6	2.849870E-7
5.375100E+3	-2.816330E-6	1.080340E-7
5.365800E+3	-2.756730E-6	7.636890E-8
5.353700E+3	-2.669190E-6	7.450640E-9
5.332600E+3	-2.758590E-6	-1.750900E-7
5.323300E+3	-2.851720E-6	-1.117590E-7
5.302600E+3	-2.883390E-6	5.960510E-8
5.292600E+3	-2.790260E-6	1.899910E-7
5.268900E+3	-2.795840E-6	1.341110E-7
5.268900E+3	-2.795840E-6	1.341110E-7
5.248400E+3	-2.851720E-6	1.173470E-7
5.226900E+3	-2.961620E-6	-1.117590E-8
5.216200E+3	-3.013770E-6	-1.396990E-7
5.196900E+3	-2.907600E-6	-9.127010E-8
5.185800E+3	-2.805160E-6	-7.264360E-8
5.166700E+3	-2.788390E-6	-1.490130E-7
5.155500E+3	-2.792120E-6	-1.825400E-7
5.136100E+3	-2.959760E-6	-3.799810E-7
5.124900E+3	-2.946720E-6	-3.539040E-7
5.105300E+3	-2.730650E-6	-1.154840E-7
5.094400E+3	-2.803300E-6	1.676390E-8
5.072800E+3	-2.855450E-6	1.266610E-7
5.061400E+3	-2.948580E-6	8.568210E-8
5.052200E+3	-3.077100E-6	8.009420E-8
5.028900E+3	-3.257780E-6	3.352780E-8
5.019000E+3	-3.211210E-6	3.166520E-8
5.006900E+3	-3.155340E-6	1.341110E-7
4.986200E+3	-3.160920E-6	1.788150E-7
4.974200E+3	-3.241020E-6	2.644970E-7
4.974200E+3	-3.241020E-6	2.644970E-7
4.944000E+3	-3.136710E-6	2.663600E-7
4.922800E+3	-3.621000E-6	2.216560E-7
4.913500E+3	-3.835220E-6	1.862650E-7
4.902100E+3	-3.885510E-6	2.998880E-7
4.880500E+3	-3.885510E-6	3.781190E-7
4.869500E+3	-3.643350E-6	2.272440E-7
4.850100E+3	-3.699230E-6	1.806770E-7
4.838900E+3	-3.654520E-6	1.005830E-7
4.819500E+3	-3.648940E-6	1.732270E-7
4.806400E+3	-3.634040E-6	1.583260E-7
4.796000E+3	-3.775600E-6	2.142050E-7
4.774200E+3	-3.801670E-6	3.725320E-9
4.763000E+3	-3.926490E-6	-1.303860E-7
4.743500E+3	-4.030790E-6	-2.160680E-7
4.743500E+3	-4.030790E-6	-2.160680E-7
4.712700E+3	-3.986090E-6	-1.769520E-7
4.702500E+3	-3.980500E-6	2.235190E-8
4.702500E+3	-3.980500E-6	2.235190E-8
4.669400E+3	-4.204020E-6	2.048920E-7
4.669400E+3	-4.204020E-6	4.358610E-7
4.660500E+3	-4.285980E-6	4.526250E-7
4.639100E+3	-4.431260E-6	3.911570E-7
4.605800E+3	-4.565370E-6	3.185140E-7
4.596700E+3	-4.690170E-6	3.352780E-8
4.575400E+3	-4.669680E-6	1.601880E-7
4.566300E+3	-4.669680E-6	1.601880E-7
4.566300E+3	-4.783300E-6	1.937160E-7
4.535700E+3	-4.863400E-6	1.546000E-7
4.522600E+3	-4.790750E-6	1.154840E-7
4.502600E+3	-4.824280E-6	-5.215430E-8
4.491800E+3	-4.967700E-6	-5.215430E-8
4.481300E+3	-5.170730E-6	-1.285230E-7
4.459500E+3	-5.146520E-6	-3.352780E-8
4.448500E+3	-5.194950E-6	-5.587960E-9
4.426400E+3	-5.453850E-6	4.284110E-8
4.415600E+3	-5.405430E-6	-1.341110E-7
4.395700E+3	-5.424050E-6	-3.017500E-7
4.395700E+3	-5.424050E-6	-3.017500E-7
4.373500E+3	-5.181910E-6	-3.054760E-7
4.352300E+3	-4.982600E-6	-3.222390E-7
4.340200E+3	-4.898790E-6	-3.706680E-7
4.340200E+3	-4.898790E-6	-3.706680E-7
4.310000E+3	-5.418460E-6	-2.216560E-7
4.289100E+3	-5.336510E-6	-2.235180E-7
4.280000E+3	-5.338370E-6	-1.620510E-7
4.258900E+3	-5.375620E-6	-2.104800E-7
4.258900E+3	-5.375620E-6	-2.104800E-7
4.228400E+3	-5.530220E-6	-2.980250E-8
4.228400E+3	-5.530220E-6	-2.980250E-8
4.206500E+3	-5.714620E-6	-3.278270E-7
4.186400E+3	-5.777950E-6	-5.699730E-7
4.186400E+3	-5.777950E-6	-5.699730E-7
4.173000E+3	-5.828250E-6	-4.339980E-7
4.162700E+3	-5.796580E-6	-4.693880E-7
4.132000E+3	-5.947460E-6	-4.265480E-7
4.112600E+3	-5.990300E-6	-4.787030E-7
4.092600E+3	-6.116960E-6	-5.736980E-7
4.081700E+3	-6.029410E-6	-5.718360E-7
4.071300E+3	-5.954910E-6	-5.234070E-7
4.049400E+3	-6.131860E-6	-3.688060E-7
4.038200E+3	-6.154210E-6	-3.688060E-7
4.018600E+3	-6.403800E-6	-2.328320E-7
4.008100E+3	-6.459680E-6	6.705570E-8
3.999100E+3	-6.496940E-6	1.303860E-8
3.975000E+3	-6.560270E-6	-1.378370E-7
3.966000E+3	-6.610560E-6	-2.179300E-7
3.944800E+3	-6.657120E-6	-2.551840E-7
3.935800E+3	-6.657120E-6	-2.551840E-7
3.935800E+3	-6.742800E-6	-3.334150E-7
3.911400E+3	-6.651530E-6	-5.699730E-7
3.881300E+3	-6.781920E-6	-1.564630E-7
3.872000E+3	-6.781920E-6	-1.564630E-7
3.859000E+3	-6.850840E-6	-9.313270E-8
3.839200E+3	-6.705550E-6	-2.887120E-7
3.826600E+3	-6.761430E-6	-2.421460E-7
3.815200E+3	-6.809860E-6	-2.291060E-7
3.795900E+3	-7.148860E-6	-8.754480E-8
3.784800E+3	-7.206600E-6	1.117590E-7
3.763400E+3	-7.489730E-6	-7.264360E-8
3.752000E+3	-7.487860E-6	-2.067550E-7
3.730400E+3	-7.580990E-6	-3.725320E-9
3.719400E+3	-7.355610E-6	-1.490130E-8
3.719400E+3	-7.355610E-6	-1.490130E-8
3.687000E+3	-7.143270E-6	-8.009420E-8
3.687000E+3	-7.143270E-6	-8.009420E-8
3.663700E+3	-7.238270E-6	-4.842900E-8
3.642400E+3	-7.679740E-6	1.676390E-8
3.633400E+3	-7.700230E-6	3.166520E-8
3.609500E+3	-7.692780E-6	1.098970E-7
3.600300E+3	-7.750520E-6	1.732270E-7
3.588200E+3	-7.936790E-6	2.402830E-7
3.566900E+3	-8.160310E-6	1.564630E-7
3.557700E+3	-8.309320E-6	2.365570E-7
3.533800E+3	-8.378240E-6	-5.587960E-8
3.524900E+3	-8.359610E-6	-1.396990E-7
3.514000E+3	-8.439700E-6	-2.570470E-7
3.491800E+3	-8.737730E-6	-4.451740E-7
3.481600E+3	-8.942620E-6	-4.749760E-7
3.458400E+3	-8.942620E-6	-4.749760E-7
3.449200E+3	-9.141920E-6	-4.153720E-7
3.449200E+3	-9.141920E-6	-4.153720E-7
3.418600E+3	-9.352400E-6	-1.583260E-7
3.418600E+3	-9.352400E-6	-1.583260E-7
3.386000E+3	-9.588960E-6	-1.341110E-7
3.374600E+3	-9.791980E-6	-1.601880E-7
3.355100E+3	-9.778950E-6	-1.825400E-7
3.343700E+3	-9.723070E-6	-2.309690E-7
3.324300E+3	-9.911190E-6	-5.271320E-7
3.313000E+3	-1.013470E-5	-6.556550E-7
3.313000E+3	-1.013470E-5	-6.556550E-7
3.282700E+3	-1.046070E-5	-6.798690E-7
3.270800E+3	-1.052030E-5	-6.351660E-7
3.249700E+3	-1.052960E-5	-7.413360E-7
3.237700E+3	-1.073260E-5	-6.798690E-7
3.216500E+3	-1.089840E-5	-3.315530E-7
3.207500E+3	-1.097480E-5	-2.272440E-7
3.186600E+3	-1.097480E-5	-2.272440E-7
3.177500E+3	-1.141430E-5	-3.241020E-7
3.177500E+3	-1.141430E-5	-3.241020E-7
3.147200E+3	-1.171980E-5	-3.539040E-7
3.125900E+3	-1.208490E-5	-2.775360E-7
3.125900E+3	-1.208490E-5	-2.775360E-7
3.103000E+3	-1.229350E-5	-4.079210E-7
3.103000E+3	-1.229350E-5	-4.079210E-7
3.083800E+3	-1.233450E-5	-2.365570E-7
3.070900E+3	-1.236240E-5	-4.842900E-8
3.038400E+3	-1.262880E-5	5.029160E-8
3.027100E+3	-1.274610E-5	-4.284110E-8
3.008000E+3	-1.308140E-5	-1.173470E-7
2.996700E+3	-1.324910E-5	-3.017500E-7
2.975300E+3	-1.344090E-5	-3.799810E-7
2.975300E+3	-1.344090E-5	-3.799810E-7
2.954300E+3	-1.375380E-5	-5.867370E-7
2.954300E+3	-1.375380E-5	-5.867370E-7
2.924000E+3	-1.413190E-5	-3.706680E-7
2.902700E+3	-1.410590E-5	-5.457590E-7
2.893600E+3	-1.413570E-5	-5.718360E-7
2.872200E+3	-1.428100E-5	-5.718360E-7
2.863100E+3	-1.446720E-5	-3.855690E-7
2.863100E+3	-1.446720E-5	-3.855690E-7
2.832400E+3	-1.443560E-5	-1.303860E-8
2.808600E+3	-1.455100E-5	-1.173470E-7
2.799500E+3	-1.477080E-5	-1.825400E-7
2.786800E+3	-1.491050E-5	-3.781190E-7
2.786800E+3	-1.491050E-5	-3.781190E-7
2.766400E+3	-1.532600E-5	-6.835940E-7
2.745300E+3	-1.536690E-5	-6.090890E-7
2.723600E+3	-1.562960E-5	-4.414490E-7
2.712200E+3	-1.563700E-5	-4.414490E-7
2.692800E+3	-1.590150E-5	-4.768410E-7
2.692800E+3	-1.590150E-5	-4.768410E-7
2.661800E+3	-1.645660E-5	-4.060580E-7
2.641900E+3	-1.670990E-5	-5.997750E-7
2.630700E+3	-1.691480E-5	-5.923250E-7
2.620300E+3	-1.718120E-5	-4.600750E-7
2.620300E+3	-1.718120E-5	-4.600750E-7
2.598000E+3	-1.742700E-5	-4.060580E-7
2.566900E+3	-1.745680E-5	-5.196820E-7
2.553300E+3	-1.755930E-5	-6.184020E-7
2.544400E+3	-1.780700E-5	-6.575170E-7
2.523200E+3	-1.801560E-5	-5.923250E-7
2.523200E+3	-1.801560E-5	-5.923250E-7
2.490400E+3	-1.827270E-5	-6.780060E-7
2.481400E+3	-1.831550E-5	-9.331890E-7
2.468800E+3	-1.828940E-5	-9.108370E-7
2.448000E+3	-1.829500E-5	-7.469240E-7
2.438000E+3	-1.829500E-5	-7.469240E-7
2.414400E+3	-1.783490E-5	-5.308580E-7
2.405100E+3	-1.785730E-5	-4.246850E-7
2.405100E+3	-1.785730E-5	-4.246850E-7
2.373900E+3	-1.769520E-5	-3.725310E-7
2.362600E+3	-1.751270E-5	-3.222390E-7
2.343000E+3	-1.751270E-5	-3.222390E-7
2.343000E+3	-1.712530E-5	-1.601880E-7
2.312200E+3	-1.618280E-5	2.980250E-8
2.292600E+3	-1.545080E-5	7.636890E-8
2.281400E+3	-1.479500E-5	-1.583260E-7
2.268500E+3	-1.419530E-5	-2.477340E-7
2.268500E+3	-1.419530E-5	-2.477340E-7
2.235700E+3	-1.215940E-5	7.450630E-8
2.226000E+3	-1.139570E-5	2.235190E-8
2.226000E+3	-1.139570E-5	2.235190E-8
2.195800E+3	-8.486270E-6	-4.246850E-7
2.174600E+3	-6.416840E-6	-4.004710E-7
2.165500E+3	-5.336510E-6	-3.278270E-7
2.144100E+3	-2.864760E-6	-3.501790E-7
2.135000E+3	-1.708050E-6	-2.812610E-7
2.110700E+3	9.294640E-7	-8.568210E-8
2.101600E+3	2.013530E-6	5.029160E-8
2.080100E+3	4.362340E-6	1.918530E-7
2.080100E+3	4.362340E-6	1.918530E-7
2.049500E+3	7.521390E-6	1.937160E-7
2.040100E+3	8.804780E-6	2.235190E-8
2.018600E+3	1.043270E-5	1.043090E-7
2.008600E+3	1.128960E-5	5.960510E-8
2.008600E+3	1.128960E-5	5.960510E-8
1.977700E+3	1.387300E-5	9.685800E-8
1.965900E+3	1.440580E-5	3.166510E-7
1.942600E+3	1.548060E-5	3.930200E-7
1.930600E+3	1.589590E-5	2.775360E-7
1.910100E+3	1.638770E-5	2.514590E-7
1.898400E+3	1.647710E-5	4.693880E-7
1.877600E+3	1.642310E-5	2.551840E-7
1.877600E+3	1.642310E-5	2.551840E-7
1.866400E+3	1.650500E-5	1.993040E-7
1.834700E+3	1.673780E-5	4.265480E-7
1.825300E+3	1.667820E-5	3.483160E-7
1.800000E+3	1.679930E-5	1.098970E-7
1.800000E+3	1.679930E-5	1.098970E-7
1.766100E+3	1.657020E-5	3.725310E-8
1.766100E+3	1.657020E-5	3.725310E-8
1.746400E+3	1.637090E-5	1.732270E-7
1.723100E+3	1.617720E-5	2.030290E-7
1.713800E+3	1.627780E-5	1.341110E-7
1.693200E+3	1.604870E-5	4.973300E-7
1.683600E+3	1.616420E-5	3.632180E-7
1.663700E+3	1.641190E-5	2.887120E-7
1.653800E+3	1.644730E-5	1.415620E-7
1.634500E+3	1.589780E-5	3.203770E-7
1.623900E+3	1.584560E-5	2.272440E-7
1.605300E+3	1.569660E-5	2.272440E-7
1.594300E+3	1.570590E-5	2.719480E-7
1.594300E+3	1.570590E-5	2.719480E-7
1.565000E+3	1.512290E-5	4.228220E-7
1.546400E+3	1.496270E-5	2.272440E-7
1.533800E+3	1.483980E-5	1.043090E-7
1.515200E+3	1.419900E-5	1.043090E-7
1.504300E+3	1.398290E-5	-1.452870E-7
1.492200E+3	1.389170E-5	-1.918530E-7
1.483700E+3	1.375940E-5	2.235190E-8
1.460500E+3	1.386000E-5	-5.401690E-8
1.451600E+3	1.374080E-5	4.470370E-8
1.451600E+3	1.374080E-5	4.470370E-8
1.429100E+3	1.387680E-5	2.197930E-7
1.410500E+3	1.339810E-5	3.464540E-7
1.387500E+3	1.323790E-5	1.937160E-7
1.378900E+3	1.317450E-5	2.756730E-7
1.358600E+3	1.304600E-5	3.483160E-7
1.350000E+3	1.312240E-5	2.123420E-7
1.330100E+3	1.280950E-5	2.663600E-7
1.330100E+3	1.280950E-5	2.663600E-7
1.299000E+3	1.260270E-5	1.080340E-7
1.289800E+3	1.271630E-5	1.322490E-7
1.270900E+3	1.271070E-5	4.395860E-7
1.261200E+3	1.259530E-5	3.557670E-7
1.243100E+3	1.214820E-5	1.937160E-7
1.233100E+3	1.220600E-5	-4.097840E-8
1.215500E+3	1.195270E-5	2.458710E-7
1.206300E+3	1.190610E-5	1.154840E-7
1.196500E+3	1.159690E-5	1.862650E-7
1.178900E+3	1.160060E-5	1.899910E-7
1.161800E+3	1.167880E-5	1.583260E-7
1.151900E+3	1.161550E-5	1.378370E-7
1.143500E+3	1.168070E-5	1.490130E-7
1.125400E+3	1.174590E-5	1.173470E-7
1.117600E+3	1.151680E-5	2.402830E-7
1.099300E+3	1.119460E-5	4.787030E-7
1.091900E+3	1.118150E-5	5.438960E-7
1.073600E+3	1.136220E-5	1.098970E-7
1.063800E+3	1.130450E-5	1.098970E-7
1.046000E+3	1.128020E-5	-1.937160E-7
1.038500E+3	1.112560E-5	-6.519300E-8
1.029700E+3	1.124480E-5	-2.421450E-8
1.010800E+3	1.132310E-5	1.154840E-7
1.002700E+3	1.125040E-5	2.086170E-7
9.833000E+2	1.112560E-5	3.483160E-7
9.751000E+2	1.095430E-5	2.738110E-7
9.641000E+2	1.092450E-5	9.685800E-8
9.641000E+2	1.092450E-5	9.685800E-8
9.372000E+2	1.090030E-5	1.993040E-7
9.280000E+2	1.105300E-5	8.009420E-8
9.104000E+2	1.055940E-5	-4.656640E-8
9.104000E+2	1.055940E-5	-4.656640E-8
8.834000E+2	1.057430E-5	6.891830E-8
8.742000E+2	1.059110E-5	8.195680E-8
8.656000E+2	1.035640E-5	1.396990E-7
8.656000E+2	1.035640E-5	1.396990E-7
8.383000E+2	1.024270E-5	-6.705570E-8
8.211000E+2	1.026140E-5	1.862660E-8
8.108000E+2	1.026140E-5	1.862660E-8
8.035000E+2	1.021290E-5	1.452870E-7
7.859000E+2	1.026320E-5	5.401690E-8
7.761000E+2	1.021670E-5	9.499540E-8
7.761000E+2	1.021670E-5	9.499540E-8
7.486000E+2	9.980110E-6	4.656640E-8
7.411000E+2	1.001360E-5	2.421450E-8
7.242000E+2	1.008630E-5	-9.685800E-8
7.161000E+2	1.020920E-5	-1.452870E-7
7.161000E+2	1.020920E-5	-1.452870E-7
6.912000E+2	1.003410E-5	1.471500E-7
6.754000E+2	1.001550E-5	3.203770E-7
6.664000E+2	1.001920E-5	1.955790E-7
6.511000E+2	9.963350E-6	-1.676390E-8
6.418000E+2	9.933540E-6	-4.284110E-8
6.267000E+2	9.937270E-6	1.825400E-7
6.174000E+2	1.005650E-5	8.195680E-8
6.006000E+2	9.756590E-6	4.284110E-8
6.006000E+2	9.756590E-6	4.284110E-8
5.838000E+2	9.974520E-6	-1.080340E-7
5.662000E+2	1.001180E-5	-1.043090E-7
5.576000E+2	1.003790E-5	-1.192100E-7
5.420000E+2	9.832960E-6	1.583260E-7
5.317000E+2	9.849730E-6	1.061710E-7
5.248000E+2	9.831100E-6	1.713640E-7
5.081000E+2	1.005830E-5	1.098970E-7
5.081000E+2	1.005830E-5	1.098970E-7
4.847000E+2	1.014030E-5	1.061710E-7
4.755000E+2	1.062270E-5	-2.235180E-7
4.501000E+2	1.060600E-5	-2.980250E-8
4.314000E+2	1.084440E-5	-1.713640E-7
4.314000E+2	1.084440E-5	-1.713640E-7
3.925000E+2	1.097100E-5	-3.036130E-7
3.254000E+2	1.119830E-5	-5.215430E-8
3.254000E+2	1.119830E-5	-5.215430E-8
2.529000E+2	1.103620E-5	1.266610E-7
2.189000E+2	1.106790E-5	-1.825400E-7
1.934000E+2	1.064880E-5	-1.676390E-7
1.381000E+2	1.039360E-5	-3.464540E-7
1.381000E+2	1.039360E-5	-3.464540E-7
5.540000E+1	8.979870E-6	-3.799810E-7
2.790000E+1	8.320490E-6	-5.606600E-7
-2.710000E+1	5.025450E-6	-3.427290E-7
-5.390000E+1	2.903880E-6	-3.427290E-7
-5.390000E+1	2.903880E-6	-9.872060E-8
-1.361000E+2	-2.987700E-6	3.092010E-7
-1.896000E+2	-5.412880E-6	4.433110E-7
-2.159000E+2	-6.398220E-6	4.265480E-7
-2.667000E+2	-7.890220E-6	4.842910E-7
-2.924000E+2	-8.424800E-6	4.563500E-7
-3.397000E+2	-9.372890E-6	5.066430E-7
-3.641000E+2	-9.749140E-6	4.451740E-7
