Sample Name, AUS25x23_26G
Freq, 26, GHz, Power, 10, dBm
SR850: f = 25 Hz; phase = 96 deg; output = 5 V; sens. = 50 uV; tc = 300 ms; 12dB/oct
Field	X	Y
Oe	V	V
*
-6.638000E+2	4.800070E-6	-1.508750E-7
-6.640000E+2	2.872210E-6	0.000000E+0
-6.636000E+2	2.814470E-6	4.470370E-8
-6.632000E+2	2.723200E-6	7.636890E-8
-6.486000E+2	2.751140E-6	3.352780E-8
-6.486000E+2	2.751140E-6	3.352780E-8
-6.238000E+2	2.814470E-6	7.823160E-8
-5.980000E+2	3.019360E-6	1.154840E-7
-5.822000E+2	3.175820E-6	5.960510E-8
-5.526000E+2	3.451500E-6	2.235190E-8
-5.360000E+2	3.507380E-6	1.341110E-7
-5.060000E+2	3.801670E-6	-8.195680E-8
-5.060000E+2	3.801670E-6	-8.195680E-8
-4.903000E+2	3.993540E-6	-2.700850E-7
-4.482000E+2	4.204020E-6	-5.587960E-8
-4.327000E+2	4.394010E-6	-4.284110E-8
-4.076000E+2	4.736740E-6	5.587960E-8
-3.976000E+2	4.947210E-6	7.823160E-8
-3.757000E+2	5.269450E-6	1.136220E-7
-3.671000E+2	5.507870E-6	8.754480E-8
-3.476000E+2	5.969810E-6	1.415620E-7
-3.392000E+2	6.185870E-6	1.899910E-7
-3.207000E+2	6.185870E-6	1.899910E-7
-3.117000E+2	6.709280E-6	1.341110E-7
-2.929000E+2	6.854560E-6	8.009420E-8
-2.811000E+2	6.917890E-6	2.607710E-8
-2.605000E+2	6.917890E-6	-1.676390E-8
-2.605000E+2	6.917890E-6	-1.676390E-8
-2.378000E+2	6.575170E-6	-1.117590E-8
-2.181000E+2	6.122540E-6	5.960510E-8
-2.068000E+2	5.953040E-6	1.210730E-7
-1.937000E+2	5.740700E-6	2.775360E-7
-1.716000E+2	5.340230E-6	3.483160E-7
-1.606000E+2	4.982600E-6	3.799810E-7
-1.408000E+2	4.394010E-6	2.086170E-7
-1.303000E+2	4.222650E-6	1.844030E-7
-1.103000E+2	3.898550E-6	1.937160E-7
-1.103000E+2	3.898550E-6	1.937160E-7
-9.130000E+1	3.555800E-6	1.154840E-7
-6.790000E+1	3.129260E-6	8.940740E-8
-5.890000E+1	2.810750E-6	1.732270E-7
-3.770000E+1	2.330180E-6	1.415620E-7
-2.860000E+1	2.147640E-6	1.732270E-7
-7.800000E+0	1.570220E-6	2.160680E-7
4.100000E+0	1.432380E-6	1.601880E-7
1.490000E+1	1.186510E-6	2.216560E-7
3.720000E+1	6.295780E-7	2.793980E-8
4.710000E+1	2.551840E-7	8.754480E-8
6.730000E+1	-4.339980E-7	8.754480E-8
7.760000E+1	-9.015240E-7	1.266610E-7
7.760000E+1	-9.015240E-7	1.266610E-7
1.083000E+2	-1.929710E-6	8.754480E-8
1.232000E+2	-2.359990E-6	2.272440E-7
1.426000E+2	-2.952310E-6	3.483160E-7
1.538000E+2	-3.093870E-6	2.849870E-7
1.729000E+2	-3.471990E-6	1.434250E-7
1.729000E+2	-3.471990E-6	1.434250E-7
2.033000E+2	-4.174220E-6	2.011670E-7
2.145000E+2	-4.341850E-6	1.862650E-7
2.340000E+2	-4.874570E-6	1.583260E-7
2.446000E+2	-5.275040E-6	1.527380E-7
2.644000E+2	-5.921380E-6	5.029160E-8
2.746000E+2	-6.096470E-6	-7.264360E-8
2.949000E+2	-6.437330E-6	-1.825400E-7
3.045000E+2	-6.452230E-6	-3.073380E-7
3.141000E+2	-6.634770E-6	-2.607720E-7
3.379000E+2	-6.748390E-6	-2.365570E-7
3.470000E+2	-6.735350E-6	-2.607720E-7
3.686000E+2	-6.467130E-6	-1.676390E-7
3.782000E+2	-6.301360E-6	-8.940740E-8
4.024000E+2	-5.872950E-6	-9.872060E-8
4.115000E+2	-5.632670E-6	-1.378370E-7
4.328000E+2	-5.222890E-6	-1.769520E-7
4.420000E+2	-5.068290E-6	-1.471500E-7
4.533000E+2	-4.803790E-6	-1.974410E-7
4.750000E+2	-4.323230E-6	-1.955790E-7
4.858000E+2	-4.194710E-6	-7.078100E-8
5.080000E+2	-3.870610E-6	7.450640E-9
5.191000E+2	-3.865020E-6	4.470370E-8
5.292000E+2	-3.816590E-6	6.891830E-8
5.486000E+2	-3.678740E-6	-4.656640E-8
5.683000E+2	-3.431010E-6	-3.539040E-7
5.795000E+2	-3.373260E-6	-2.943000E-7
5.896000E+2	-3.187000E-6	-3.222390E-7
6.131000E+2	-2.991420E-6	-1.285230E-7
6.230000E+2	-2.788390E-6	-1.564630E-7
6.441000E+2	-2.784670E-6	-5.401690E-8
6.537000E+2	-2.732510E-6	-2.067550E-7
6.743000E+2	-2.915050E-6	-4.153720E-7
6.843000E+2	-2.842410E-6	-4.451740E-7
7.055000E+2	-2.641250E-6	-2.123420E-7
7.055000E+2	-2.641250E-6	-2.123420E-7
7.366000E+2	-2.298520E-6	-2.961620E-7
7.458000E+2	-2.300380E-6	-3.408660E-7
7.675000E+2	-2.291070E-6	-2.440080E-7
7.767000E+2	-2.289210E-6	-1.844030E-7
7.897000E+2	-2.272440E-6	-1.396990E-7
8.106000E+2	-2.272440E-6	-2.160680E-7
8.212000E+2	-2.337630E-6	-2.197930E-7
8.447000E+2	-2.298520E-6	-1.434250E-7
8.447000E+2	-2.298520E-6	-1.434250E-7
8.661000E+2	-2.184900E-6	-5.774220E-8
8.861000E+2	-2.106670E-6	-9.313280E-9
9.067000E+2	-2.063830E-6	-5.215430E-8
9.176000E+2	-1.991180E-6	-1.303860E-8
9.317000E+2	-2.037750E-6	1.098970E-7
9.526000E+2	-2.007950E-6	1.713640E-7
9.633000E+2	-1.912950E-6	6.146770E-8
9.837000E+2	-1.950200E-6	-6.146770E-8
9.949000E+2	-1.942750E-6	-1.490130E-7
1.015600E+3	-1.987460E-6	-2.197930E-7
1.029400E+3	-2.056370E-6	-8.195680E-8
1.038900E+3	-1.998630E-6	-9.872060E-8
1.061000E+3	-1.998630E-6	3.725320E-9
1.073400E+3	-1.993040E-6	-3.539050E-8
1.095300E+3	-2.020980E-6	-1.005830E-7
1.104600E+3	-1.970690E-6	-1.471500E-7
1.115800E+3	-1.996770E-6	-1.136220E-7
1.138600E+3	-2.067550E-6	-5.029160E-8
1.151100E+3	-1.929710E-6	-2.328320E-7
1.172800E+3	-1.788150E-6	-2.756730E-7
1.182300E+3	-1.821670E-6	-2.756730E-7
1.203700E+3	-1.814220E-6	-1.303860E-8
1.213600E+3	-1.793730E-6	-2.421450E-8
1.227100E+3	-1.851480E-6	-1.862660E-9
1.247000E+3	-1.734130E-6	-1.415620E-7
1.261300E+3	-1.788150E-6	-7.264360E-8
1.271700E+3	-1.722950E-6	-8.009420E-8
1.294800E+3	-1.743440E-6	-1.173470E-7
1.305900E+3	-1.823540E-6	-5.774220E-8
1.327800E+3	-1.812360E-6	-1.490130E-7
1.339400E+3	-2.007950E-6	-6.146770E-8
1.348800E+3	-1.885000E-6	-1.434250E-7
1.370500E+3	-1.825400E-6	-5.215430E-8
1.379700E+3	-1.927850E-6	3.725310E-8
1.401300E+3	-1.993040E-6	2.197930E-7
1.410300E+3	-1.942750E-6	3.464540E-7
1.431600E+3	-1.853340E-6	1.490130E-7
1.440800E+3	-1.870100E-6	1.378370E-7
1.461500E+3	-1.687560E-6	3.166520E-8
1.471200E+3	-1.795600E-6	8.195680E-8
1.491400E+3	-1.838440E-6	5.029160E-8
1.491400E+3	-1.838440E-6	5.029160E-8
1.524500E+3	-2.147640E-6	6.705570E-8
1.534100E+3	-2.231460E-6	4.656640E-8
1.547100E+3	-2.298520E-6	7.823160E-8
1.566500E+3	-2.376750E-6	5.029160E-8
1.577600E+3	-2.490370E-6	1.136220E-7
1.596600E+3	-2.676640E-6	-6.519300E-8
1.596600E+3	-2.676640E-6	-6.519300E-8
1.627000E+3	-2.542530E-6	-1.601880E-7
1.640200E+3	-2.652420E-6	-5.401690E-8
1.650400E+3	-2.605860E-6	-6.519300E-8
1.670600E+3	-2.667320E-6	-2.309690E-7
1.680400E+3	-2.620760E-6	-2.868490E-7
1.701200E+3	-2.644970E-6	-1.583260E-7
1.713600E+3	-2.698990E-6	-1.341110E-7
1.733700E+3	-2.777220E-6	-5.215430E-8
1.743600E+3	-2.803300E-6	-1.117590E-8
1.755700E+3	-2.779080E-6	-3.725310E-8
1.776500E+3	-2.799570E-6	6.519300E-8
1.785400E+3	-2.840550E-6	1.527380E-7
1.806700E+3	-2.870350E-6	1.322490E-7
1.818700E+3	-2.851720E-6	1.862660E-9
1.839600E+3	-3.006320E-6	4.097840E-8
1.839600E+3	-3.006320E-6	4.097840E-8
1.860200E+3	-3.073380E-6	-2.421450E-8
1.881500E+3	-2.980250E-6	-9.313270E-8
1.892400E+3	-3.075240E-6	-4.284110E-8
1.914600E+3	-3.177690E-6	-1.247980E-7
1.924700E+3	-3.201900E-6	-1.583260E-7
1.935700E+3	-3.347190E-6	-6.705570E-8
1.957100E+3	-3.479440E-6	-2.607710E-8
1.968300E+3	-3.632170E-6	5.774220E-8
1.987500E+3	-3.730890E-6	-8.009420E-8
1.998700E+3	-3.645210E-6	-1.750900E-7
2.018100E+3	-3.673150E-6	-2.384200E-7
2.028900E+3	-3.581880E-6	-2.868490E-7
2.049000E+3	-3.783050E-6	-4.079210E-7
2.059300E+3	-3.781180E-6	-4.731140E-7
2.079700E+3	-3.911580E-6	-3.520420E-7
2.089300E+3	-3.926490E-6	-3.464540E-7
2.101300E+3	-3.879920E-6	-3.762560E-7
2.122300E+3	-3.987950E-6	-1.937160E-7
2.131200E+3	-4.069910E-6	-8.940740E-8
2.152200E+3	-4.291560E-6	-3.352780E-8
2.152200E+3	-4.291560E-6	-3.352780E-8
2.185100E+3	-4.544880E-6	-1.136220E-7
2.193900E+3	-4.539300E-6	-1.713640E-7
2.204800E+3	-4.744190E-6	-7.078100E-8
2.226700E+3	-4.811240E-6	-2.793980E-8
2.236800E+3	-4.766540E-6	-5.401690E-8
2.259500E+3	-4.828010E-6	-3.352780E-8
2.269800E+3	-4.828010E-6	-3.352780E-8
2.280000E+3	-4.984470E-6	7.823160E-8
2.302000E+3	-4.841040E-6	-5.029160E-8
2.313300E+3	-4.829870E-6	-2.980250E-8
2.332700E+3	-4.438710E-6	-1.192100E-7
2.345800E+3	-4.306460E-6	-7.078100E-8
2.365200E+3	-3.412380E-6	-1.769520E-7
2.376600E+3	-2.903880E-6	-8.009420E-8
2.385900E+3	-2.251950E-6	-5.401690E-8
2.408800E+3	-6.798690E-7	2.607710E-8
2.418900E+3	1.173470E-7	6.891830E-8
2.430700E+3	9.369140E-7	7.823160E-8
2.451800E+3	2.263130E-6	2.682230E-7
2.463900E+3	2.853590E-6	2.719480E-7
2.484300E+3	3.779320E-6	2.551840E-7
2.496600E+3	4.200290E-6	2.179300E-7
2.506300E+3	4.425670E-6	2.961620E-7
2.506300E+3	4.425670E-6	2.961620E-7
2.526700E+3	4.865260E-6	2.235180E-7
2.560000E+3	5.425910E-6	2.272440E-7
2.569400E+3	5.546990E-6	2.682230E-7
2.589900E+3	5.768640E-6	2.142050E-7
2.599900E+3	5.790990E-6	2.197930E-7
2.613100E+3	5.887850E-6	2.179300E-7
2.632400E+3	6.070390E-6	1.993040E-7
2.632400E+3	6.070390E-6	1.993040E-7
2.662800E+3	6.340470E-6	2.197930E-7
2.675800E+3	6.347920E-6	2.775360E-7
2.686100E+3	6.374000E-6	2.849870E-7
2.707800E+3	6.442920E-6	2.663600E-7
2.718800E+3	6.459680E-6	3.110640E-7
2.740100E+3	6.690650E-6	2.160680E-7
2.751200E+3	6.699960E-6	2.868490E-7
2.760700E+3	6.774470E-6	2.738110E-7
2.783500E+3	6.817310E-6	2.849870E-7
2.793900E+3	6.802410E-6	3.334150E-7
2.805800E+3	6.854560E-6	2.849870E-7
2.827100E+3	6.904850E-6	3.222390E-7
2.839000E+3	6.925340E-6	2.943000E-7
2.860100E+3	6.914170E-6	2.253810E-7
2.869000E+3	6.878780E-6	2.067550E-7
2.890200E+3	6.785650E-6	2.011670E-7
2.899200E+3	6.802410E-6	1.918530E-7
2.910500E+3	6.808000E-6	1.918530E-7
2.932300E+3	6.822900E-6	2.533220E-7
2.942800E+3	6.919760E-6	2.495960E-7
2.965300E+3	6.943970E-6	1.993040E-7
2.975100E+3	6.929070E-6	2.384200E-7
2.995300E+3	6.949560E-6	1.993040E-7
3.005500E+3	6.902990E-6	2.123420E-7
3.025300E+3	6.930930E-6	1.527380E-7
3.036200E+3	6.847110E-6	2.458710E-7
3.046500E+3	6.895540E-6	1.937160E-7
3.066800E+3	6.802410E-6	2.644970E-7
3.076500E+3	6.852700E-6	1.806770E-7
3.097200E+3	6.914170E-6	1.341110E-7
3.116400E+3	7.012890E-6	7.823160E-8
3.127500E+3	6.971910E-6	1.620510E-7
3.146800E+3	6.964460E-6	2.551840E-7
3.157400E+3	6.964460E-6	2.551840E-7
3.169400E+3	6.971910E-6	3.147890E-7
3.190100E+3	7.005440E-6	2.253810E-7
3.202400E+3	6.932790E-6	2.775360E-7
3.211400E+3	6.981220E-6	2.775360E-7
3.232200E+3	6.970050E-6	4.488990E-7
3.244000E+3	7.012890E-6	4.079210E-7
3.265000E+3	7.078080E-6	3.799810E-7
3.273900E+3	7.115330E-6	3.315530E-7
3.295000E+3	7.130230E-6	2.682230E-7
3.295000E+3	7.130230E-6	2.682230E-7
3.324900E+3	7.044550E-6	1.993040E-7
3.334700E+3	7.005440E-6	2.663600E-7
3.348800E+3	6.997990E-6	3.110640E-7
3.367300E+3	6.945830E-6	3.278270E-7
3.378500E+3	6.951420E-6	3.613550E-7
3.397600E+3	6.942110E-6	2.849870E-7
3.408700E+3	6.997990E-6	3.203770E-7
3.427800E+3	7.092980E-6	3.036130E-7
3.438900E+3	7.191700E-6	3.036130E-7
3.458400E+3	7.195430E-6	2.905740E-7
3.468900E+3	7.234540E-6	1.918530E-7
3.489100E+3	7.150720E-6	2.607720E-7
3.499100E+3	7.184250E-6	2.849870E-7
3.508400E+3	7.171210E-6	3.129260E-7
3.532400E+3	7.100430E-6	3.445910E-7
3.541400E+3	7.128370E-6	3.259650E-7
3.562500E+3	7.083670E-6	2.961620E-7
3.571500E+3	7.053870E-6	2.831240E-7
3.592300E+3	7.163760E-6	2.719480E-7
3.601800E+3	7.225230E-6	2.738110E-7
3.622200E+3	7.320220E-6	1.788150E-7
3.632300E+3	7.314640E-6	1.974410E-7
3.655300E+3	7.361200E-6	1.899910E-7
3.664600E+3	7.377970E-6	1.899910E-7
3.677400E+3	7.357480E-6	2.682230E-7
3.697200E+3	7.333260E-6	3.464540E-7
3.708200E+3	7.363070E-6	3.706680E-7
3.727400E+3	7.493450E-6	3.632180E-7
3.727400E+3	7.493450E-6	3.632180E-7
3.760700E+3	7.512080E-6	2.793990E-7
3.771900E+3	7.467370E-6	3.352780E-7
3.791100E+3	7.586580E-6	2.849870E-7
3.801600E+3	7.566090E-6	3.520420E-7
3.811600E+3	7.644350E-6	2.738110E-7
3.832400E+3	7.674160E-6	2.160680E-7
3.845000E+3	7.677880E-6	2.086170E-7
3.865900E+3	7.689060E-6	2.179300E-7
3.878400E+3	7.685330E-6	3.017500E-7
3.887300E+3	7.739350E-6	2.905740E-7
3.911300E+3	7.573540E-6	3.110640E-7
3.911300E+3	7.573540E-6	3.110640E-7
3.930600E+3	7.649940E-6	3.296900E-7
3.953300E+3	7.724450E-6	3.222390E-7
3.962900E+3	7.711410E-6	3.296900E-7
3.983200E+3	7.903260E-6	2.216560E-7
3.993200E+3	7.968450E-6	1.993040E-7
4.013200E+3	7.916300E-6	3.073380E-7
4.023800E+3	7.906990E-6	3.557670E-7
4.043300E+3	7.979630E-6	2.272440E-7
4.054400E+3	8.026200E-6	1.806770E-7
4.073600E+3	8.132370E-6	2.086170E-7
4.084900E+3	8.171480E-6	2.067550E-7
4.104300E+3	8.193830E-6	2.067550E-7
4.115400E+3	8.203150E-6	2.216560E-7
4.134900E+3	8.121190E-6	2.775360E-7
4.134900E+3	8.121190E-6	2.775360E-7
4.165700E+3	8.219910E-6	3.166510E-7
4.176000E+3	8.389410E-6	2.626350E-7
4.196300E+3	8.387550E-6	3.464540E-7
4.206000E+3	8.434120E-6	3.464540E-7
4.226700E+3	8.406180E-6	3.259650E-7
4.235800E+3	8.465780E-6	2.793990E-7
4.256800E+3	8.467640E-6	3.185140E-7
4.256800E+3	8.467640E-6	3.185140E-7
4.286800E+3	8.629690E-6	3.166510E-7
4.295700E+3	8.652040E-6	3.762560E-7
4.316900E+3	8.653910E-6	3.594920E-7
4.326300E+3	8.601750E-6	3.855690E-7
4.346900E+3	8.581260E-6	3.632180E-7
4.356900E+3	8.581260E-6	3.743930E-7
4.377200E+3	8.700470E-6	3.427290E-7
4.387800E+3	8.683710E-6	3.818440E-7
4.407500E+3	8.722830E-6	3.334150E-7
4.418400E+3	8.698610E-6	3.483160E-7
4.437500E+3	8.799190E-6	3.129260E-7
4.448500E+3	8.802920E-6	3.539040E-7
4.458000E+3	8.853210E-6	3.315530E-7
4.480700E+3	8.903500E-6	3.110640E-7
4.491100E+3	8.892330E-6	3.315530E-7
4.511400E+3	8.838310E-6	3.483160E-7
4.521400E+3	8.888600E-6	2.793990E-7
4.544100E+3	8.981730E-6	1.359740E-7
4.554800E+3	9.004080E-6	1.601880E-7
4.554800E+3	9.004080E-6	1.601880E-7
4.585100E+3	9.169860E-6	2.458710E-7
4.585100E+3	9.169860E-6	2.458710E-7
4.615000E+3	9.272310E-6	2.663600E-7
4.626900E+3	9.348670E-6	2.309690E-7
4.648100E+3	9.408280E-6	2.086170E-7
4.659900E+3	9.488370E-6	2.235180E-7
4.669900E+3	9.499550E-6	2.570470E-7
4.690000E+3	9.613170E-6	2.849870E-7
4.700400E+3	9.667190E-6	3.296900E-7
4.720200E+3	9.771490E-6	2.961620E-7
4.731200E+3	9.771490E-6	2.291060E-7
4.750600E+3	9.859040E-6	1.341110E-7
4.762000E+3	9.838550E-6	2.365570E-7
4.783600E+3	9.924230E-6	2.700850E-7
4.783600E+3	9.924230E-6	2.700850E-7
4.794500E+3	9.881390E-6	3.278270E-7
4.826800E+3	1.000810E-5	2.030290E-7
4.826800E+3	1.000810E-5	2.030290E-7
4.857500E+3	9.957760E-6	2.216560E-7
4.868100E+3	1.000990E-5	1.993040E-7
4.877100E+3	1.010680E-5	1.620510E-7
4.901000E+3	1.014960E-5	2.402830E-7
4.901000E+3	1.014960E-5	2.402830E-7
4.934300E+3	1.030050E-5	3.352780E-7
4.943400E+3	1.033770E-5	3.166510E-7
4.964400E+3	1.033590E-5	3.371410E-7
4.973300E+3	1.031910E-5	3.464540E-7
4.994500E+3	1.033770E-5	3.743930E-7
5.003400E+3	1.040290E-5	3.539040E-7
5.024600E+3	1.050540E-5	3.539040E-7
5.033600E+3	1.056130E-5	3.725310E-7
5.054800E+3	1.070100E-5	3.129260E-7
5.064000E+3	1.080530E-5	3.483160E-7
5.084900E+3	1.096170E-5	4.023330E-7
5.094700E+3	1.099900E-5	3.762560E-7
5.094700E+3	1.099900E-5	3.762560E-7
5.125300E+3	1.103250E-5	3.110640E-7
5.136200E+3	1.109210E-5	2.812610E-7
5.157800E+3	1.112000E-5	3.110640E-7
5.169100E+3	1.112190E-5	3.390030E-7
5.188300E+3	1.132870E-5	3.408660E-7
5.199600E+3	1.139940E-5	3.669430E-7
5.219200E+3	1.144790E-5	3.743930E-7
5.230000E+3	1.150750E-5	2.868490E-7
5.230000E+3	1.150750E-5	2.868490E-7
5.260400E+3	1.161920E-5	2.756730E-7
5.272600E+3	1.159690E-5	2.812610E-7
5.293600E+3	1.159690E-5	2.812610E-7
5.302500E+3	1.162110E-5	2.849870E-7
5.323600E+3	1.178320E-5	2.943000E-7
5.332600E+3	1.187630E-5	2.849870E-7
5.356400E+3	1.199740E-5	3.427290E-7
5.365600E+3	1.203460E-5	3.092010E-7
5.376900E+3	1.206250E-5	3.129260E-7
5.398500E+3	1.212770E-5	2.887120E-7
5.398500E+3	1.212770E-5	2.887120E-7
5.409300E+3	1.216500E-5	2.924370E-7
5.441700E+3	1.236990E-5	2.924370E-7
5.455000E+3	1.241090E-5	3.743930E-7
5.474400E+3	1.255610E-5	3.743930E-7
5.487500E+3	1.259530E-5	4.041960E-7
5.498300E+3	1.264000E-5	4.079210E-7
5.520000E+3	1.287470E-5	3.110640E-7
5.531400E+3	1.292870E-5	2.924370E-7
5.553700E+3	1.306650E-5	2.365570E-7
5.564900E+3	1.309070E-5	2.607720E-7
5.574200E+3	1.312430E-5	2.402830E-7
5.597500E+3	1.329380E-5	2.365570E-7
5.607300E+3	1.342790E-5	2.048920E-7
5.619300E+3	1.358250E-5	1.266610E-7
5.640400E+3	1.372960E-5	1.639140E-7
5.652300E+3	1.377430E-5	1.601880E-7
5.673300E+3	1.395690E-5	1.993040E-7
5.685300E+3	1.403140E-5	2.197930E-7
5.695400E+3	1.415620E-5	1.639140E-7
5.715400E+3	1.428470E-5	2.626350E-7
5.725000E+3	1.431260E-5	3.129260E-7
5.745500E+3	1.442620E-5	3.110640E-7
5.755600E+3	1.444490E-5	3.948830E-7
5.775800E+3	1.459570E-5	3.948830E-7
5.786500E+3	1.465540E-5	3.632180E-7
5.806200E+3	1.473540E-5	3.017500E-7
5.820200E+3	1.485470E-5	2.812610E-7
5.830300E+3	1.492540E-5	2.980250E-7
5.849700E+3	1.505020E-5	2.793990E-7
5.869600E+3	1.529060E-5	3.185140E-7
5.880400E+3	1.539490E-5	3.837070E-7
5.890700E+3	1.548430E-5	3.781190E-7
5.911000E+3	1.565750E-5	3.576300E-7
5.930300E+3	1.582140E-5	3.036130E-7
5.941400E+3	1.589970E-5	2.402830E-7
5.950700E+3	1.597600E-5	2.272440E-7
5.971700E+3	1.609520E-5	2.291060E-7
5.980700E+3	1.622000E-5	1.955790E-7
6.001900E+3	1.637090E-5	2.458710E-7
6.010800E+3	1.641000E-5	2.533220E-7
6.034700E+3	1.657210E-5	2.570470E-7
6.046900E+3	1.662050E-5	2.626350E-7
6.055900E+3	1.671740E-5	2.533220E-7
6.079900E+3	1.686640E-5	1.899910E-7
6.079900E+3	1.686640E-5	1.899910E-7
6.110000E+3	1.722770E-5	1.415620E-7
6.120000E+3	1.731340E-5	1.750900E-7
6.140600E+3	1.738050E-5	2.570470E-7
6.140600E+3	1.738050E-5	2.570470E-7
6.161400E+3	1.742520E-5	2.998880E-7
6.183800E+3	1.744750E-5	2.793990E-7
6.195100E+3	1.740090E-5	2.998880E-7
6.214500E+3	1.747920E-5	4.135090E-7
6.225600E+3	1.749220E-5	3.781190E-7
6.245300E+3	1.728360E-5	3.855690E-7
6.255900E+3	1.717180E-5	3.445910E-7
6.274900E+3	1.671360E-5	3.799810E-7
6.285900E+3	1.642490E-5	4.656630E-7
6.305700E+3	1.584940E-5	3.762560E-7
6.319200E+3	1.550660E-5	3.520420E-7
6.328200E+3	1.513960E-5	2.924370E-7
6.352100E+3	1.440390E-5	2.738110E-7
6.361300E+3	1.399410E-5	2.551840E-7
6.382500E+3	1.296220E-5	3.930200E-7
6.391300E+3	1.245370E-5	3.445910E-7
6.412500E+3	1.106790E-5	2.179300E-7
6.421400E+3	1.026510E-5	1.806770E-7
6.442400E+3	8.899780E-6	1.341110E-7
6.442400E+3	8.899780E-6	1.341110E-7
6.462900E+3	7.458060E-6	-4.470370E-8
6.484300E+3	5.809620E-6	1.657760E-7
6.495400E+3	4.990060E-6	1.993040E-7
6.514900E+3	3.388170E-6	2.104800E-7
6.526100E+3	2.542530E-6	2.551840E-7
6.547900E+3	8.251550E-7	3.166520E-8
6.547900E+3	8.251550E-7	3.166520E-8
6.569100E+3	-8.568200E-7	1.396990E-7
6.591000E+3	-2.222150E-6	1.341110E-7
6.602200E+3	-3.295030E-6	1.452870E-7
6.623500E+3	-4.449890E-6	7.450640E-9
6.634800E+3	-5.200530E-6	5.029160E-8
6.647400E+3	-5.843150E-6	8.754480E-8
6.668100E+3	-6.705550E-6	-5.587960E-8
6.668100E+3	-6.705550E-6	-5.587960E-8
6.689600E+3	-7.340710E-6	-1.285230E-7
6.710800E+3	-8.137950E-6	9.313270E-8
6.722700E+3	-8.383820E-6	6.333040E-8
6.743900E+3	-8.750770E-6	1.695020E-7
6.752900E+3	-8.810370E-6	1.490130E-7
6.763800E+3	-8.883010E-6	1.247980E-7
6.786400E+3	-9.100940E-6	1.639140E-7
6.796400E+3	-9.277890E-6	1.434250E-7
6.816800E+3	-9.641110E-6	1.825400E-7
6.827500E+3	-9.816200E-6	2.738110E-7
6.847400E+3	-9.965210E-6	1.993040E-7
6.858500E+3	-1.011790E-5	2.104800E-7
6.880600E+3	-1.020740E-5	5.587960E-9
6.890800E+3	-1.036010E-5	5.587960E-8
6.910800E+3	-1.032840E-5	7.823160E-8
6.921400E+3	-1.047740E-5	1.564630E-7
6.931700E+3	-1.041970E-5	1.061710E-7
6.953500E+3	-1.026700E-5	7.823160E-8
6.964600E+3	-1.026320E-5	3.911580E-8
6.986100E+3	-1.007140E-5	-4.284110E-8
6.997500E+3	-1.009370E-5	5.587960E-8
7.010100E+3	-9.957760E-6	2.421450E-8
7.030000E+3	-9.818060E-6	-5.215430E-8
7.043400E+3	-9.927960E-6	-3.725320E-9
7.052400E+3	-9.868350E-6	-1.620510E-7
7.052400E+3	-9.868350E-6	-1.620510E-7
7.085400E+3	-9.784530E-6	-1.564630E-7
7.106500E+3	-9.637380E-6	-7.078100E-8
7.115600E+3	-9.540530E-6	-8.754480E-8
7.126400E+3	-9.507000E-6	-1.024460E-7
7.149100E+3	-9.555430E-6	4.656640E-8
7.161400E+3	-9.445530E-6	4.656640E-8
7.182800E+3	-9.322600E-6	7.823160E-8
7.192200E+3	-9.287210E-6	7.823160E-8
7.213200E+3	-8.888600E-6	-1.676390E-8
7.223000E+3	-8.804780E-6	7.078100E-8
7.234300E+3	-8.847620E-6	6.519300E-8
7.255500E+3	-8.752630E-6	-9.872060E-8
7.266700E+3	-8.780570E-6	9.685800E-8
7.286000E+3	-8.788020E-6	3.352780E-7
7.297300E+3	-8.795470E-6	3.315530E-7
7.316700E+3	-8.886740E-6	1.993040E-7
7.327800E+3	-8.810370E-6	7.823160E-8
7.327800E+3	-8.810370E-6	7.823160E-8
7.340000E+3	-8.765670E-6	5.401690E-8
7.370000E+3	-8.488130E-6	-1.117590E-8
7.391000E+3	-8.717240E-6	9.127010E-8
7.400100E+3	-8.594300E-6	-3.352780E-8
7.421500E+3	-8.467640E-6	-8.568210E-8
7.430600E+3	-8.476960E-6	-7.078100E-8
7.451800E+3	-8.408040E-6	2.235190E-8
7.460900E+3	-8.514210E-6	1.676390E-7
7.481900E+3	-8.372650E-6	7.078100E-8
7.491400E+3	-8.398730E-6	1.061710E-7
7.515200E+3	-8.344710E-6	1.899910E-7
7.524400E+3	-8.277650E-6	7.450630E-8
7.538300E+3	-8.307460E-6	1.285230E-7
7.557900E+3	-8.259030E-6	5.029160E-8
7.570900E+3	-8.186380E-6	4.097840E-8
7.582000E+3	-8.218050E-6	4.097840E-8
7.603600E+3	-8.028060E-6	5.960510E-8
7.614800E+3	-8.022470E-6	1.247980E-7
7.634200E+3	-8.039230E-6	1.955790E-7
7.645400E+3	-7.858560E-6	1.285230E-7
7.664900E+3	-7.756110E-6	2.142050E-7
7.675800E+3	-7.679740E-6	1.993040E-7
7.695600E+3	-7.549330E-6	1.024460E-7
7.705900E+3	-7.532570E-6	3.725320E-9
7.726100E+3	-7.625700E-6	6.333040E-8
7.736000E+3	-7.554920E-6	5.960510E-8
7.756800E+3	-7.478550E-6	6.333040E-8
7.766000E+3	-7.400320E-6	9.313280E-9
7.776100E+3	-7.370520E-6	1.061710E-7
7.799400E+3	-7.201020E-6	5.774220E-8
7.799400E+3	-7.201020E-6	5.774220E-8
7.832700E+3	-7.100430E-6	-2.607710E-8
7.841700E+3	-6.888090E-6	-1.452870E-7
7.854400E+3	-6.888090E-6	-9.313270E-8
7.874900E+3	-6.772610E-6	-1.173470E-7
7.874900E+3	-6.772610E-6	-1.173470E-7
7.908400E+3	-6.740940E-6	-7.078100E-8
7.917700E+3	-6.794960E-6	5.029160E-8
7.928900E+3	-6.841520E-6	1.806770E-7
7.951200E+3	-6.679470E-6	1.154840E-7
7.962600E+3	-6.634770E-6	9.127010E-8
7.984200E+3	-6.612420E-6	7.823160E-8
7.984200E+3	-6.612420E-6	7.823160E-8
8.014700E+3	-6.526740E-6	-2.421450E-8
8.026000E+3	-6.664570E-6	7.636890E-8
8.035300E+3	-6.556540E-6	-1.490130E-8
8.058500E+3	-6.616140E-6	1.266610E-7
8.068800E+3	-6.571440E-6	1.415620E-7
8.089200E+3	-6.413120E-6	1.266610E-7
8.099000E+3	-6.256650E-6	3.352780E-8
8.120100E+3	-6.267830E-6	1.825400E-7
8.129400E+3	-6.249200E-6	1.788150E-7
8.150800E+3	-6.357240E-6	2.775360E-7
8.159900E+3	-6.238030E-6	1.881280E-7
8.181200E+3	-6.081570E-6	9.872060E-8
8.193200E+3	-6.049900E-6	1.117590E-7
8.203100E+3	-5.962360E-6	5.960510E-8
8.223400E+3	-5.872950E-6	-1.490130E-8
8.223400E+3	-5.872950E-6	-1.490130E-8
8.256600E+3	-5.731390E-6	7.823160E-8
8.266300E+3	-5.574930E-6	5.215430E-8
8.286700E+3	-5.604730E-6	1.266610E-7
8.286700E+3	-5.604730E-6	1.266610E-7
8.317000E+3	-5.619630E-6	1.862650E-7
8.327800E+3	-5.578650E-6	2.235180E-7
8.340800E+3	-5.628940E-6	2.682230E-7
8.360500E+3	-5.517180E-6	2.682230E-7
8.373700E+3	-5.537670E-6	2.253810E-7
8.384000E+3	-5.489240E-6	2.831240E-7
8.406300E+3	-5.416600E-6	2.998880E-7
8.417400E+3	-5.325330E-6	2.812610E-7
8.437300E+3	-5.263860E-6	4.041960E-7
8.447800E+3	-5.150240E-6	3.371410E-7
8.469700E+3	-5.099950E-6	2.775360E-7
8.480800E+3	-5.163280E-6	2.924370E-7
8.490000E+3	-5.086910E-6	1.564630E-7
8.513600E+3	-5.079460E-6	1.527380E-7
8.523400E+3	-5.032900E-6	1.452870E-7
8.536000E+3	-5.001230E-6	8.195680E-8
8.556900E+3	-4.898790E-6	1.024460E-7
8.566900E+3	-4.887610E-6	1.732270E-7
8.590400E+3	-4.891340E-6	2.179300E-7
8.599700E+3	-4.828010E-6	1.247980E-7
8.620600E+3	-4.790750E-6	1.583260E-7
8.630300E+3	-4.805650E-6	2.048920E-7
8.650800E+3	-4.634290E-6	1.769520E-7
8.661000E+3	-4.669680E-6	1.955790E-7
8.681200E+3	-4.593310E-6	6.146770E-8
8.692000E+3	-4.651050E-6	1.117590E-7
8.702200E+3	-4.660370E-6	1.117590E-7
8.721700E+3	-4.708800E-6	2.458710E-7
8.741900E+3	-4.539300E-6	1.508750E-7
8.752800E+3	-4.565370E-6	2.551840E-7
8.763300E+3	-4.563510E-6	2.272440E-7
8.786600E+3	-4.438710E-6	1.657760E-7
8.796800E+3	-4.472240E-6	2.011670E-7
8.818900E+3	-4.515080E-6	2.197930E-7
8.829900E+3	-4.565370E-6	3.129260E-7
8.842100E+3	-4.466650E-6	2.682230E-7
8.862800E+3	-4.377250E-6	2.495960E-7
8.875400E+3	-4.433120E-6	3.259650E-7
8.884500E+3	-4.263620E-6	2.272440E-7
8.905800E+3	-4.192840E-6	2.235180E-7
8.915100E+3	-4.196570E-6	3.203770E-7
8.936100E+3	-4.073630E-6	2.551840E-7
8.945800E+3	-4.081080E-6	3.483160E-7
8.945800E+3	-4.081080E-6	3.483160E-7
8.978400E+3	-4.086670E-6	2.868490E-7
8.991300E+3	-4.183530E-6	3.315530E-7
9.011700E+3	-4.140690E-6	2.346940E-7
9.024200E+3	-4.185390E-6	2.644970E-7
9.045600E+3	-4.084810E-6	1.676390E-7
9.055400E+3	-4.105300E-6	2.179300E-7
9.055400E+3	-4.105300E-6	2.179300E-7
9.086600E+3	-4.148140E-6	2.421460E-7
9.106800E+3	-4.161180E-6	3.166510E-7
9.117600E+3	-4.103440E-6	2.384200E-7
9.131100E+3	-4.058730E-6	4.190970E-7
9.151000E+3	-3.902270E-6	4.824290E-7
9.163800E+3	-3.922760E-6	5.364450E-7
9.163800E+3	-3.922760E-6	5.364450E-7
9.196200E+3	-4.055010E-6	4.116460E-7
9.206100E+3	-4.084810E-6	3.594920E-7
9.215500E+3	-4.025210E-6	2.719480E-7
9.239300E+3	-3.989820E-6	3.390030E-7
9.248400E+3	-3.913450E-6	2.905740E-7
9.272500E+3	-4.129510E-6	1.639140E-7
9.272500E+3	-4.129510E-6	1.639140E-7
9.294200E+3	-4.027070E-6	4.284110E-8
9.315500E+3	-3.907860E-6	1.024460E-7
9.324900E+3	-3.853840E-6	8.195680E-8
9.345500E+3	-3.652660E-6	-1.098970E-7
9.355600E+3	-3.630310E-6	-4.284110E-8
9.355600E+3	-3.630310E-6	-4.284110E-8
9.386500E+3	-3.639620E-6	1.415620E-7
9.386500E+3	-3.639620E-6	1.415620E-7
9.419500E+3	-3.600510E-6	6.705570E-8
9.430700E+3	-3.550220E-6	6.333040E-8
9.450500E+3	-3.643350E-6	-4.842900E-8
9.461500E+3	-3.516690E-6	-1.918530E-7
9.484300E+3	-3.455220E-6	-8.381950E-8
9.495000E+3	-3.486890E-6	5.774220E-8
9.516900E+3	-3.429140E-6	3.036130E-7
9.528100E+3	-3.429140E-6	3.799810E-7
9.537300E+3	-3.268960E-6	2.998880E-7
9.537300E+3	-3.268960E-6	2.998880E-7
9.567600E+3	-3.324840E-6	9.127010E-8
9.589100E+3	-3.354640E-6	-1.210730E-7
9.601100E+3	-3.313660E-6	-1.639140E-7
9.622300E+3	-3.084550E-6	-2.067550E-7
9.622300E+3	-3.084550E-6	-2.067550E-7
9.652800E+3	-2.866630E-6	-3.352780E-8
9.661900E+3	-2.868490E-6	5.587960E-9
9.673000E+3	-2.898290E-6	2.235190E-8
9.695500E+3	-2.926230E-6	3.781190E-7
9.695500E+3	-2.926230E-6	3.781190E-7
9.708000E+3	-2.840550E-6	3.520420E-7
9.739000E+3	-2.821920E-6	3.185140E-7
9.759700E+3	-2.667320E-6	3.185140E-7
9.769900E+3	-2.682220E-6	1.881280E-7
9.780900E+3	-2.658010E-6	1.844030E-7
9.780900E+3	-2.658010E-6	1.844030E-7
9.813700E+3	-2.672910E-6	2.291060E-7
9.823300E+3	-2.676640E-6	1.806770E-7
9.846400E+3	-2.700850E-6	2.104800E-7
9.856800E+3	-2.561150E-6	1.899910E-7
9.878900E+3	-2.354400E-6	2.980250E-7
9.890000E+3	-2.337630E-6	4.414490E-7
9.912500E+3	-2.311560E-6	3.874320E-7
9.923400E+3	-2.313420E-6	3.892950E-7
9.932600E+3	-2.251950E-6	2.887120E-7
9.953900E+3	-2.197940E-6	3.390030E-7
9.963100E+3	-2.251950E-6	3.092010E-7
9.987100E+3	-2.281750E-6	3.259650E-7
9.996400E+3	-2.261270E-6	1.341110E-7
1.001770E+4	-2.263130E-6	-5.960510E-8
1.002690E+4	-2.246360E-6	1.098970E-7
1.004810E+4	-2.013530E-6	1.173470E-7
1.005740E+4	-1.987460E-6	1.359740E-7
1.007830E+4	-2.071280E-6	2.235180E-7
1.008820E+4	-2.039610E-6	2.197930E-7
1.010870E+4	-2.058240E-6	4.470370E-7
1.011820E+4	-2.058240E-6	4.470370E-7
1.013250E+4	-2.170000E-6	4.749760E-7
1.015220E+4	-2.015400E-6	4.153720E-7
1.016360E+4	-1.918540E-6	3.632180E-7
1.018520E+4	-1.860790E-6	3.948830E-7
1.019640E+4	-1.797460E-6	4.358610E-7
1.020930E+4	-1.803050E-6	5.159560E-7
1.022880E+4	-1.663350E-6	2.644970E-7
1.022880E+4	-1.663350E-6	2.644970E-7
1.025170E+4	-1.667070E-6	2.291060E-7
1.027530E+4	-1.747170E-6	1.806770E-7
1.028480E+4	-1.676390E-6	6.891830E-8
1.030590E+4	-1.635410E-6	1.266610E-7
1.031820E+4	-1.648450E-6	1.937160E-7
1.032740E+4	-1.590710E-6	1.601880E-7
1.034850E+4	-1.594430E-6	2.197930E-7
1.034850E+4	-1.594430E-6	2.197930E-7
1.037880E+4	-1.603740E-6	1.732270E-7
1.038900E+4	-1.598160E-6	1.434250E-7
1.040950E+4	-1.547870E-6	1.285230E-7
1.042030E+4	-1.546000E-6	2.086170E-7
1.044020E+4	-1.477080E-6	1.657760E-7
1.044020E+4	-1.477080E-6	1.657760E-7
1.045150E+4	-1.546000E-6	1.434250E-7
1.047380E+4	-1.577670E-6	8.940740E-8
1.050420E+4	-1.598160E-6	5.587960E-8
1.051520E+4	-1.607470E-6	1.490130E-7
1.052560E+4	-1.480810E-6	1.266610E-7
1.054610E+4	-1.477080E-6	1.415620E-7
1.056560E+4	-1.469630E-6	1.937160E-7
1.057690E+4	-1.525510E-6	2.644970E-7
1.058620E+4	-1.505020E-6	2.440080E-7
1.060970E+4	-1.505020E-6	2.440080E-7
1.061990E+4	-1.505020E-6	8.754480E-8
1.061990E+4	-1.505020E-6	8.754480E-8
1.065020E+4	-1.423070E-6	1.955790E-7
1.065020E+4	-1.423070E-6	1.955790E-7
1.068370E+4	-1.376500E-6	3.017500E-7
1.069290E+4	-1.361600E-6	2.682230E-7
1.071400E+4	-1.320620E-6	1.993040E-7
1.071400E+4	-1.320620E-6	1.993040E-7
1.074450E+4	-1.350430E-6	1.974410E-7
1.075480E+4	-1.426790E-6	3.166510E-7
1.077520E+4	-1.255430E-6	2.440080E-7
1.078600E+4	-1.337390E-6	3.073380E-7
1.080600E+4	-1.296410E-6	2.812610E-7
1.081740E+4	-1.268470E-6	2.812610E-7
1.083730E+4	-1.179060E-6	2.533220E-7
1.084870E+4	-1.233080E-6	3.203770E-7
1.086830E+4	-1.233080E-6	3.203770E-7
1.087950E+4	-1.266610E-6	4.135090E-7
1.089820E+4	-1.207000E-6	2.700850E-7
1.091240E+4	-1.274060E-6	3.315530E-7
1.092210E+4	-1.227490E-6	2.775360E-7
1.094500E+4	-1.257290E-6	3.315530E-7
1.095560E+4	-1.208860E-6	3.054760E-7
1.095560E+4	-1.208860E-6	3.054760E-7
1.097590E+4	-1.236800E-6	3.855690E-7
1.100700E+4	-1.225630E-6	3.557670E-7
1.101650E+4	-1.180920E-6	2.868490E-7
1.103780E+4	-1.180920E-6	2.719480E-7
1.104710E+4	-1.141810E-6	2.346940E-7
1.106820E+4	-1.225630E-6	3.241020E-7
1.106820E+4	-1.225630E-6	3.241020E-7
1.109830E+4	-1.085930E-6	3.408660E-7
1.110740E+4	-1.057990E-6	2.905740E-7
1.112070E+4	-1.057990E-6	2.551840E-7
1.114100E+4	-1.059850E-6	1.303860E-7
1.115380E+4	-1.141810E-6	1.098970E-7
1.116520E+4	-1.283370E-6	2.104800E-7
1.118700E+4	-1.199550E-6	2.030290E-7
1.119810E+4	-1.240530E-6	2.253810E-7
1.119810E+4	-1.240530E-6	2.253810E-7
1.122040E+4	-1.139950E-6	1.937160E-7
1.124170E+4	-1.152980E-6	2.235180E-7
1.124170E+4	-1.152980E-6	2.235180E-7
1.127480E+4	-1.125040E-6	4.712510E-7
1.129650E+4	-9.555440E-7	3.855690E-7
1.130760E+4	-9.741710E-7	4.861540E-7
1.132090E+4	-9.443650E-7	4.153720E-7
1.134130E+4	-1.072890E-6	3.427290E-7
1.135130E+4	-1.093380E-6	2.887120E-7
1.135130E+4	-1.093380E-6	2.887120E-7
1.138480E+4	-1.089650E-6	2.756730E-7
1.139400E+4	-1.024460E-6	4.079210E-7
1.141820E+4	-1.082200E-6	4.284100E-7
1.142760E+4	-1.057990E-6	4.544870E-7
1.144010E+4	-9.443650E-7	3.874320E-7
1.146130E+4	-9.629950E-7	5.010550E-7
1.147370E+4	-8.735840E-7	4.824290E-7
1.149510E+4	-9.834840E-7	6.444790E-7
1.150740E+4	-9.555440E-7	6.537920E-7
1.151830E+4	-1.020740E-6	6.090890E-7
1.151830E+4	-1.020740E-6	6.090890E-7
1.154890E+4	-1.193960E-6	5.234070E-7
1.156830E+4	-1.125040E-6	4.097840E-7
1.157950E+4	-1.013290E-6	4.358610E-7
1.159910E+4	-9.611320E-7	4.787030E-7
1.161030E+4	-9.983850E-7	4.880170E-7
1.162930E+4	-1.009560E-6	4.246850E-7
1.164060E+4	-9.685830E-7	3.092010E-7
1.165020E+4	-1.011420E-6	2.551840E-7
1.167470E+4	-1.136220E-6	3.222390E-7
1.169440E+4	-1.015150E-6	2.607720E-7
1.170550E+4	-1.011420E-6	2.682230E-7
1.171470E+4	-1.050540E-6	3.278270E-7
1.173880E+4	-1.071030E-6	2.626350E-7
1.174830E+4	-1.069170E-6	1.844030E-7
1.176050E+4	-1.063580E-6	1.192100E-7
1.178170E+4	-9.350520E-7	2.235180E-7
1.179110E+4	-8.884850E-7	1.955790E-7
1.181200E+4	-9.220130E-7	1.527380E-7
1.182180E+4	-9.033870E-7	1.434250E-7
1.184220E+4	-1.003970E-6	1.434250E-7
1.185260E+4	-1.097110E-6	2.551840E-7
1.187590E+4	-9.983850E-7	2.607720E-7
1.188560E+4	-1.059850E-6	3.222390E-7
1.189690E+4	-9.629950E-7	2.477340E-7
1.191890E+4	-8.922110E-7	2.644970E-7
1.193000E+4	-8.754470E-7	2.682230E-7
1.194970E+4	-9.816210E-7	2.495960E-7
1.196280E+4	-1.106420E-6	3.166510E-7
1.198310E+4	-1.134360E-6	3.241020E-7
1.199400E+4	-1.205140E-6	4.414490E-7
1.200710E+4	-1.218180E-6	4.656630E-7
1.201670E+4	-1.164160E-6	3.948830E-7
1.204110E+4	-1.102690E-6	3.911570E-7
1.205040E+4	-1.084070E-6	3.241020E-7
1.207130E+4	-1.089650E-6	4.172340E-7
1.208090E+4	-1.009560E-6	3.837070E-7
1.210220E+4	-1.063580E-6	4.433110E-7
1.211170E+4	-1.028190E-6	3.576300E-7
1.213310E+4	-1.106420E-6	2.644970E-7
1.214250E+4	-1.154850E-6	2.980250E-7
1.216380E+4	-1.253570E-6	3.185140E-7
1.217600E+4	-1.138080E-6	2.533220E-7
1.218620E+4	-1.177200E-6	2.458710E-7
1.220960E+4	-1.188370E-6	1.732270E-7
1.222000E+4	-1.166020E-6	1.899910E-7
1.224310E+4	-1.097110E-6	2.477340E-7
1.225280E+4	-1.100830E-6	2.402830E-7
1.227320E+4	-1.048680E-6	2.142050E-7
1.227320E+4	-1.048680E-6	2.142050E-7
1.229430E+4	-1.059850E-6	3.185140E-7
1.231580E+4	-9.909340E-7	2.589090E-7
1.232710E+4	-9.667200E-7	2.682230E-7
1.234900E+4	-9.425020E-7	3.110640E-7
1.235990E+4	-9.741710E-7	4.675260E-7
1.237350E+4	-9.741710E-7	4.675260E-7
1.239400E+4	-1.102690E-6	6.742810E-7
1.240430E+4	-1.046810E-6	5.364450E-7
1.242510E+4	-1.169750E-6	3.632180E-7
1.243480E+4	-1.057990E-6	2.216560E-7
1.243480E+4	-1.057990E-6	2.216560E-7
1.245610E+4	-1.119460E-6	2.272440E-7
1.247590E+4	-9.834840E-7	2.197930E-7
1.249910E+4	-9.667200E-7	2.663600E-7
1.250870E+4	-9.667200E-7	2.663600E-7
1.253260E+4	-1.067300E-6	1.434250E-7
1.254180E+4	-1.072890E-6	3.166520E-8
1.256320E+4	-1.156710E-6	8.568210E-8
1.257270E+4	-1.171610E-6	1.583260E-7
1.258390E+4	-1.257290E-6	2.868490E-7
1.260580E+4	-1.095240E-6	2.365570E-7
1.261680E+4	-1.169750E-6	3.464540E-7
1.263940E+4	-8.959360E-7	2.607720E-7
1.264970E+4	-8.400570E-7	2.365570E-7
1.266080E+4	-8.996610E-7	2.253810E-7
1.268250E+4	-8.996610E-7	2.253810E-7
1.269380E+4	-1.041230E-6	2.607720E-7
1.269380E+4	-1.041230E-6	2.607720E-7
1.272660E+4	-1.069170E-6	2.123420E-7
1.274000E+4	-1.097110E-6	2.533220E-7
1.276050E+4	-9.629950E-7	1.806770E-7
1.277350E+4	-1.024460E-6	2.179300E-7
1.278280E+4	-9.294640E-7	1.750900E-7
1.278280E+4	-9.294640E-7	1.750900E-7
1.281370E+4	-8.475070E-7	1.322490E-7
1.283790E+4	-8.661340E-7	2.533220E-7
1.284740E+4	-8.251550E-7	1.899910E-7
1.286890E+4	-9.387770E-7	2.011670E-7
1.287830E+4	-9.592700E-7	2.421460E-7
1.289990E+4	-8.754470E-7	3.296900E-7
1.290920E+4	-8.139800E-7	3.166510E-7
1.293050E+4	-8.456450E-7	3.948830E-7
1.294020E+4	-9.033870E-7	4.321350E-7
1.296100E+4	-8.419190E-7	1.955790E-7
1.297100E+4	-8.493700E-7	1.788150E-7
1.298230E+4	-8.940730E-7	2.756730E-7
1.300410E+4	-8.251550E-7	3.036130E-7
1.301530E+4	-9.480900E-7	3.632180E-7
1.301530E+4	-9.480900E-7	3.632180E-7
1.304820E+4	-1.003970E-6	2.514590E-7
1.305890E+4	-9.909340E-7	1.750900E-7
1.308120E+4	-1.041230E-6	1.266610E-7
1.308120E+4	-1.041230E-6	1.266610E-7
1.311230E+4	-1.035640E-6	2.253810E-7
1.312310E+4	-9.816210E-7	1.937160E-7
1.314340E+4	-9.983850E-7	2.607720E-7
1.315380E+4	-1.013290E-6	3.483160E-7
1.317640E+4	-8.568200E-7	2.458710E-7
1.318740E+4	-7.990780E-7	2.179300E-7
1.319660E+4	-7.804520E-7	2.533220E-7
1.321790E+4	-7.618260E-7	2.570470E-7
1.322710E+4	-7.711390E-7	2.253810E-7
1.325130E+4	-9.480900E-7	3.166510E-7
1.325130E+4	-9.480900E-7	3.166510E-7
1.327130E+4	-9.778960E-7	2.048920E-7
1.329470E+4	-9.667200E-7	2.682230E-7
1.330560E+4	-1.003970E-6	3.539040E-7
1.330560E+4	-1.003970E-6	3.539040E-7
1.332830E+4	-8.903480E-7	3.799810E-7
1.335900E+4	-7.934900E-7	3.073380E-7
1.336960E+4	-7.972160E-7	2.943000E-7
1.338040E+4	-8.177050E-7	3.296900E-7
1.340240E+4	-7.934900E-7	3.203770E-7
1.341370E+4	-7.618260E-7	2.961620E-7
1.343550E+4	-8.214300E-7	2.961620E-7
1.344670E+4	-9.201500E-7	2.644970E-7
1.346650E+4	-1.000250E-6	2.793990E-7
1.347780E+4	-1.067300E-6	2.998880E-7
1.349760E+4	-9.592700E-7	1.955790E-7
1.350880E+4	-9.555440E-7	1.657760E-7
1.351830E+4	-1.033780E-6	2.682230E-7
1.353970E+4	-9.201500E-7	2.272440E-7
1.354850E+4	-9.201500E-7	2.849870E-7
1.356700E+4	-8.549580E-7	3.837070E-7
1.357380E+4	-8.475070E-7	4.116460E-7
1.358880E+4	-7.897650E-7	3.203770E-7
1.359230E+4	-7.934900E-7	3.073380E-7
1.359640E+4	-8.530950E-7	3.017500E-7
1.359940E+4	-8.605460E-7	2.756730E-7
1.359970E+4	-9.387770E-7	3.129260E-7
1.359420E+4	-9.387770E-7	3.129260E-7
1.359100E+4	-1.002110E-6	3.129260E-7
1.357770E+4	-8.512320E-7	3.129260E-7
1.357770E+4	-8.512320E-7	2.998880E-7
1.354490E+4	-8.717220E-7	3.036130E-7
1.353340E+4	-9.965220E-7	4.097840E-7
1.350550E+4	-1.009560E-6	3.948830E-7
1.349220E+4	-1.076620E-6	4.302730E-7
1.346260E+4	-1.039360E-6	3.110640E-7
1.344910E+4	-1.002110E-6	2.589090E-7
1.341970E+4	-9.443650E-7	3.073380E-7
1.340700E+4	-9.629950E-7	3.669430E-7
1.339310E+4	-8.642710E-7	3.241020E-7
1.336860E+4	-7.972160E-7	3.203770E-7
1.336860E+4	-7.972160E-7	3.203770E-7
1.335570E+4	-7.897650E-7	3.296900E-7
1.332010E+4	-7.245730E-7	3.054760E-7
1.331080E+4	-7.767270E-7	2.421460E-7
1.328920E+4	-9.387770E-7	2.514590E-7
1.327980E+4	-9.499530E-7	2.831240E-7
1.326890E+4	-9.369140E-7	3.036130E-7
1.326890E+4	-9.369140E-7	3.036130E-7
1.323770E+4	-8.773100E-7	2.365570E-7
1.323770E+4	-8.773100E-7	2.365570E-7
1.320800E+4	-9.723080E-7	3.371410E-7
1.320800E+4	-9.723080E-7	3.371410E-7
1.317730E+4	-9.574070E-7	2.943000E-7
1.315330E+4	-8.400570E-7	2.458710E-7
1.315330E+4	-8.400570E-7	2.458710E-7
1.314340E+4	-8.717220E-7	2.924370E-7
1.310980E+4	-8.475070E-7	2.998880E-7
1.309990E+4	-9.480900E-7	3.855690E-7
1.307950E+4	-9.946600E-7	4.414490E-7
1.307010E+4	-8.717220E-7	3.799810E-7
1.304950E+4	-8.735840E-7	4.246850E-7
1.303950E+4	-8.139800E-7	3.166510E-7
1.301940E+4	-8.326060E-7	3.483160E-7
1.300900E+4	-8.102540E-7	3.092010E-7
1.298920E+4	-8.754470E-7	3.092010E-7
1.297830E+4	-8.903480E-7	2.682230E-7
1.297830E+4	-8.903480E-7	2.682230E-7
1.294760E+4	-9.983850E-7	2.402830E-7
1.292830E+4	-9.536820E-7	2.440080E-7
1.292830E+4	-9.536820E-7	2.440080E-7
1.290490E+4	-1.067300E-6	2.216560E-7
1.288200E+4	-1.018870E-6	3.725310E-7
1.288200E+4	-1.018870E-6	3.725310E-7
1.285160E+4	-1.005840E-6	1.396990E-7
1.285160E+4	-1.005840E-6	1.396990E-7
1.284190E+4	-1.082200E-6	2.086170E-7
1.280870E+4	-9.592700E-7	1.862650E-7
1.279960E+4	-9.965220E-7	2.440080E-7
1.277570E+4	-9.015240E-7	1.993040E-7
1.276650E+4	-8.642710E-7	1.899910E-7
1.276650E+4	-8.642710E-7	1.899910E-7
1.273320E+4	-9.760330E-7	1.899910E-7
1.272100E+4	-1.054260E-6	1.601880E-7
1.272100E+4	-1.054260E-6	1.601880E-7
1.268790E+4	-1.044950E-6	2.849870E-7
1.267790E+4	-9.834840E-7	2.365570E-7
1.266690E+4	-9.927970E-7	3.371410E-7
1.264460E+4	-9.834840E-7	2.551840E-7
1.263360E+4	-1.030050E-6	2.924370E-7
1.261370E+4	-1.050540E-6	3.390030E-7
1.260360E+4	-1.031910E-6	3.408660E-7
1.258410E+4	-9.890720E-7	2.849870E-7
1.257330E+4	-1.046810E-6	2.980250E-7
1.257330E+4	-1.046810E-6	2.980250E-7
1.253990E+4	-9.406390E-7	4.265480E-7
1.251990E+4	-9.499530E-7	4.321350E-7
1.251990E+4	-9.499530E-7	4.321350E-7
1.250980E+4	-9.648570E-7	3.781190E-7
1.250060E+4	-9.834840E-7	3.483160E-7
1.246780E+4	-1.069170E-6	3.017500E-7
1.246780E+4	-1.069170E-6	3.017500E-7
1.243470E+4	-1.125040E-6	1.378370E-7
1.241370E+4	-1.125040E-6	1.378370E-7
1.241370E+4	-1.069170E-6	4.842900E-8
1.238330E+4	-1.015150E-6	1.341110E-7
1.237420E+4	-1.030050E-6	1.639140E-7
1.237420E+4	-1.030050E-6	1.639140E-7
1.234100E+4	-9.667200E-7	2.719480E-7
1.232860E+4	-1.011420E-6	3.911570E-7
1.231730E+4	-9.778960E-7	2.980250E-7
1.229490E+4	-1.208860E-6	2.998880E-7
1.228380E+4	-1.171610E-6	2.179300E-7
1.227410E+4	-1.160440E-6	1.993040E-7
1.225100E+4	-1.141810E-6	1.732270E-7
1.224060E+4	-1.130630E-6	5.401690E-8
1.222030E+4	-1.095240E-6	8.195680E-8
1.221040E+4	-1.143670E-6	1.657760E-7
1.218770E+4	-1.143670E-6	2.644970E-7
1.218770E+4	-1.143670E-6	2.644970E-7
1.215720E+4	-1.100830E-6	2.644970E-7
1.214710E+4	-1.065440E-6	2.607720E-7
1.214710E+4	-1.065440E-6	2.607720E-7
1.211420E+4	-9.741710E-7	1.452870E-7
1.210510E+4	-1.063580E-6	2.607720E-7
1.208390E+4	-1.113870E-6	2.607720E-7
1.207470E+4	-1.108280E-6	7.078100E-8
1.207470E+4	-1.108280E-6	7.078100E-8
1.203860E+4	-1.134360E-6	9.685800E-8
1.202920E+4	-1.102690E-6	1.266610E-7
1.200830E+4	-1.100830E-6	2.663600E-7
1.199850E+4	-1.069170E-6	2.533220E-7
1.197810E+4	-1.152980E-6	3.166510E-7
1.196780E+4	-1.052400E-6	2.384200E-7
1.194780E+4	-9.667200E-7	2.719480E-7
1.193430E+4	-1.050540E-6	3.483160E-7
1.192370E+4	-1.018870E-6	2.849870E-7
1.190370E+4	-1.030050E-6	1.974410E-7
1.189360E+4	-1.080340E-6	2.123420E-7
1.187150E+4	-9.443650E-7	1.098970E-7
1.186060E+4	-8.903480E-7	8.195680E-8
1.184850E+4	-9.536820E-7	1.676390E-7
1.182790E+4	-1.009560E-6	2.048920E-7
1.181550E+4	-1.056130E-6	2.533220E-7
1.180630E+4	-1.106420E-6	2.253810E-7
1.178240E+4	-1.106420E-6	2.253810E-7
1.177310E+4	-1.119460E-6	2.216560E-7
1.177310E+4	-1.119460E-6	2.216560E-7
1.174270E+4	-1.089650E-6	1.695020E-7
1.173170E+4	-1.089650E-6	1.154840E-7
1.170610E+4	-1.097110E-6	2.011670E-7
1.169620E+4	-1.003970E-6	2.346940E-7
1.169620E+4	-1.003970E-6	2.346940E-7
1.166550E+4	-1.061720E-6	2.551840E-7
1.166550E+4	-1.061720E-6	2.551840E-7
1.163580E+4	-1.030050E-6	2.421460E-7
1.163580E+4	-1.030050E-6	2.421460E-7
1.160260E+4	-1.056130E-6	1.862650E-7
1.159160E+4	-1.067300E-6	1.266610E-7
1.157190E+4	-1.190240E-6	7.636890E-8
1.157190E+4	-1.190240E-6	7.636890E-8
1.153950E+4	-1.175340E-6	1.732270E-7
1.153950E+4	-1.175340E-6	1.732270E-7
1.151920E+4	-1.102690E-6	1.303860E-7
1.151920E+4	-1.102690E-6	1.303860E-7
1.148590E+4	-1.279640E-6	1.583260E-7
1.146510E+4	-1.285230E-6	2.589090E-7
1.145280E+4	-1.180920E-6	3.073380E-7
1.144370E+4	-1.057990E-6	2.551840E-7
1.142270E+4	-9.946600E-7	2.328320E-7
1.140210E+4	-9.797590E-7	1.080340E-7
1.139260E+4	-1.115730E-6	1.434250E-7
1.137150E+4	-1.097110E-6	8.009420E-8
1.136240E+4	-1.197690E-6	1.210730E-7
1.135190E+4	-1.238670E-6	1.806770E-7
1.135190E+4	-1.238670E-6	1.806770E-7
1.131940E+4	-1.236800E-6	2.197930E-7
1.129580E+4	-1.221900E-6	1.825400E-7
1.128680E+4	-1.247980E-6	2.197930E-7
1.127400E+4	-1.218180E-6	2.328320E-7
1.126280E+4	-1.169750E-6	2.533220E-7
1.124040E+4	-1.080340E-6	2.924370E-7
1.122020E+4	-1.152980E-6	4.041960E-7
1.120950E+4	-1.125040E-6	3.930200E-7
1.119930E+4	-1.208860E-6	4.488990E-7
1.118000E+4	-1.162300E-6	4.041960E-7
1.116890E+4	-1.212590E-6	3.837070E-7
1.116890E+4	-1.212590E-6	3.837070E-7
1.113860E+4	-1.132500E-6	3.501790E-7
1.111850E+4	-1.078480E-6	2.533220E-7
1.110870E+4	-1.084070E-6	2.682230E-7
1.108550E+4	-1.141810E-6	1.415620E-7
1.107590E+4	-1.212590E-6	2.291060E-7
1.105540E+4	-1.113870E-6	2.197930E-7
1.104620E+4	-1.141810E-6	2.998880E-7
1.102520E+4	-1.125040E-6	3.017500E-7
1.102520E+4	-1.125040E-6	3.017500E-7
1.099460E+4	-1.095240E-6	3.166510E-7
1.098550E+4	-1.141810E-6	3.017500E-7
1.097430E+4	-1.106420E-6	1.937160E-7
1.095480E+4	-1.195830E-6	2.160680E-7
1.093410E+4	-1.275920E-6	1.639140E-7
1.092410E+4	-1.277780E-6	1.732270E-7
1.091290E+4	-1.201410E-6	1.396990E-7
1.091290E+4	-1.201410E-6	1.396990E-7
1.088030E+4	-1.238670E-6	2.179300E-7
1.086760E+4	-1.251700E-6	2.738110E-7
1.084780E+4	-1.253570E-6	3.315530E-7
1.083740E+4	-1.320620E-6	3.185140E-7
1.081720E+4	-1.212590E-6	2.440080E-7
1.080720E+4	-1.199550E-6	2.514590E-7
1.078480E+4	-1.134360E-6	2.179300E-7
1.077410E+4	-1.113870E-6	1.657760E-7
1.076210E+4	-1.212590E-6	2.030290E-7
1.074120E+4	-1.240530E-6	1.862650E-7
1.073200E+4	-1.227490E-6	2.216560E-7
1.071090E+4	-1.225630E-6	1.993040E-7
1.070200E+4	-1.227490E-6	2.421460E-7
1.068080E+4	-1.145530E-6	2.346940E-7
1.067170E+4	-1.227490E-6	2.421460E-7
1.065070E+4	-1.326210E-6	1.937160E-7
1.064130E+4	-1.337390E-6	1.993040E-7
1.063010E+4	-1.404440E-6	1.806770E-7
1.060850E+4	-1.590710E-6	3.036130E-7
1.058730E+4	-1.426790E-6	3.539040E-7
1.057790E+4	-1.363460E-6	3.837070E-7
1.056670E+4	-1.311310E-6	3.632180E-7
1.054750E+4	-1.624230E-6	5.774240E-7
1.053640E+4	-1.635410E-6	4.898790E-7
1.051720E+4	-1.680110E-6	4.321350E-7
1.050640E+4	-1.650310E-6	3.166510E-7
1.048650E+4	-1.626100E-6	2.421460E-7
1.047620E+4	-1.672660E-6	3.669430E-7
1.045580E+4	-1.572080E-6	2.998880E-7
1.044600E+4	-1.650310E-6	3.483160E-7
1.042360E+4	-1.572080E-6	2.551840E-7
1.042360E+4	-1.572080E-6	2.551840E-7
1.041300E+4	-1.544140E-6	3.017500E-7
1.038280E+4	-1.633550E-6	2.533220E-7
1.038280E+4	-1.633550E-6	2.533220E-7
1.036220E+4	-1.618650E-6	2.719480E-7
1.034300E+4	-1.674530E-6	2.589090E-7
1.034300E+4	-1.674530E-6	2.589090E-7
1.031030E+4	-1.784420E-6	2.048920E-7
1.028910E+4	-1.836580E-6	2.924370E-7
1.027950E+4	-1.834710E-6	2.365570E-7
1.025860E+4	-1.778830E-6	1.899910E-7
1.024840E+4	-1.804910E-6	1.452870E-7
1.022810E+4	-1.890590E-6	2.086170E-7
1.021740E+4	-1.855200E-6	1.788150E-7
1.020680E+4	-1.965110E-6	2.551840E-7
1.018500E+4	-1.890590E-6	1.750900E-7
1.017390E+4	-1.916680E-6	2.123420E-7
1.015450E+4	-1.931580E-6	1.434250E-7
1.014370E+4	-1.940890E-6	1.341110E-7
1.012400E+4	-1.948340E-6	1.266610E-7
1.011110E+4	-1.925990E-6	8.009420E-8
1.009190E+4	-1.952070E-6	1.341110E-7
1.008080E+4	-1.970690E-6	1.527380E-7
1.008080E+4	-1.970690E-6	1.527380E-7
1.006110E+4	-1.993040E-6	1.564630E-7
1.003010E+4	-2.106670E-6	2.291060E-7
1.003010E+4	-2.106670E-6	2.291060E-7
9.999200E+3	-2.263130E-6	1.583260E-7
9.989700E+3	-2.328320E-6	1.732270E-7
9.977500E+3	-2.412140E-6	1.899910E-7
9.956400E+3	-2.458710E-6	2.086170E-7
9.947400E+3	-2.447530E-6	1.676390E-7
9.923400E+3	-2.417730E-6	7.264360E-8
9.914400E+3	-2.494100E-6	1.527380E-7
9.903800E+3	-2.540660E-6	1.676390E-7
9.881100E+3	-2.568600E-6	1.657760E-7
9.871200E+3	-2.518310E-6	1.136220E-7
9.850800E+3	-2.514590E-6	1.695020E-7
9.850800E+3	-2.514590E-6	1.695020E-7
9.840400E+3	-2.456840E-6	1.192100E-7
9.809400E+3	-2.672910E-6	1.993040E-7
9.789900E+3	-2.708300E-6	2.104800E-7
9.778700E+3	-2.676640E-6	1.396990E-7
9.759200E+3	-2.676640E-6	2.197930E-7
9.747900E+3	-2.706440E-6	2.514590E-7
9.728600E+3	-2.607720E-6	2.868490E-7
9.717600E+3	-2.641250E-6	3.613550E-7
9.708600E+3	-2.572330E-6	3.948830E-7
9.708600E+3	-2.572330E-6	3.948830E-7
9.675700E+3	-2.790260E-6	3.613550E-7
9.652000E+3	-2.821920E-6	2.682230E-7
9.642800E+3	-2.915050E-6	2.924370E-7
9.622300E+3	-2.969070E-6	1.452870E-7
9.612500E+3	-3.019360E-6	9.127010E-8
9.591600E+3	-3.056620E-6	2.980250E-8
9.582300E+3	-3.175820E-6	7.078100E-8
9.560900E+3	-3.214940E-6	1.285230E-7
9.551900E+3	-3.214940E-6	1.285230E-7
9.541200E+3	-3.309930E-6	2.402830E-7
9.541200E+3	-3.309930E-6	2.402830E-7
9.508600E+3	-3.146020E-6	1.695020E-7
9.494500E+3	-3.110630E-6	1.210730E-7
9.475100E+3	-3.203760E-6	8.195680E-8
9.464000E+3	-3.369540E-6	1.564630E-7
9.464000E+3	-3.369540E-6	1.564630E-7
9.433600E+3	-3.479440E-6	3.315530E-7
9.411700E+3	-3.466400E-6	3.911570E-7
9.400500E+3	-3.468260E-6	3.762560E-7
9.380900E+3	-3.531590E-6	3.594920E-7
9.370200E+3	-3.544630E-6	3.520420E-7
9.350200E+3	-3.535320E-6	2.682230E-7
9.339900E+3	-3.634040E-6	3.315530E-7
9.319600E+3	-3.540900E-6	2.291060E-7
9.319600E+3	-3.540900E-6	2.291060E-7
9.300200E+3	-3.621000E-6	1.471500E-7
9.276600E+3	-3.736480E-6	6.333040E-8
9.267400E+3	-3.831490E-6	5.215430E-8
9.246000E+3	-3.848250E-6	2.235190E-8
9.236500E+3	-3.770010E-6	2.235190E-8
9.215700E+3	-3.581880E-6	1.806770E-7
9.205700E+3	-3.589330E-6	1.229350E-7
9.185400E+3	-3.838940E-6	1.788150E-7
9.174900E+3	-3.876190E-6	1.639140E-7
9.155000E+3	-3.978640E-6	1.881280E-7
9.142400E+3	-4.164900E-6	3.110640E-7
9.131300E+3	-4.183530E-6	3.110640E-7
9.131300E+3	-4.183530E-6	3.110640E-7
9.101100E+3	-4.043830E-6	3.203770E-7
9.079600E+3	-4.144410E-6	2.812610E-7
9.068300E+3	-4.101570E-6	1.229350E-7
9.068300E+3	-4.101570E-6	1.229350E-7
9.035600E+3	-4.200290E-6	-7.264360E-8
9.025300E+3	-4.226370E-6	-1.788150E-7
9.003200E+3	-4.224510E-6	-1.452870E-7
9.003200E+3	-4.224510E-6	-1.452870E-7
8.972500E+3	-4.304600E-6	-1.303860E-8
8.962100E+3	-4.425670E-6	6.519300E-8
8.953000E+3	-4.481550E-6	1.527380E-7
8.929100E+3	-4.479690E-6	2.328320E-7
8.920100E+3	-4.470380E-6	1.266610E-7
8.920100E+3	-4.470380E-6	1.266610E-7
8.886700E+3	-4.535570E-6	9.499540E-8
8.875900E+3	-4.438710E-6	1.303860E-8
8.856400E+3	-4.477830E-6	4.656640E-8
8.835300E+3	-4.479690E-6	4.470370E-8
8.835300E+3	-4.479690E-6	4.470370E-8
8.812800E+3	-4.544880E-6	7.078100E-8
8.793100E+3	-4.442440E-6	-1.303860E-8
8.780500E+3	-4.436850E-6	-2.793980E-8
8.780500E+3	-4.436850E-6	-2.793980E-8
8.748100E+3	-4.449890E-6	-6.146770E-8
8.736900E+3	-4.449890E-6	-6.146770E-8
8.717500E+3	-4.543020E-6	3.725310E-8
8.717500E+3	-4.543020E-6	3.725310E-8
8.696800E+3	-4.621250E-6	2.421450E-8
8.673400E+3	-4.587720E-6	1.098970E-7
8.663100E+3	-4.595170E-6	1.974410E-7
8.642600E+3	-4.686440E-6	2.458710E-7
8.632800E+3	-4.733010E-6	2.849870E-7
8.632800E+3	-4.733010E-6	2.849870E-7
8.599300E+3	-4.816830E-6	3.092010E-7
8.590300E+3	-4.800070E-6	2.272440E-7
8.590300E+3	-4.800070E-6	2.272440E-7
8.560000E+3	-4.904370E-6	4.656630E-7
8.533500E+3	-4.904370E-6	4.656630E-7
8.524500E+3	-5.018000E-6	2.570470E-7
8.503200E+3	-5.018000E-6	2.570470E-7
8.494000E+3	-5.155830E-6	2.216560E-7
8.482800E+3	-5.215440E-6	2.384200E-7
8.460700E+3	-5.181910E-6	2.682230E-7
8.450000E+3	-5.127890E-6	1.937160E-7
8.430100E+3	-5.248960E-6	1.266610E-7
8.430100E+3	-5.248960E-6	1.266610E-7
8.399300E+3	-5.291800E-6	1.396990E-7
8.388000E+3	-5.269450E-6	5.774220E-8
8.368700E+3	-5.321610E-6	5.215430E-8
8.357500E+3	-5.418460E-6	1.713640E-7
8.338200E+3	-5.446400E-6	1.452870E-7
8.327400E+3	-5.457580E-6	1.378370E-7
8.307600E+3	-5.556300E-6	5.960510E-8
8.307600E+3	-5.556300E-6	5.960510E-8
8.288200E+3	-5.682960E-6	1.043090E-7
8.264300E+3	-5.863640E-6	-3.725320E-9
8.255200E+3	-5.982850E-6	1.620510E-7
8.233900E+3	-6.128130E-6	2.644970E-7
8.224800E+3	-6.178420E-6	3.054760E-7
8.200500E+3	-6.077840E-6	3.725310E-7
8.200500E+3	-6.077840E-6	3.725310E-7
8.169900E+3	-6.245480E-6	2.887120E-7
8.160800E+3	-6.245480E-6	2.887120E-7
8.139400E+3	-6.308810E-6	1.601880E-7
8.139400E+3	-6.308810E-6	1.601880E-7
8.119000E+3	-6.340470E-6	2.216560E-7
8.099800E+3	-6.409390E-6	1.620510E-7
8.088700E+3	-6.508110E-6	1.974410E-7
8.067300E+3	-6.577030E-6	1.434250E-7
8.056100E+3	-6.565850E-6	9.685800E-8
8.046000E+3	-6.621730E-6	1.434250E-7
8.023800E+3	-6.591930E-6	1.750900E-7
8.012900E+3	-6.577030E-6	1.899910E-7
7.991200E+3	-6.673890E-6	1.899910E-7
7.980000E+3	-6.739080E-6	2.048920E-7
7.967500E+3	-6.739080E-6	1.396990E-7
7.947300E+3	-6.811720E-6	3.911580E-8
7.934200E+3	-6.793100E-6	1.490130E-8
7.914000E+3	-6.856430E-6	7.636890E-8
7.904200E+3	-6.886230E-6	1.266610E-7
7.883200E+3	-6.873190E-6	1.247980E-7
7.873900E+3	-6.983090E-6	1.285230E-7
7.864700E+3	-7.083670E-6	1.620510E-7
7.840500E+3	-7.074360E-6	1.434250E-7
7.831100E+3	-7.025930E-6	6.891830E-8
7.807200E+3	-6.975640E-6	-8.009420E-8
7.798200E+3	-7.029650E-6	-7.078100E-8
7.777000E+3	-7.119060E-6	-3.911580E-8
7.767900E+3	-7.119060E-6	-3.911580E-8
7.756600E+3	-7.161900E-6	-3.725310E-8
7.756600E+3	-7.161900E-6	-3.725310E-8
7.726000E+3	-7.385420E-6	1.266610E-7
7.706700E+3	-7.467370E-6	1.266610E-7
7.695600E+3	-7.569820E-6	2.048920E-7
7.675900E+3	-7.521390E-6	3.725320E-9
7.665400E+3	-7.562370E-6	-2.421450E-8
7.645100E+3	-7.757980E-6	-8.940740E-8
7.632100E+3	-7.784050E-6	-1.154840E-7
7.612600E+3	-7.893950E-6	-1.080340E-7
7.601800E+3	-7.946100E-6	-6.519300E-8
7.582000E+3	-7.849240E-6	1.396990E-7
7.571700E+3	-7.923750E-6	2.458710E-7
7.562600E+3	-8.037370E-6	2.998880E-7
7.538400E+3	-8.100700E-6	1.881280E-7
7.529200E+3	-8.100700E-6	1.881280E-7
7.504900E+3	-8.309320E-6	6.891830E-8
7.495900E+3	-8.344710E-6	8.195680E-8
7.474800E+3	-8.409900E-6	6.519300E-8
7.466000E+3	-8.434120E-6	8.568210E-8
7.452700E+3	-8.458330E-6	1.117590E-8
7.432500E+3	-8.562640E-6	-2.235190E-8
7.421800E+3	-8.562640E-6	-5.215430E-8
7.402200E+3	-8.631560E-6	3.725320E-9
7.389300E+3	-8.640870E-6	7.450640E-9
7.378100E+3	-8.598030E-6	-6.519300E-8
7.358600E+3	-8.549600E-6	-3.725320E-9
7.347700E+3	-8.538420E-6	6.519300E-8
7.327600E+3	-8.527250E-6	1.098970E-7
7.317200E+3	-8.605480E-6	1.452870E-7
7.296800E+3	-8.633420E-6	1.061710E-7
7.287000E+3	-8.693020E-6	8.381950E-8
7.264300E+3	-8.799190E-6	-1.862660E-9
7.253700E+3	-8.832720E-6	-1.490130E-8
7.233500E+3	-8.869970E-6	-9.313280E-9
7.223500E+3	-8.966830E-6	5.401690E-8
7.214100E+3	-9.005950E-6	-2.235190E-8
7.190400E+3	-9.132610E-6	-5.960510E-8
7.181300E+3	-9.223880E-6	-2.607710E-8
7.157300E+3	-9.266720E-6	-1.229350E-7
7.148000E+3	-9.382200E-6	-8.381950E-8
7.148000E+3	-9.382200E-6	-8.381950E-8
7.135800E+3	-9.508860E-6	-8.381950E-8
7.102400E+3	-9.590820E-6	-9.499540E-8
7.091100E+3	-9.622480E-6	-1.136220E-7
7.069400E+3	-9.767770E-6	-7.636890E-8
7.069400E+3	-9.767770E-6	-7.636890E-8
7.039000E+3	-9.873940E-6	-1.713640E-7
7.027800E+3	-9.870210E-6	-1.695020E-7
7.008400E+3	-9.939130E-6	-1.285230E-7
6.997200E+3	-9.939130E-6	-7.823160E-8
6.977900E+3	-9.985700E-6	-3.352780E-8
6.966800E+3	-9.985700E-6	-3.352780E-8
6.957700E+3	-1.000810E-5	9.313280E-9
6.957700E+3	-1.000810E-5	9.313280E-9
6.924600E+3	-1.014030E-5	-5.587960E-9
6.903700E+3	-1.018130E-5	-3.725320E-9
6.894500E+3	-1.022970E-5	2.235190E-8
6.873400E+3	-1.031170E-5	-1.490130E-8
6.864200E+3	-1.033960E-5	-3.352780E-8
6.842800E+3	-1.032660E-5	-1.285230E-7
6.830700E+3	-1.031910E-5	-1.434250E-7
6.809500E+3	-1.031910E-5	-1.434250E-7
6.800400E+3	-1.030230E-5	-5.587960E-9
6.800400E+3	-1.030230E-5	-5.587960E-9
6.767100E+3	-1.005830E-5	-1.117590E-8
6.757400E+3	-9.976390E-6	2.980250E-8
6.733900E+3	-9.615030E-6	-1.676390E-8
6.724900E+3	-9.547980E-6	4.842900E-8
6.713600E+3	-9.425040E-6	6.705570E-8
6.691400E+3	-9.238780E-6	1.024460E-7
6.680100E+3	-9.032020E-6	8.568210E-8
6.670400E+3	-8.801060E-6	1.005830E-7
6.647400E+3	-8.167760E-6	7.450640E-9
6.636700E+3	-8.167760E-6	7.450640E-9
6.636700E+3	-7.920030E-6	-1.303860E-8
6.603300E+3	-6.718590E-6	-1.117590E-7
6.594000E+3	-6.398220E-6	-2.421450E-8
6.570300E+3	-6.398220E-6	-2.421450E-8
6.560600E+3	-4.777710E-6	7.264360E-8
6.537800E+3	-3.414240E-6	7.823160E-8
6.527400E+3	-2.682220E-6	3.911580E-8
6.518400E+3	-1.881280E-6	1.192100E-7
6.518400E+3	-1.881280E-6	1.192100E-7
6.485300E+3	4.135090E-7	1.136220E-7
6.463800E+3	2.345080E-6	6.519300E-8
6.451800E+3	3.188860E-6	1.378370E-7
6.451800E+3	3.188860E-6	1.378370E-7
6.418400E+3	5.688550E-6	1.266610E-7
6.408400E+3	6.675750E-6	1.266610E-7
6.408400E+3	6.675750E-6	1.061710E-7
6.388100E+3	8.327940E-6	2.235180E-7
6.357800E+3	1.091700E-5	2.589090E-7
6.357800E+3	1.091700E-5	2.589090E-7
6.333800E+3	1.222460E-5	2.216560E-7
6.333800E+3	1.222460E-5	2.216560E-7
6.303400E+3	1.387860E-5	2.998880E-7
6.283600E+3	1.483230E-5	5.066430E-7
6.270600E+3	1.549360E-5	4.041960E-7
6.261300E+3	1.584380E-5	4.377230E-7
6.238000E+3	1.682540E-5	4.097840E-7
6.227800E+3	1.708060E-5	3.781190E-7
6.205500E+3	1.738050E-5	4.433110E-7
6.194300E+3	1.744380E-5	4.749760E-7
6.185300E+3	1.768780E-5	3.669430E-7
6.161200E+3	1.784980E-5	2.719480E-7
6.151900E+3	1.795600E-5	2.551840E-7
6.130500E+3	1.807150E-5	2.235180E-7
6.121400E+3	1.799510E-5	2.253810E-7
6.100100E+3	1.787780E-5	3.352780E-7
6.091100E+3	1.788710E-5	3.241020E-7
6.069900E+3	1.779770E-5	3.688060E-7
6.060600E+3	1.766920E-5	3.576300E-7
6.060600E+3	1.766920E-5	3.576300E-7
6.030000E+3	1.741960E-5	3.520420E-7
6.009600E+3	1.723330E-5	3.781190E-7
5.999300E+3	1.715510E-5	3.390030E-7
5.979300E+3	1.688690E-5	5.699730E-7
5.968300E+3	1.688690E-5	5.699730E-7
5.948700E+3	1.675460E-5	4.451740E-7
5.935600E+3	1.658320E-5	4.544870E-7
5.924500E+3	1.652920E-5	3.576300E-7
5.902900E+3	1.622380E-5	5.345830E-7
5.902900E+3	1.622380E-5	5.345830E-7
5.872200E+3	1.606540E-5	5.364450E-7
5.861000E+3	1.598160E-5	6.482040E-7
5.841500E+3	1.594810E-5	6.277150E-7
5.830600E+3	1.594810E-5	6.277150E-7
5.810600E+3	1.561280E-5	5.383080E-7
5.800200E+3	1.546570E-5	5.532090E-7
5.779700E+3	1.552340E-5	4.116460E-7
5.769900E+3	1.541910E-5	4.582130E-7
5.760300E+3	1.534090E-5	3.781190E-7
5.736600E+3	1.510240E-5	4.172340E-7
5.736600E+3	1.510240E-5	4.172340E-7
5.706300E+3	1.472800E-5	5.420330E-7
5.697100E+3	1.462550E-5	5.550720E-7
5.676300E+3	1.452680E-5	3.781190E-7
5.663700E+3	1.440580E-5	4.898790E-7
5.663700E+3	1.440580E-5	4.898790E-7
5.633800E+3	1.431080E-5	3.855690E-7
5.633800E+3	1.431080E-5	3.855690E-7
5.602200E+3	1.396430E-5	3.222390E-7
5.591700E+3	1.382460E-5	4.358610E-7
5.571700E+3	1.382270E-5	4.041960E-7
5.571700E+3	1.382270E-5	4.041960E-7
5.561800E+3	1.377800E-5	4.153720E-7
5.542200E+3	1.372400E-5	4.321350E-7
5.508800E+3	1.364770E-5	4.414490E-7
5.498500E+3	1.364770E-5	4.414490E-7
5.478300E+3	1.338130E-5	5.047800E-7
5.468600E+3	1.328070E-5	5.643850E-7
5.447500E+3	1.311680E-5	5.923250E-7
5.438300E+3	1.306470E-5	5.792860E-7
5.417000E+3	1.301060E-5	5.047800E-7
5.407800E+3	1.289890E-5	5.438960E-7
5.397100E+3	1.288770E-5	4.842910E-7
5.374500E+3	1.264370E-5	4.507620E-7
5.364600E+3	1.258600E-5	4.246850E-7
5.344100E+3	1.252820E-5	3.799810E-7
5.333700E+3	1.257850E-5	2.104800E-7
5.313800E+3	1.243320E-5	2.831240E-7
5.302700E+3	1.246300E-5	1.620510E-7
5.283400E+3	1.221530E-5	2.477340E-7
5.273100E+3	1.223200E-5	2.477340E-7
5.253400E+3	1.213710E-5	3.036130E-7
5.242300E+3	1.211840E-5	3.259650E-7
5.222800E+3	1.207000E-5	3.352780E-7
5.211500E+3	1.190240E-5	5.122310E-7
5.198600E+3	1.177200E-5	5.643850E-7
5.178000E+3	1.143860E-5	4.638000E-7
5.165400E+3	1.155590E-5	3.110640E-7
5.165400E+3	1.155590E-5	3.110640E-7
5.135000E+3	1.150380E-5	2.533220E-7
5.125800E+3	1.153910E-5	3.110640E-7
5.099600E+3	1.152980E-5	4.079210E-7
5.089600E+3	1.136220E-5	4.880170E-7
5.080200E+3	1.136220E-5	4.880170E-7
5.056300E+3	1.112190E-5	4.433110E-7
5.047300E+3	1.086300E-5	3.874320E-7
5.034500E+3	1.080340E-5	2.775360E-7
5.010800E+3	1.077920E-5	3.390030E-7
5.000900E+3	1.069720E-5	4.209600E-7
4.980500E+3	1.064510E-5	3.762560E-7
4.971000E+3	1.074750E-5	3.762560E-7
4.947200E+3	1.057240E-5	4.693880E-7
4.937400E+3	1.049610E-5	5.662480E-7
4.926000E+3	1.057990E-5	4.954670E-7
4.904500E+3	1.040480E-5	5.718360E-7
4.893300E+3	1.038240E-5	4.339980E-7
4.871200E+3	1.022600E-5	3.408660E-7
4.860700E+3	1.021290E-5	2.570470E-7
4.860700E+3	1.021290E-5	2.570470E-7
4.827900E+3	1.006390E-5	2.924370E-7
4.816600E+3	1.011790E-5	2.589090E-7
4.804100E+3	1.007700E-5	3.054760E-7
4.783900E+3	9.998740E-6	3.650800E-7
4.770900E+3	1.008070E-5	3.334150E-7
4.751500E+3	1.016820E-5	3.706680E-7
4.740800E+3	1.015520E-5	3.185140E-7
4.728800E+3	9.972660E-6	4.172340E-7
4.707600E+3	9.832960E-6	4.973300E-7
4.698500E+3	9.816200E-6	4.190970E-7
4.687400E+3	9.713750E-6	4.656630E-7
4.662100E+3	9.628070E-6	3.092010E-7
4.652900E+3	9.553570E-6	2.775360E-7
4.631700E+3	9.518170E-6	3.334150E-7
4.631700E+3	9.518170E-6	3.334150E-7
4.608600E+3	9.514450E-6	2.943000E-7
4.608600E+3	9.514450E-6	2.943000E-7
4.577700E+3	9.330050E-6	3.259650E-7
4.577700E+3	9.330050E-6	3.259650E-7
4.544300E+3	9.398970E-6	3.203770E-7
4.525100E+3	9.127020E-6	3.539040E-7
4.512000E+3	9.121430E-6	3.185140E-7
4.501700E+3	9.071140E-6	3.576300E-7
4.481500E+3	9.119570E-6	3.036130E-7
4.471600E+3	9.087900E-6	2.943000E-7
4.450900E+3	9.119570E-6	1.993040E-7
4.441500E+3	9.173590E-6	2.235180E-7
4.418200E+3	9.149370E-6	1.899910E-7
4.408000E+3	8.992910E-6	3.166510E-7
4.387400E+3	9.004080E-6	2.309690E-7
4.377800E+3	8.937030E-6	2.849870E-7
4.365800E+3	8.851350E-6	4.097840E-7
4.344600E+3	8.955660E-6	3.483160E-7
4.332700E+3	8.812230E-6	4.787030E-7
4.322600E+3	8.823410E-6	3.539040E-7
4.299200E+3	8.560780E-6	4.153720E-7
4.289800E+3	8.601750E-6	3.799810E-7
4.278400E+3	8.575680E-6	4.172340E-7
4.255800E+3	8.564500E-6	4.079210E-7
4.244300E+3	8.596170E-6	2.756730E-7
4.224700E+3	8.557050E-6	3.278270E-7
4.204200E+3	8.542150E-6	2.793990E-7
4.204200E+3	8.542150E-6	2.793990E-7
4.174100E+3	8.497450E-6	3.594920E-7
4.164100E+3	8.471370E-6	3.427290E-7
4.150100E+3	8.540290E-6	2.998880E-7
4.150100E+3	8.540290E-6	2.998880E-7
4.117400E+3	8.449020E-6	3.334150E-7
4.117400E+3	8.449020E-6	3.334150E-7
4.085100E+3	8.283240E-6	3.390030E-7
4.074500E+3	8.266480E-6	2.849870E-7
4.065400E+3	8.173350E-6	3.203770E-7
4.041400E+3	8.303730E-6	2.104800E-7
4.032300E+3	8.154720E-6	2.644970E-7
4.032300E+3	8.154720E-6	2.644970E-7
3.998900E+3	8.089530E-6	3.483160E-7
3.986900E+3	8.082080E-6	2.998880E-7
3.965600E+3	7.961000E-6	2.607720E-7
3.956400E+3	8.020610E-6	2.533220E-7
3.935100E+3	7.906990E-6	2.533220E-7
3.935100E+3	7.906990E-6	3.781190E-7
3.901700E+3	7.940510E-6	2.775360E-7
3.892700E+3	7.810130E-6	3.334150E-7
3.871300E+3	7.800820E-6	3.036130E-7
3.862200E+3	7.780330E-6	2.998880E-7
3.850900E+3	7.804540E-6	2.607720E-7
3.831600E+3	7.694650E-6	2.924370E-7
3.820300E+3	7.728170E-6	1.899910E-7
3.801000E+3	7.694650E-6	3.129260E-7
3.789800E+3	7.728170E-6	2.458710E-7
3.768400E+3	7.735620E-6	1.862650E-7
3.768400E+3	7.735620E-6	1.862650E-7
3.737600E+3	7.670430E-6	2.775360E-7
3.726300E+3	7.644350E-6	3.576300E-7
3.717100E+3	7.662980E-6	3.185140E-7
3.693500E+3	7.540020E-6	3.892950E-7
3.683500E+3	7.577270E-6	4.414490E-7
3.683500E+3	7.577270E-6	4.414490E-7
3.649900E+3	7.517660E-6	5.345830E-7
3.639900E+3	7.433850E-6	4.898790E-7
3.616000E+3	7.510210E-6	3.948830E-7
3.606900E+3	7.391010E-6	4.898790E-7
3.606900E+3	7.391010E-6	4.898790E-7
3.582600E+3	7.603350E-6	2.980250E-7
3.562900E+3	7.493450E-6	4.023330E-7
3.540300E+3	7.504630E-6	3.501790E-7
3.530400E+3	7.446880E-6	3.911570E-7
3.506800E+3	7.431980E-6	1.862650E-7
3.497800E+3	7.286700E-6	1.713640E-7
3.486400E+3	7.286700E-6	1.713640E-7
3.467000E+3	7.109750E-6	1.303860E-7
3.446500E+3	7.128370E-6	2.719480E-7
3.436200E+3	7.137690E-6	3.110640E-7
3.436200E+3	7.137690E-6	3.110640E-7
3.405000E+3	7.148860E-6	3.855690E-7
3.394400E+3	7.191700E-6	1.713640E-7
3.374200E+3	7.255030E-6	2.477340E-7
3.374200E+3	7.255030E-6	2.477340E-7
3.343300E+3	7.297870E-6	2.551840E-7
3.333900E+3	7.221500E-6	3.203770E-7
3.312700E+3	7.251310E-6	1.657760E-7
3.300400E+3	7.219640E-6	1.173470E-7
3.279800E+3	7.173080E-6	3.352780E-8
3.270000E+3	7.059450E-6	1.192100E-7
3.249000E+3	7.059450E-6	1.192100E-7
3.239700E+3	7.011030E-6	2.458710E-7
3.239700E+3	7.011030E-6	2.458710E-7
3.209400E+3	6.917890E-6	3.315530E-7
3.209400E+3	6.917890E-6	3.315530E-7
3.179100E+3	7.081810E-6	1.937160E-7
3.166200E+3	7.066900E-6	2.924370E-7
3.145900E+3	7.022200E-6	3.445910E-7
3.135400E+3	7.022200E-6	3.445910E-7
3.115400E+3	6.962600E-6	2.235180E-7
3.104400E+3	6.895540E-6	2.514590E-7
3.084900E+3	6.822900E-6	3.855690E-7
3.073500E+3	6.822900E-6	3.855690E-7
3.060800E+3	6.863880E-6	1.750900E-7
3.041000E+3	6.854560E-6	2.626350E-7
3.028100E+3	6.822900E-6	3.390030E-7
3.028100E+3	6.822900E-6	3.390030E-7
2.997400E+3	6.811720E-6	1.862650E-7
2.977800E+3	6.862010E-6	2.477340E-7
2.966900E+3	6.936520E-6	3.315530E-7
2.946700E+3	6.990540E-6	2.849870E-7
2.936400E+3	6.901130E-6	2.998880E-7
2.915700E+3	6.947700E-6	2.980250E-8
2.905900E+3	6.869460E-6	1.024460E-7
2.896000E+3	6.832210E-6	1.862650E-7
2.896000E+3	6.832210E-6	1.862650E-7
2.862700E+3	6.761430E-6	4.656640E-8
2.838400E+3	6.774470E-6	0.000000E+0
2.829400E+3	6.681340E-6	0.000000E+0
2.808000E+3	6.554680E-6	-1.005830E-7
2.799000E+3	6.495070E-6	-4.470370E-8
2.787900E+3	6.517420E-6	2.421450E-8
2.768500E+3	6.316260E-6	1.136220E-7
2.755500E+3	6.238030E-6	1.471500E-7
2.735300E+3	6.483900E-6	3.296900E-7
2.735300E+3	6.483900E-6	3.296900E-7
2.711500E+3	6.612420E-6	4.917420E-7
2.692000E+3	6.709280E-6	4.582130E-7
2.680700E+3	6.644080E-6	5.364450E-7
2.661000E+3	6.711140E-6	6.314400E-7
2.650200E+3	6.681340E-6	6.370280E-7
2.629900E+3	6.448510E-6	3.427290E-7
2.616700E+3	6.383310E-6	2.216560E-7
2.597000E+3	6.355370E-6	1.806770E-7
2.585800E+3	6.355370E-6	2.663600E-7
2.573600E+3	6.254790E-6	3.241020E-7
2.573600E+3	6.254790E-6	3.241020E-7
2.539800E+3	6.174700E-6	4.433110E-7
2.530000E+3	6.163520E-6	4.004710E-7
2.506100E+3	5.820800E-6	3.315530E-7
2.506100E+3	5.820800E-6	3.315530E-7
2.472800E+3	5.336510E-6	8.009420E-8
2.463800E+3	5.064560E-6	7.823160E-8
2.453100E+3	4.762810E-6	1.490130E-7
2.430300E+3	4.202160E-6	1.098970E-7
2.417600E+3	3.682460E-6	2.253810E-7
2.406300E+3	3.149750E-6	2.067550E-7
2.386700E+3	1.745310E-6	3.054760E-7
2.375400E+3	1.141810E-6	1.955790E-7
2.375400E+3	1.141810E-6	1.955790E-7
2.344800E+3	-6.370280E-7	7.823160E-8
2.324500E+3	-1.987460E-6	-4.656640E-8
2.314400E+3	-2.589090E-6	-9.872060E-8
2.293600E+3	-3.494340E-6	-4.060580E-7
2.280900E+3	-4.017750E-6	-3.259650E-7
2.261100E+3	-4.561650E-6	-3.464540E-7
2.250700E+3	-4.651050E-6	-3.036130E-7
2.241500E+3	-4.712520E-6	-2.179300E-7
2.217100E+3	-4.790750E-6	7.450640E-9
2.208000E+3	-4.820550E-6	1.061710E-7
2.186400E+3	-4.775850E-6	1.899910E-7
2.186400E+3	-4.775850E-6	1.899910E-7
2.153100E+3	-4.373520E-6	2.533220E-7
2.143800E+3	-4.369790E-6	2.682230E-7
2.122400E+3	-4.313920E-6	1.918530E-7
2.113300E+3	-4.269210E-6	1.881280E-7
2.091700E+3	-4.181670E-6	1.341110E-7
2.082500E+3	-4.259900E-6	5.029160E-8
2.069300E+3	-4.118340E-6	-7.823160E-8
2.048500E+3	-3.898550E-6	-1.154840E-7
2.048500E+3	-3.898550E-6	-1.154840E-7
2.017500E+3	-4.136960E-6	-3.539040E-7
2.006200E+3	-4.148140E-6	-2.570470E-7
1.986200E+3	-3.881780E-6	3.725320E-9
1.975400E+3	-3.850120E-6	8.940740E-8
1.961700E+3	-3.729030E-6	6.519300E-8
1.941100E+3	-3.485020E-6	6.519300E-8
1.926100E+3	-3.485020E-6	-1.005830E-7
1.905300E+3	-3.065930E-6	-3.352780E-8
1.893400E+3	-3.064070E-6	-5.774220E-8
1.893400E+3	-3.064070E-6	-5.774220E-8
1.872200E+3	-3.142300E-6	-7.450640E-9
1.839100E+3	-3.088280E-6	9.127010E-8
1.828200E+3	-3.110630E-6	3.911580E-8
1.807100E+3	-3.047300E-6	-6.519300E-8
1.795700E+3	-3.067790E-6	1.136220E-7
1.786000E+3	-3.010050E-6	1.210730E-7
1.760300E+3	-3.090140E-6	-4.284110E-8
1.750600E+3	-3.088280E-6	-9.685800E-8
1.728400E+3	-2.952310E-6	-1.601880E-7
1.718400E+3	-2.883390E-6	-1.974410E-7
1.718400E+3	-2.883390E-6	-1.974410E-7
1.693800E+3	-2.846140E-6	-2.402830E-7
1.684500E+3	-2.851720E-6	-2.384200E-7
1.653400E+3	-2.665460E-6	-4.842900E-8
1.642000E+3	-2.574190E-6	-8.195680E-8
1.622700E+3	-2.613310E-6	-1.806770E-7
1.609600E+3	-2.473610E-6	-2.943000E-7
1.590700E+3	-2.490370E-6	-4.768410E-7
1.579700E+3	-2.395380E-6	-3.967450E-7
1.561300E+3	-2.143920E-6	-1.229350E-7
1.550500E+3	-2.067550E-6	-7.078100E-8
1.541800E+3	-2.115980E-6	-8.940740E-8
1.520000E+3	-2.218420E-6	5.587960E-8
1.510800E+3	-2.363710E-6	8.754480E-8
1.489200E+3	-2.322730E-6	-1.676390E-8
1.480300E+3	-2.317150E-6	-1.303860E-8
1.462200E+3	-2.132740E-6	-1.285230E-7
1.452800E+3	-2.067550E-6	-1.341110E-7
1.441900E+3	-2.041470E-6	-4.097840E-8
1.422700E+3	-1.946480E-6	-2.048920E-8
1.412000E+3	-2.054510E-6	-1.750900E-7
1.402500E+3	-2.160680E-6	-3.129260E-7
1.402500E+3	-2.160680E-6	-3.129260E-7
1.373100E+3	-2.287340E-6	-2.663600E-7
1.351600E+3	-2.160680E-6	-2.943000E-7
1.343500E+3	-2.069410E-6	-2.570470E-7
1.333300E+3	-2.037750E-6	-9.313270E-8
1.313200E+3	-2.056370E-6	-8.009420E-8
1.303700E+3	-2.047060E-6	-8.195680E-8
1.303700E+3	-2.047060E-6	-8.195680E-8
1.274000E+3	-1.944620E-6	-5.029160E-8
1.274000E+3	-1.944620E-6	-5.029160E-8
1.243100E+3	-1.980010E-6	-9.685800E-8
1.232700E+3	-1.937170E-6	-7.078100E-8
1.214900E+3	-1.881280E-6	-1.247980E-7
1.214900E+3	-1.881280E-6	-1.247980E-7
1.196700E+3	-1.842160E-6	-1.080340E-7
1.196700E+3	-1.842160E-6	-1.080340E-7
1.166500E+3	-1.765790E-6	6.333040E-8
1.147400E+3	-1.715500E-6	2.235190E-8
1.136600E+3	-1.754620E-6	2.235190E-8
1.128400E+3	-1.750890E-6	5.587960E-8
1.107000E+3	-1.581390E-6	0.000000E+0
1.107000E+3	-1.581390E-6	0.000000E+0
1.099300E+3	-1.607470E-6	5.029160E-8
1.072800E+3	-1.603740E-6	-3.352780E-8
1.054600E+3	-1.708050E-6	1.862660E-8
1.046600E+3	-1.708050E-6	1.862660E-8
1.026200E+3	-1.695010E-6	-5.401690E-8
1.018600E+3	-1.730400E-6	-1.676390E-8
1.009100E+3	-1.670800E-6	-6.333040E-8
1.009100E+3	-1.670800E-6	-6.333040E-8
9.821000E+2	-1.728540E-6	-4.284110E-8
9.632000E+2	-1.637270E-6	-6.519300E-8
9.541000E+2	-1.652170E-6	-1.676390E-8
9.432000E+2	-1.600020E-6	-8.009420E-8
9.355000E+2	-1.683840E-6	-3.725310E-8
9.355000E+2	-1.683840E-6	-3.725310E-8
9.079000E+2	-1.825400E-6	1.490130E-8
8.910000E+2	-1.788150E-6	0.000000E+0
8.832000E+2	-1.862650E-6	7.823160E-8
8.832000E+2	-1.862650E-6	7.823160E-8
8.585000E+2	-1.886870E-6	-1.210730E-7
8.409000E+2	-1.929710E-6	-1.899910E-7
8.310000E+2	-1.905490E-6	-1.508750E-7
8.236000E+2	-1.898040E-6	-1.098970E-7
8.038000E+2	-1.907360E-6	-2.980250E-8
7.968000E+2	-2.013530E-6	3.166520E-8
7.771000E+2	-2.013530E-6	3.166520E-8
7.697000E+2	-2.088040E-6	-2.235190E-8
7.615000E+2	-2.155090E-6	2.793980E-8
7.615000E+2	-2.155090E-6	2.793980E-8
7.353000E+2	-2.151370E-6	4.656640E-8
7.161000E+2	-2.184900E-6	1.862660E-9
7.161000E+2	-2.184900E-6	1.862660E-9
6.979000E+2	-2.138330E-6	-1.117590E-7
6.825000E+2	-2.268720E-6	-9.313280E-9
6.734000E+2	-2.216560E-6	-1.173470E-7
6.655000E+2	-2.309690E-6	-4.656640E-8
6.465000E+2	-2.477330E-6	4.097840E-8
6.374000E+2	-2.505270E-6	-4.842900E-8
6.224000E+2	-2.669190E-6	-4.470370E-8
6.132000E+2	-2.766040E-6	-3.725320E-9
6.035000E+2	-2.812610E-6	3.166520E-8
6.035000E+2	-2.812610E-6	3.166520E-8
5.800000E+2	-2.719480E-6	1.359740E-7
5.637000E+2	-2.833100E-6	4.284110E-8
5.566000E+2	-2.985830E-6	6.146770E-8
5.400000E+2	-3.121810E-6	-8.009420E-8
5.332000E+2	-3.006320E-6	-5.029160E-8
5.166000E+2	-3.064070E-6	9.313280E-9
5.166000E+2	-3.064070E-6	9.313280E-9
4.911000E+2	-3.438460E-6	-7.078100E-8
4.842000E+2	-3.514830E-6	-7.078100E-8
4.657000E+2	-3.602370E-6	6.333040E-8
4.497000E+2	-3.671290E-6	1.303860E-8
4.261000E+2	-3.758830E-6	-5.029160E-8
4.080000E+2	-4.056870E-6	-2.048920E-8
4.080000E+2	-4.056870E-6	-2.048920E-8
3.379000E+2	-4.846630E-6	-1.676390E-8
2.896000E+2	-5.504150E-6	2.048920E-7
2.896000E+2	-5.504150E-6	2.048920E-7
2.131000E+2	-5.781680E-6	1.024460E-7
1.877000E+2	-5.714620E-6	2.607710E-8
1.327000E+2	-5.047800E-6	-6.705570E-8
1.061000E+2	-4.567240E-6	-3.725310E-8
4.300000E+1	-3.499920E-6	-2.291060E-7
1.650000E+1	-3.023090E-6	-2.421460E-7
-1.190000E+1	-2.451260E-6	-2.607720E-7
-1.190000E+1	-2.451260E-6	-2.607720E-7
-1.002000E+2	8.195680E-8	-1.005830E-7
-1.002000E+2	8.195680E-8	-1.005830E-7
-1.864000E+2	2.488510E-6	-3.352780E-8
-2.136000E+2	3.311800E-6	0.000000E+0
-2.694000E+2	4.682720E-6	-6.146770E-8
-2.694000E+2	4.682720E-6	-6.146770E-8
-3.476000E+2	5.953040E-6	-1.695020E-7
