Sample Name, AUS25x23_34G
Freq, 34, GHz, Power, 10, dBm
SR850: f = 25 Hz; phase = 96 deg; output = 5 V; sens. = 50 uV; tc = 300 ms; 12dB/oct
Field	X	Y
Oe	V	V
*
-6.868000E+2	5.457590E-7	6.891830E-8
-6.862000E+2	6.035010E-7	4.284110E-8
-6.863000E+2	5.625220E-7	1.154840E-7
-6.856000E+2	6.184020E-7	1.676390E-8
-6.707000E+2	4.917420E-7	2.980250E-8
-6.618000E+2	5.010550E-7	-3.166520E-8
-6.504000E+2	4.544870E-7	-3.725310E-8
-6.166000E+2	4.582130E-7	-6.333040E-8
-6.032000E+2	5.625220E-7	-1.080340E-7
-5.718000E+2	6.128140E-7	-4.842900E-8
-5.576000E+2	5.848740E-7	-1.862660E-9
-5.262000E+2	6.556550E-7	-8.009420E-8
-5.124000E+2	6.705560E-7	-6.705570E-8
-4.834000E+2	8.232930E-7	-7.450630E-8
-4.705000E+2	8.679960E-7	-1.173470E-7
-4.541000E+2	8.065290E-7	-5.215430E-8
-4.311000E+2	9.220130E-7	-1.285230E-7
-4.311000E+2	9.220130E-7	-1.285230E-7
-3.996000E+2	1.011420E-6	5.401690E-8
-3.888000E+2	1.022600E-6	1.303860E-8
-3.715000E+2	1.121320E-6	-6.146770E-8
-3.715000E+2	1.121320E-6	-6.146770E-8
-3.414000E+2	1.210730E-6	-1.434250E-7
-3.313000E+2	1.313170E-6	-3.352780E-8
-3.230000E+2	1.406300E-6	1.136220E-7
-3.024000E+2	1.378360E-6	3.632180E-7
-2.934000E+2	1.272190E-6	5.327200E-7
-2.722000E+2	1.044950E-6	6.370280E-7
-2.626000E+2	9.592700E-7	6.016380E-7
-2.418000E+2	1.085930E-6	4.321350E-7
-2.317000E+2	1.076620E-6	4.451740E-7
-2.317000E+2	1.076620E-6	4.451740E-7
-2.114000E+2	1.050540E-6	2.682230E-7
-1.783000E+2	6.239900E-7	1.452870E-7
-1.783000E+2	6.239900E-7	1.452870E-7
-1.686000E+2	4.973300E-7	1.341110E-7
-1.364000E+2	4.787030E-7	8.381950E-8
-1.364000E+2	4.787030E-7	8.381950E-8
-1.039000E+2	4.861540E-7	-1.546000E-7
-9.350000E+1	5.178190E-7	-6.705570E-8
-8.300000E+1	6.128140E-7	8.568210E-8
-6.120000E+1	6.184020E-7	3.613550E-7
-5.010000E+1	6.593800E-7	3.110640E-7
-2.890000E+1	6.333030E-7	6.891830E-8
-1.770000E+1	6.128140E-7	-4.656640E-8
-5.000000E+0	6.184020E-7	-5.029160E-8
1.530000E+1	4.973300E-7	-1.583260E-7
2.480000E+1	4.116460E-7	-2.086170E-7
4.490000E+1	2.607710E-8	-1.490130E-7
5.490000E+1	2.793980E-8	-1.173470E-7
7.520000E+1	-2.924370E-7	7.823160E-8
8.470000E+1	-3.408660E-7	7.264360E-8
1.056000E+2	-6.146770E-7	1.285230E-7
1.146000E+2	-5.159560E-7	1.117590E-7
1.268000E+2	-3.408660E-7	-7.450630E-8
1.268000E+2	-3.408660E-7	-7.450630E-8
1.570000E+2	-4.135090E-7	-7.078100E-8
1.776000E+2	-3.986080E-7	-2.216560E-7
1.903000E+2	-4.451740E-7	-2.775360E-7
2.105000E+2	-4.451740E-7	-3.408660E-7
2.208000E+2	-5.699730E-7	-2.551840E-7
2.407000E+2	-6.686930E-7	-3.036130E-7
2.504000E+2	-7.301610E-7	-3.613550E-7
2.504000E+2	-7.301610E-7	-3.613550E-7
2.813000E+2	-7.096710E-7	-4.582130E-7
2.950000E+2	-6.202640E-7	-4.731140E-7
3.146000E+2	-8.065290E-7	-3.948830E-7
3.253000E+2	-8.828970E-7	-4.526250E-7
3.454000E+2	-1.190240E-6	-2.458710E-7
3.555000E+2	-1.205140E-6	-2.048920E-7
3.649000E+2	-1.210730E-6	-5.401690E-8
3.912000E+2	-1.154850E-6	3.539050E-8
3.912000E+2	-1.154850E-6	3.539050E-8
4.105000E+2	-9.201500E-7	2.123420E-7
4.341000E+2	-9.015240E-7	9.127010E-8
4.439000E+2	-9.518150E-7	3.911580E-8
4.675000E+2	-9.797590E-7	-5.215430E-8
4.766000E+2	-9.201500E-7	-1.955790E-7
4.976000E+2	-1.026320E-6	-1.452870E-7
5.072000E+2	-1.152980E-6	-1.247980E-7
5.277000E+2	-1.048680E-6	-2.328320E-7
5.378000E+2	-1.059850E-6	-2.924370E-7
5.490000E+2	-1.057990E-6	-2.589090E-7
5.705000E+2	-1.270330E-6	-1.918530E-7
5.820000E+2	-1.264740E-6	-9.499540E-8
6.016000E+2	-1.013290E-6	1.061710E-7
6.016000E+2	-1.013290E-6	1.061710E-7
6.327000E+2	-7.376110E-7	9.127010E-8
6.460000E+2	-7.376110E-7	9.127010E-8
6.559000E+2	-6.761440E-7	9.127010E-8
6.791000E+2	-7.394740E-7	-3.352780E-8
6.898000E+2	-7.320230E-7	-8.009420E-8
7.105000E+2	-7.860400E-7	-5.587960E-9
7.209000E+2	-6.351660E-7	-7.636890E-8
7.419000E+2	-7.078090E-7	1.154840E-7
7.516000E+2	-6.500670E-7	1.862660E-8
7.734000E+2	-5.736980E-7	-2.980250E-8
7.827000E+2	-5.532090E-7	-5.587960E-9
8.045000E+2	-5.532090E-7	-5.587960E-9
8.138000E+2	-5.438960E-7	-2.607710E-8
8.355000E+2	-6.016380E-7	9.499540E-8
8.448000E+2	-6.202640E-7	1.508750E-7
8.661000E+2	-5.457590E-7	2.849870E-7
8.760000E+2	-6.202640E-7	3.036130E-7
8.969000E+2	-6.817320E-7	1.061710E-7
9.072000E+2	-7.431990E-7	1.061710E-7
9.185000E+2	-7.636880E-7	6.333040E-8
9.386000E+2	-8.344690E-7	6.333040E-8
9.591000E+2	-5.066430E-7	3.539050E-8
9.708000E+2	-4.805660E-7	1.024460E-7
9.811000E+2	-4.824290E-7	1.080340E-7
1.004500E+3	-5.383080E-7	2.756730E-7
1.015600E+3	-5.047800E-7	2.011670E-7
1.037800E+3	-6.668310E-7	-9.313280E-9
1.049400E+3	-7.860400E-7	-2.048920E-8
1.058700E+3	-7.841770E-7	-7.078100E-8
1.080300E+3	-7.879030E-7	-2.551840E-7
1.089500E+3	-6.463420E-7	-2.142050E-7
1.111200E+3	-5.811490E-7	1.266610E-7
1.120600E+3	-7.022210E-7	3.725320E-9
1.142400E+3	-8.046660E-7	-1.899910E-7
1.152100E+3	-7.897650E-7	-2.570470E-7
1.173500E+3	-5.438960E-7	-1.844030E-7
1.173500E+3	-5.438960E-7	-1.844030E-7
1.208100E+3	-2.421460E-7	-2.943000E-7
1.217700E+3	-2.961620E-7	-2.030290E-7
1.232200E+3	-4.153720E-7	-9.127010E-8
1.251800E+3	-5.047800E-7	-1.862660E-9
1.265500E+3	-5.234070E-7	-3.725320E-9
1.276600E+3	-5.718360E-7	5.587960E-9
1.298900E+3	-5.271320E-7	-5.960510E-8
1.310300E+3	-5.457590E-7	3.166520E-8
1.330200E+3	-5.047800E-7	2.793980E-8
1.341400E+3	-5.085060E-7	-1.117590E-8
1.361400E+3	-6.090890E-7	3.911580E-8
1.372000E+3	-5.476210E-7	-4.470370E-8
1.372000E+3	-5.476210E-7	-4.470370E-8
1.407800E+3	-5.476210E-7	-3.352780E-8
1.418200E+3	-4.991930E-7	-8.009420E-8
1.438800E+3	-4.917420E-7	-1.378370E-7
1.448500E+3	-4.861540E-7	-6.146770E-8
1.461000E+3	-4.004710E-7	-1.098970E-7
1.481600E+3	-3.017500E-7	-6.146770E-8
1.490600E+3	-3.818440E-7	-1.490130E-8
1.514700E+3	-3.408660E-7	-5.587960E-8
1.526400E+3	-3.315530E-7	-3.725310E-8
1.536500E+3	-3.501790E-7	-5.960510E-8
1.556400E+3	-4.488990E-7	-8.009420E-8
1.567100E+3	-5.196820E-7	-2.980250E-8
1.589400E+3	-4.507620E-7	-1.210730E-7
1.599300E+3	-5.196820E-7	-3.352780E-8
1.619600E+3	-4.619380E-7	-6.333040E-8
1.630000E+3	-5.494840E-7	-2.421450E-8
1.640800E+3	-4.787030E-7	-9.685800E-8
1.660800E+3	-4.712510E-7	-2.980250E-8
1.680100E+3	-4.190970E-7	-6.519300E-8
1.691300E+3	-4.731140E-7	0.000000E+0
1.700800E+3	-4.712510E-7	-1.490130E-8
1.723500E+3	-4.768410E-7	3.725320E-9
1.733800E+3	-5.550720E-7	-3.725310E-8
1.745500E+3	-5.364450E-7	-9.127010E-8
1.766600E+3	-5.550720E-7	-1.024460E-7
1.778700E+3	-5.140940E-7	-8.568210E-8
1.799100E+3	-5.234070E-7	-4.842900E-8
1.811800E+3	-5.587970E-7	-3.911580E-8
1.821200E+3	-5.215440E-7	-8.940740E-8
1.844900E+3	-5.457590E-7	0.000000E+0
1.856900E+3	-5.234070E-7	2.048920E-8
1.866600E+3	-4.526250E-7	-3.539050E-8
1.887000E+3	-4.190970E-7	-1.490130E-8
1.897200E+3	-4.339980E-7	1.862660E-9
1.897200E+3	-4.339980E-7	1.862660E-9
1.927900E+3	-3.874320E-7	-9.685800E-8
1.947500E+3	-4.041960E-7	-1.005830E-7
1.960500E+3	-4.041960E-7	-1.005830E-7
1.971700E+3	-4.619380E-7	-5.960510E-8
1.971700E+3	-4.619380E-7	-5.960510E-8
2.004400E+3	-7.413360E-7	-3.352780E-8
2.025900E+3	-6.184020E-7	-1.005830E-7
2.036700E+3	-6.500670E-7	-1.490130E-8
2.047000E+3	-5.755610E-7	-7.450640E-9
2.068800E+3	-5.550720E-7	5.960510E-8
2.080000E+3	-4.898790E-7	-7.450640E-9
2.099400E+3	-5.681100E-7	5.587960E-9
2.110000E+3	-4.917420E-7	-5.401690E-8
2.131400E+3	-5.196820E-7	-6.333040E-8
2.142700E+3	-6.016380E-7	-6.705570E-8
2.154700E+3	-5.438960E-7	-1.080340E-7
2.175700E+3	-6.053630E-7	-9.685800E-8
2.184600E+3	-5.159560E-7	-1.657760E-7
2.195100E+3	-5.122310E-7	-7.450630E-8
2.217700E+3	-4.693880E-7	-6.519300E-8
2.227300E+3	-5.383080E-7	-8.568210E-8
2.247500E+3	-4.917420E-7	-2.197930E-7
2.257700E+3	-4.768410E-7	-1.937160E-7
2.277300E+3	-5.010550E-7	-9.685800E-8
2.288300E+3	-5.271320E-7	-4.097840E-8
2.307500E+3	-4.321350E-7	1.303860E-8
2.318700E+3	-4.284100E-7	1.098970E-7
2.340000E+3	-4.190970E-7	1.005830E-7
2.350500E+3	-5.103680E-7	1.266610E-7
2.361000E+3	-4.805660E-7	2.793980E-8
2.382700E+3	-4.768410E-7	3.725320E-9
2.393900E+3	-4.395860E-7	-3.725310E-8
2.413000E+3	-6.482040E-7	8.009420E-8
2.423800E+3	-7.133970E-7	1.005830E-7
2.443500E+3	-7.413360E-7	1.061710E-7
2.453800E+3	-6.482040E-7	5.029160E-8
2.462900E+3	-5.736980E-7	-1.303860E-8
2.462900E+3	-5.736980E-7	-1.303860E-8
2.495800E+3	-4.898790E-7	-5.215430E-8
2.517000E+3	-4.470370E-7	-2.793980E-8
2.526000E+3	-5.755610E-7	4.842900E-8
2.550300E+3	-5.587970E-7	-6.705570E-8
2.559400E+3	-6.184020E-7	-6.519300E-8
2.580500E+3	-6.686930E-7	-5.401690E-8
2.589400E+3	-5.029180E-7	-8.940740E-8
2.603000E+3	-4.172340E-7	-6.519300E-8
2.622500E+3	-3.688060E-7	-8.754480E-8
2.635200E+3	-3.501790E-7	-7.823160E-8
2.646300E+3	-3.892950E-7	1.862660E-9
2.667200E+3	-3.371410E-7	1.229350E-7
2.678400E+3	-4.209600E-7	2.160680E-7
2.700000E+3	-4.488990E-7	2.216560E-7
2.700000E+3	-4.488990E-7	2.216560E-7
2.721100E+3	-4.246850E-7	2.924370E-7
2.742800E+3	-4.898790E-7	3.986080E-7
2.753900E+3	-5.625220E-7	2.849870E-7
2.773200E+3	-6.239900E-7	1.639140E-7
2.784100E+3	-5.140940E-7	-5.215430E-8
2.796000E+3	-5.010550E-7	-2.346940E-7
2.819700E+3	-5.755610E-7	-2.495960E-7
2.829100E+3	-5.494840E-7	-3.129260E-7
2.850000E+3	-5.159560E-7	-1.937160E-7
2.862300E+3	-5.159560E-7	-1.080340E-7
2.871300E+3	-5.997750E-7	-3.352780E-8
2.892200E+3	-5.401710E-7	-1.695020E-7
2.901800E+3	-5.848740E-7	-1.396990E-7
2.922000E+3	-5.923250E-7	-4.842900E-8
2.931900E+3	-6.761440E-7	3.166520E-8
2.951900E+3	-6.109510E-7	-2.235190E-8
2.962500E+3	-6.426160E-7	3.166520E-8
2.982200E+3	-6.724190E-7	1.527380E-7
2.995100E+3	-5.979130E-7	1.285230E-7
3.006400E+3	-6.109510E-7	1.527380E-7
3.027800E+3	-5.718360E-7	-2.607710E-8
3.039200E+3	-6.407540E-7	3.725310E-8
3.060900E+3	-5.513470E-7	-1.862660E-9
3.071600E+3	-5.941870E-7	5.029160E-8
3.091000E+3	-5.550720E-7	6.146770E-8
3.102100E+3	-5.923250E-7	6.891830E-8
3.121300E+3	-6.351660E-7	3.539050E-8
3.132600E+3	-6.500670E-7	2.421450E-8
3.147900E+3	-7.022210E-7	2.421450E-8
3.156900E+3	-6.426160E-7	1.490130E-8
3.178100E+3	-6.388910E-7	-7.450640E-9
3.187000E+3	-6.202640E-7	-3.352780E-8
3.210900E+3	-6.742810E-7	3.725320E-9
3.220000E+3	-6.500670E-7	-8.381950E-8
3.230400E+3	-6.258520E-7	-1.508750E-7
3.253000E+3	-6.891820E-7	-1.452870E-7
3.262500E+3	-6.668310E-7	-1.639140E-7
3.285900E+3	-8.046660E-7	-1.247980E-7
3.294900E+3	-7.748640E-7	-1.750900E-7
3.307700E+3	-7.133970E-7	-2.738110E-7
3.327700E+3	-7.487870E-7	-2.663600E-7
3.339900E+3	-7.599630E-7	-1.527380E-7
3.351200E+3	-7.972160E-7	-2.421450E-8
3.373300E+3	-7.003580E-7	-8.009420E-8
3.384500E+3	-6.668310E-7	1.434250E-7
3.403800E+3	-5.792860E-7	1.750900E-7
3.414200E+3	-5.792860E-7	1.750900E-7
3.436600E+3	-4.693880E-7	3.986080E-7
3.447900E+3	-5.494840E-7	4.917420E-7
3.457700E+3	-5.662480E-7	3.911570E-7
3.478800E+3	-6.202640E-7	2.644970E-7
3.478800E+3	-6.202640E-7	2.644970E-7
3.511300E+3	-6.314400E-7	-9.313280E-9
3.521100E+3	-6.090890E-7	-3.352780E-8
3.541700E+3	-5.550720E-7	-1.043090E-7
3.550900E+3	-6.929080E-7	-1.918530E-7
3.573800E+3	-6.537920E-7	-2.011670E-7
3.584000E+3	-7.338860E-7	-1.993040E-7
3.595800E+3	-7.357480E-7	-1.881280E-7
3.605900E+3	-8.121170E-7	-1.546000E-7
3.628800E+3	-7.618260E-7	-1.546000E-7
3.638000E+3	-7.934900E-7	-1.341110E-7
3.661600E+3	-9.667200E-7	-2.328320E-7
3.670600E+3	-9.462270E-7	-2.775360E-7
3.670600E+3	-9.462270E-7	-2.775360E-7
3.703800E+3	-5.550720E-7	-1.601880E-7
3.713900E+3	-5.625220E-7	-7.078100E-8
3.734000E+3	-7.059460E-7	7.636890E-8
3.744700E+3	-8.251550E-7	2.272440E-7
3.764100E+3	-9.834840E-7	2.812610E-7
3.778000E+3	-1.018870E-6	2.644970E-7
3.788100E+3	-8.698590E-7	2.048920E-7
3.810100E+3	-7.450620E-7	2.216560E-7
3.821100E+3	-8.419190E-7	1.993040E-7
3.842600E+3	-7.860400E-7	1.154840E-7
3.842600E+3	-7.860400E-7	1.154840E-7
3.863100E+3	-8.288810E-7	1.192100E-7
3.886300E+3	-9.834840E-7	1.732270E-7
3.896400E+3	-9.723080E-7	1.788150E-7
3.916900E+3	-9.164250E-7	1.862650E-7
3.926500E+3	-8.661340E-7	6.146770E-8
3.947300E+3	-1.000250E-6	-8.381950E-8
3.956400E+3	-8.642710E-7	-1.471500E-7
3.966500E+3	-7.785890E-7	-4.097840E-8
3.989400E+3	-8.884850E-7	9.685800E-8
3.998700E+3	-1.046810E-6	-1.676390E-8
4.022300E+3	-1.095240E-6	-1.173470E-7
4.031300E+3	-1.097110E-6	-8.940740E-8
4.052700E+3	-1.117590E-6	3.725310E-8
4.062000E+3	-1.074750E-6	6.891830E-8
4.083100E+3	-1.220040E-6	-7.450640E-9
4.093000E+3	-1.218180E-6	1.490130E-8
4.113300E+3	-1.115730E-6	-1.378370E-7
4.123500E+3	-1.141810E-6	-1.136220E-7
4.134400E+3	-1.173470E-6	-1.341110E-7
4.134400E+3	-1.173470E-6	-1.341110E-7
4.167000E+3	-1.329940E-6	-1.862650E-7
4.189000E+3	-1.331800E-6	-1.955790E-7
4.199300E+3	-1.292680E-6	-1.639140E-7
4.209300E+3	-1.296410E-6	-1.490130E-7
4.230600E+3	-1.417480E-6	-8.940740E-8
4.239700E+3	-1.430520E-6	-1.583260E-7
4.263600E+3	-1.726680E-6	-8.009420E-8
4.272900E+3	-1.706190E-6	-1.601880E-7
4.283000E+3	-1.883140E-6	-1.844030E-7
4.306300E+3	-2.039610E-6	-2.272440E-7
4.315500E+3	-1.980010E-6	-2.868490E-7
4.339300E+3	-1.972560E-6	-1.899910E-7
4.348200E+3	-1.775110E-6	-3.054760E-7
4.360600E+3	-1.726680E-6	-2.365570E-7
4.380900E+3	-1.814220E-6	-8.940740E-8
4.393100E+3	-1.665210E-6	-8.940740E-8
4.404200E+3	-1.654040E-6	5.029160E-8
4.426200E+3	-1.525510E-6	-3.725320E-9
4.437400E+3	-1.607470E-6	5.401690E-8
4.456600E+3	-1.788150E-6	-9.685800E-8
4.467900E+3	-1.959520E-6	-2.235190E-8
4.486300E+3	-1.909230E-6	-1.080340E-7
4.486300E+3	-1.909230E-6	-1.080340E-7
4.516800E+3	-2.114120E-6	-3.539050E-8
4.528100E+3	-1.996770E-6	-2.607710E-8
4.540300E+3	-2.002360E-6	1.601880E-7
4.540300E+3	-2.002360E-6	1.601880E-7
4.573500E+3	-1.966970E-6	4.060580E-7
4.593700E+3	-2.302240E-6	4.097840E-7
4.603400E+3	-2.170000E-6	1.918530E-7
4.624200E+3	-2.253820E-6	1.154840E-7
4.633400E+3	-2.203520E-6	1.918530E-7
4.654600E+3	-2.343220E-6	2.346940E-7
4.663700E+3	-2.309690E-6	1.434250E-7
4.684800E+3	-2.332050E-6	6.519300E-8
4.693800E+3	-2.300380E-6	-6.146770E-8
4.704900E+3	-2.412140E-6	-3.352780E-8
4.726900E+3	-2.579780E-6	-2.440080E-7
4.737100E+3	-2.717610E-6	-2.272440E-7
4.760100E+3	-2.814470E-6	-2.626350E-7
4.769700E+3	-2.797710E-6	-2.663600E-7
4.781100E+3	-2.825650E-6	-2.216560E-7
4.802500E+3	-2.920640E-6	-2.346940E-7
4.813700E+3	-3.030540E-6	-1.583260E-7
4.833000E+3	-3.132980E-6	-1.583260E-7
4.845900E+3	-3.138570E-6	-1.881280E-7
4.865700E+3	-3.295030E-6	-1.117590E-7
4.876600E+3	-3.373260E-6	-7.450630E-8
4.886800E+3	-3.429140E-6	-7.450630E-8
4.909900E+3	-3.531590E-6	-1.136220E-7
4.919700E+3	-3.572570E-6	-1.937160E-7
4.928900E+3	-3.710400E-6	-1.713640E-7
4.952500E+3	-3.768150E-6	-1.750900E-7
4.961500E+3	-3.810990E-6	-2.365570E-7
4.985700E+3	-4.034520E-6	-1.788150E-7
4.994900E+3	-4.127650E-6	-1.825400E-7
5.005000E+3	-4.239410E-6	-2.048920E-7
5.028400E+3	-4.360480E-6	-1.639140E-7
5.037700E+3	-4.444300E-6	-2.048920E-7
5.058500E+3	-4.705070E-6	-2.682230E-7
5.070800E+3	-4.848490E-6	-2.607720E-7
5.092200E+3	-5.032900E-6	-1.844030E-7
5.104100E+3	-5.068290E-6	-1.955790E-7
5.115300E+3	-5.185630E-6	-1.043090E-7
5.137000E+3	-5.070150E-6	-1.676390E-7
5.147400E+3	-4.896920E-6	-2.235180E-7
5.158100E+3	-4.554200E-6	-2.142050E-7
5.179700E+3	-3.945110E-6	-2.607720E-7
5.190900E+3	-3.540900E-6	-2.384200E-7
5.210200E+3	-2.685950E-6	-1.695020E-7
5.223400E+3	-2.026570E-6	-2.142050E-7
5.233500E+3	-1.600020E-6	-1.918530E-7
5.255800E+3	-7.431990E-7	-8.009420E-8
5.266600E+3	-3.334150E-7	-1.136220E-7
5.286700E+3	3.464540E-7	-1.415620E-7
5.297000E+3	6.165390E-7	-1.601880E-7
5.297000E+3	6.165390E-7	-1.601880E-7
5.327100E+3	1.234940E-6	-4.842900E-8
5.327100E+3	1.234940E-6	-4.842900E-8
5.357100E+3	1.722950E-6	-8.009420E-8
5.367200E+3	1.853340E-6	-8.009420E-8
5.390300E+3	2.158820E-6	-5.401690E-8
5.400500E+3	2.224010E-6	-1.303860E-8
5.420000E+3	2.525760E-6	-9.313270E-8
5.430900E+3	2.564880E-6	-4.097840E-8
5.449800E+3	2.868490E-6	-5.215430E-8
5.449800E+3	2.868490E-6	-5.215430E-8
5.473800E+3	2.998870E-6	5.029160E-8
5.493600E+3	3.088280E-6	1.154840E-7
5.493600E+3	3.088280E-6	1.154840E-7
5.524600E+3	3.157200E-6	8.568210E-8
5.534600E+3	3.218670E-6	1.490130E-8
5.534600E+3	3.218670E-6	1.490130E-8
5.565100E+3	3.347190E-6	3.166520E-8
5.588300E+3	3.401200E-6	8.009420E-8
5.588300E+3	3.401200E-6	8.009420E-8
5.619000E+3	3.529730E-6	-4.097840E-8
5.628700E+3	3.546490E-6	-4.842900E-8
5.640600E+3	3.546490E-6	-6.333040E-8
5.661800E+3	3.555800E-6	-2.421450E-8
5.670900E+3	3.669430E-6	-3.352780E-8
5.691900E+3	3.704820E-6	-2.980250E-8
5.701200E+3	3.587470E-6	2.607710E-8
5.721900E+3	3.576290E-6	4.656640E-8
5.731900E+3	3.604230E-6	9.685800E-8
5.752300E+3	3.747660E-6	-5.215430E-8
5.762900E+3	3.883640E-6	-1.396990E-7
5.785900E+3	3.965600E-6	-1.601880E-7
5.795700E+3	3.954420E-6	-1.024460E-7
5.809000E+3	3.913450E-6	-1.583260E-7
5.828600E+3	3.906000E-6	-1.024460E-7
5.841400E+3	3.863160E-6	-4.842900E-8
5.861400E+3	3.887370E-6	-3.352780E-8
5.871800E+3	3.945110E-6	-1.303860E-8
5.882400E+3	4.045690E-6	-7.078100E-8
5.905000E+3	4.062460E-6	-1.061710E-7
5.905000E+3	4.062460E-6	-1.061710E-7
5.937200E+3	4.153730E-6	-7.450640E-9
5.948400E+3	4.135100E-6	5.215430E-8
5.957500E+3	4.088540E-6	7.823160E-8
5.981200E+3	4.103440E-6	-3.725320E-9
5.990800E+3	4.172350E-6	1.415620E-7
6.013500E+3	4.405180E-6	1.732270E-7
6.023900E+3	4.500180E-6	8.381950E-8
6.035900E+3	4.451750E-6	-5.774220E-8
6.057000E+3	4.366070E-6	-5.960510E-8
6.066200E+3	4.362340E-6	-8.754480E-8
6.076700E+3	4.326950E-6	-1.490130E-8
6.099400E+3	4.198430E-6	3.166520E-8
6.099400E+3	4.198430E-6	3.166520E-8
6.129500E+3	4.084810E-6	-3.725310E-8
6.140600E+3	4.045690E-6	-9.313270E-8
6.159400E+3	3.956290E-6	-1.080340E-7
6.172800E+3	4.055010E-6	-1.285230E-7
6.192400E+3	4.094120E-6	1.490130E-8
6.192400E+3	4.094120E-6	1.490130E-8
6.203400E+3	4.043830E-6	1.806770E-7
6.237600E+3	4.300880E-6	-1.061710E-7
6.248900E+3	4.293430E-6	1.527380E-7
6.248900E+3	4.293430E-6	1.527380E-7
6.281400E+3	4.041970E-6	1.546000E-7
6.292100E+3	4.069910E-6	8.381950E-8
6.301200E+3	4.060600E-6	1.266610E-7
6.325200E+3	4.228230E-6	3.725320E-9
6.334400E+3	4.306460E-6	1.676390E-8
6.355600E+3	4.423810E-6	1.378370E-7
6.355600E+3	4.423810E-6	1.378370E-7
6.388700E+3	4.410770E-6	2.253810E-7
6.397600E+3	4.373520E-6	8.195680E-8
6.418700E+3	4.274800E-6	1.359740E-7
6.427700E+3	4.233820E-6	1.862650E-7
6.438200E+3	4.367930E-6	2.123420E-7
6.460600E+3	4.464790E-6	1.285230E-7
6.460600E+3	4.464790E-6	1.285230E-7
6.491000E+3	4.416360E-6	1.341110E-7
6.503900E+3	4.453610E-6	6.891830E-8
6.514900E+3	4.479690E-6	9.313280E-9
6.534600E+3	4.446160E-6	1.117590E-8
6.554300E+3	4.580270E-6	-8.195680E-8
6.565400E+3	4.561650E-6	1.490130E-8
6.584800E+3	4.593310E-6	-3.725320E-9
6.596000E+3	4.611940E-6	4.470370E-8
6.605500E+3	4.718110E-6	1.266610E-7
6.628600E+3	4.846630E-6	1.899910E-7
6.638900E+3	4.876430E-6	1.527380E-7
6.661000E+3	4.887610E-6	7.264360E-8
6.672100E+3	4.854080E-6	1.154840E-7
6.684100E+3	4.930450E-6	5.215430E-8
6.694400E+3	4.928590E-6	2.793980E-8
6.694400E+3	4.928590E-6	2.793980E-8
6.727000E+3	4.841040E-6	-1.005830E-7
6.750900E+3	4.876430E-6	-3.911580E-8
6.760000E+3	4.919270E-6	-1.266610E-7
6.771200E+3	4.857810E-6	-2.011670E-7
6.793300E+3	4.973290E-6	-3.185140E-7
6.803700E+3	5.135340E-6	-2.961620E-7
6.826600E+3	5.200530E-6	-2.328320E-7
6.826600E+3	5.200530E-6	-2.328320E-7
6.849200E+3	5.269450E-6	-1.881280E-7
6.868600E+3	5.226610E-6	-2.738110E-7
6.882400E+3	5.317880E-6	-2.868490E-7
6.892700E+3	5.275040E-6	-3.017500E-7
6.914600E+3	5.342100E-6	-2.905740E-7
6.925800E+3	5.280630E-6	-2.048920E-7
6.947400E+3	5.263860E-6	-1.974410E-7
6.958600E+3	5.207980E-6	-1.173470E-7
6.968200E+3	5.370040E-6	-1.750900E-7
6.989400E+3	5.397970E-6	-8.381950E-8
6.998500E+3	5.409150E-6	-6.333040E-8
7.021900E+3	5.457580E-6	-5.215430E-8
7.031800E+3	5.457580E-6	-5.215430E-8
7.043900E+3	5.485520E-6	-8.754480E-8
7.065200E+3	5.468760E-6	-3.725320E-9
7.074200E+3	5.502280E-6	-7.450630E-8
7.095200E+3	5.597280E-6	1.676390E-8
7.104500E+3	5.641980E-6	0.000000E+0
7.125100E+3	5.640120E-6	-1.490130E-8
7.135100E+3	5.591690E-6	5.774220E-8
7.155500E+3	5.666200E-6	4.656640E-8
7.167800E+3	5.679230E-6	5.215430E-8
7.188800E+3	5.746290E-6	-7.078100E-8
7.198400E+3	5.763050E-6	-1.117590E-7
7.218900E+3	5.845010E-6	-2.216560E-7
7.229000E+3	5.841280E-6	-2.514590E-7
7.249100E+3	5.841280E-6	-3.688060E-7
7.249100E+3	5.841280E-6	-3.688060E-7
7.272700E+3	5.871090E-6	-1.117590E-8
7.292100E+3	5.722080E-6	2.011670E-7
7.303300E+3	5.818930E-6	9.499540E-8
7.325600E+3	5.738840E-6	9.127010E-8
7.336000E+3	5.738840E-6	1.192100E-7
7.355500E+3	5.696000E-6	1.620510E-7
7.366900E+3	5.763050E-6	9.685800E-8
7.376200E+3	5.967940E-6	-3.911580E-8
7.397600E+3	6.206360E-6	9.313280E-9
7.397600E+3	6.206360E-6	9.313280E-9
7.428000E+3	6.292040E-6	-2.700850E-7
7.428000E+3	6.292040E-6	-2.700850E-7
7.461100E+3	6.377730E-6	-3.390030E-7
7.470200E+3	6.375860E-6	-3.743930E-7
7.491400E+3	6.353510E-6	-3.818440E-7
7.500500E+3	6.327430E-6	-4.768410E-7
7.521700E+3	6.457820E-6	-2.309690E-7
7.531000E+3	6.454090E-6	-1.490130E-8
7.552000E+3	6.616140E-6	-1.490130E-8
7.552000E+3	6.616140E-6	-1.490130E-8
7.582100E+3	6.765160E-6	3.166520E-8
7.592300E+3	6.672020E-6	1.266610E-7
7.612400E+3	6.658990E-6	1.229350E-7
7.623100E+3	6.660850E-6	1.154840E-7
7.633600E+3	6.709280E-6	7.823160E-8
7.655500E+3	6.845250E-6	5.960510E-8
7.666600E+3	6.837800E-6	2.235190E-8
7.686200E+3	6.781920E-6	5.587960E-9
7.700000E+3	6.653400E-6	-9.499540E-8
7.709100E+3	6.729770E-6	-1.564630E-7
7.733100E+3	6.871330E-6	-1.117590E-7
7.742500E+3	6.830350E-6	-7.636890E-8
7.752500E+3	6.906720E-6	-7.823160E-8
7.752500E+3	6.906720E-6	-7.823160E-8
7.785300E+3	7.187980E-6	3.725320E-9
7.785300E+3	7.187980E-6	3.725320E-9
7.815800E+3	7.530700E-6	3.725320E-9
7.839200E+3	7.528840E-6	-6.333040E-8
7.848300E+3	7.441300E-6	-1.359740E-7
7.861200E+3	7.409630E-6	-1.695020E-7
7.884600E+3	7.517660E-6	-1.452870E-7
7.893800E+3	7.521390E-6	4.842900E-8
7.914800E+3	7.655530E-6	8.568210E-8
7.924500E+3	7.700230E-6	1.546000E-7
7.935700E+3	7.735620E-6	1.341110E-7
7.957200E+3	7.838070E-6	-2.421450E-8
7.957200E+3	7.838070E-6	-2.421450E-8
7.987700E+3	7.996390E-6	0.000000E+0
7.999000E+3	8.033650E-6	-1.490130E-8
8.018400E+3	7.992670E-6	7.450640E-9
8.029500E+3	8.033650E-6	-1.490130E-8
8.049000E+3	8.164030E-6	-1.117590E-7
8.062200E+3	8.137950E-6	-9.872060E-8
8.071800E+3	8.164030E-6	-1.601880E-7
8.095700E+3	8.223640E-6	-1.601880E-7
8.105100E+3	8.296280E-6	-9.872060E-8
8.128500E+3	8.387550E-6	-3.725320E-9
8.128500E+3	8.387550E-6	-3.725320E-9
8.148100E+3	8.598030E-6	2.048920E-8
8.169200E+3	8.672530E-6	-3.911580E-8
8.179100E+3	8.739590E-6	-8.195680E-8
8.199700E+3	8.869970E-6	-1.359740E-7
8.210000E+3	8.897910E-6	-1.154840E-7
8.230100E+3	9.024570E-6	-1.825400E-7
8.242600E+3	9.015260E-6	-1.788150E-7
8.253800E+3	9.037610E-6	-1.676390E-7
8.275400E+3	9.272310E-6	-1.676390E-7
8.275400E+3	9.272310E-6	-1.676390E-7
8.308400E+3	9.531210E-6	-1.005830E-7
8.318700E+3	9.562880E-6	-6.146770E-8
8.329600E+3	9.661600E-6	-1.136220E-7
8.352100E+3	9.767770E-6	-1.695020E-7
8.362800E+3	9.816200E-6	-2.309690E-7
8.382800E+3	9.885120E-6	-2.421460E-7
8.395800E+3	9.911190E-6	-2.421460E-7
8.415200E+3	1.002300E-5	-2.514590E-7
8.426300E+3	1.008810E-5	-2.384200E-7
8.438400E+3	1.013660E-5	-2.607720E-7
8.448100E+3	1.018310E-5	-2.589090E-7
8.471900E+3	1.031910E-5	-2.551840E-7
8.481000E+3	1.040670E-5	-2.756730E-7
8.505000E+3	1.060780E-5	-1.695020E-7
8.514200E+3	1.071960E-5	-1.620510E-7
8.535500E+3	1.084070E-5	-1.080340E-7
8.535500E+3	1.084070E-5	-1.080340E-7
8.555600E+3	1.097290E-5	-2.160680E-7
8.578100E+3	1.109400E-5	-2.570470E-7
8.588200E+3	1.115170E-5	-2.235180E-7
8.608600E+3	1.131750E-5	-1.825400E-7
8.608600E+3	1.131750E-5	-1.825400E-7
8.642100E+3	1.169000E-5	-1.695020E-7
8.651800E+3	1.174960E-5	-1.601880E-7
8.672200E+3	1.190610E-5	-2.533220E-7
8.682600E+3	1.198060E-5	-2.440080E-7
8.702400E+3	1.218180E-5	-2.626350E-7
8.713300E+3	1.223020E-5	-2.402830E-7
8.723700E+3	1.235680E-5	-2.216560E-7
8.745800E+3	1.255800E-5	-2.030290E-7
8.756900E+3	1.270700E-5	-1.750900E-7
8.779400E+3	1.297150E-5	-2.048920E-7
8.790400E+3	1.307020E-5	-2.048920E-7
8.802600E+3	1.322110E-5	-1.713640E-7
8.812100E+3	1.339620E-5	-1.750900E-7
8.835900E+3	1.364210E-5	-1.918530E-7
8.845100E+3	1.372030E-5	-2.346940E-7
8.869200E+3	1.390100E-5	-2.663600E-7
8.878500E+3	1.390100E-5	-2.663600E-7
8.888800E+3	1.414870E-5	-2.738110E-7
8.911800E+3	1.422880E-5	-2.570470E-7
8.921300E+3	1.423630E-5	-2.346940E-7
8.941800E+3	1.422510E-5	-2.291060E-7
8.951900E+3	1.418600E-5	-2.421460E-7
8.972100E+3	1.411150E-5	-2.998880E-7
8.972100E+3	1.411150E-5	-2.998880E-7
9.002500E+3	1.386370E-5	-2.682230E-7
9.013600E+3	1.369610E-5	-2.440080E-7
9.035900E+3	1.325280E-5	-2.142050E-7
9.046400E+3	1.297150E-5	-1.601880E-7
9.066400E+3	1.256730E-5	-1.173470E-7
9.077400E+3	1.232700E-5	-1.117590E-7
9.087700E+3	1.197500E-5	-1.080340E-7
9.109900E+3	1.117970E-5	-9.872060E-8
9.121000E+3	1.077170E-5	-1.285230E-7
9.140800E+3	9.905610E-6	-1.452870E-7
9.151300E+3	9.518170E-6	-1.825400E-7
9.174300E+3	8.530970E-6	-1.471500E-7
9.184600E+3	7.985220E-6	-1.583260E-7
9.196500E+3	7.465510E-6	-1.229350E-7
9.217700E+3	6.489480E-6	-1.173470E-7
9.226900E+3	5.999610E-6	-8.940740E-8
9.226900E+3	5.999610E-6	-8.940740E-8
9.257400E+3	4.733010E-6	-1.639140E-7
9.268600E+3	4.291560E-6	-1.415620E-7
9.290700E+3	3.296900E-6	-1.732270E-7
9.301100E+3	2.838690E-6	-1.359740E-7
9.321200E+3	1.916680E-6	-1.098970E-7
9.333900E+3	1.519930E-6	-1.229350E-7
9.354400E+3	8.679960E-7	-1.285230E-7
9.354400E+3	8.679960E-7	-1.285230E-7
9.384700E+3	-1.676390E-8	-1.601880E-7
9.395300E+3	-4.526250E-7	-1.806770E-7
9.408400E+3	-7.171220E-7	-1.639140E-7
9.408400E+3	-7.171220E-7	-1.639140E-7
9.439000E+3	-1.175340E-6	-3.129260E-7
9.460600E+3	-1.676390E-6	-4.395860E-7
9.471900E+3	-1.927850E-6	-3.799810E-7
9.481800E+3	-2.088040E-6	-4.339980E-7
9.502800E+3	-2.395380E-6	-3.222390E-7
9.512200E+3	-2.454980E-6	-3.445910E-7
9.512200E+3	-2.454980E-6	-3.445910E-7
9.545600E+3	-2.784670E-6	6.891830E-8
9.545600E+3	-2.784670E-6	6.891830E-8
9.575700E+3	-3.026810E-6	-3.725310E-8
9.596700E+3	-3.321110E-6	-1.117590E-7
9.605900E+3	-3.328560E-6	-2.030290E-7
9.627200E+3	-3.378850E-6	-2.607720E-7
9.636400E+3	-3.416110E-6	-2.291060E-7
9.657700E+3	-3.550220E-6	-1.322490E-7
9.667000E+3	-3.550220E-6	-1.322490E-7
9.680100E+3	-3.704820E-6	-3.166520E-8
9.700600E+3	-3.829630E-6	3.725320E-9
9.711400E+3	-3.833350E-6	-2.048920E-8
9.734300E+3	-3.810990E-6	-1.136220E-7
9.745300E+3	-3.797950E-6	-1.527380E-7
9.758200E+3	-3.866880E-6	-8.568210E-8
9.777600E+3	-3.755110E-6	-1.043090E-7
9.788600E+3	-3.788630E-6	5.960510E-8
9.808600E+3	-3.810990E-6	2.048920E-8
9.819000E+3	-3.684330E-6	-5.215430E-8
9.819000E+3	-3.684330E-6	-5.215430E-8
9.841200E+3	-3.885510E-6	2.607710E-8
9.872100E+3	-3.956290E-6	-8.754480E-8
9.883000E+3	-4.062460E-6	-1.322490E-7
9.883000E+3	-4.062460E-6	-1.322490E-7
9.913500E+3	-3.837080E-6	-2.980250E-7
9.922900E+3	-3.891090E-6	-3.222390E-7
9.943800E+3	-3.932070E-6	-8.940740E-8
9.953500E+3	-3.991680E-6	-7.450640E-9
9.973900E+3	-3.997270E-6	-4.470370E-8
9.984000E+3	-4.092260E-6	2.607710E-8
1.000410E+4	-3.961880E-6	-2.607710E-8
1.001480E+4	-3.995400E-6	8.195680E-8
1.003460E+4	-3.961880E-6	1.862660E-9
1.004580E+4	-4.062460E-6	9.499540E-8
1.006530E+4	-3.991680E-6	-9.127010E-8
1.007650E+4	-4.068050E-6	-2.980250E-8
1.009620E+4	-4.153730E-6	-1.862660E-8
1.010960E+4	-4.123930E-6	-3.166520E-8
1.012930E+4	-4.123930E-6	-3.166520E-8
1.014070E+4	-4.131380E-6	1.415620E-7
1.016030E+4	-4.105300E-6	1.136220E-7
1.017150E+4	-4.105300E-6	1.024460E-7
1.018090E+4	-4.066180E-6	4.284110E-8
1.020420E+4	-4.118340E-6	2.793980E-8
1.021420E+4	-4.101570E-6	-1.024460E-7
1.023490E+4	-4.028930E-6	-1.434250E-7
1.024430E+4	-3.866880E-6	-2.197930E-7
1.026550E+4	-3.758830E-6	-2.514590E-7
1.027460E+4	-3.701090E-6	-3.092010E-7
1.029580E+4	-3.770010E-6	-2.682230E-7
1.030490E+4	-3.671290E-6	-3.147890E-7
1.031600E+4	-3.658250E-6	-2.011670E-7
1.031600E+4	-3.658250E-6	-2.011670E-7
1.034850E+4	-3.680600E-6	-1.266610E-7
1.036880E+4	-3.622860E-6	-2.700850E-7
1.037960E+4	-3.675010E-6	-1.937160E-7
1.039950E+4	-3.587470E-6	-1.993040E-7
1.041080E+4	-3.611680E-6	-1.639140E-7
1.043320E+4	-3.451500E-6	-2.756730E-7
1.043320E+4	-3.451500E-6	-2.756730E-7
1.045480E+4	-3.537180E-6	-2.272440E-7
1.047680E+4	-3.475710E-6	-2.570470E-7
1.048810E+4	-3.501790E-6	-2.719480E-7
1.050770E+4	-3.496200E-6	-2.849870E-7
1.051860E+4	-3.470120E-6	-3.259650E-7
1.053860E+4	-3.568840E-6	-2.551840E-7
1.054890E+4	-3.606100E-6	-2.272440E-7
1.056930E+4	-3.548350E-6	-2.197930E-7
1.057920E+4	-3.512960E-6	-2.477340E-7
1.058870E+4	-3.559530E-6	-2.048920E-7
1.061550E+4	-3.643350E-6	-1.005830E-7
1.062460E+4	-3.676880E-6	-1.285230E-7
1.064590E+4	-3.879920E-6	-1.285230E-7
1.065520E+4	-3.853840E-6	-2.104800E-7
1.066630E+4	-3.906000E-6	-1.713640E-7
1.068840E+4	-3.853840E-6	-1.396990E-7
1.069910E+4	-3.889230E-6	-1.210730E-7
1.069910E+4	-3.889230E-6	-1.210730E-7
1.073170E+4	-3.848250E-6	-1.452870E-7
1.074490E+4	-3.810990E-6	-1.080340E-7
1.076470E+4	-3.624720E-6	-1.657760E-7
1.077600E+4	-3.706680E-6	-6.146770E-8
1.079550E+4	-3.630310E-6	-1.266610E-7
1.080670E+4	-3.652660E-6	-7.636890E-8
1.082650E+4	-3.606100E-6	-3.539050E-8
1.083770E+4	-3.509240E-6	-7.078100E-8
1.085780E+4	-3.578160E-6	5.960510E-8
1.086860E+4	-3.522280E-6	1.676390E-8
1.089070E+4	-3.488750E-6	-1.303860E-8
1.090200E+4	-3.568840E-6	3.539050E-8
1.091450E+4	-3.546490E-6	-1.676390E-8
1.092380E+4	-3.481300E-6	-4.284110E-8
1.094830E+4	-3.559530E-6	-7.264360E-8
1.095770E+4	-3.526000E-6	-1.266610E-7
1.098170E+4	-3.537180E-6	-1.098970E-7
1.099080E+4	-3.466400E-6	-2.197930E-7
1.100180E+4	-3.419830E-6	-2.607720E-7
1.102440E+4	-3.326700E-6	-2.551840E-7
1.103460E+4	-3.257780E-6	-2.235180E-7
1.105800E+4	-3.278270E-6	-1.005830E-7
1.105800E+4	-3.278270E-6	-1.005830E-7
1.108050E+4	-3.289450E-6	-3.911580E-8
1.110060E+4	-3.211210E-6	-1.080340E-7
1.111330E+4	-3.231700E-6	-8.754480E-8
1.112460E+4	-3.261510E-6	-6.519300E-8
1.112460E+4	-3.261510E-6	-6.519300E-8
1.115860E+4	-3.242880E-6	-8.940740E-8
1.117840E+4	-3.175820E-6	-2.421450E-8
1.118940E+4	-3.088280E-6	-1.043090E-7
1.118940E+4	-3.088280E-6	-1.043090E-7
1.122250E+4	-3.175820E-6	-1.434250E-7
1.124200E+4	-3.239150E-6	-4.842900E-8
1.125310E+4	-3.224250E-6	-6.146770E-8
1.125310E+4	-3.224250E-6	-6.146770E-8
1.128590E+4	-3.173960E-6	-8.195680E-8
1.129560E+4	-3.106910E-6	-1.285230E-7
1.131670E+4	-3.060340E-6	-1.285230E-7
1.132890E+4	-3.028680E-6	-3.352780E-8
1.133810E+4	-3.078970E-6	3.725320E-9
1.135930E+4	-3.013770E-6	-7.078100E-8
1.136910E+4	-2.954170E-6	-1.080340E-7
1.138980E+4	-2.956030E-6	-1.378370E-7
1.140010E+4	-3.000740E-6	-9.127010E-8
1.142350E+4	-2.978380E-6	-1.415620E-7
1.143310E+4	-2.978380E-6	-1.415620E-7
1.145410E+4	-2.888980E-6	-1.527380E-7
1.145410E+4	-2.888980E-6	-1.527380E-7
1.148470E+4	-2.872210E-6	-1.229350E-7
1.149510E+4	-2.929960E-6	-6.146770E-8
1.151510E+4	-2.877800E-6	-1.825400E-7
1.152600E+4	-2.885250E-6	-1.769520E-7
1.153900E+4	-2.933680E-6	-1.080340E-7
1.156130E+4	-2.905740E-6	-2.998880E-7
1.156130E+4	-2.905740E-6	-2.998880E-7
1.158170E+4	-3.140430E-6	-3.017500E-7
1.160530E+4	-3.201900E-6	-2.682230E-7
1.161520E+4	-3.214940E-6	-3.799810E-7
1.163640E+4	-3.151610E-6	-2.570470E-7
1.164600E+4	-3.051030E-6	-9.499540E-8
1.166760E+4	-2.985830E-6	2.142050E-7
1.167690E+4	-2.898290E-6	1.378370E-7
1.167690E+4	-2.898290E-6	1.378370E-7
1.170740E+4	-2.764180E-6	-4.656640E-8
1.172050E+4	-2.767910E-6	-9.499540E-8
1.174090E+4	-2.868490E-6	-1.713640E-7
1.174090E+4	-2.868490E-6	-1.713640E-7
1.177130E+4	-3.196310E-6	-4.842900E-8
1.178220E+4	-3.105040E-6	3.911580E-8
1.178220E+4	-3.105040E-6	3.911580E-8
1.181480E+4	-2.991420E-6	3.166520E-8
1.181480E+4	-2.991420E-6	3.166520E-8
1.184790E+4	-2.974660E-6	-8.754480E-8
1.185940E+4	-2.983970E-6	-1.583260E-7
1.187910E+4	-2.924370E-6	-1.918530E-7
1.189040E+4	-2.957900E-6	-1.247980E-7
1.191040E+4	-2.907600E-6	-9.499540E-8
1.192130E+4	-2.788390E-6	-1.713640E-7
1.194170E+4	-2.853590E-6	-3.352780E-8
1.195210E+4	-2.779080E-6	-8.009420E-8
1.196150E+4	-2.883390E-6	2.421450E-8
1.198550E+4	-2.777220E-6	-4.097840E-8
1.199790E+4	-2.732510E-6	-5.215430E-8
1.201860E+4	-2.708300E-6	-5.401690E-8
1.202820E+4	-2.648700E-6	-9.872060E-8
1.204950E+4	-2.622620E-6	-7.823160E-8
1.205870E+4	-2.454980E-6	-1.657760E-7
1.208000E+4	-2.522040E-6	-1.136220E-7
1.208000E+4	-2.522040E-6	-1.136220E-7
1.211080E+4	-2.542530E-6	-3.352780E-8
1.212010E+4	-2.566740E-6	2.235190E-8
1.214130E+4	-2.559290E-6	1.601880E-7
1.215360E+4	-2.462430E-6	-2.793980E-8
1.216430E+4	-2.454980E-6	-1.750900E-7
1.216430E+4	-2.454980E-6	-1.750900E-7
1.219520E+4	-2.218420E-6	-5.010550E-7
1.221790E+4	-2.307830E-6	-5.532090E-7
1.222920E+4	-2.263130E-6	-6.742810E-7
1.224210E+4	-2.501550E-6	-4.768410E-7
1.226400E+4	-2.658010E-6	-4.768410E-7
1.227550E+4	-2.741830E-6	-2.924370E-7
1.228810E+4	-2.821920E-6	-1.229350E-7
1.230840E+4	-2.928090E-6	-1.285230E-7
1.231870E+4	-2.851720E-6	-1.285230E-7
1.233920E+4	-2.603990E-6	-7.264360E-8
1.234900E+4	-2.486650E-6	0.000000E+0
1.237000E+4	-2.644970E-6	2.067550E-7
1.237940E+4	-2.628210E-6	1.266610E-7
1.240070E+4	-2.669190E-6	1.098970E-7
1.240990E+4	-2.620760E-6	4.656640E-8
1.243130E+4	-2.589090E-6	-1.676390E-8
1.244070E+4	-2.600270E-6	-1.955790E-7
1.245190E+4	-2.613310E-6	-3.390030E-7
1.247430E+4	-2.598400E-6	-5.792860E-7
1.248480E+4	-2.486650E-6	-4.135090E-7
1.250770E+4	-2.186760E-6	-1.415620E-7
1.251750E+4	-2.248230E-6	7.823160E-8
1.253800E+4	-2.225880E-6	1.862650E-7
1.254830E+4	-2.322730E-6	2.197930E-7
1.255940E+4	-2.270580E-6	2.048920E-8
1.257940E+4	-2.251950E-6	-1.825400E-7
1.257940E+4	-2.251950E-6	-1.825400E-7
1.261060E+4	-2.106670E-6	-3.725310E-7
1.262370E+4	-2.091770E-6	-3.241020E-7
1.262370E+4	-2.091770E-6	-3.241020E-7
1.265410E+4	-2.183030E-6	-2.346940E-7
1.267720E+4	-2.106670E-6	-2.384200E-7
1.268780E+4	-2.011670E-6	-2.756730E-7
1.268780E+4	-2.011670E-6	-2.756730E-7
1.271830E+4	-2.084310E-6	-1.750900E-7
1.272800E+4	-2.093630E-6	-1.434250E-7
1.272800E+4	-2.093630E-6	-1.434250E-7
1.276130E+4	-1.786280E-6	-2.197930E-7
1.278270E+4	-1.885000E-6	-1.490130E-7
1.279220E+4	-1.989320E-6	-8.568210E-8
1.281350E+4	-1.916680E-6	-2.030290E-7
1.282360E+4	-1.953930E-6	-1.862650E-7
1.283690E+4	-1.966970E-6	-2.030290E-7
1.285680E+4	-1.903630E-6	-1.620510E-7
1.286810E+4	-1.883140E-6	-1.825400E-7
1.288780E+4	-1.814220E-6	-2.589090E-7
1.289910E+4	-1.830990E-6	-1.210730E-7
1.292110E+4	-1.862650E-6	-8.195680E-8
1.293210E+4	-1.916680E-6	5.587960E-9
1.295180E+4	-1.793730E-6	-4.284110E-8
1.296300E+4	-1.842160E-6	-4.097840E-8
1.298270E+4	-1.842160E-6	-4.097840E-8
1.299380E+4	-1.648450E-6	-2.551840E-7
1.300630E+4	-1.655900E-6	-2.589090E-7
1.302680E+4	-1.613060E-6	-2.477340E-7
1.303680E+4	-1.531100E-6	-2.924370E-7
1.305790E+4	-1.536690E-6	-2.030290E-7
1.306750E+4	-1.497570E-6	-2.719480E-7
1.308890E+4	-1.490120E-6	-2.570470E-7
1.309830E+4	-1.447280E-6	-2.700850E-7
1.311980E+4	-1.462180E-6	-2.197930E-7
1.312920E+4	-1.490120E-6	-1.695020E-7
1.315070E+4	-1.406300E-6	-1.695020E-7
1.316030E+4	-1.475220E-6	-1.136220E-7
1.318130E+4	-1.456600E-6	-1.434250E-7
1.319360E+4	-1.395130E-6	-1.769520E-7
1.320450E+4	-1.458460E-6	-1.173470E-7
1.322440E+4	-1.423070E-6	-1.844030E-7
1.323550E+4	-1.443560E-6	-8.940740E-8
1.325780E+4	-1.283370E-6	-1.359740E-7
1.326850E+4	-1.277780E-6	-1.210730E-7
1.328860E+4	-1.341110E-6	-1.862650E-7
1.329970E+4	-1.395130E-6	-1.695020E-7
1.331010E+4	-1.341110E-6	-1.750900E-7
1.333080E+4	-1.212590E-6	-1.974410E-7
1.334350E+4	-1.259160E-6	-1.396990E-7
1.336350E+4	-1.221900E-6	-2.104800E-7
1.337400E+4	-1.177200E-6	-2.384200E-7
1.339450E+4	-1.261020E-6	-1.918530E-7
1.340440E+4	-1.236800E-6	-2.495960E-7
1.341420E+4	-1.229350E-6	-2.216560E-7
1.343800E+4	-1.119460E-6	-2.346940E-7
1.344730E+4	-1.115730E-6	-2.384200E-7
1.346870E+4	-1.134360E-6	-3.334150E-7
1.347820E+4	-1.138080E-6	-3.278270E-7
1.349930E+4	-1.294550E-6	-1.434250E-7
1.351180E+4	-1.199550E-6	-2.477340E-7
1.352280E+4	-1.264740E-6	-2.011670E-7
1.354570E+4	-1.190240E-6	-1.974410E-7
1.355670E+4	-1.188370E-6	-3.725310E-8
1.357600E+4	-1.076620E-6	-7.823160E-8
1.358670E+4	-1.132500E-6	-4.097840E-8
1.360660E+4	-1.093380E-6	-6.891830E-8
1.361770E+4	-1.063580E-6	-6.519300E-8
1.363740E+4	-9.574070E-7	-1.303860E-8
1.365150E+4	-1.022600E-6	-3.352780E-8
1.366160E+4	-1.069170E-6	-1.117590E-8
1.368180E+4	-1.112010E-6	-8.009420E-8
1.368180E+4	-1.112010E-6	-8.009420E-8
1.370180E+4	-1.069170E-6	-2.179300E-7
1.372330E+4	-1.193960E-6	-2.011670E-7
1.372330E+4	-1.193960E-6	-2.011670E-7
1.374770E+4	-1.236800E-6	-2.216560E-7
1.376970E+4	-1.188370E-6	-2.756730E-7
1.379380E+4	-1.130630E-6	-2.216560E-7
1.380330E+4	-1.011420E-6	-2.868490E-7
1.382460E+4	-9.369140E-7	-2.440080E-7
1.383690E+4	-9.946600E-7	-2.067550E-7
1.384930E+4	-1.063580E-6	-2.868490E-7
1.387040E+4	-1.203280E-6	-1.732270E-7
1.387970E+4	-1.207000E-6	-1.378370E-7
1.389060E+4	-1.207000E-6	-1.378370E-7
1.391340E+4	-1.050540E-6	-1.918530E-7
1.392470E+4	-9.778960E-7	-3.259650E-7
1.394450E+4	-1.125040E-6	-3.092010E-7
1.395580E+4	-1.113870E-6	-2.793990E-7
1.397570E+4	-1.000250E-6	-2.440080E-7
1.397570E+4	-1.000250E-6	-2.440080E-7
1.400700E+4	-7.767270E-7	-2.384200E-7
1.401790E+4	-7.245730E-7	-9.499540E-8
1.403710E+4	-5.923250E-7	-1.657760E-7
1.404840E+4	-5.886000E-7	-2.756730E-7
1.407110E+4	-5.886000E-7	-3.017500E-7
1.407110E+4	-5.886000E-7	-3.017500E-7
1.410220E+4	-4.917420E-7	-3.334150E-7
1.411280E+4	-5.196820E-7	-3.837070E-7
1.413210E+4	-6.165390E-7	-4.563500E-7
1.414320E+4	-6.165390E-7	-4.563500E-7
1.415250E+4	-8.698590E-7	-5.289950E-7
1.417400E+4	-9.834840E-7	-5.289950E-7
1.418630E+4	-9.518150E-7	-5.867370E-7
1.420760E+4	-8.866230E-7	-4.172340E-7
1.420760E+4	-8.866230E-7	-4.172340E-7
1.423800E+4	-6.575170E-7	-2.905740E-7
1.424780E+4	-6.668310E-7	-2.458710E-7
1.426850E+4	-5.271320E-7	-3.557670E-7
1.427880E+4	-4.842910E-7	-3.967450E-7
1.429930E+4	-6.668310E-7	-3.241020E-7
1.431020E+4	-6.202640E-7	-3.334150E-7
1.432990E+4	-4.954670E-7	-4.749760E-7
1.434030E+4	-6.184020E-7	-4.135090E-7
1.435140E+4	-6.184020E-7	-4.526250E-7
1.437430E+4	-7.003580E-7	-5.494840E-7
1.438520E+4	-6.668310E-7	-5.923250E-7
1.440570E+4	-8.735840E-7	-3.594920E-7
1.441600E+4	-9.611320E-7	-2.384200E-7
1.443830E+4	-9.294640E-7	-1.657760E-7
1.444940E+4	-9.201500E-7	-1.043090E-7
1.445880E+4	-8.158420E-7	-1.695020E-7
1.448010E+4	-7.264350E-7	-2.868490E-7
1.450060E+4	-7.711390E-7	-8.009420E-8
1.451070E+4	-7.841770E-7	-3.799810E-7
1.451990E+4	-8.605460E-7	-3.799810E-7
1.454290E+4	-8.679960E-7	-4.135090E-7
1.455110E+4	-9.443650E-7	-3.259650E-7
1.456110E+4	-8.866230E-7	-3.334150E-7
1.457420E+4	-7.953530E-7	-3.017500E-7
1.457930E+4	-8.046660E-7	-2.626350E-7
1.458640E+4	-6.724190E-7	-3.445910E-7
1.458770E+4	-7.096710E-7	-2.887120E-7
1.458760E+4	-6.984960E-7	-3.390030E-7
1.458520E+4	-7.189850E-7	-2.998880E-7
1.457680E+4	-6.686930E-7	-2.961620E-7
1.457090E+4	-7.171220E-7	-1.918530E-7
1.455380E+4	-6.891820E-7	-1.564630E-7
1.454420E+4	-7.916280E-7	-9.685800E-8
1.453000E+4	-8.884850E-7	5.587960E-8
1.453000E+4	-8.884850E-7	5.587960E-8
1.448570E+4	-1.046810E-6	2.365570E-7
1.447100E+4	-9.667200E-7	8.754480E-8
1.444200E+4	-9.257380E-7	-8.940740E-8
1.441250E+4	-9.108370E-7	-2.272440E-7
1.439950E+4	-8.810350E-7	-2.272440E-7
1.438520E+4	-8.679960E-7	-1.620510E-7
1.436050E+4	-7.841770E-7	-1.117590E-7
1.434740E+4	-7.953530E-7	-8.381950E-8
1.432590E+4	-7.897650E-7	-1.285230E-7
1.431460E+4	-8.735840E-7	-1.098970E-7
1.429570E+4	-8.530950E-7	-1.378370E-7
1.428580E+4	-8.735840E-7	-1.601880E-7
1.426590E+4	-9.294640E-7	-1.713640E-7
1.425570E+4	-9.294640E-7	-1.713640E-7
1.423740E+4	-8.475070E-7	-2.272440E-7
1.422710E+4	-8.568200E-7	-1.862650E-7
1.422710E+4	-8.568200E-7	-1.862650E-7
1.419690E+4	-7.022210E-7	-1.396990E-7
1.417630E+4	-6.686930E-7	-1.825400E-7
1.417630E+4	-6.686930E-7	-1.825400E-7
1.415400E+4	-8.270180E-7	-2.197930E-7
1.415400E+4	-8.270180E-7	-2.197930E-7
1.412330E+4	-9.089740E-7	-2.440080E-7
1.412330E+4	-9.089740E-7	-2.440080E-7
1.410210E+4	-8.959360E-7	-2.700850E-7
1.406890E+4	-9.015240E-7	-2.700850E-7
1.405970E+4	-9.182880E-7	-2.682230E-7
1.404710E+4	-9.797590E-7	-2.384200E-7
1.402680E+4	-9.704450E-7	-2.123420E-7
1.401660E+4	-9.182880E-7	-2.644970E-7
1.399660E+4	-9.946600E-7	-1.937160E-7
1.398600E+4	-9.872090E-7	-2.291060E-7
1.396670E+4	-1.022600E-6	-1.750900E-7
1.395560E+4	-1.057990E-6	-1.210730E-7
1.393610E+4	-1.063580E-6	-1.359740E-7
1.392490E+4	-1.026320E-6	-2.086170E-7
1.390550E+4	-1.011420E-6	-2.086170E-7
1.390550E+4	-1.011420E-6	-2.086170E-7
1.387480E+4	-9.294640E-7	-1.676390E-7
1.386410E+4	-9.872090E-7	-1.676390E-7
1.384390E+4	-8.884850E-7	-2.756730E-7
1.383370E+4	-9.164250E-7	-2.551840E-7
1.381330E+4	-1.013290E-6	-2.924370E-7
1.380350E+4	-1.022600E-6	-3.483160E-7
1.379140E+4	-1.138080E-6	-2.570470E-7
1.377030E+4	-1.179060E-6	-2.663600E-7
1.376110E+4	-1.220040E-6	-1.974410E-7
1.374000E+4	-1.134360E-6	-1.657760E-7
1.373050E+4	-1.031910E-6	-2.160680E-7
1.370990E+4	-1.039360E-6	-1.862650E-7
1.369990E+4	-1.033780E-6	-2.104800E-7
1.367960E+4	-9.983850E-7	-3.017500E-7
1.366730E+4	-1.030050E-6	-2.067550E-7
1.365630E+4	-9.387770E-7	-2.700850E-7
1.363440E+4	-1.022600E-6	-2.142050E-7
1.362380E+4	-9.667200E-7	-2.589090E-7
1.361330E+4	-9.611320E-7	-2.924370E-7
1.359150E+4	-1.013290E-6	-3.017500E-7
1.358040E+4	-1.119460E-6	-2.346940E-7
1.355860E+4	-1.173470E-6	-1.583260E-7
1.355860E+4	-1.173470E-6	-1.583260E-7
1.352780E+4	-1.054260E-6	-1.788150E-7
1.351650E+4	-1.022600E-6	-1.881280E-7
1.350400E+4	-1.041230E-6	-1.713640E-7
1.348280E+4	-9.536820E-7	-2.384200E-7
1.347380E+4	-1.052400E-6	-1.899910E-7
1.345290E+4	-1.069170E-6	-1.639140E-7
1.344390E+4	-1.115730E-6	-1.285230E-7
1.342020E+4	-1.112010E-6	-1.806770E-7
1.341090E+4	-1.177200E-6	-1.732270E-7
1.339000E+4	-1.052400E-6	-4.600750E-7
1.339000E+4	-1.052400E-6	-4.600750E-7
1.335960E+4	-1.141810E-6	-3.594920E-7
1.335040E+4	-1.208860E-6	-3.166510E-7
1.333750E+4	-1.249840E-6	-3.147890E-7
1.331720E+4	-1.257290E-6	-3.762560E-7
1.330470E+4	-1.329940E-6	-3.073380E-7
1.329360E+4	-1.259160E-6	-3.371410E-7
1.327190E+4	-1.283370E-6	-1.359740E-7
1.326120E+4	-1.283370E-6	-1.359740E-7
1.323900E+4	-1.300130E-6	-1.881280E-7
1.323900E+4	-1.385820E-6	-2.067550E-7
1.321790E+4	-1.341110E-6	-2.160680E-7
1.319640E+4	-1.326210E-6	-2.328320E-7
1.318530E+4	-1.350430E-6	-2.663600E-7
1.317250E+4	-1.396990E-6	-3.036130E-7
1.315170E+4	-1.428660E-6	-3.017500E-7
1.314210E+4	-1.413750E-6	-3.334150E-7
1.311880E+4	-1.432380E-6	-3.613550E-7
1.310850E+4	-1.512480E-6	-2.738110E-7
1.309660E+4	-1.465910E-6	-2.067550E-7
1.309660E+4	-1.465910E-6	-2.067550E-7
1.306630E+4	-1.626100E-6	-1.266610E-7
1.304540E+4	-1.642860E-6	-1.434250E-7
1.303620E+4	-1.659620E-6	-1.546000E-7
1.301540E+4	-1.663350E-6	-1.937160E-7
1.300590E+4	-1.579530E-6	-2.421460E-7
1.299290E+4	-1.573940E-6	-2.477340E-7
1.297300E+4	-1.644720E-6	-2.142050E-7
1.295200E+4	-1.642860E-6	-1.844030E-7
1.294270E+4	-1.726680E-6	-1.173470E-7
1.292970E+4	-1.708050E-6	-1.490130E-7
1.292970E+4	-1.708050E-6	-1.490130E-7
1.289700E+4	-1.685700E-6	-1.527380E-7
1.288580E+4	-1.663350E-6	-1.844030E-7
1.286350E+4	-1.676390E-6	-8.195680E-8
1.286350E+4	-1.676390E-6	-8.195680E-8
1.284310E+4	-1.784420E-6	-1.769520E-7
1.281970E+4	-1.790010E-6	-1.825400E-7
1.280980E+4	-1.767660E-6	-1.862650E-7
1.278690E+4	-1.830990E-6	-1.825400E-7
1.278690E+4	-1.830990E-6	-1.825400E-7
1.276400E+4	-1.899910E-6	-1.247980E-7
1.274310E+4	-2.082450E-6	-6.333040E-8
1.273070E+4	-2.091770E-6	-3.539050E-8
1.272170E+4	-2.123430E-6	-5.587960E-9
1.269770E+4	-2.052650E-6	-1.117590E-7
1.268850E+4	-2.095490E-6	-1.247980E-7
1.266420E+4	-2.006080E-6	-2.943000E-7
1.265500E+4	-2.078730E-6	-2.663600E-7
1.264420E+4	-2.082450E-6	-3.054760E-7
1.262200E+4	-2.162550E-6	-2.887120E-7
1.262200E+4	-2.162550E-6	-2.887120E-7
1.261190E+4	-2.160680E-6	-2.868490E-7
1.257920E+4	-2.123430E-6	-2.272440E-7
1.256800E+4	-2.088040E-6	-2.756730E-7
1.256800E+4	-2.088040E-6	-2.756730E-7
1.253560E+4	-2.188620E-6	-3.241020E-7
1.251620E+4	-2.276170E-6	-3.371410E-7
1.251620E+4	-2.276170E-6	-3.371410E-7
1.249220E+4	-2.155090E-6	-4.768410E-7
1.247240E+4	-2.140190E-6	-5.122310E-7
1.246180E+4	-2.170000E-6	-4.526250E-7
1.243990E+4	-2.233330E-6	-3.334150E-7
1.242870E+4	-2.251950E-6	-2.849870E-7
1.242870E+4	-2.251950E-6	-2.849870E-7
1.239840E+4	-2.361850E-6	-1.881280E-7
1.238930E+4	-2.387930E-6	-1.899910E-7
1.236510E+4	-2.356260E-6	-3.166510E-7
1.235610E+4	-2.391650E-6	-2.458710E-7
1.235610E+4	-2.391650E-6	-2.458710E-7
1.232570E+4	-2.440080E-6	-2.495960E-7
1.230490E+4	-2.514590E-6	-4.116460E-7
1.229500E+4	-2.495960E-6	-5.662480E-7
1.227160E+4	-2.468020E-6	-4.787030E-7
1.226240E+4	-2.391650E-6	-3.799810E-7
1.225110E+4	-2.460570E-6	-3.799810E-7
1.222920E+4	-2.523900E-6	-2.104800E-7
1.221850E+4	-2.516450E-6	-2.197930E-7
1.219890E+4	-2.505270E-6	-8.009420E-8
1.218790E+4	-2.477330E-6	-6.146770E-8
1.216840E+4	-2.551840E-6	-4.339980E-7
1.215720E+4	-2.542530E-6	-5.681100E-7
1.213780E+4	-2.671050E-6	-5.792860E-7
1.213780E+4	-2.671050E-6	-5.792860E-7
1.211450E+4	-2.713890E-6	-4.991930E-7
1.209410E+4	-2.831240E-6	-4.731140E-7
1.208430E+4	-2.682220E-6	-5.066430E-7
1.206160E+4	-2.540660E-6	-7.003580E-7
1.205120E+4	-2.687810E-6	-6.724190E-7
1.204200E+4	-2.780940E-6	-6.984960E-7
1.204200E+4	-2.780940E-6	-6.984960E-7
1.200880E+4	-3.019360E-6	-2.104800E-7
1.198530E+4	-2.909470E-6	-4.284110E-8
1.198530E+4	-2.909470E-6	-4.284110E-8
1.196570E+4	-2.875940E-6	-1.862660E-9
1.194220E+4	-3.045440E-6	1.862660E-8
1.193230E+4	-3.008190E-6	-5.587960E-8
1.191190E+4	-2.928090E-6	-1.825400E-7
1.189960E+4	-3.021220E-6	-1.098970E-7
1.189960E+4	-3.021220E-6	-1.098970E-7
1.186900E+4	-2.894570E-6	-1.918530E-7
1.186900E+4	-2.894570E-6	-1.918530E-7
1.183820E+4	-2.756730E-6	4.656640E-8
1.182720E+4	-2.756730E-6	4.656640E-8
1.180730E+4	-2.706440E-6	-2.030290E-7
1.179680E+4	-2.689670E-6	-2.384200E-7
1.177640E+4	-2.646830E-6	-2.700850E-7
1.176640E+4	-2.682220E-6	-2.663600E-7
1.174390E+4	-2.753000E-6	-2.700850E-7
1.173310E+4	-2.848000E-6	-2.160680E-7
1.172400E+4	-2.792120E-6	-1.974410E-7
1.170010E+4	-2.574190E-6	-6.333040E-8
1.169090E+4	-2.620760E-6	-6.146770E-8
1.166970E+4	-2.672910E-6	-1.695020E-7
1.165750E+4	-2.898290E-6	-1.974410E-7
1.163700E+4	-3.257780E-6	-2.067550E-7
1.162750E+4	-3.257780E-6	-2.067550E-7
1.160640E+4	-3.324840E-6	-1.825400E-7
1.159730E+4	-3.380720E-6	-1.285230E-7
1.158690E+4	-3.336010E-6	-1.229350E-7
1.156710E+4	-3.200040E-6	1.676390E-8
1.154600E+4	-3.116220E-6	6.146770E-8
1.154600E+4	-3.116220E-6	6.146770E-8
1.153670E+4	-3.026810E-6	-5.401690E-8
1.150610E+4	-2.916920E-6	-2.738110E-7
1.149500E+4	-2.866630E-6	-1.601880E-7
1.147360E+4	-2.920640E-6	-1.601880E-7
1.146250E+4	-2.982110E-6	3.725310E-8
1.144970E+4	-3.030540E-6	5.401690E-8
1.143010E+4	-2.998870E-6	-9.313270E-8
1.141920E+4	-3.114360E-6	-1.583260E-7
1.139890E+4	-3.144160E-6	-3.837070E-7
1.139890E+4	-3.144160E-6	-3.837070E-7
1.136800E+4	-2.935540E-6	-3.036130E-7
1.136800E+4	-2.935540E-6	-3.036130E-7
1.133720E+4	-2.907600E-6	2.048920E-7
1.132790E+4	-2.905740E-6	2.421460E-7
1.130460E+4	-2.866630E-6	2.905740E-7
1.129480E+4	-2.946720E-6	2.905740E-7
1.127410E+4	-3.036130E-6	1.452870E-7
1.126470E+4	-3.075240E-6	1.080340E-7
1.126470E+4	-3.075240E-6	1.080340E-7
1.123450E+4	-3.371400E-6	1.173470E-7
1.122400E+4	-3.278270E-6	5.029160E-8
1.120130E+4	-3.278270E-6	5.029160E-8
1.120130E+4	-3.246610E-6	8.940740E-8
1.119150E+4	-3.203760E-6	-4.470370E-8
1.117110E+4	-3.328560E-6	-5.215430E-8
1.116090E+4	-3.306210E-6	-6.146770E-8
1.113020E+4	-3.373260E-6	-3.334150E-7
1.111070E+4	-3.356500E-6	-2.775360E-7
1.109960E+4	-3.196310E-6	-3.427290E-7
1.107760E+4	-3.144160E-6	-1.415620E-7
1.106760E+4	-3.229840E-6	-4.470370E-8
1.105680E+4	-3.296900E-6	1.005830E-7
1.103380E+4	-3.546490E-6	1.098970E-7
1.103380E+4	-3.546490E-6	1.098970E-7
1.101120E+4	-3.615410E-6	1.024460E-7
1.101120E+4	-3.561390E-6	1.061710E-7
1.097750E+4	-3.173960E-6	-2.328320E-7
1.096810E+4	-3.306210E-6	-2.458710E-7
1.094400E+4	-3.488750E-6	-2.700850E-7
1.093480E+4	-3.566980E-6	-3.408660E-7
1.091100E+4	-3.617270E-6	-6.035010E-7
1.090160E+4	-3.706680E-6	-6.649680E-7
1.088060E+4	-3.781180E-6	-5.103680E-7
1.087150E+4	-3.816590E-6	-3.967450E-7
1.085030E+4	-3.695500E-6	-3.110640E-7
1.084120E+4	-3.652660E-6	-2.775360E-7
1.084120E+4	-3.652660E-6	-2.775360E-7
1.080810E+4	-3.537180E-6	-3.464540E-7
1.079510E+4	-3.594920E-6	-3.036130E-7
1.078390E+4	-3.568840E-6	-3.408660E-7
1.076240E+4	-3.706680E-6	-1.769520E-7
1.075130E+4	-3.699230E-6	-1.750900E-7
1.075130E+4	-3.699230E-6	-1.750900E-7
1.071870E+4	-3.660110E-6	-3.352780E-8
1.070830E+4	-3.576290E-6	-4.284110E-8
1.068620E+4	-3.585610E-6	-2.421450E-8
1.067510E+4	-3.553940E-6	-3.166520E-8
1.066290E+4	-3.727170E-6	-9.872060E-8
1.066290E+4	-3.727170E-6	-9.872060E-8
1.063270E+4	-3.950700E-6	-1.434250E-7
1.060970E+4	-3.838940E-6	-2.291060E-7
1.059930E+4	-3.898550E-6	-1.452870E-7
1.057890E+4	-3.946970E-6	-1.769520E-7
1.056910E+4	-3.986090E-6	-1.899910E-7
1.054850E+4	-4.064320E-6	-1.974410E-7
1.053920E+4	-4.133240E-6	-1.601880E-7
1.053920E+4	-4.133240E-6	-1.601880E-7
1.051820E+4	-4.023340E-6	-2.793980E-8
1.050900E+4	-4.060600E-6	1.862660E-9
1.047880E+4	-3.986090E-6	-2.980250E-8
1.047880E+4	-3.986090E-6	-2.980250E-8
1.044810E+4	-4.196570E-6	-1.955790E-7
1.043680E+4	-4.198430E-6	-2.272440E-7
1.043680E+4	-4.198430E-6	-2.272440E-7
1.040410E+4	-4.300880E-6	-4.563500E-7
1.039070E+4	-4.224510E-6	-4.824290E-7
1.037040E+4	-4.218920E-6	-2.868490E-7
1.035740E+4	-4.176080E-6	-2.849870E-7
1.033790E+4	-4.163040E-6	-2.160680E-7
1.032710E+4	-4.148140E-6	-1.601880E-7
1.030700E+4	-4.066180E-6	-2.943000E-7
1.029670E+4	-4.069910E-6	-2.905740E-7
1.028750E+4	-4.062460E-6	-3.036130E-7
1.026360E+4	-4.015890E-6	-2.793990E-7
1.025450E+4	-4.055010E-6	-2.495960E-7
1.025450E+4	-4.055010E-6	-2.495960E-7
1.022150E+4	-4.116470E-6	-1.732270E-7
1.022150E+4	-4.116470E-6	-1.732270E-7
1.019140E+4	-4.140690E-6	-5.029160E-8
1.018090E+4	-4.312050E-6	-5.029160E-8
1.015780E+4	-4.548610E-6	-7.264360E-8
1.014820E+4	-4.615660E-6	-3.725310E-8
1.014820E+4	-4.615660E-6	-3.725310E-8
1.012440E+4	-4.483420E-6	-8.009420E-8
1.010320E+4	-4.308330E-6	-4.842900E-8
1.008180E+4	-4.259900E-6	-1.229350E-7
1.007060E+4	-4.196570E-6	-1.695020E-7
1.005130E+4	-4.220780E-6	-1.993040E-7
1.004010E+4	-4.181670E-6	-2.402830E-7
1.002090E+4	-4.202160E-6	-2.011670E-7
1.000990E+4	-4.271070E-6	-1.788150E-7
1.000990E+4	-4.271070E-6	-1.788150E-7
9.990000E+3	-4.231960E-6	-1.750900E-7
9.970400E+3	-4.176080E-6	-1.993040E-7
9.970400E+3	-4.176080E-6	-1.993040E-7
9.937200E+3	-4.164900E-6	-1.266610E-7
9.913500E+3	-4.017750E-6	-1.639140E-7
9.903700E+3	-4.002850E-6	-1.173470E-7
9.882700E+3	-3.960010E-6	-1.695020E-7
9.873500E+3	-4.060600E-6	-1.359740E-7
9.873500E+3	-4.060600E-6	-1.359740E-7
9.843400E+3	-4.053140E-6	-1.732270E-7
9.822300E+3	-4.025210E-6	-2.756730E-7
9.813300E+3	-4.055010E-6	-2.104800E-7
9.792200E+3	-4.051280E-6	-2.421460E-7
9.792200E+3	-4.051280E-6	-2.421460E-7
9.771500E+3	-3.948840E-6	-3.241020E-7
9.771500E+3	-3.948840E-6	-3.241020E-7
9.738800E+3	-4.040110E-6	-1.285230E-7
9.719200E+3	-3.930210E-6	-1.434250E-7
9.706100E+3	-3.894820E-6	-1.434250E-7
9.695000E+3	-3.866880E-6	-1.154840E-7
9.675200E+3	-3.928350E-6	-8.568210E-8
9.675200E+3	-3.928350E-6	-8.568210E-8
9.641900E+3	-3.829630E-6	-1.750900E-7
9.631900E+3	-3.848250E-6	-1.620510E-7
9.612400E+3	-3.719720E-6	-1.918530E-7
9.601700E+3	-3.712270E-6	-1.359740E-7
9.601700E+3	-3.712270E-6	-1.359740E-7
9.568400E+3	-3.729030E-6	-2.328320E-7
9.559300E+3	-3.673150E-6	-2.253810E-7
9.538400E+3	-3.548350E-6	-1.601880E-7
9.529000E+3	-3.548350E-6	-1.601880E-7
9.508500E+3	-3.326700E-6	-1.192100E-7
9.508500E+3	-3.326700E-6	-1.192100E-7
9.498600E+3	-3.187000E-6	-1.546000E-7
9.465700E+3	-2.877800E-6	-1.154840E-7
9.454500E+3	-2.764180E-6	-1.471500E-7
9.432800E+3	-2.482920E-6	-1.601880E-7
9.422100E+3	-2.276170E-6	-1.508750E-7
9.399700E+3	-1.935300E-6	-1.452870E-7
9.389800E+3	-1.672660E-6	-2.104800E-7
9.378700E+3	-1.490120E-6	-2.104800E-7
9.378700E+3	-1.490120E-6	-2.104800E-7
9.345400E+3	-7.413360E-7	-1.899910E-7
9.325400E+3	-2.663600E-7	-2.253810E-7
9.312400E+3	6.333040E-8	-2.589090E-7
9.302900E+3	6.333040E-8	-2.589090E-7
9.281600E+3	1.015150E-6	-1.359740E-7
9.272400E+3	1.324350E-6	-1.173470E-7
9.251000E+3	2.207250E-6	-1.359740E-7
9.239000E+3	2.698990E-6	-1.359740E-7
9.218100E+3	3.611680E-6	-1.564630E-7
9.208900E+3	4.036380E-6	-1.154840E-7
9.187800E+3	4.999370E-6	-1.993040E-7
9.187800E+3	4.999370E-6	-1.993040E-7
9.168000E+3	5.945590E-6	-1.955790E-7
9.168000E+3	5.945590E-6	-1.955790E-7
9.135600E+3	7.500900E-6	-1.341110E-7
9.115300E+3	8.467640E-6	-6.333040E-8
9.104900E+3	9.017120E-6	-9.499540E-8
9.082100E+3	1.012350E-5	-7.078100E-8
9.082100E+3	1.012350E-5	-7.078100E-8
9.060900E+3	1.114240E-5	-7.078100E-8
9.039500E+3	1.183160E-5	5.960510E-8
9.028300E+3	1.223950E-5	1.490130E-8
9.015400E+3	1.267350E-5	-1.452870E-7
8.995900E+3	1.319500E-5	-1.825400E-7
8.995900E+3	1.319500E-5	-1.825400E-7
8.965100E+3	1.369050E-5	-2.048920E-7
8.965100E+3	1.369050E-5	-2.048920E-7
8.931500E+3	1.402760E-5	-6.146770E-8
8.921600E+3	1.411330E-5	-7.264360E-8
8.911900E+3	1.411330E-5	-7.264360E-8
8.888200E+3	1.429590E-5	-1.210730E-7
8.879100E+3	1.440020E-5	-1.266610E-7
8.879100E+3	1.440020E-5	-1.266610E-7
8.848500E+3	1.440390E-5	1.862660E-8
8.848500E+3	1.440390E-5	1.862660E-8
8.824500E+3	1.428470E-5	-3.539050E-8
8.804800E+3	1.413750E-5	-5.960510E-8
8.804800E+3	1.413750E-5	-5.960510E-8
8.785400E+3	1.390840E-5	-7.078100E-8
8.754900E+3	1.362900E-5	-1.415620E-7
8.743600E+3	1.362900E-5	-1.415620E-7
8.724200E+3	1.333100E-5	-9.872060E-8
8.724200E+3	1.333100E-5	-9.872060E-8
8.693400E+3	1.296220E-5	-2.235190E-8
8.680200E+3	1.290450E-5	-7.264360E-8
8.660500E+3	1.266790E-5	-4.842900E-8
8.660500E+3	1.266790E-5	-4.842900E-8
8.629600E+3	1.229540E-5	-8.568210E-8
8.618700E+3	1.221710E-5	-1.359740E-7
8.598700E+3	1.202900E-5	-1.359740E-7
8.588400E+3	1.202900E-5	-1.359740E-7
8.567900E+3	1.177380E-5	-1.750900E-7
8.558200E+3	1.158010E-5	-1.043090E-7
8.537600E+3	1.142920E-5	-8.009420E-8
8.528300E+3	1.134540E-5	-9.872060E-8
8.516200E+3	1.112190E-5	-9.872060E-8
8.495000E+3	1.100460E-5	1.490130E-8
8.485700E+3	1.104550E-5	-6.333040E-8
8.461700E+3	1.081270E-5	3.166520E-8
8.452600E+3	1.078850E-5	-5.587960E-9
8.431400E+3	1.069540E-5	-7.450640E-9
8.422200E+3	1.069540E-5	-7.450640E-9
8.411000E+3	1.057620E-5	1.303860E-8
8.391400E+3	1.045320E-5	2.048920E-8
8.380200E+3	1.044950E-5	-5.029160E-8
8.360800E+3	1.027250E-5	-3.352780E-8
8.346600E+3	1.023720E-5	-6.519300E-8
8.327200E+3	1.008630E-5	-1.750900E-7
8.316400E+3	9.991290E-6	-9.685800E-8
8.297700E+3	9.911190E-6	-1.639140E-7
8.286700E+3	9.847860E-6	-1.639140E-7
8.267200E+3	9.704440E-6	-4.284110E-8
8.253400E+3	9.700710E-6	-9.499540E-8
8.244300E+3	9.505140E-6	1.676390E-8
8.223000E+3	9.488370E-6	-3.911580E-8
8.223000E+3	9.488370E-6	-3.911580E-8
8.192700E+3	9.190350E-6	-2.607710E-8
8.180600E+3	9.041340E-6	3.911580E-8
8.159300E+3	9.041340E-6	-8.009420E-8
8.150300E+3	8.916540E-6	-1.490130E-8
8.129200E+3	8.890460E-6	-4.284110E-8
8.129200E+3	8.890460E-6	-4.284110E-8
8.120100E+3	8.901640E-6	-6.891830E-8
8.090200E+3	8.722830E-6	-6.146770E-8
8.090200E+3	8.722830E-6	-6.146770E-8
8.059700E+3	8.426660E-6	-1.862660E-9
8.045800E+3	8.454600E-6	-7.078100E-8
8.045800E+3	8.454600E-6	-7.078100E-8
8.013000E+3	8.286970E-6	-1.117590E-7
8.013000E+3	8.286970E-6	-1.117590E-7
7.980100E+3	8.082080E-6	-1.620510E-7
7.968800E+3	8.162170E-6	-2.589090E-7
7.968800E+3	8.162170E-6	-2.589090E-7
7.936200E+3	8.134230E-6	-2.849870E-7
7.926300E+3	8.106290E-6	-2.831240E-7
7.902900E+3	7.987080E-6	-2.756730E-7
7.902900E+3	7.987080E-6	-2.756730E-7
7.872500E+3	7.772880E-6	-1.620510E-7
7.863200E+3	7.640630E-6	-8.009420E-8
7.842000E+3	7.532570E-6	-8.940740E-8
7.832800E+3	7.567960E-6	-1.341110E-7
7.823200E+3	7.556780E-6	-9.313270E-8
7.799400E+3	7.549330E-6	8.009420E-8
7.789600E+3	7.595900E-6	6.891830E-8
7.769200E+3	7.439430E-6	-5.587960E-9
7.769200E+3	7.439430E-6	-5.587960E-9
7.738800E+3	7.266210E-6	-9.685800E-8
7.726000E+3	7.102300E-6	-9.313280E-9
7.714700E+3	7.147000E-6	-1.005830E-7
7.714700E+3	7.147000E-6	-1.005830E-7
7.675200E+3	7.139550E-6	-1.862650E-7
7.664500E+3	7.210330E-6	-2.533220E-7
7.654000E+3	7.033380E-6	-2.235180E-7
7.633700E+3	6.824760E-6	-2.738110E-7
7.623800E+3	6.765160E-6	-2.738110E-7
7.601300E+3	6.826620E-6	-3.539050E-8
7.590500E+3	6.955150E-6	-5.774220E-8
7.581400E+3	6.886230E-6	1.061710E-7
7.557500E+3	6.970050E-6	6.333040E-8
7.548200E+3	6.934660E-6	3.725320E-9
7.524800E+3	6.822900E-6	9.313280E-9
7.514900E+3	6.822900E-6	9.313280E-9
7.503000E+3	6.653400E-6	0.000000E+0
7.481600E+3	6.509970E-6	-5.774220E-8
7.469600E+3	6.467130E-6	-2.421450E-8
7.448600E+3	6.437330E-6	-5.587960E-9
7.439400E+3	6.396350E-6	1.098970E-7
7.429200E+3	6.321850E-6	1.471500E-7
7.406200E+3	6.193320E-6	1.527380E-7
7.395700E+3	6.223130E-6	1.043090E-7
7.384900E+3	6.251070E-6	1.080340E-7
7.363000E+3	6.226850E-6	1.341110E-7
7.351700E+3	6.208230E-6	9.313270E-8
7.332000E+3	6.213810E-6	-6.519300E-8
7.321000E+3	6.126270E-6	-3.725310E-8
7.300900E+3	6.146760E-6	-2.793980E-8
7.290400E+3	6.102050E-6	2.048920E-8
7.268300E+3	6.085290E-6	-5.587960E-9
7.257100E+3	6.109510E-6	-5.401690E-8
7.247900E+3	5.979120E-6	3.725310E-8
7.224300E+3	5.949320E-6	-6.333040E-8
7.214600E+3	5.874810E-6	-2.421450E-8
7.193600E+3	5.893440E-6	0.000000E+0
7.184400E+3	5.913930E-6	-3.725310E-8
7.163100E+3	5.997750E-6	-8.009420E-8
7.154000E+3	5.928830E-6	8.381950E-8
7.129800E+3	5.964220E-6	1.192100E-7
7.120900E+3	5.899030E-6	1.713640E-7
7.110000E+3	5.867360E-6	1.173470E-7
7.088100E+3	5.772370E-6	-3.725320E-9
7.077900E+3	5.766780E-6	-1.862660E-9
7.054900E+3	5.809620E-6	1.490130E-8
7.045400E+3	5.785400E-6	-9.313280E-9
7.024800E+3	5.615900E-6	9.685800E-8
7.014600E+3	5.580510E-6	9.685800E-8
7.003400E+3	5.513460E-6	2.048920E-8
6.983700E+3	5.409150E-6	-9.313280E-9
6.973000E+3	5.288080E-6	4.656640E-8
6.952900E+3	5.334640E-6	2.048920E-8
6.942600E+3	5.347680E-6	3.911580E-8
6.942600E+3	5.347680E-6	3.911580E-8
6.920400E+3	5.450130E-6	1.676390E-8
6.897300E+3	5.161420E-6	9.499540E-8
6.876700E+3	5.016130E-6	1.564630E-7
6.864300E+3	5.079460E-6	1.154840E-7
6.864300E+3	5.079460E-6	1.154840E-7
6.844200E+3	5.073870E-6	1.341110E-7
6.813600E+3	5.161420E-6	6.891830E-8
6.804000E+3	5.124170E-6	1.285230E-7
6.782900E+3	5.202400E-6	1.620510E-7
6.773900E+3	5.198670E-6	1.546000E-7
6.752500E+3	5.185630E-6	-8.568210E-8
6.743500E+3	5.189360E-6	-9.872060E-8
6.743500E+3	5.189360E-6	-9.872060E-8
6.732600E+3	5.072010E-6	-1.043090E-7
6.700300E+3	4.982600E-6	-8.940740E-8
6.680000E+3	4.895060E-6	1.490130E-8
6.669400E+3	4.895060E-6	1.490130E-8
6.649500E+3	4.937900E-6	2.048920E-8
6.638400E+3	5.003090E-6	2.235190E-8
6.618900E+3	5.018000E-6	1.806770E-7
6.618900E+3	5.018000E-6	1.806770E-7
6.588100E+3	4.757220E-6	1.825400E-7
6.576900E+3	4.788890E-6	1.825400E-7
6.567700E+3	4.788890E-6	1.117590E-7
6.544300E+3	4.749770E-6	2.793980E-8
6.544300E+3	4.749770E-6	2.793980E-8
6.534400E+3	4.632430E-6	7.450640E-9
6.504400E+3	4.718110E-6	-9.127010E-8
6.481100E+3	4.742320E-6	-7.636890E-8
6.471000E+3	4.697620E-6	-1.117590E-8
6.450700E+3	4.656640E-6	1.490130E-8
6.441100E+3	4.677130E-6	1.490130E-8
6.441100E+3	4.677130E-6	1.490130E-8
6.410900E+3	4.766540E-6	-3.166520E-8
6.400400E+3	4.813100E-6	-2.607710E-8
6.377400E+3	4.563510E-6	1.266610E-7
6.367800E+3	4.509490E-6	1.080340E-7
6.347300E+3	4.353030E-6	1.043090E-7
6.337100E+3	4.353030E-6	1.043090E-7
6.316900E+3	4.258040E-6	1.676390E-8
6.306200E+3	4.263620E-6	-9.127010E-8
6.286800E+3	4.282250E-6	-1.285230E-7
6.274100E+3	4.317640E-6	-1.117590E-8
6.263000E+3	4.284110E-6	-6.333040E-8
6.263000E+3	4.284110E-6	-6.333040E-8
6.232500E+3	4.321370E-6	-2.980250E-8
6.210800E+3	4.310190E-6	-5.960510E-8
6.210800E+3	4.310190E-6	-5.960510E-8
6.180000E+3	4.228230E-6	-3.017500E-7
6.168800E+3	4.181670E-6	-2.775360E-7
6.168800E+3	4.181670E-6	-2.775360E-7
6.138400E+3	4.245000E-6	-2.812610E-7
6.138400E+3	4.245000E-6	-2.812610E-7
6.108100E+3	4.209610E-6	-7.078100E-8
6.087500E+3	4.250590E-6	-7.078100E-8
6.087500E+3	4.250590E-6	-7.078100E-8
6.068100E+3	3.892960E-6	-6.519300E-8
6.068100E+3	3.892960E-6	-6.519300E-8
6.035400E+3	3.756970E-6	8.009420E-8
6.014400E+3	3.967460E-6	1.117590E-8
6.001900E+3	4.051280E-6	-3.352780E-8
5.990400E+3	4.125790E-6	-6.705570E-8
5.990400E+3	4.125790E-6	-6.705570E-8
5.957600E+3	4.328820E-6	-2.793980E-8
5.947200E+3	4.369790E-6	-4.842900E-8
5.925200E+3	4.319500E-6	7.450630E-8
5.914100E+3	4.254310E-6	9.872060E-8
5.892600E+3	4.174220E-6	1.899910E-7
5.881300E+3	4.131380E-6	1.415620E-7
5.861800E+3	4.053140E-6	8.009420E-8
5.850600E+3	4.017750E-6	1.490130E-8
5.841500E+3	4.043830E-6	-4.842900E-8
5.817900E+3	4.258040E-6	-6.891830E-8
5.808100E+3	4.228230E-6	-4.097840E-8
5.787200E+3	4.155590E-6	-2.048920E-8
5.774800E+3	4.163040E-6	-5.215430E-8
5.754600E+3	4.090400E-6	-8.381950E-8
5.744600E+3	4.034520E-6	-7.450630E-8
5.724000E+3	4.079220E-6	-1.098970E-7
5.714600E+3	4.004720E-6	-1.862660E-8
5.693500E+3	4.058730E-6	-9.499540E-8
5.684400E+3	4.041970E-6	-8.009420E-8
5.673800E+3	3.973050E-6	-1.322490E-7
5.650800E+3	3.572570E-6	1.676390E-8
5.641000E+3	3.594920E-6	3.166520E-8
5.620400E+3	3.673150E-6	3.166520E-8
5.610100E+3	3.779320E-6	-3.166520E-8
5.590000E+3	3.825900E-6	-3.166520E-8
5.579200E+3	3.866880E-6	7.264360E-8
5.556600E+3	3.706680E-6	6.891830E-8
5.556600E+3	3.706680E-6	6.891830E-8
5.535200E+3	3.708540E-6	5.029160E-8
5.535200E+3	3.708540E-6	5.029160E-8
5.501700E+3	3.321110E-6	-4.097840E-8
5.481700E+3	3.222390E-6	-4.097840E-8
5.468700E+3	3.255920E-6	-7.078100E-8
5.459200E+3	3.239150E-6	-2.607710E-8
5.435800E+3	3.194450E-6	-8.009420E-8
5.425600E+3	3.080830E-6	-1.117590E-7
5.425600E+3	3.080830E-6	-1.117590E-7
5.392300E+3	2.993290E-6	-2.533220E-7
5.392300E+3	2.993290E-6	-2.533220E-7
5.359700E+3	2.603990E-6	-4.041960E-7
5.350300E+3	2.415870E-6	-4.041960E-7
5.329200E+3	1.963240E-6	-6.146770E-8
5.319900E+3	1.836580E-6	-7.078100E-8
5.306900E+3	1.836580E-6	-7.078100E-8
5.286900E+3	1.678250E-6	2.235180E-7
5.276000E+3	1.672660E-6	1.303860E-7
5.256600E+3	1.339250E-6	-2.421450E-8
5.245300E+3	1.214450E-6	-1.899910E-7
5.223300E+3	3.576300E-7	9.685800E-8
5.212700E+3	-1.024460E-7	8.754480E-8
5.202000E+3	-5.848740E-7	8.195680E-8
5.181800E+3	-1.294550E-6	-7.078100E-8
5.171700E+3	-1.760210E-6	-7.078100E-8
5.151100E+3	-2.857310E-6	-2.216560E-7
5.141500E+3	-3.278270E-6	-2.756730E-7
5.120500E+3	-4.207740E-6	-2.067550E-7
5.111200E+3	-4.466650E-6	-1.527380E-7
5.087700E+3	-4.872710E-6	-2.328320E-7
5.087700E+3	-4.872710E-6	-2.328320E-7
5.068000E+3	-5.146520E-6	-1.657760E-7
5.043800E+3	-5.194950E-6	9.872060E-8
5.034700E+3	-5.116720E-6	1.862660E-8
5.034700E+3	-5.116720E-6	1.862660E-8
5.004000E+3	-4.919270E-6	2.309690E-7
4.980100E+3	-4.773990E-6	1.098970E-7
4.971100E+3	-4.706930E-6	1.098970E-7
4.949900E+3	-4.475970E-6	0.000000E+0
4.949900E+3	-4.475970E-6	0.000000E+0
4.919600E+3	-4.371660E-6	-1.862660E-9
4.919600E+3	-4.144410E-6	-3.166520E-8
4.898800E+3	-3.904130E-6	-9.685800E-8
4.877100E+3	-3.743930E-6	-2.421450E-8
4.877100E+3	-3.743930E-6	-2.421450E-8
4.843700E+3	-3.749520E-6	-1.844030E-7
4.843700E+3	-3.749520E-6	-1.844030E-7
4.813300E+3	-3.144160E-6	-1.173470E-7
4.813300E+3	-3.144160E-6	-1.173470E-7
4.789400E+3	-2.961620E-6	-5.587960E-9
4.780100E+3	-2.803300E-6	3.166520E-8
4.756600E+3	-2.730650E-6	-8.381950E-8
4.756600E+3	-2.730650E-6	-8.381950E-8
4.725800E+3	-2.766040E-6	-5.215430E-8
4.716100E+3	-2.725060E-6	3.725320E-9
4.695000E+3	-2.788390E-6	-1.676390E-8
4.685900E+3	-2.741830E-6	-2.048920E-8
4.662200E+3	-2.795840E-6	1.527380E-7
4.652200E+3	-2.795840E-6	1.527380E-7
4.639800E+3	-2.745550E-6	4.284110E-8
4.618900E+3	-2.566740E-6	5.587960E-9
4.608900E+3	-2.410280E-6	-4.284110E-8
4.585200E+3	-2.324600E-6	1.434250E-7
4.576100E+3	-2.294790E-6	1.825400E-7
4.564800E+3	-2.227740E-6	1.415620E-7
4.564800E+3	-2.227740E-6	1.415620E-7
4.532400E+3	-2.108530E-6	-1.098970E-7
4.521800E+3	-2.108530E-6	-1.098970E-7
4.500100E+3	-1.924130E-6	-2.440080E-7
4.479700E+3	-1.804910E-6	-3.203770E-7
4.469200E+3	-1.821670E-6	-3.594920E-7
4.449300E+3	-1.885000E-6	-1.173470E-7
4.438400E+3	-1.806770E-6	-1.247980E-7
4.428000E+3	-1.819810E-6	-7.078100E-8
4.428000E+3	-1.819810E-6	-7.078100E-8
4.394600E+3	-1.715500E-6	7.450640E-9
4.374700E+3	-1.765790E-6	-1.210730E-7
4.364100E+3	-1.816090E-6	-8.940740E-8
4.352100E+3	-1.816090E-6	-8.940740E-8
4.330700E+3	-1.721090E-6	-1.173470E-7
4.321600E+3	-1.637270E-6	-1.173470E-7
4.297400E+3	-1.592570E-6	3.725320E-9
4.288200E+3	-1.650310E-6	1.415620E-7
4.267200E+3	-1.706190E-6	1.098970E-7
4.257900E+3	-1.685700E-6	1.620510E-7
4.236600E+3	-1.549730E-6	2.607710E-8
4.227500E+3	-1.573940E-6	-4.842900E-8
4.206100E+3	-1.626100E-6	-1.061710E-7
4.197000E+3	-1.633550E-6	-1.806770E-7
4.175800E+3	-1.516200E-6	-3.539050E-8
4.166500E+3	-1.410030E-6	-1.117590E-7
4.166500E+3	-1.410030E-6	-1.117590E-7
4.133100E+3	-1.203280E-6	-7.264360E-8
4.121900E+3	-1.251700E-6	-3.352780E-8
4.121900E+3	-1.251700E-6	-3.352780E-8
4.087500E+3	-1.177200E-6	-1.490130E-7
4.076200E+3	-1.087790E-6	-1.434250E-7
4.056600E+3	-1.108280E-6	-1.173470E-7
4.045700E+3	-1.108280E-6	-1.546000E-7
4.025700E+3	-1.018870E-6	-2.477340E-7
4.015200E+3	-1.046810E-6	-2.477340E-7
3.994900E+3	-1.007700E-6	-2.905740E-7
3.985000E+3	-1.031910E-6	-2.458710E-7
3.964100E+3	-1.022600E-6	-2.104800E-7
3.954800E+3	-9.350520E-7	-1.918530E-7
3.942700E+3	-9.760330E-7	-5.401690E-8
3.942700E+3	-9.760330E-7	-5.401690E-8
3.911800E+3	-8.549580E-7	-1.136220E-7
3.887900E+3	-8.326060E-7	-1.825400E-7
3.878800E+3	-8.326060E-7	-1.825400E-7
3.857400E+3	-8.568200E-7	-5.587960E-8
3.857400E+3	-8.568200E-7	-5.587960E-8
3.837000E+3	-8.810350E-7	-3.725310E-7
3.815500E+3	-9.723080E-7	-3.837070E-7
3.815500E+3	-9.723080E-7	-3.837070E-7
3.782500E+3	-1.126910E-6	-2.663600E-7
3.772600E+3	-1.220040E-6	-2.123420E-7
3.758600E+3	-1.117590E-6	-2.216560E-7
3.739100E+3	-1.069170E-6	-1.899910E-7
3.725800E+3	-1.005840E-6	-1.788150E-7
3.715600E+3	-9.797590E-7	-1.657760E-7
3.694400E+3	-9.108370E-7	-4.842900E-8
3.684800E+3	-9.480900E-7	-1.862660E-8
3.684800E+3	-9.480900E-7	-1.862660E-8
3.663300E+3	-9.015240E-7	-4.656640E-8
3.630300E+3	-7.022210E-7	2.980250E-8
3.630300E+3	-7.022210E-7	2.980250E-8
3.599400E+3	-3.967450E-7	-2.123420E-7
3.599400E+3	-3.967450E-7	-2.123420E-7
3.579800E+3	-4.917420E-7	-2.644970E-7
3.556500E+3	-6.314400E-7	-1.247980E-7
3.556500E+3	-6.314400E-7	-1.247980E-7
3.526300E+3	-7.767270E-7	1.676390E-8
3.526300E+3	-7.767270E-7	1.676390E-8
3.492600E+3	-7.078090E-7	1.676390E-8
3.492600E+3	-7.078090E-7	1.676390E-8
3.462300E+3	-6.686930E-7	1.341110E-7
3.452600E+3	-6.035010E-7	1.173470E-7
3.441200E+3	-6.686930E-7	1.247980E-7
3.421700E+3	-5.494840E-7	2.682230E-7
3.421700E+3	-5.494840E-7	2.682230E-7
3.408500E+3	-4.060580E-7	1.546000E-7
3.376000E+3	-6.053630E-7	1.117590E-8
3.365400E+3	-6.742810E-7	1.117590E-8
3.342500E+3	-6.631050E-7	9.872060E-8
3.342500E+3	-6.631050E-7	9.872060E-8
3.323000E+3	-6.314400E-7	2.980250E-8
3.298700E+3	-5.830120E-7	-6.891830E-8
3.289500E+3	-5.997750E-7	-8.754480E-8
3.265600E+3	-8.102540E-7	-1.043090E-7
3.265600E+3	-8.102540E-7	-1.043090E-7
3.246200E+3	-7.934900E-7	-1.378370E-7
3.222400E+3	-7.506500E-7	-1.750900E-7
3.213300E+3	-7.040840E-7	-1.750900E-7
3.192200E+3	-6.984960E-7	-1.359740E-7
3.192200E+3	-6.984960E-7	-1.359740E-7
3.158800E+3	-5.941870E-7	-9.313270E-8
3.149700E+3	-6.035010E-7	1.490130E-8
3.128300E+3	-5.159560E-7	5.401690E-8
3.119100E+3	-5.420330E-7	1.192100E-7
3.107700E+3	-4.898790E-7	8.009420E-8
3.107700E+3	-4.898790E-7	8.009420E-8
3.075100E+3	-5.140940E-7	7.264360E-8
3.055600E+3	-3.334150E-7	-2.980250E-8
3.044400E+3	-3.334150E-7	-3.352780E-8
3.044400E+3	-3.334150E-7	-3.352780E-8
3.013500E+3	-4.787030E-7	-1.303860E-8
3.004000E+3	-4.917420E-7	-6.519300E-8
2.980500E+3	-5.848740E-7	0.000000E+0
2.970300E+3	-6.221270E-7	5.587960E-8
2.970300E+3	-6.221270E-7	5.587960E-8
2.936800E+3	-7.059460E-7	2.235190E-8
2.936800E+3	-7.059460E-7	2.235190E-8
2.906300E+3	-6.742810E-7	-1.471500E-7
2.894200E+3	-6.426160E-7	-1.415620E-7
2.869900E+3	-5.867370E-7	-1.750900E-7
2.860800E+3	-6.202640E-7	-7.450630E-8
2.850500E+3	-6.239900E-7	-3.725310E-8
2.850500E+3	-6.239900E-7	-3.725310E-8
2.817900E+3	-5.979130E-7	3.725320E-9
2.797300E+3	-5.383080E-7	-1.676390E-8
2.784300E+3	-5.532090E-7	-1.862660E-9
2.773800E+3	-5.029180E-7	-6.333040E-8
2.754300E+3	-4.917420E-7	-6.519300E-8
2.733100E+3	-4.880170E-7	-5.960510E-8
2.723200E+3	-4.153720E-7	-8.940740E-8
2.711700E+3	-4.619380E-7	-4.097840E-8
2.692100E+3	-3.911570E-7	-7.264360E-8
2.692100E+3	-3.911570E-7	-7.264360E-8
2.658300E+3	-5.085060E-7	1.117590E-8
2.648000E+3	-4.358610E-7	-1.490130E-8
2.638500E+3	-4.209600E-7	2.793980E-8
2.614000E+3	-4.451740E-7	6.146770E-8
2.604800E+3	-5.196820E-7	6.519300E-8
2.580900E+3	-4.898790E-7	-4.097840E-8
2.571000E+3	-4.936050E-7	-4.097840E-8
2.571000E+3	-4.936050E-7	-4.097840E-8
2.540600E+3	-4.656630E-7	-4.842900E-8
2.528300E+3	-4.991930E-7	2.421450E-8
2.506800E+3	-4.619380E-7	-1.490130E-8
2.497600E+3	-4.153720E-7	-2.048920E-8
2.497600E+3	-4.153720E-7	-2.048920E-8
2.464100E+3	-4.079210E-7	8.195680E-8
2.453100E+3	-3.613550E-7	2.048920E-8
2.430600E+3	-4.433110E-7	2.048920E-8
2.420300E+3	-4.004710E-7	1.490130E-8
2.396900E+3	-4.451740E-7	1.676390E-8
2.387500E+3	-4.805660E-7	9.685800E-8
2.376000E+3	-4.451740E-7	2.235190E-8
2.353500E+3	-5.383080E-7	5.960510E-8
2.342000E+3	-5.383080E-7	5.960510E-8
2.320500E+3	-3.706680E-7	-1.676390E-8
2.309300E+3	-3.576300E-7	-6.519300E-8
2.309300E+3	-3.576300E-7	-6.519300E-8
2.296200E+3	-3.688060E-7	-9.872060E-8
2.287100E+3	-4.488990E-7	-1.862660E-8
2.253600E+3	-4.638000E-7	5.215430E-8
2.253600E+3	-4.638000E-7	5.215430E-8
2.220000E+3	-4.488990E-7	-2.421450E-8
2.220000E+3	-4.488990E-7	-2.421450E-8
2.189500E+3	-5.550720E-7	4.284110E-8
2.168800E+3	-5.271320E-7	-2.048920E-8
2.159200E+3	-6.035010E-7	1.862660E-8
2.159200E+3	-6.035010E-7	1.862660E-8
2.128700E+3	-6.314400E-7	-3.352780E-8
2.118200E+3	-6.649680E-7	-9.313280E-9
2.095100E+3	-6.035010E-7	-1.862660E-9
2.095100E+3	-6.035010E-7	-1.862660E-9
2.064400E+3	-4.712510E-7	-7.450630E-8
2.054100E+3	-4.190970E-7	-1.359740E-7
2.033400E+3	-4.749760E-7	-3.352780E-8
2.022500E+3	-3.948830E-7	-7.264360E-8
2.002200E+3	-3.986080E-7	-7.264360E-8
1.988800E+3	-4.358610E-7	-1.862660E-8
1.977100E+3	-4.451740E-7	-1.676390E-8
1.977100E+3	-4.451740E-7	-1.676390E-8
1.943000E+3	-5.438960E-7	-5.029160E-8
1.920500E+3	-5.923250E-7	6.333040E-8
1.920500E+3	-5.923250E-7	6.333040E-8
1.896000E+3	-5.587970E-7	1.862660E-8
1.876200E+3	-5.085060E-7	2.421450E-8
1.861800E+3	-4.488990E-7	-5.587960E-9
1.852400E+3	-4.619380E-7	2.980250E-8
1.831100E+3	-4.041960E-7	4.656640E-8
1.819000E+3	-4.228220E-7	4.470370E-8
1.807100E+3	-4.917420E-7	5.774220E-8
1.786000E+3	-5.438960E-7	2.235190E-8
1.777100E+3	-5.550720E-7	2.235190E-8
1.777100E+3	-5.550720E-7	5.029160E-8
1.747500E+3	-5.401710E-7	6.891830E-8
1.724100E+3	-4.358610E-7	1.434250E-7
1.715400E+3	-4.805660E-7	1.750900E-7
1.715400E+3	-4.805660E-7	1.750900E-7
1.686100E+3	-5.122310E-7	9.313270E-8
1.665500E+3	-5.587970E-7	8.754480E-8
1.656500E+3	-5.532090E-7	7.636890E-8
1.656500E+3	-5.532090E-7	7.636890E-8
1.626900E+3	-5.401710E-7	1.080340E-7
1.614200E+3	-4.451740E-7	4.842900E-8
1.595500E+3	-4.805660E-7	8.381950E-8
1.584500E+3	-4.302730E-7	3.166520E-8
1.575100E+3	-4.060580E-7	1.303860E-8
1.575100E+3	-4.060580E-7	1.303860E-8
1.552900E+3	-4.153720E-7	-1.490130E-8
1.521100E+3	-5.252700E-7	3.166520E-8
1.521100E+3	-5.252700E-7	3.166520E-8
1.490800E+3	-5.252700E-7	-3.352780E-8
1.480200E+3	-5.550720E-7	-4.284110E-8
1.460500E+3	-6.016380E-7	-7.078100E-8
1.450400E+3	-6.035010E-7	-2.421450E-8
1.430300E+3	-4.880170E-7	-1.490130E-8
1.420800E+3	-5.196820E-7	9.499540E-8
1.400400E+3	-4.023330E-7	2.160680E-7
1.391400E+3	-3.725310E-7	2.738110E-7
1.370900E+3	-2.197930E-7	1.601880E-7
1.362300E+3	-2.551840E-7	1.601880E-7
1.350400E+3	-2.719480E-7	1.154840E-7
1.330600E+3	-3.557670E-7	3.166520E-8
1.330600E+3	-3.557670E-7	3.166520E-8
1.308900E+3	-3.948830E-7	-8.195680E-8
1.288000E+3	-5.513470E-7	-2.048920E-8
1.277600E+3	-5.085060E-7	-4.842900E-8
1.277600E+3	-5.085060E-7	-4.842900E-8
1.247800E+3	-5.140940E-7	1.117590E-8
1.238000E+3	-4.153720E-7	-4.097840E-8
1.219900E+3	-3.892950E-7	1.117590E-8
1.210700E+3	-4.488990E-7	6.519300E-8
1.210700E+3	-4.488990E-7	6.519300E-8
1.184000E+3	-5.327200E-7	4.284110E-8
1.184000E+3	-5.327200E-7	4.284110E-8
1.157600E+3	-6.202640E-7	1.266610E-7
1.139500E+3	-5.457590E-7	1.490130E-8
1.131300E+3	-5.532090E-7	3.911580E-8
1.113200E+3	-5.010550E-7	1.490130E-8
1.105400E+3	-5.662480E-7	9.313280E-9
1.084800E+3	-4.302730E-7	-1.452870E-7
1.077200E+3	-4.936050E-7	-1.080340E-7
1.059100E+3	-4.451740E-7	-8.940740E-8
1.051700E+3	-5.271320E-7	-2.793980E-8
1.033900E+3	-5.122310E-7	-7.450640E-9
1.026500E+3	-5.252700E-7	4.097840E-8
1.008700E+3	-5.811490E-7	1.862660E-8
1.001400E+3	-6.035010E-7	-5.587960E-9
9.836000E+2	-6.258520E-7	-1.862660E-8
9.836000E+2	-6.258520E-7	-1.862660E-8
9.642000E+2	-5.513470E-7	-1.080340E-7
9.642000E+2	-5.513470E-7	-1.080340E-7
9.396000E+2	-6.910450E-7	-3.352780E-8
9.282000E+2	-6.500670E-7	-9.872060E-8
9.117000E+2	-6.090890E-7	-8.009420E-8
9.032000E+2	-6.351660E-7	-4.284110E-8
8.850000E+2	-5.718360E-7	-9.127010E-8
8.757000E+2	-6.184020E-7	-2.421450E-8
8.686000E+2	-5.867370E-7	-8.754480E-8
8.486000E+2	-6.035010E-7	-1.061710E-7
8.410000E+2	-6.277150E-7	-4.842900E-8
8.410000E+2	-6.277150E-7	-4.842900E-8
8.135000E+2	-6.426160E-7	6.146770E-8
7.965000E+2	-5.811490E-7	6.146770E-8
7.887000E+2	-6.333030E-7	1.247980E-7
7.808000E+2	-6.035010E-7	9.685800E-8
7.612000E+2	-6.854570E-7	4.097840E-8
7.541000E+2	-7.748640E-7	4.656640E-8
7.368000E+2	-8.121170E-7	5.215430E-8
7.293000E+2	-7.711390E-7	3.725310E-8
7.099000E+2	-7.711390E-7	3.725310E-8
7.028000E+2	-7.767270E-7	8.754480E-8
6.937000E+2	-7.469240E-7	3.911580E-8
6.761000E+2	-8.363310E-7	6.891830E-8
6.678000E+2	-8.475070E-7	8.381950E-8
6.495000E+2	-7.264350E-7	2.235190E-8
6.410000E+2	-7.692760E-7	6.519300E-8
6.304000E+2	-7.376110E-7	4.097840E-8
6.304000E+2	-7.376110E-7	4.097840E-8
6.152000E+2	-8.363310E-7	1.154840E-7
5.908000E+2	-8.828970E-7	3.725320E-9
5.819000E+2	-8.679960E-7	-2.793980E-8
5.663000E+2	-8.214300E-7	-4.842900E-8
5.581000E+2	-8.884850E-7	-1.862660E-9
5.488000E+2	-8.866230E-7	-1.862660E-9
5.320000E+2	-8.922110E-7	-1.117590E-8
5.224000E+2	-9.276010E-7	-1.862660E-9
5.154000E+2	-9.834840E-7	5.215430E-8
4.963000E+2	-9.313260E-7	-1.005830E-7
4.896000E+2	-9.611320E-7	-2.607710E-8
4.709000E+2	-9.108370E-7	-8.009420E-8
4.540000E+2	-1.024460E-6	-5.401690E-8
4.540000E+2	-1.024460E-6	-5.401690E-8
3.902000E+2	-1.158570E-6	-8.940740E-8
3.687000E+2	-1.220040E-6	-1.024460E-7
3.168000E+2	-1.288960E-6	-5.960510E-8
2.919000E+2	-1.208860E-6	-1.341110E-7
2.611000E+2	-1.182790E-6	-1.285230E-7
2.077000E+2	-9.946600E-7	-9.872060E-8
1.817000E+2	-9.127000E-7	1.490130E-8
1.255000E+2	-7.748640E-7	3.911580E-8
9.890000E+1	-7.748640E-7	3.911580E-8
4.180000E+1	-6.724190E-7	-2.421450E-8
1.460000E+1	-6.370280E-7	-9.313280E-9
-4.930000E+1	-4.582130E-7	-9.685800E-8
-4.930000E+1	-4.582130E-7	-9.685800E-8
-1.100000E+2	-9.685800E-8	-1.080340E-7
-1.651000E+2	1.303860E-7	-6.333040E-8
-1.915000E+2	3.501790E-7	-1.173470E-7
-2.440000E+2	5.345830E-7	-2.421450E-8
-2.699000E+2	6.761440E-7	-6.519300E-8
-3.191000E+2	7.338860E-7	-4.842900E-8
-3.191000E+2	7.338860E-7	-4.842900E-8
