Sample Name, AUS25x23_32G
Freq, 32, GHz, Power, 10, dBm
SR850: f = 25 Hz; phase = 96 deg; output = 5 V; sens. = 50 uV; tc = 100 ms; 12dB/oct
Field	X	Y
Oe	V	V
*
-6.588000E+2	5.848740E-7	-4.805660E-7
-6.577000E+2	8.605460E-7	-3.967450E-7
-6.578000E+2	7.674130E-7	-1.490130E-8
-6.507000E+2	7.022210E-7	3.911580E-8
-6.422000E+2	6.742810E-7	-3.539050E-8
-6.203000E+2	8.251550E-7	6.333040E-8
-6.081000E+2	9.983850E-7	-1.639140E-7
-5.950000E+2	9.331890E-7	-1.229350E-7
-5.612000E+2	9.071120E-7	8.195680E-8
-5.472000E+2	1.339250E-6	-1.173470E-7
-5.117000E+2	8.977990E-7	5.960510E-8
-4.978000E+2	7.133970E-7	-3.259650E-7
-4.827000E+2	4.433110E-7	2.589090E-7
-4.515000E+2	6.649680E-7	6.146770E-8
-4.358000E+2	9.555440E-7	-3.129260E-7
-4.226000E+2	9.834840E-7	5.308580E-7
-3.971000E+2	1.627960E-6	2.365570E-7
-3.839000E+2	1.879420E-6	-5.960510E-8
-3.839000E+2	1.879420E-6	-5.960510E-8
-3.645000E+2	2.149510E-6	9.313270E-8
-3.436000E+2	1.462180E-6	-1.806770E-7
-3.436000E+2	1.462180E-6	-1.806770E-7
-3.162000E+2	1.793730E-6	-6.575170E-7
-3.026000E+2	1.134360E-6	1.341110E-7
-2.842000E+2	1.434240E-6	-3.017500E-7
-2.702000E+2	1.434240E-6	-3.017500E-7
-2.608000E+2	1.233080E-6	8.195680E-8
-2.404000E+2	7.115340E-7	4.861540E-7
-2.304000E+2	1.205140E-6	-3.874320E-7
-2.093000E+2	5.047800E-7	1.862660E-8
-1.999000E+2	8.158420E-7	-1.303860E-7
-1.785000E+2	5.066430E-7	2.793990E-7
-1.695000E+2	6.780060E-7	-1.024460E-7
-1.482000E+2	8.363310E-7	5.960510E-8
-1.393000E+2	1.005840E-6	-3.110640E-7
-1.156000E+2	3.781190E-7	2.086170E-7
-1.066000E+2	4.656630E-7	-1.713640E-7
-8.560000E+1	5.532090E-7	1.844030E-7
-7.680000E+1	1.203280E-6	-3.650800E-7
-6.600000E+1	6.258520E-7	2.402830E-7
-4.400000E+1	6.221270E-7	1.285230E-7
-3.400000E+1	3.706680E-7	3.352780E-7
-2.300000E+1	5.550720E-7	3.296900E-7
1.100000E+0	6.333030E-7	-1.061710E-7
1.230000E+1	-9.685800E-8	2.756730E-7
3.150000E+1	2.626350E-7	-1.396990E-7
4.270000E+1	-3.334150E-7	1.732270E-7
6.190000E+1	-3.352780E-8	-9.127010E-8
7.300000E+1	-5.550720E-7	3.241020E-7
9.250000E+1	-2.831240E-7	2.235180E-7
1.030000E+2	-5.271320E-7	2.924370E-7
1.231000E+2	-3.688060E-7	1.546000E-7
1.332000E+2	-5.178190E-7	2.197930E-7
1.527000E+2	-4.321350E-7	3.241020E-7
1.632000E+2	1.117590E-8	-1.918530E-7
1.752000E+2	-1.899910E-7	1.583260E-7
1.964000E+2	-3.799810E-7	-5.569350E-7
2.114000E+2	-8.754470E-7	5.401690E-8
2.114000E+2	-8.754470E-7	5.401690E-8
2.315000E+2	-4.917420E-7	-2.384200E-7
2.564000E+2	-6.929080E-7	-1.173470E-7
2.656000E+2	-8.307430E-7	9.313270E-8
2.898000E+2	-1.072890E-6	-1.750900E-7
2.990000E+2	-1.102690E-6	-1.452870E-7
3.198000E+2	-1.180920E-6	-2.421450E-8
3.296000E+2	-1.000250E-6	-5.401690E-8
3.409000E+2	-1.616780E-6	3.483160E-7
3.594000E+2	-1.294550E-6	-1.601880E-7
3.736000E+2	-1.830990E-6	4.973300E-7
3.930000E+2	-1.207000E-6	-5.401690E-8
4.044000E+2	-1.516200E-6	3.017500E-7
4.044000E+2	-1.516200E-6	3.017500E-7
4.370000E+2	-1.525510E-6	2.719480E-7
4.470000E+2	-1.396990E-6	3.110640E-7
4.693000E+2	-1.264740E-6	3.278270E-7
4.801000E+2	-9.946600E-7	-4.656640E-8
4.890000E+2	-6.668310E-7	-2.663600E-7
5.130000E+2	-1.275920E-6	2.756730E-7
5.222000E+2	-1.275920E-6	2.756730E-7
5.455000E+2	-1.143670E-6	4.302730E-7
5.556000E+2	-7.096710E-7	-2.067550E-7
5.762000E+2	-1.220040E-6	2.533220E-7
5.857000E+2	-8.344690E-7	-8.940740E-8
5.979000E+2	-9.555440E-7	2.849870E-7
6.225000E+2	-6.873200E-7	-4.619380E-7
6.316000E+2	-1.251700E-6	4.470370E-8
6.531000E+2	-6.184020E-7	-1.657760E-7
6.627000E+2	-6.444790E-7	-3.539050E-8
6.838000E+2	-7.674130E-7	-1.918530E-7
6.938000E+2	-5.867370E-7	-6.519300E-8
7.072000E+2	-7.338860E-7	5.215430E-8
7.269000E+2	-4.321350E-7	-3.576300E-7
7.401000E+2	-6.910450E-7	0.000000E+0
7.513000E+2	-1.059850E-6	3.408660E-7
7.733000E+2	-9.369140E-7	3.296900E-7
7.733000E+2	-9.369140E-7	3.296900E-7
8.069000E+2	-2.719480E-7	-4.302730E-7
8.182000E+2	-9.145620E-7	3.725310E-7
8.287000E+2	-6.053630E-7	-8.568210E-8
8.497000E+2	-1.084070E-6	2.849870E-7
8.597000E+2	-4.954670E-7	-3.036130E-7
8.813000E+2	-8.083920E-7	1.993040E-7
8.909000E+2	-2.421460E-7	-4.377230E-7
9.127000E+2	-7.972160E-7	2.682230E-7
9.221000E+2	-1.322490E-7	-3.036130E-7
9.466000E+2	-8.530950E-7	3.855690E-7
9.563000E+2	-1.937160E-7	-2.812610E-7
9.666000E+2	-1.844030E-7	-2.067550E-7
9.940000E+2	-2.235180E-7	-2.384200E-7
1.003300E+3	-7.431990E-7	1.490130E-7
1.014700E+3	-5.085060E-7	-2.142050E-7
1.037300E+3	-9.555440E-7	2.365570E-7
1.050000E+3	-7.189850E-7	5.215430E-8
1.063200E+3	-7.189850E-7	5.215430E-8
1.083700E+3	-1.093380E-6	1.862660E-8
1.094700E+3	-6.947700E-7	7.227100E-7
1.115100E+3	-1.117590E-7	-1.192100E-7
1.126700E+3	-4.712510E-7	5.587960E-9
1.143100E+3	-8.456450E-7	7.115340E-7
1.163000E+3	-6.277150E-7	1.303860E-7
1.176600E+3	-5.159560E-7	3.334150E-7
1.186800E+3	-6.333040E-8	-1.639140E-7
1.210200E+3	-5.085060E-7	8.754480E-8
1.221400E+3	-9.201500E-7	2.067550E-7
1.221400E+3	-9.201500E-7	2.067550E-7
1.255100E+3	-4.433110E-7	-3.017500E-7
1.264500E+3	-5.941870E-7	1.899910E-7
1.286100E+3	-6.817320E-7	3.632180E-7
1.298500E+3	-3.278270E-7	5.401690E-8
1.307900E+3	-3.967450E-7	0.000000E+0
1.331900E+3	-4.526250E-7	-1.788150E-7
1.341000E+3	-4.116460E-7	1.862660E-8
1.362500E+3	-4.526250E-7	-4.842900E-8
1.371600E+3	-6.202640E-7	-9.313270E-8
1.395800E+3	-1.918530E-7	2.924370E-7
1.405200E+3	-2.160680E-7	2.812610E-7
1.425900E+3	5.774220E-8	6.705570E-8
1.434800E+3	2.831240E-7	-4.991930E-7
1.455700E+3	-2.458710E-7	-5.550720E-7
1.465100E+3	-4.749760E-7	-2.980250E-7
1.485500E+3	-6.649680E-7	-4.638000E-7
1.495400E+3	-7.320230E-7	4.377230E-7
1.506500E+3	-7.916280E-7	4.600750E-7
1.525800E+3	-1.041230E-6	5.252700E-7
1.545500E+3	-4.079210E-7	1.490130E-8
1.556500E+3	-5.755610E-7	2.384200E-7
1.566600E+3	-4.917420E-7	-4.097840E-8
1.588600E+3	-7.711390E-7	2.179300E-7
1.599500E+3	-7.376110E-7	1.378370E-7
1.608400E+3	-7.171220E-7	1.899910E-7
1.632200E+3	-8.549580E-7	3.576300E-7
1.641400E+3	9.499540E-8	-1.434250E-7
1.665400E+3	-1.292680E-6	4.656630E-7
1.674700E+3	-9.965220E-7	1.322490E-7
1.695800E+3	-1.288960E-6	6.593800E-7
1.704900E+3	-8.177050E-7	3.781190E-7
1.717600E+3	8.009420E-8	1.918530E-7
1.741300E+3	3.930200E-7	-1.359740E-7
1.750200E+3	-2.700850E-7	1.788150E-7
1.771300E+3	-8.009420E-8	-3.613550E-7
1.780400E+3	-4.488990E-7	1.471500E-7
1.801300E+3	-8.940740E-8	-4.526250E-7
1.811000E+3	-6.854570E-7	-1.024460E-7
1.831300E+3	3.166520E-8	-3.278270E-7
1.841400E+3	-4.190970E-7	2.924370E-7
1.852300E+3	-3.371410E-7	-1.117590E-8
1.872000E+3	-8.437820E-7	4.880170E-7
1.882300E+3	-7.916280E-7	6.966330E-7
1.891100E+3	-8.866230E-7	5.178190E-7
1.917200E+3	-7.655510E-7	2.998880E-7
1.927300E+3	-8.307430E-7	1.601880E-7
1.949400E+3	-5.271320E-7	-8.940740E-8
1.960300E+3	-5.736980E-7	-1.117590E-7
1.972100E+3	-3.334150E-7	-4.749760E-7
1.993300E+3	-7.636880E-7	2.793990E-7
2.005100E+3	-4.507620E-7	-6.891830E-8
2.014800E+3	-3.334150E-7	-1.806770E-7
2.038100E+3	-9.127000E-7	4.135090E-7
2.049900E+3	-3.334150E-7	4.135090E-7
2.071000E+3	-4.060580E-7	-1.601880E-7
2.080000E+3	-2.384200E-7	-1.117590E-8
2.101100E+3	-5.755610E-7	1.303860E-8
2.110000E+3	-1.080340E-7	-1.918530E-7
2.131100E+3	-8.754480E-8	-4.339980E-7
2.131100E+3	-8.754480E-8	-4.339980E-7
2.160900E+3	-1.899910E-7	-1.881280E-7
2.170500E+3	-3.613550E-7	-2.291060E-7
2.183600E+3	-8.177050E-7	1.434250E-7
2.202700E+3	-6.891820E-7	-1.247980E-7
2.202700E+3	-6.891820E-7	-1.247980E-7
2.226600E+3	-9.443650E-7	1.080340E-7
2.247900E+3	-3.445910E-7	-3.036130E-7
2.259100E+3	-7.506500E-7	4.135090E-7
2.271500E+3	-4.451740E-7	1.490130E-8
2.292300E+3	-8.270180E-7	1.695020E-7
2.301500E+3	-3.222390E-7	-4.638000E-7
2.322000E+3	-8.083920E-7	2.570470E-7
2.331700E+3	-3.501790E-7	-3.781190E-7
2.352600E+3	-9.946600E-7	4.302730E-7
2.361800E+3	-4.284100E-7	-2.272440E-7
2.386000E+3	-8.866230E-7	2.458710E-7
2.386000E+3	-8.866230E-7	2.458710E-7
2.416100E+3	-4.880170E-7	3.483160E-7
2.424900E+3	-1.788150E-7	-2.421450E-8
2.445800E+3	-8.828970E-7	3.669430E-7
2.454700E+3	-1.154840E-7	-1.527380E-7
2.475700E+3	-3.781190E-7	9.685800E-8
2.484600E+3	-3.781190E-7	9.685800E-8
2.484600E+3	-8.009420E-8	6.891830E-8
2.514700E+3	-6.202640E-7	-1.750900E-7
2.526000E+3	-9.108370E-7	5.271320E-7
2.547600E+3	-7.338860E-7	1.303860E-8
2.558200E+3	-8.177050E-7	2.477340E-7
2.568700E+3	-6.426160E-7	2.216560E-7
2.593000E+3	-2.160680E-7	-1.769520E-7
2.604200E+3	-2.160680E-7	-1.769520E-7
2.623200E+3	-1.655900E-6	1.156710E-6
2.634100E+3	-1.214450E-6	5.811490E-7
2.653700E+3	-1.197690E-6	1.620510E-7
2.664200E+3	-1.030050E-6	1.266610E-7
2.684100E+3	-6.780060E-7	1.974410E-7
2.694100E+3	-6.984960E-7	1.061710E-7
2.714700E+3	-1.044950E-6	2.328320E-7
2.724000E+3	-8.083920E-7	-7.450630E-8
2.744400E+3	-1.078480E-6	1.899910E-7
2.754300E+3	-1.233080E-6	5.960500E-7
2.766500E+3	-1.603740E-6	4.954670E-7
2.787300E+3	-1.402580E-6	5.662480E-7
2.799200E+3	-7.152590E-7	1.117590E-8
2.820400E+3	-1.408170E-6	4.153720E-7
2.829300E+3	-5.848740E-7	1.173470E-7
2.840400E+3	-5.718360E-7	-1.769520E-7
2.862200E+3	-7.431990E-7	2.607710E-8
2.872600E+3	-4.358610E-7	-4.693880E-7
2.885600E+3	-9.741710E-7	1.285230E-7
2.904800E+3	-3.073380E-7	-4.842910E-7
2.917700E+3	-6.947700E-7	-5.159560E-7
2.937000E+3	-1.471500E-7	6.519300E-8
2.948100E+3	-9.294640E-7	1.061710E-7
2.967200E+3	-6.426160E-7	-8.177050E-7
2.978500E+3	-1.462180E-6	-2.160680E-7
2.997700E+3	-8.884850E-7	-1.788150E-7
3.011700E+3	-1.369050E-6	5.364450E-7
3.020900E+3	-9.443650E-7	-3.725320E-9
3.042100E+3	-5.587970E-7	-5.587960E-9
3.054200E+3	-1.544140E-6	3.948830E-7
3.074900E+3	-1.722950E-6	4.041960E-7
3.084300E+3	-1.227490E-6	3.725320E-9
3.084300E+3	-1.227490E-6	3.725320E-9
3.109000E+3	-6.668310E-7	-6.277150E-7
3.132500E+3	-4.600750E-7	4.842900E-8
3.144500E+3	-7.860400E-7	-2.421450E-8
3.165600E+3	-3.390030E-7	-4.619380E-7
3.174600E+3	-8.493700E-7	-2.197930E-7
3.195100E+3	-1.329940E-6	-1.601880E-7
3.204600E+3	-1.125040E-6	-2.402830E-7
3.225100E+3	-9.294640E-7	-2.551840E-7
3.235300E+3	-1.115730E-6	-1.303860E-8
3.235300E+3	-1.115730E-6	-1.303860E-8
3.267800E+3	-4.917420E-7	-2.235180E-7
3.279000E+3	-1.082200E-6	2.831240E-7
3.298400E+3	-9.238760E-7	-1.359740E-7
3.311600E+3	-8.847600E-7	6.519300E-8
3.324500E+3	-1.637270E-6	6.258520E-7
3.343800E+3	-1.220040E-6	5.792860E-7
3.354800E+3	-1.033780E-6	-5.029180E-7
3.363700E+3	-1.410030E-6	-3.594920E-7
3.389000E+3	-1.309450E-6	-8.195680E-8
3.399700E+3	-1.413750E-6	-2.849870E-7
3.408600E+3	-1.300130E-6	-6.519300E-8
3.433000E+3	-1.227490E-6	-1.434250E-7
3.441900E+3	-1.139950E-6	-1.452870E-7
3.463100E+3	-1.246120E-6	1.151120E-6
3.475000E+3	-5.997750E-7	2.011670E-7
3.496200E+3	-1.156710E-6	5.010550E-7
3.496200E+3	-1.156710E-6	5.010550E-7
3.516300E+3	-1.668940E-6	3.632180E-7
3.538300E+3	-2.391650E-6	3.539050E-8
3.550500E+3	-1.503160E-6	-5.085060E-7
3.571500E+3	-1.637270E-6	-4.768410E-7
3.580800E+3	-2.142060E-6	1.378370E-7
3.601400E+3	-1.125040E-6	-4.321350E-7
3.611200E+3	-1.562770E-6	-2.216560E-7
3.631400E+3	-1.566490E-6	-1.359740E-7
3.641900E+3	-2.007950E-6	1.303860E-8
3.652500E+3	-1.814220E-6	-4.060580E-7
3.674100E+3	-2.473610E-6	-3.539050E-8
3.685400E+3	-1.756480E-6	-8.307430E-7
3.704600E+3	-2.194210E-6	-1.378370E-7
3.704600E+3	-2.194210E-6	-1.378370E-7
3.724300E+3	-1.724820E-6	-2.011670E-7
3.747900E+3	-2.102940E-6	1.136220E-7
3.757100E+3	-1.773250E-6	-2.831240E-7
3.778100E+3	-2.468020E-6	4.731140E-7
3.790100E+3	-2.633790E-6	1.173470E-7
3.802200E+3	-1.980010E-6	-6.482040E-7
3.823300E+3	-2.047060E-6	-3.743930E-7
3.832300E+3	-2.326460E-6	5.960510E-8
3.853700E+3	-2.041470E-6	-3.557670E-7
3.862700E+3	-2.345080E-6	-7.078100E-8
3.883600E+3	-2.216560E-6	-2.905740E-7
3.892900E+3	-2.233330E-6	-1.918530E-7
3.904200E+3	-2.503410E-6	2.216560E-7
3.928400E+3	-2.173720E-6	-3.427290E-7
3.939100E+3	-2.810750E-6	3.576300E-7
3.958400E+3	-2.341360E-6	-1.322490E-7
3.969600E+3	-3.015640E-6	5.774240E-7
3.988900E+3	-2.328320E-6	-3.781190E-7
4.000100E+3	-2.978380E-6	5.029160E-8
4.018700E+3	-2.650560E-6	-2.570470E-7
4.029900E+3	-3.367680E-6	1.862650E-7
4.039800E+3	-2.792120E-6	-4.619380E-7
4.063400E+3	-3.539040E-6	2.644970E-7
4.072800E+3	-2.866630E-6	-3.762560E-7
4.093900E+3	-3.337870E-6	-4.842900E-8
4.103000E+3	-2.946720E-6	-6.184020E-7
4.123600E+3	-3.391890E-6	-1.247980E-7
4.139200E+3	-3.634040E-6	-9.499540E-8
4.148200E+3	-3.537180E-6	9.127010E-8
4.169400E+3	-3.809120E-6	2.644970E-7
4.178300E+3	-3.630310E-6	-2.924370E-7
4.202200E+3	-4.060600E-6	1.881280E-7
4.211300E+3	-3.531590E-6	-3.594920E-7
4.221600E+3	-4.060600E-6	4.656640E-8
4.244600E+3	-4.062460E-6	-3.986080E-7
4.254100E+3	-4.669680E-6	1.732270E-7
4.274700E+3	-5.163280E-6	-1.285230E-7
4.286900E+3	-4.630560E-6	-2.421450E-8
4.308200E+3	-4.328820E-6	-3.408660E-7
4.317400E+3	-4.429400E-6	-1.098970E-7
4.328600E+3	-5.140930E-6	2.998880E-7
4.350200E+3	-5.198670E-6	-6.146770E-8
4.361000E+3	-5.845010E-6	4.339980E-7
4.380200E+3	-5.012410E-6	-2.551840E-7
4.391400E+3	-5.655020E-6	2.943000E-7
4.401100E+3	-5.571200E-6	2.458710E-7
4.424700E+3	-4.669680E-6	7.525120E-7
4.443000E+3	-3.386300E-6	2.030290E-7
4.443000E+3	-3.386300E-6	2.030290E-7
4.464200E+3	-3.060340E-6	4.358610E-7
4.484600E+3	-1.609330E-6	-1.210730E-7
4.497200E+3	-1.110140E-6	8.195680E-8
4.506700E+3	7.823160E-8	-2.123420E-7
4.530400E+3	6.426160E-7	1.061710E-7
4.539300E+3	1.693150E-6	-4.563500E-7
4.560400E+3	2.104800E-6	-2.421450E-8
4.569900E+3	2.410280E-6	4.079210E-7
4.584800E+3	2.753000E-6	1.806770E-7
4.605900E+3	3.358360E-6	-1.247980E-7
4.615500E+3	3.410520E-6	-1.192100E-7
4.639200E+3	3.822180E-6	-3.203770E-7
4.648200E+3	3.641490E-6	8.754480E-8
4.659200E+3	3.846390E-6	-4.284110E-8
4.683900E+3	4.397730E-6	4.656640E-8
4.693900E+3	3.937660E-6	5.234070E-7
4.704900E+3	4.444300E-6	-1.173470E-7
4.726300E+3	4.293430E-6	2.514590E-7
4.739200E+3	4.492730E-6	3.166520E-8
4.750200E+3	4.367930E-6	3.632180E-7
4.771800E+3	4.470380E-6	2.775360E-7
4.771800E+3	4.470380E-6	2.775360E-7
4.802300E+3	4.630560E-6	2.197930E-7
4.813400E+3	4.828010E-6	2.197930E-7
4.825500E+3	5.062700E-6	-6.519300E-8
4.846000E+3	4.492730E-6	2.533220E-7
4.855300E+3	5.003090E-6	-2.067550E-7
4.876300E+3	4.958390E-6	9.872060E-8
4.885300E+3	5.442680E-6	-2.868490E-7
4.906400E+3	4.773990E-6	2.067550E-7
4.915300E+3	5.112990E-6	-1.303860E-7
4.926200E+3	5.066420E-6	7.450630E-8
4.951300E+3	5.081330E-6	-9.127010E-8
4.960400E+3	5.031030E-6	-2.160680E-7
4.974300E+3	5.031030E-6	-1.154840E-7
4.996300E+3	5.506010E-6	-2.086170E-7
5.006400E+3	5.271310E-6	1.881280E-7
5.026500E+3	5.498560E-6	-2.868490E-7
5.037200E+3	5.532090E-6	-4.470370E-8
5.056800E+3	5.442680E-6	-2.216560E-7
5.068100E+3	5.207980E-6	9.313280E-9
5.090300E+3	5.293670E-6	-1.676390E-8
5.090300E+3	5.293670E-6	-1.676390E-8
5.111700E+3	5.465030E-6	-5.774220E-8
5.133400E+3	5.275040E-6	-2.048920E-8
5.144700E+3	4.947210E-6	1.732270E-7
5.164000E+3	5.241510E-6	1.285230E-7
5.175000E+3	5.256410E-6	2.309690E-7
5.187000E+3	5.560020E-6	1.285230E-7
5.210200E+3	5.222890E-6	2.924370E-7
5.219600E+3	5.498560E-6	-5.960510E-8
5.239700E+3	5.018000E-6	3.166510E-7
5.249900E+3	5.461300E-6	8.754480E-8
5.259100E+3	5.608450E-6	-9.872060E-8
5.283400E+3	5.697860E-6	2.030290E-7
5.292900E+3	5.530220E-6	1.247980E-7
5.316900E+3	5.099950E-6	1.564630E-7
5.325900E+3	5.533950E-6	-1.285230E-7
5.347200E+3	5.407290E-6	3.725310E-8
5.356300E+3	5.468760E-6	-1.546000E-7
5.377200E+3	5.485520E-6	-1.732270E-7
5.386900E+3	5.291800E-6	9.127010E-8
5.401600E+3	5.297390E-6	-7.450630E-8
5.422300E+3	5.640120E-6	-9.685800E-8
5.432200E+3	5.560020E-6	-2.849870E-7
5.452400E+3	5.375620E-6	7.823160E-8
5.462900E+3	5.133480E-6	2.998880E-7
5.482700E+3	5.865500E-6	-5.587960E-9
5.493800E+3	5.591690E-6	4.563500E-7
5.504000E+3	5.411010E-6	4.582130E-7
5.526000E+3	5.485520E-6	1.695020E-7
5.526000E+3	5.485520E-6	1.695020E-7
5.556500E+3	5.576790E-6	-1.154840E-7
5.569500E+3	5.221020E-6	4.284100E-7
5.578700E+3	5.669920E-6	-1.434250E-7
5.599800E+3	5.414740E-6	3.576300E-7
5.599800E+3	5.414740E-6	3.576300E-7
5.632500E+3	5.582380E-6	3.669430E-7
5.642100E+3	5.837560E-6	-2.048920E-8
5.663100E+3	5.440820E-6	2.682230E-7
5.672100E+3	5.802170E-6	-2.756730E-7
5.693200E+3	5.293670E-6	7.823160E-8
5.702100E+3	5.893440E-6	-3.185140E-7
5.714500E+3	5.854320E-6	-3.166520E-8
5.735000E+3	6.092740E-6	-2.868490E-7
5.745000E+3	5.785400E-6	1.266610E-7
5.765100E+3	6.023820E-6	8.754480E-8
5.775700E+3	5.925100E-6	-1.769520E-7
5.798500E+3	5.848730E-6	-7.450640E-9
5.808300E+3	5.889710E-6	3.725320E-9
5.819600E+3	5.614040E-6	2.756730E-7
5.841900E+3	5.926970E-6	2.048920E-7
5.852300E+3	5.668060E-6	5.047800E-7
5.862200E+3	5.831970E-6	6.482040E-7
5.885900E+3	5.781680E-6	3.334150E-7
5.895500E+3	5.785400E-6	1.210730E-7
5.918500E+3	5.884130E-6	2.551840E-7
5.928900E+3	5.921380E-6	1.229350E-7
5.928900E+3	5.921380E-6	1.229350E-7
5.961900E+3	5.932550E-6	1.713640E-7
5.970800E+3	6.258520E-6	2.197930E-7
5.992000E+3	6.150480E-6	2.365570E-7
5.992000E+3	6.150480E-6	2.365570E-7
6.024700E+3	6.048040E-6	2.943000E-7
6.033800E+3	6.057350E-6	1.546000E-7
6.054800E+3	5.777950E-6	2.980250E-7
6.063700E+3	6.813590E-6	4.470370E-8
6.074500E+3	6.439190E-6	2.458710E-7
6.099900E+3	6.260380E-6	1.229350E-7
6.109000E+3	6.618010E-6	2.235190E-8
6.123000E+3	6.385180E-6	5.960510E-8
6.142500E+3	6.396350E-6	1.098970E-7
6.153700E+3	5.917650E-6	4.023330E-7
6.163600E+3	6.211950E-6	5.364450E-7
6.186200E+3	6.355370E-6	1.583260E-7
6.196900E+3	6.143030E-6	3.278270E-7
6.218600E+3	6.664570E-6	-2.533220E-7
6.229800E+3	6.735350E-6	-5.774220E-8
6.242000E+3	7.160040E-6	-1.173470E-7
6.242000E+3	7.160040E-6	-1.173470E-7
6.275100E+3	6.675750E-6	3.855690E-7
6.294800E+3	6.476450E-6	4.749760E-7
6.305400E+3	6.640360E-6	1.266610E-7
6.325600E+3	6.275280E-6	5.941870E-7
6.335900E+3	6.539780E-6	3.390030E-7
6.348000E+3	6.644080E-6	-4.842900E-8
6.348000E+3	6.644080E-6	-4.842900E-8
6.378500E+3	6.973770E-6	-3.073380E-7
6.399700E+3	6.806130E-6	7.450630E-8
6.408800E+3	6.631050E-6	-1.471500E-7
6.432700E+3	6.187740E-6	1.676390E-8
6.441600E+3	6.621730E-6	-2.291060E-7
6.454800E+3	6.593790E-6	1.061710E-7
6.474600E+3	7.400320E-6	-1.490130E-7
6.485400E+3	7.217780E-6	8.940740E-8
6.485400E+3	7.217780E-6	8.940740E-8
6.517800E+3	6.921620E-6	8.940740E-8
6.528900E+3	6.997990E-6	1.303860E-8
6.550600E+3	6.930930E-6	1.657760E-7
6.561900E+3	7.061320E-6	-1.452870E-7
6.574600E+3	7.029650E-6	3.725310E-8
6.597300E+3	6.923480E-6	1.993040E-7
6.607900E+3	7.152590E-6	3.166520E-8
6.627900E+3	7.266210E-6	5.010550E-7
6.637900E+3	7.284830E-6	2.384200E-7
6.660100E+3	7.372380E-6	0.000000E+0
6.670800E+3	7.264350E-6	2.048920E-7
6.679700E+3	7.636900E-6	-3.483160E-7
6.700800E+3	7.363070E-6	-9.685800E-8
6.712700E+3	7.456200E-6	-1.080340E-7
6.722900E+3	7.199150E-6	2.980250E-7
6.746200E+3	7.683470E-6	-2.421450E-8
6.755600E+3	7.456200E-6	2.067550E-7
6.776500E+3	7.661120E-6	1.303860E-8
6.786400E+3	7.582860E-6	1.713640E-7
6.799500E+3	7.595900E-6	1.546000E-7
6.821800E+3	7.804540E-6	2.179300E-7
6.832000E+3	7.530700E-6	2.607720E-7
6.852000E+3	7.756110E-6	9.313280E-9
6.865400E+3	8.042960E-6	-2.980250E-7
6.878500E+3	7.580990E-6	3.781190E-7
6.878500E+3	7.580990E-6	3.781190E-7
6.909100E+3	7.620110E-6	-1.378370E-7
6.928400E+3	7.819440E-6	-5.215430E-8
6.939400E+3	7.698370E-6	1.098970E-7
6.960800E+3	7.841790E-6	-2.048920E-7
6.960800E+3	7.841790E-6	-2.048920E-7
6.981600E+3	7.866010E-6	2.849870E-7
7.004700E+3	8.376370E-6	5.401690E-8
7.015000E+3	8.566360E-6	2.086170E-7
7.024200E+3	8.476960E-6	1.639140E-7
7.048000E+3	8.335400E-6	1.583260E-7
7.056800E+3	8.422940E-6	7.450630E-8
7.069200E+3	8.504900E-6	1.322490E-7
7.092800E+3	8.771250E-6	-2.700850E-7
7.102400E+3	8.806640E-6	-2.197930E-7
7.123000E+3	8.836450E-6	-1.024460E-7
7.135300E+3	8.737730E-6	-8.009420E-8
7.156700E+3	8.788020E-6	2.793980E-8
7.166100E+3	8.788020E-6	-3.725310E-8
7.177400E+3	8.575680E-6	3.203770E-7
7.196900E+3	9.089770E-6	2.086170E-7
7.210100E+3	8.871840E-6	1.974410E-7
7.210100E+3	8.871840E-6	1.974410E-7
7.242600E+3	9.223880E-6	-6.519300E-8
7.255600E+3	9.061830E-6	2.048920E-8
7.275000E+3	9.479060E-6	9.313280E-9
7.286200E+3	9.417590E-6	1.955790E-7
7.295700E+3	9.281620E-6	-2.477340E-7
7.321500E+3	8.978010E-6	-2.682230E-7
7.332100E+3	8.765670E-6	0.000000E+0
7.352300E+3	9.551700E-6	2.682230E-7
7.365200E+3	9.205250E-6	-2.346940E-7
7.374400E+3	9.698850E-6	-4.656630E-7
7.398000E+3	9.406420E-6	1.396990E-7
7.407700E+3	9.806880E-6	-1.583260E-7
7.428700E+3	9.967070E-6	1.862650E-7
7.437900E+3	1.038800E-5	8.940740E-8
7.459100E+3	9.961480E-6	2.216560E-7
7.468200E+3	1.016640E-5	-1.322490E-7
7.479100E+3	1.016640E-5	-1.322490E-7
7.501700E+3	1.034520E-5	-4.097840E-8
7.511800E+3	1.028560E-5	1.695020E-7
7.532100E+3	1.044580E-5	1.434250E-7
7.544600E+3	1.042160E-5	4.284110E-8
7.557800E+3	1.068980E-5	8.195680E-8
7.577900E+3	1.098220E-5	-1.974410E-7
7.588700E+3	1.081270E-5	-9.313280E-9
7.608400E+3	1.108280E-5	-2.142050E-7
7.619700E+3	1.122990E-5	-1.080340E-7
7.641800E+3	1.139570E-5	-2.291060E-7
7.652300E+3	1.124110E-5	-1.862660E-9
7.663100E+3	1.123930E-5	-2.793980E-8
7.685000E+3	1.098220E-5	1.341110E-7
7.696200E+3	1.139200E-5	-8.195680E-8
7.715700E+3	1.155780E-5	2.570470E-7
7.726700E+3	1.185950E-5	4.470370E-8
7.738700E+3	1.197130E-5	-3.539050E-8
7.759900E+3	1.191540E-5	-3.352780E-8
7.771800E+3	1.183720E-5	4.656640E-8
7.771800E+3	1.183720E-5	4.656640E-8
7.805000E+3	1.219110E-5	-1.639140E-7
7.817100E+3	1.211100E-5	1.546000E-7
7.838300E+3	1.250210E-5	-8.381950E-8
7.847400E+3	1.263250E-5	-1.285230E-7
7.857900E+3	1.268650E-5	-7.078100E-8
7.880700E+3	1.276100E-5	-1.937160E-7
7.880700E+3	1.276100E-5	-1.937160E-7
7.914000E+3	1.314470E-5	-8.754480E-8
7.924000E+3	1.322110E-5	-9.685800E-8
7.937200E+3	1.322110E-5	7.823160E-8
7.956900E+3	1.332170E-5	-1.322490E-7
7.968300E+3	1.317080E-5	5.029160E-8
7.987900E+3	1.360300E-5	3.725320E-9
7.999200E+3	1.376500E-5	-6.519300E-8
8.018800E+3	1.407230E-5	5.587960E-9
8.029700E+3	1.421200E-5	-8.754480E-8
8.038800E+3	1.433310E-5	-2.179300E-7
8.038800E+3	1.433310E-5	-2.179300E-7
8.062600E+3	1.415620E-5	-3.725310E-8
8.093000E+3	1.447280E-5	-3.725320E-9
8.093000E+3	1.447280E-5	-3.725320E-9
8.125800E+3	1.492730E-5	-1.098970E-7
8.135500E+3	1.507440E-5	-4.768410E-7
8.156500E+3	1.499250E-5	4.097840E-8
8.165600E+3	1.532410E-5	-7.636890E-8
8.186800E+3	1.530920E-5	-1.825400E-7
8.195900E+3	1.554760E-5	8.381950E-8
8.208300E+3	1.558670E-5	1.471500E-7
8.229200E+3	1.548240E-5	-1.750900E-7
8.241600E+3	1.547680E-5	-2.980250E-8
8.252700E+3	1.534460E-5	-4.284110E-8
8.275100E+3	1.496450E-5	-8.009420E-8
8.285400E+3	1.460320E-5	-1.117590E-8
8.308500E+3	1.440760E-5	0.000000E+0
8.318300E+3	1.426610E-5	-9.313280E-9
8.339000E+3	1.390100E-5	-9.872060E-8
8.349100E+3	1.354710E-5	-3.725310E-8
8.369400E+3	1.285600E-5	-1.583260E-7
8.380100E+3	1.240340E-5	-1.881280E-7
8.390800E+3	1.177380E-5	-8.568210E-8
8.412700E+3	1.088160E-5	-2.924370E-7
8.423900E+3	1.058550E-5	-3.073380E-7
8.436100E+3	9.639250E-6	-7.450630E-8
8.457200E+3	8.042960E-6	6.891830E-8
8.466300E+3	7.705820E-6	-2.961620E-7
8.487500E+3	6.649670E-6	3.539040E-7
8.496500E+3	5.813340E-6	1.266610E-7
8.509400E+3	4.816830E-6	-9.685800E-8
8.532800E+3	3.092010E-6	-5.550720E-7
8.544900E+3	2.976520E-6	-8.232930E-7
8.555100E+3	2.216560E-6	1.154840E-7
8.578500E+3	1.646590E-6	-4.172340E-7
8.578500E+3	1.646590E-6	-4.172340E-7
8.608700E+3	9.592700E-7	-1.173470E-7
8.608700E+3	9.592700E-7	-1.173470E-7
8.639200E+3	-9.015240E-7	-4.265480E-7
8.649500E+3	-1.732270E-6	-4.265480E-7
8.649500E+3	-1.732270E-6	9.313270E-8
8.672600E+3	-2.333910E-6	-1.098970E-7
8.693400E+3	-2.851720E-6	1.471500E-7
8.717900E+3	-3.054750E-6	-4.265480E-7
8.728800E+3	-3.837080E-6	1.341110E-7
8.739200E+3	-3.449630E-6	-3.483160E-7
8.759400E+3	-4.628700E-6	3.948830E-7
8.778900E+3	-4.120200E-6	-4.433110E-7
8.790300E+3	-5.012410E-6	3.147890E-7
8.799700E+3	-4.811240E-6	-6.519300E-8
8.823200E+3	-5.567480E-6	5.532090E-7
8.833500E+3	-5.122300E-6	-9.872060E-8
8.842900E+3	-4.999370E-6	1.732270E-7
8.869100E+3	-6.042450E-6	3.911570E-7
8.878900E+3	-5.634530E-6	-2.551840E-7
8.888500E+3	-5.908340E-6	-1.788150E-7
8.912200E+3	-5.425910E-6	-2.868490E-7
8.921400E+3	-5.440820E-6	-2.812610E-7
8.945500E+3	-6.077840E-6	4.563500E-7
8.954400E+3	-6.131860E-6	3.520420E-7
8.967600E+3	-5.539540E-6	-8.009420E-8
8.987900E+3	-5.224750E-6	-4.600750E-7
8.998700E+3	-5.733250E-6	5.215430E-8
9.018500E+3	-5.733250E-6	5.215430E-8
9.018500E+3	-5.342100E-6	-4.302730E-7
9.049200E+3	-5.569340E-6	-2.235190E-8
9.059500E+3	-5.612180E-6	-2.943000E-7
9.082200E+3	-5.459440E-6	-3.892950E-7
9.093300E+3	-6.182150E-6	1.247980E-7
9.113000E+3	-5.517180E-6	-3.818440E-7
9.124200E+3	-5.481790E-6	-3.017500E-7
9.137000E+3	-5.343960E-6	-3.948830E-7
9.156700E+3	-5.945590E-6	3.911570E-7
9.167400E+3	-5.677370E-6	-1.676390E-8
9.176500E+3	-5.682960E-6	-1.732270E-7
9.176500E+3	-5.682960E-6	-1.732270E-7
9.202500E+3	-5.865500E-6	3.408660E-7
9.233400E+3	-5.861770E-6	2.700850E-7
9.243200E+3	-5.215440E-6	-4.842910E-7
9.264300E+3	-5.990300E-6	4.116460E-7
9.264300E+3	-5.990300E-6	4.116460E-7
9.294900E+3	-5.900890E-6	2.179300E-7
9.304100E+3	-5.191220E-6	-3.594920E-7
9.314800E+3	-6.035000E-6	5.066430E-7
9.340700E+3	-5.139070E-6	-4.116460E-7
9.349900E+3	-5.396110E-6	1.303860E-8
9.371100E+3	-5.625220E-6	-2.160680E-7
9.380300E+3	-5.656880E-6	-2.160680E-7
9.394300E+3	-5.999610E-6	2.365570E-7
9.413700E+3	-5.247100E-6	-5.103680E-7
9.425000E+3	-5.941870E-6	3.483160E-7
9.437600E+3	-5.282490E-6	-1.676390E-7
9.459500E+3	-5.725800E-6	-1.341110E-7
9.470700E+3	-5.306710E-6	-3.371410E-7
9.492300E+3	-5.101810E-6	-3.594920E-7
9.492300E+3	-5.101810E-6	-3.594920E-7
9.516400E+3	-5.597280E-6	-5.196820E-7
9.536100E+3	-5.386800E-6	-2.253810E-7
9.536100E+3	-5.386800E-6	-2.253810E-7
9.559200E+3	-5.343960E-6	-4.302730E-7
9.583200E+3	-5.876670E-6	3.613550E-7
9.592900E+3	-5.854320E-6	2.458710E-7
9.605300E+3	-4.967700E-6	-4.619380E-7
9.626600E+3	-5.442680E-6	2.142050E-7
9.626600E+3	-5.442680E-6	2.142050E-7
9.660100E+3	-4.889470E-6	-3.296900E-7
9.669200E+3	-5.206120E-6	1.993040E-7
9.679900E+3	-4.988190E-6	-2.030290E-7
9.702400E+3	-4.766540E-6	-4.488990E-7
9.712400E+3	-5.228470E-6	1.117590E-8
9.732700E+3	-4.826140E-6	-5.308580E-7
9.743200E+3	-5.433370E-6	2.011670E-7
9.763200E+3	-4.690170E-6	-2.402830E-7
9.774200E+3	-5.276900E-6	5.215440E-7
9.794000E+3	-4.602630E-6	-3.445910E-7
9.794000E+3	-4.602630E-6	-3.445910E-7
9.805200E+3	-4.880160E-6	-9.499540E-8
9.838000E+3	-4.572820E-6	-2.477340E-7
9.851000E+3	-4.788890E-6	-1.415620E-7
9.860600E+3	-4.738600E-6	-8.009420E-8
9.883900E+3	-5.308570E-6	2.365570E-7
9.894300E+3	-4.731150E-6	-2.719480E-7
9.914900E+3	-5.234060E-6	3.632180E-7
9.924600E+3	-4.595170E-6	-3.539040E-7
9.939900E+3	-4.621250E-6	-3.147890E-7
9.961100E+3	-5.317880E-6	3.911570E-7
9.973300E+3	-4.513220E-6	-3.948830E-7
9.983000E+3	-4.652920E-6	-4.842900E-8
1.000670E+4	-4.464790E-6	-2.477340E-7
1.001590E+4	-4.464790E-6	-2.477340E-7
1.003700E+4	-4.332540E-6	-3.278270E-7
1.004640E+4	-5.034760E-6	3.241020E-7
1.006220E+4	-4.861530E-6	1.844030E-7
1.008240E+4	-4.878300E-6	2.272440E-7
1.008240E+4	-4.878300E-6	2.272440E-7
1.011590E+4	-4.291560E-6	-2.197930E-7
1.012590E+4	-4.282250E-6	-1.359740E-7
1.013730E+4	-4.248720E-6	-2.123420E-7
1.015900E+4	-4.753500E-6	2.644970E-7
1.017020E+4	-4.904370E-6	3.948830E-7
1.017020E+4	-4.904370E-6	3.948830E-7
1.020290E+4	-4.556060E-6	3.986080E-7
1.021330E+4	-4.136960E-6	-2.235190E-8
1.023540E+4	-4.427540E-6	2.291060E-7
1.024660E+4	-4.526260E-6	8.940740E-8
1.026820E+4	-4.159320E-6	0.000000E+0
1.027950E+4	-4.624980E-6	3.818440E-7
1.028910E+4	-4.347440E-6	2.682230E-7
1.031310E+4	-4.481550E-6	4.600750E-7
1.032260E+4	-4.177940E-6	-2.607710E-8
1.033180E+4	-3.945110E-6	-1.396990E-7
1.035610E+4	-3.986090E-6	-3.892950E-7
1.036540E+4	-4.464790E-6	2.961620E-7
1.038630E+4	-3.604230E-6	-3.855690E-7
1.038630E+4	-3.604230E-6	-3.855690E-7
1.040940E+4	-3.680600E-6	-3.017500E-7
1.043210E+4	-3.794220E-6	-4.135090E-7
1.044230E+4	-4.388420E-6	2.570470E-7
1.046270E+4	-3.643350E-6	-3.166510E-7
1.047320E+4	-4.228230E-6	3.352780E-8
1.049310E+4	-3.397480E-6	-3.408660E-7
1.050420E+4	-4.109020E-6	4.004710E-7
1.052390E+4	-3.492470E-6	-9.499540E-8
1.053680E+4	-3.675010E-6	-1.993040E-7
1.055010E+4	-3.764420E-6	9.499540E-8
1.056960E+4	-3.922760E-6	3.315530E-7
1.058080E+4	-3.719720E-6	2.551840E-7
1.060040E+4	-3.801670E-6	1.750900E-7
1.060040E+4	-3.801670E-6	1.750900E-7
1.063340E+4	-3.349050E-6	-3.892950E-7
1.064460E+4	-4.014030E-6	1.546000E-7
1.065450E+4	-3.578160E-6	-2.421450E-8
1.067840E+4	-3.865020E-6	4.600750E-7
1.068800E+4	-3.717850E-6	8.568210E-8
1.070860E+4	-4.202160E-6	4.135090E-7
1.071860E+4	-3.466400E-6	-4.284110E-8
1.072820E+4	-3.911580E-6	2.998880E-7
1.072820E+4	-3.911580E-6	2.998880E-7
1.076200E+4	-4.185390E-6	5.886000E-7
1.078570E+4	-3.630310E-6	4.656640E-8
1.079500E+4	-2.997010E-6	-1.173470E-7
1.080620E+4	-2.961620E-6	-3.408660E-7
1.082840E+4	-2.905740E-6	-2.197930E-7
1.083890E+4	-3.455220E-6	-1.527380E-7
1.085210E+4	-3.214940E-6	-5.103680E-7
1.087160E+4	-2.861040E-6	-3.743930E-7
1.088570E+4	-3.436590E-6	3.483160E-7
1.090460E+4	-3.118080E-6	-5.587960E-8
1.091580E+4	-3.358360E-6	-3.930200E-7
1.092890E+4	-3.175820E-6	-3.688060E-7
1.094980E+4	-3.820310E-6	2.849870E-7
1.095940E+4	-3.380720E-6	-1.918530E-7
1.098070E+4	-3.643350E-6	2.943000E-7
1.099000E+4	-3.075240E-6	2.943000E-7
1.101360E+4	-3.105040E-6	-3.501790E-7
1.102650E+4	-3.736480E-6	3.725320E-9
1.103580E+4	-3.278270E-6	-7.767270E-7
1.105730E+4	-3.326700E-6	-2.104800E-7
1.105730E+4	-3.326700E-6	-2.104800E-7
1.108770E+4	-2.922500E-6	1.806770E-7
1.109970E+4	-3.334150E-6	2.458710E-7
1.111010E+4	-3.540900E-6	3.967450E-7
1.113330E+4	-2.617030E-6	-5.960500E-7
1.114300E+4	-2.812610E-6	-4.395860E-7
1.116390E+4	-3.075240E-6	-4.675260E-7
1.116390E+4	-3.075240E-6	-4.675260E-7
1.119450E+4	-3.088280E-6	-4.731140E-7
1.120520E+4	-3.580020E-6	2.235190E-8
1.122500E+4	-3.049160E-6	-4.135090E-7
1.123610E+4	-3.516690E-6	2.812610E-7
1.125570E+4	-3.073380E-6	-3.352780E-8
1.126690E+4	-3.574430E-6	5.085060E-7
1.128650E+4	-2.929960E-6	3.725320E-9
1.128650E+4	-2.929960E-6	3.725320E-9
1.131000E+4	-2.959760E-6	-3.203770E-7
1.133230E+4	-3.151610E-6	1.117590E-8
1.134350E+4	-3.369540E-6	4.656640E-8
1.136340E+4	-2.900150E-6	3.166510E-7
1.137400E+4	-2.900150E-6	3.166510E-7
1.138320E+4	-2.942990E-6	-4.842900E-8
1.141020E+4	-3.086420E-6	3.110640E-7
1.141970E+4	-2.671050E-6	-3.390030E-7
1.144030E+4	-3.574430E-6	3.799810E-7
1.145030E+4	-3.106910E-6	6.333040E-8
1.145030E+4	-3.106910E-6	6.333040E-8
1.148380E+4	-2.864760E-6	-2.011670E-7
1.148380E+4	-2.864760E-6	-2.011670E-7
1.151450E+4	-3.261510E-6	1.676390E-7
1.151450E+4	-3.261510E-6	1.676390E-7
1.153990E+4	-3.203760E-6	1.415620E-7
1.153990E+4	-3.203760E-6	1.415620E-7
1.157100E+4	-3.067790E-6	1.620510E-7
1.159090E+4	-2.965350E-6	-1.750900E-7
1.160200E+4	-3.073380E-6	3.539050E-8
1.162140E+4	-2.589090E-6	0.000000E+0
1.163280E+4	-3.084550E-6	4.302730E-7
1.165250E+4	-2.207250E-6	-8.195680E-8
1.166370E+4	-2.412140E-6	2.533220E-7
1.167310E+4	-2.104800E-6	-3.967450E-7
1.169700E+4	-2.812610E-6	2.607720E-7
1.169700E+4	-2.812610E-6	2.607720E-7
1.172810E+4	-3.011910E-6	2.663600E-7
1.174780E+4	-2.471740E-6	-2.048920E-7
1.175900E+4	-3.177690E-6	1.620510E-7
1.175900E+4	-3.177690E-6	1.620510E-7
1.178070E+4	-2.594680E-6	-1.601880E-7
1.180480E+4	-1.544140E-6	-4.954670E-7
1.181400E+4	-1.814220E-6	-3.166520E-8
1.183540E+4	-1.860790E-6	-4.563500E-7
1.184470E+4	-2.056370E-6	-5.755610E-7
1.186910E+4	-2.833100E-6	1.341110E-7
1.187840E+4	-1.659620E-6	-3.986080E-7
1.187840E+4	-1.659620E-6	-3.986080E-7
1.191210E+4	-2.177450E-6	1.899910E-7
1.192210E+4	-2.456840E-6	4.265480E-7
1.194280E+4	-2.162550E-6	-1.359740E-7
1.195390E+4	-2.738100E-6	3.278270E-7
1.197580E+4	-1.762070E-6	-1.713640E-7
1.198650E+4	-2.201660E-6	1.434250E-7
1.200640E+4	-1.726680E-6	-3.613550E-7
1.201770E+4	-1.734130E-6	-2.831240E-7
1.203080E+4	-2.389790E-6	2.328320E-7
1.205080E+4	-2.123430E-6	1.080340E-7
1.206150E+4	-2.486650E-6	2.626350E-7
1.207080E+4	-2.305970E-6	2.216560E-7
1.209680E+4	-2.043340E-6	3.762560E-7
1.209680E+4	-2.043340E-6	3.762560E-7
1.212780E+4	-1.952070E-6	6.333040E-8
1.212780E+4	-1.952070E-6	6.333040E-8
1.215860E+4	-2.235190E-6	3.017500E-7
1.216820E+4	-1.715500E-6	-3.539040E-7
1.217840E+4	-1.538550E-6	-2.905740E-7
1.220210E+4	-1.687560E-6	-2.216560E-7
1.221140E+4	-1.741580E-6	-2.644970E-7
1.221140E+4	-1.741580E-6	-2.644970E-7
1.224800E+4	-1.786280E-6	1.825400E-7
1.224800E+4	-1.786280E-6	1.825400E-7
1.227350E+4	-1.728540E-6	1.732270E-7
1.229370E+4	-1.348560E-6	-5.103680E-7
1.230440E+4	-1.935300E-6	1.210730E-7
1.232410E+4	-1.287100E-6	-2.104800E-7
1.233530E+4	-1.363460E-6	-2.868490E-7
1.235730E+4	-1.011420E-6	-2.756730E-7
1.236780E+4	-1.557180E-6	1.024460E-7
1.237860E+4	-1.600020E-6	-7.078100E-8
1.240070E+4	-1.506890E-6	3.725310E-8
1.241210E+4	-1.667070E-6	2.235190E-8
1.243400E+4	-1.443560E-6	-3.352780E-8
1.244530E+4	-1.905490E-6	2.998880E-7
1.244530E+4	-1.905490E-6	2.998880E-7
1.245540E+4	-1.559040E-6	-2.495960E-7
1.248890E+4	-1.361600E-6	-1.173470E-7
1.250990E+4	-1.946480E-6	2.365570E-7
1.251930E+4	-1.473360E-6	-2.384200E-7
1.254060E+4	-1.756480E-6	2.197930E-7
1.254990E+4	-1.117590E-6	-2.291060E-7
1.256260E+4	-1.668940E-6	1.769520E-7
1.256260E+4	-1.668940E-6	1.769520E-7
1.259370E+4	-1.339250E-6	6.891830E-8
1.259370E+4	-1.339250E-6	6.891830E-8
1.262490E+4	-1.240530E-6	1.266610E-7
1.264480E+4	-1.486400E-6	1.862650E-7
1.265770E+4	-1.307580E-6	-1.564630E-7
1.266890E+4	-1.741580E-6	3.539040E-7
1.269040E+4	-1.616780E-6	2.291060E-7
1.270160E+4	-1.743440E-6	2.179300E-7
1.272130E+4	-1.035640E-6	1.676390E-8
1.273270E+4	-1.026320E-6	-9.127010E-8
1.274540E+4	-9.480900E-7	-3.185140E-7
1.276780E+4	-1.546000E-6	2.663600E-7
1.277920E+4	-1.041230E-6	-2.551840E-7
1.279910E+4	-1.283370E-6	4.284110E-8
1.281020E+4	-1.341110E-6	-5.587960E-9
1.283070E+4	-1.378360E-6	3.222390E-7
1.284130E+4	-1.255430E-6	8.568210E-8
1.286200E+4	-1.611200E-6	1.303860E-8
1.287220E+4	-1.162300E-6	-1.601880E-7
1.288200E+4	-1.288960E-6	9.313280E-9
1.290900E+4	-1.609330E-6	-3.222390E-7
1.290900E+4	-1.609330E-6	-3.222390E-7
1.291820E+4	-1.069170E-6	-4.451740E-7
1.294870E+4	-1.020740E-6	-5.550720E-7
1.294870E+4	-1.020740E-6	-5.550720E-7
1.298220E+4	-7.972160E-7	-4.898790E-7
1.299290E+4	-1.311310E-6	1.173470E-7
1.301280E+4	-9.089740E-7	-4.228220E-7
1.302280E+4	-5.234070E-7	-1.825400E-7
1.303680E+4	-1.359740E-6	3.874320E-7
1.303680E+4	-1.359740E-6	3.874320E-7
1.306990E+4	-1.234940E-6	3.073380E-7
1.308950E+4	-8.605460E-7	-2.700850E-7
1.310270E+4	-1.242390E-6	1.080340E-7
1.312270E+4	-8.586830E-7	-3.129260E-7
1.313390E+4	-1.143670E-6	3.799810E-7
1.315360E+4	-5.457590E-7	-3.799810E-7
1.316480E+4	-1.287100E-6	1.490130E-7
1.317440E+4	-9.685830E-7	-2.067550E-7
1.319750E+4	-1.374640E-6	1.974410E-7
1.320790E+4	-8.624080E-7	-2.756730E-7
1.322840E+4	-1.208860E-6	2.272440E-7
1.323840E+4	-9.406390E-7	-4.917420E-7
1.325070E+4	-8.735840E-7	-3.930200E-7
1.327210E+4	-7.525120E-7	-4.880170E-7
1.328140E+4	-9.574070E-7	-4.898790E-7
1.330280E+4	-8.679960E-7	-2.607720E-7
1.331230E+4	-6.500670E-7	-4.209600E-7
1.333630E+4	-1.078480E-6	-2.495960E-7
1.334560E+4	-6.407540E-7	-5.513470E-7
1.335940E+4	-1.251700E-6	3.166520E-8
1.337940E+4	-1.251700E-6	3.166520E-8
1.337940E+4	-5.830120E-7	-2.440080E-7
1.340980E+4	-1.227490E-6	3.278270E-7
1.340980E+4	-1.227490E-6	3.278270E-7
1.344340E+4	-4.619380E-7	-2.831240E-7
1.345440E+4	-5.140940E-7	-2.831240E-7
1.346740E+4	-5.513470E-7	-4.265480E-7
1.348720E+4	-6.854570E-7	-4.880170E-7
1.350050E+4	-1.238670E-6	6.519300E-8
1.351090E+4	-9.667200E-7	-1.713640E-7
1.353370E+4	-1.292680E-6	2.831240E-7
1.354470E+4	-1.182790E-6	3.017500E-7
1.355710E+4	-3.334150E-7	-4.153720E-7
1.357810E+4	-8.605460E-7	2.849870E-7
1.358750E+4	-1.022600E-6	1.117590E-8
1.361180E+4	-1.406300E-6	3.725310E-8
1.362130E+4	-1.143670E-6	-5.960510E-8
1.363650E+4	-6.910450E-7	-2.924370E-7
1.364680E+4	-8.102540E-7	-9.499540E-8
1.367020E+4	-8.307430E-7	-2.868490E-7
1.367970E+4	-1.220040E-6	-5.867370E-7
1.370070E+4	-8.326060E-7	-7.767270E-7
1.371080E+4	-6.351660E-7	-3.632180E-7
1.373450E+4	-5.085060E-7	-6.854570E-7
1.373450E+4	-5.085060E-7	-6.854570E-7
1.374400E+4	-1.311310E-6	-3.539040E-7
1.377750E+4	-6.817320E-7	6.519300E-8
1.378820E+4	-1.227490E-6	4.265480E-7
1.381120E+4	-1.227490E-6	4.265480E-7
1.382220E+4	-6.426160E-7	-1.974410E-7
1.384190E+4	-3.688060E-7	-5.736980E-7
1.384190E+4	-3.688060E-7	-5.736980E-7
1.386290E+4	-7.394740E-7	-2.440080E-7
1.388780E+4	-7.040840E-7	-3.501790E-7
1.389930E+4	-1.348560E-6	5.364450E-7
1.390900E+4	-6.705560E-7	1.490130E-7
1.393040E+4	-5.029180E-7	-2.607710E-8
1.393040E+4	-5.029180E-7	-2.607710E-8
1.395240E+4	-7.692760E-7	-9.499540E-8
1.397660E+4	-8.232930E-7	-7.450630E-8
1.398610E+4	-3.594920E-7	-5.569350E-7
1.400750E+4	-8.512320E-7	-2.868490E-7
1.401680E+4	-1.156710E-6	-1.378370E-7
1.404100E+4	-9.574070E-7	7.823160E-8
1.405040E+4	-7.655510E-7	-4.284100E-7
1.407180E+4	-1.236800E-6	-1.639140E-7
1.408110E+4	-1.136220E-6	-1.918530E-7
1.409210E+4	-5.234070E-7	-3.017500E-7
1.411790E+4	-7.133970E-7	-3.632180E-7
1.412800E+4	-6.668310E-7	-4.619380E-7
1.414130E+4	-3.967450E-7	2.048920E-7
1.416120E+4	-4.544870E-7	-6.519300E-8
1.417440E+4	-3.837070E-7	1.098970E-7
1.418550E+4	-8.866230E-7	2.253810E-7
1.420750E+4	-7.730010E-7	-3.203770E-7
1.421880E+4	-1.544140E-6	1.974410E-7
1.423860E+4	-2.849870E-7	2.253810E-7
1.423860E+4	-2.849870E-7	2.253810E-7
1.426530E+4	-7.133970E-7	7.636890E-8
1.427460E+4	-5.383080E-7	-3.948830E-7
1.429870E+4	-1.201410E-6	-1.173470E-7
1.430790E+4	-8.381940E-7	-5.345830E-7
1.432920E+4	-8.232930E-7	1.266610E-7
1.433860E+4	-4.526250E-7	-2.365570E-7
1.435990E+4	-9.108370E-7	9.313280E-9
1.436940E+4	-3.837070E-7	-3.706680E-7
1.439360E+4	-6.109510E-7	-2.626350E-7
1.440600E+4	-1.473360E-6	-8.288810E-7
1.441570E+4	-9.052490E-7	-1.057990E-6
1.443680E+4	-1.110140E-6	-5.457590E-7
1.444700E+4	-1.126910E-6	-1.862660E-8
1.446770E+4	-6.835940E-7	-8.717220E-7
1.448020E+4	-1.188370E-6	1.043090E-7
1.450150E+4	-7.264350E-7	-2.104800E-7
1.451130E+4	-4.023330E-7	1.098970E-7
1.453220E+4	-4.731140E-7	-6.090890E-7
1.453220E+4	-4.731140E-7	-6.090890E-7
1.455950E+4	8.009420E-8	-4.060580E-7
1.456670E+4	-1.490130E-7	-8.009420E-8
1.457960E+4	2.235190E-8	-1.303860E-7
1.458440E+4	-6.202640E-7	6.891830E-8
1.459060E+4	-6.202640E-7	-7.785890E-7
1.459060E+4	-6.202640E-7	-7.785890E-7
1.459270E+4	-9.015240E-7	7.078100E-8
1.459000E+4	-7.413360E-7	3.632180E-7
1.458570E+4	-3.799810E-7	-4.954670E-7
1.457340E+4	-6.370280E-7	5.401690E-8
1.456600E+4	-3.129260E-7	-4.526250E-7
1.454580E+4	-8.177050E-7	4.172340E-7
1.453390E+4	-5.997750E-7	3.203770E-7
1.451750E+4	-1.117590E-8	-1.825400E-7
1.449030E+4	-5.960500E-7	-6.519300E-8
1.447070E+4	-4.246850E-7	-4.451740E-7
1.444210E+4	-1.076620E-6	-3.725310E-8
1.442650E+4	-3.539040E-7	-4.656630E-7
1.441310E+4	4.991930E-7	-5.979130E-7
1.438220E+4	-1.695020E-7	1.490130E-8
1.436940E+4	-8.102540E-7	6.891830E-8
1.434500E+4	-9.331890E-7	-5.532090E-7
1.433130E+4	-7.320230E-7	-6.556550E-7
1.431090E+4	-2.458710E-7	1.657760E-7
1.430100E+4	-4.135090E-7	8.754480E-8
1.429260E+4	-6.035010E-7	-7.264360E-8
1.427100E+4	-1.220040E-6	2.160680E-7
1.426260E+4	-1.046810E-6	9.872060E-8
1.424280E+4	-1.039360E-6	-2.160680E-7
1.423120E+4	-1.270330E-6	1.359740E-7
1.421060E+4	-1.074750E-6	-7.003580E-7
1.421060E+4	-1.074750E-6	-7.003580E-7
1.419090E+4	-1.188370E-6	3.911580E-8
1.416460E+4	-5.681100E-7	-1.061710E-7
1.415510E+4	-6.295780E-7	-1.341110E-7
1.415510E+4	-6.295780E-7	-1.341110E-7
1.412430E+4	-1.268470E-6	-4.656630E-7
1.412430E+4	-1.268470E-6	1.769520E-7
1.409370E+4	-7.711390E-7	-1.620510E-7
1.408250E+4	-6.631050E-7	-3.390030E-7
1.408250E+4	-6.631050E-7	-3.390030E-7
1.404990E+4	-4.488990E-7	-2.253810E-7
1.403970E+4	-9.406390E-7	1.173470E-7
1.403970E+4	-9.406390E-7	1.173470E-7
1.400670E+4	-9.145620E-7	3.725310E-8
1.398420E+4	-8.642710E-7	-2.812610E-7
1.397360E+4	-1.220040E-6	2.011670E-7
1.395350E+4	-5.550720E-7	-2.048920E-7
1.394320E+4	-6.984960E-7	1.899910E-7
1.394320E+4	-6.984960E-7	1.899910E-7
1.391000E+4	-1.862650E-7	5.699730E-7
1.389780E+4	-9.033870E-7	6.798690E-7
1.387710E+4	-7.133970E-7	-4.470370E-8
1.386750E+4	-8.121170E-7	-2.700850E-7
1.384640E+4	-6.128140E-7	-6.295780E-7
1.383730E+4	-7.003580E-7	-2.719480E-7
1.382680E+4	-6.463420E-7	-4.526250E-7
1.380400E+4	-1.315030E-6	2.738110E-7
1.379430E+4	-8.307430E-7	-4.041960E-7
1.377380E+4	-1.182790E-6	2.980250E-8
1.376370E+4	-1.328070E-6	2.458710E-7
1.375060E+4	-4.917420E-7	-8.381940E-7
1.373120E+4	-5.215440E-7	-4.917420E-7
1.371830E+4	-8.028040E-7	-9.313260E-7
1.369860E+4	-5.327200E-7	-7.581000E-7
1.368760E+4	4.041960E-7	-8.437820E-7
1.367740E+4	-8.679960E-7	1.303860E-8
1.365430E+4	-8.083920E-7	-3.762560E-7
1.364420E+4	-1.095240E-6	-4.656640E-8
1.362360E+4	-6.556550E-7	-2.644970E-7
1.361400E+4	-6.556550E-7	-2.644970E-7
1.359370E+4	-7.338860E-7	-1.657760E-7
1.359370E+4	-7.338860E-7	-1.657760E-7
1.356310E+4	-8.642710E-7	2.682230E-7
1.355060E+4	-9.182880E-7	5.345830E-7
1.354080E+4	-4.395860E-7	-5.774220E-8
1.351730E+4	-7.487870E-7	-1.322490E-7
1.350820E+4	-1.139950E-6	-1.322490E-7
1.350820E+4	-1.139950E-6	2.849870E-7
1.347760E+4	-7.264350E-7	-5.345830E-7
1.346260E+4	-1.078480E-6	-2.775360E-7
1.344170E+4	-1.139950E-6	8.754480E-8
1.344170E+4	-1.139950E-6	8.754480E-8
1.342070E+4	-9.890720E-7	2.235180E-7
1.339920E+4	-1.003970E-6	2.421450E-8
1.338620E+4	-8.456450E-7	-3.818440E-7
1.336580E+4	-1.290820E-6	1.732270E-7
1.335530E+4	-1.197690E-6	-3.539040E-7
1.333530E+4	-1.469630E-6	8.754480E-8
1.332430E+4	-8.512320E-7	-3.166510E-7
1.330490E+4	-1.402580E-6	4.004710E-7
1.329360E+4	-1.048680E-6	-1.918530E-7
1.327420E+4	-1.307580E-6	9.313270E-8
1.326310E+4	-7.394740E-7	-2.924370E-7
1.326310E+4	-7.394740E-7	-2.924370E-7
1.322770E+4	-8.232930E-7	-4.470370E-7
1.321760E+4	-1.115730E-6	-2.067550E-7
1.320560E+4	-1.130630E-6	1.247980E-7
1.318460E+4	-1.015150E-6	-3.483160E-7
1.318460E+4	-1.015150E-6	-3.483160E-7
1.315170E+4	-7.767270E-7	-3.222390E-7
1.314230E+4	-1.192100E-6	3.036130E-7
1.314230E+4	-1.192100E-6	3.036130E-7
1.311200E+4	-1.385820E-6	2.887120E-7
1.309090E+4	-1.009560E-6	-4.228220E-7
1.308160E+4	-1.469630E-6	2.998880E-7
1.307050E+4	-9.778960E-7	-1.806770E-7
1.305090E+4	-1.385820E-6	2.365570E-7
1.303970E+4	-1.292680E-6	-8.940740E-8
1.301790E+4	-1.367190E-6	1.899910E-7
1.300720E+4	-1.056130E-6	1.899910E-7
1.299680E+4	-1.093380E-6	-3.911580E-8
1.297470E+4	-9.741710E-7	-3.855690E-7
1.296360E+4	-1.065440E-6	-3.054760E-7
1.294210E+4	-1.588840E-6	2.738110E-7
1.293090E+4	-1.430520E-6	1.955790E-7
1.291820E+4	-1.378360E-6	1.583260E-7
1.289830E+4	-1.078480E-6	-1.639140E-7
1.289830E+4	-1.078480E-6	-1.639140E-7
1.286590E+4	-8.996610E-7	-2.700850E-7
1.285480E+4	-1.007700E-6	-1.452870E-7
1.283520E+4	-1.212590E-6	-3.222390E-7
1.282460E+4	-1.302000E-6	-7.450630E-8
1.281550E+4	-1.542280E-6	2.067550E-7
1.281550E+4	-1.542280E-6	2.067550E-7
1.277960E+4	-1.633550E-6	9.872060E-8
1.275840E+4	-1.143670E-6	-1.005830E-7
1.274930E+4	-1.749030E-6	1.937160E-7
1.272820E+4	-1.283370E-6	-1.918530E-7
1.271910E+4	-1.803050E-6	3.539040E-7
1.270810E+4	-1.458460E-6	-3.520420E-7
1.268850E+4	-1.672660E-6	3.352780E-8
1.268850E+4	-1.672660E-6	3.352780E-8
1.265550E+4	-1.374640E-6	-1.117590E-7
1.264460E+4	-7.581000E-7	-4.917420E-7
1.262500E+4	-8.642710E-7	1.639140E-7
1.261210E+4	-1.639140E-6	3.017500E-7
1.261210E+4	-1.639140E-6	3.017500E-7
1.258900E+4	-1.629820E-6	-2.067550E-7
1.256660E+4	-1.359740E-6	-2.607720E-7
1.255580E+4	-1.657760E-6	2.458710E-7
1.253580E+4	-1.758340E-6	9.685800E-8
1.252250E+4	-1.331800E-6	-3.278270E-7
1.251330E+4	-1.905490E-6	5.960510E-8
1.248940E+4	-1.350430E-6	-2.272440E-7
1.248020E+4	-1.916680E-6	1.732270E-7
1.245910E+4	-1.268470E-6	-2.067550E-7
1.245910E+4	-1.268470E-6	-2.067550E-7
1.242880E+4	-1.426790E-6	-3.855690E-7
1.242880E+4	-1.426790E-6	-3.855690E-7
1.239580E+4	-2.017260E-6	-4.954670E-7
1.239580E+4	-2.017260E-6	-4.954670E-7
1.237610E+4	-2.017260E-6	-6.370280E-7
1.235360E+4	-2.006080E-6	-3.352780E-8
1.235360E+4	-2.006080E-6	-3.352780E-8
1.232330E+4	-1.909230E-6	1.303860E-7
1.231300E+4	-1.832850E-6	-1.229350E-7
1.230210E+4	-1.743440E-6	-1.471500E-7
1.228010E+4	-1.527380E-6	-3.725310E-7
1.226890E+4	-1.691290E-6	-3.147890E-7
1.224740E+4	-2.117840E-6	3.427290E-7
1.223630E+4	-1.650310E-6	-1.862650E-7
1.222640E+4	-1.790010E-6	1.061710E-7
1.220400E+4	-2.518310E-6	1.061710E-7
1.219100E+4	-2.138330E-6	-6.780060E-7
1.217160E+4	-2.112250E-6	-1.359740E-7
1.217160E+4	-2.112250E-6	-1.359740E-7
1.214070E+4	-1.944620E-6	-2.365570E-7
1.212970E+4	-1.730400E-6	-2.756730E-7
1.211760E+4	-2.134610E-6	7.823160E-8
1.210720E+4	-2.186760E-6	-1.341110E-7
1.208130E+4	-1.981870E-6	-3.539050E-8
1.207230E+4	-2.194210E-6	1.359740E-7
1.205120E+4	-1.803050E-6	-3.799810E-7
1.203920E+4	-2.253820E-6	5.587960E-8
1.203920E+4	-2.253820E-6	5.587960E-8
1.200890E+4	-2.440080E-6	2.551840E-7
1.199850E+4	-2.097350E-6	-2.291060E-7
1.197880E+4	-2.272440E-6	6.612430E-7
1.196790E+4	-1.775110E-6	-3.725320E-9
1.194590E+4	-2.376750E-6	2.216560E-7
1.193570E+4	-1.933440E-6	-3.334150E-7
1.192480E+4	-2.345080E-6	-2.421450E-8
1.190330E+4	-2.162550E-6	-1.378370E-7
1.189200E+4	-2.047060E-6	-4.284110E-8
1.187260E+4	-2.298520E-6	-1.527380E-7
1.186140E+4	-2.121570E-6	-3.986080E-7
1.184920E+4	-2.428900E-6	-2.533220E-7
1.182600E+4	-2.155090E-6	-2.421460E-7
1.181600E+4	-2.233330E-6	-2.291060E-7
1.180400E+4	-2.818200E-6	2.011670E-7
1.180400E+4	-2.818200E-6	2.011670E-7
1.177060E+4	-2.954170E-6	1.098970E-7
1.177060E+4	-2.954170E-6	1.098970E-7
1.173710E+4	-2.738100E-6	3.352780E-8
1.171710E+4	-2.218420E-6	-3.594920E-7
1.170720E+4	-2.218420E-6	-3.594920E-7
1.169510E+4	-2.756730E-6	5.755610E-7
1.167440E+4	-2.542530E-6	-1.415620E-7
1.167440E+4	-2.542530E-6	-1.415620E-7
1.164140E+4	-2.518310E-6	6.891830E-8
1.163220E+4	-2.961620E-6	2.700850E-7
1.162110E+4	-3.073380E-6	-1.061710E-7
1.160820E+4	-2.682220E-6	-3.017500E-7
1.160820E+4	-2.682220E-6	-3.017500E-7
1.157530E+4	-2.680360E-6	-3.743930E-7
1.155570E+4	-2.697120E-6	-2.495960E-7
1.155570E+4	-2.697120E-6	-2.495960E-7
1.152500E+4	-2.743690E-6	-3.334150E-7
1.151390E+4	-3.010050E-6	-2.607710E-8
1.149240E+4	-2.982110E-6	-6.146770E-8
1.148120E+4	-2.728790E-6	-4.190970E-7
1.146170E+4	-2.967210E-6	-7.264360E-8
1.145070E+4	-2.713890E-6	-2.943000E-7
1.143100E+4	-2.719480E-6	-3.743930E-7
1.142020E+4	-2.477330E-6	-5.513470E-7
1.140800E+4	-3.222390E-6	3.296900E-7
1.138690E+4	-2.816330E-6	2.421460E-7
1.137450E+4	-2.961620E-6	1.769520E-7
1.137450E+4	-2.961620E-6	1.769520E-7
1.134150E+4	-3.319250E-6	1.490130E-8
1.133230E+4	-3.395620E-6	1.639140E-7
1.131120E+4	-3.395620E-6	1.639140E-7
1.130200E+4	-3.568840E-6	1.937160E-7
1.128090E+4	-3.568840E-6	1.937160E-7
1.127160E+4	-3.542770E-6	3.371410E-7
1.125070E+4	-3.598640E-6	3.166510E-7
1.124090E+4	-3.231700E-6	-1.918530E-7
1.122050E+4	-3.101320E-6	-4.805660E-7
1.120830E+4	-3.302480E-6	-3.334150E-7
1.119430E+4	-3.250330E-6	-2.216560E-7
1.117510E+4	-3.645210E-6	2.365570E-7
1.117510E+4	-3.645210E-6	2.365570E-7
1.114440E+4	-3.589330E-6	1.396990E-7
1.113310E+4	-3.589330E-6	1.396990E-7
1.111360E+4	-3.337870E-6	-1.620510E-7
1.110270E+4	-3.149750E-6	-2.216560E-7
1.110270E+4	-3.149750E-6	-2.216560E-7
1.106790E+4	-3.559530E-6	-2.682230E-7
1.105720E+4	-3.559530E-6	-2.682230E-7
1.104510E+4	-3.600510E-6	2.235190E-8
1.102400E+4	-3.885510E-6	2.235190E-8
1.101150E+4	-3.544630E-6	1.117590E-7
1.099130E+4	-3.237290E-6	-2.756730E-7
1.099130E+4	-3.237290E-6	-2.756730E-7
1.097180E+4	-3.652660E-6	-3.166520E-8
1.094520E+4	-3.393750E-6	-2.868490E-7
1.093610E+4	-3.526000E-6	-2.235190E-8
1.092530E+4	-3.278270E-6	-3.445910E-7
1.090600E+4	-3.706680E-6	1.061710E-7
1.088490E+4	-3.706680E-6	1.061710E-7
1.087530E+4	-3.563250E-6	6.146770E-8
1.086500E+4	-3.503650E-6	-3.036130E-7
1.084540E+4	-3.866880E-6	2.179300E-7
1.084540E+4	-3.866880E-6	2.179300E-7
1.081450E+4	-3.611680E-6	2.365570E-7
1.080330E+4	-3.438460E-6	-1.285230E-7
1.078090E+4	-4.164900E-6	-1.080340E-7
1.076980E+4	-3.652660E-6	-4.880170E-7
1.075020E+4	-3.738340E-6	8.568210E-8
1.073930E+4	-3.580020E-6	-9.872060E-8
1.073930E+4	-3.580020E-6	-9.872060E-8
1.071940E+4	-3.727170E-6	-9.872060E-8
1.070020E+4	-3.540900E-6	-1.285230E-7
1.067610E+4	-3.624720E-6	-3.594920E-7
1.066710E+4	-3.784910E-6	7.823160E-8
1.064600E+4	-3.485020E-6	-8.195680E-8
1.063690E+4	-4.030790E-6	1.359740E-7
1.061570E+4	-3.758830E-6	-2.440080E-7
1.060630E+4	-4.021480E-6	1.564630E-7
1.058550E+4	-4.135100E-6	8.195680E-8
1.057550E+4	-4.103440E-6	2.235190E-8
1.055510E+4	-3.987950E-6	5.029160E-8
1.054570E+4	-3.961880E-6	-1.788150E-7
1.052490E+4	-4.347440E-6	2.048920E-7
1.051510E+4	-4.297150E-6	-2.086170E-7
1.050390E+4	-3.848250E-6	-5.066430E-7
1.048140E+4	-3.863160E-6	-3.222390E-7
1.047040E+4	-4.183530E-6	-1.639140E-7
1.045050E+4	-3.879920E-6	-3.501790E-7
1.044020E+4	-3.904130E-6	-2.887120E-7
1.042070E+4	-4.066180E-6	-4.526250E-7
1.040650E+4	-4.354890E-6	1.806770E-7
1.038690E+4	-3.932070E-6	-7.078100E-8
1.037610E+4	-4.202160E-6	1.303860E-7
1.035620E+4	-4.477830E-6	-1.359740E-7
1.034600E+4	-4.179800E-6	1.266610E-7
1.032570E+4	-4.164900E-6	-1.173470E-7
1.031610E+4	-3.585610E-6	-1.043090E-7
1.031610E+4	-3.585610E-6	-1.043090E-7
1.028270E+4	-3.987950E-6	-4.731140E-7
1.027350E+4	-4.390280E-6	-5.345830E-7
1.026050E+4	-4.081080E-6	6.333040E-8
1.023680E+4	-4.610080E-6	6.668310E-7
1.022760E+4	-4.420090E-6	-1.862650E-7
1.020650E+4	-3.816590E-6	-1.229350E-7
1.019690E+4	-4.651050E-6	-5.569350E-7
1.017640E+4	-5.036620E-6	-1.266610E-7
1.016630E+4	-4.960250E-6	5.960510E-8
1.014630E+4	-5.180050E-6	5.960510E-8
1.014630E+4	-5.180050E-6	5.438960E-7
1.011610E+4	-4.213330E-6	-3.445910E-7
1.010320E+4	-4.762810E-6	-2.272440E-7
1.009200E+4	-5.252690E-6	3.222390E-7
1.009200E+4	-5.252690E-6	3.222390E-7
1.006170E+4	-4.589590E-6	3.669430E-7
1.004150E+4	-4.664090E-6	-2.980250E-8
1.003120E+4	-4.770260E-6	2.421450E-8
1.001070E+4	-4.472240E-6	-8.568200E-7
1.000100E+4	-4.319500E-6	1.452870E-7
9.978400E+3	-4.529980E-6	1.192100E-7
9.967900E+3	-5.070150E-6	-7.450630E-8
9.959000E+3	-5.049660E-6	-3.259650E-7
9.935000E+3	-4.565370E-6	-3.986080E-7
9.925800E+3	-4.639880E-6	-4.153720E-7
9.910700E+3	-5.312290E-6	1.080340E-7
9.889600E+3	-5.004960E-6	-1.359740E-7
9.877500E+3	-5.433370E-6	2.514590E-7
9.867100E+3	-4.844770E-6	-9.499540E-8
9.844400E+3	-4.978880E-6	0.000000E+0
9.834700E+3	-5.088780E-6	-6.519300E-8
9.823600E+3	-5.036620E-6	1.359740E-7
9.799300E+3	-5.224750E-6	5.606600E-7
9.788200E+3	-4.626840E-6	1.564630E-7
9.768700E+3	-5.058970E-6	-6.984960E-7
9.757500E+3	-5.051520E-6	-6.780060E-7
9.738500E+3	-5.327190E-6	2.700850E-7
9.727500E+3	-4.587720E-6	-4.321350E-7
9.717200E+3	-5.399840E-6	-1.173470E-7
9.693900E+3	-5.001230E-6	2.849870E-7
9.683900E+3	-5.384940E-6	3.092010E-7
9.674400E+3	-5.448270E-6	-2.048920E-7
9.648200E+3	-5.526500E-6	-2.030290E-7
9.648200E+3	-5.526500E-6	-2.030290E-7
9.615600E+3	-5.509730E-6	-2.160680E-7
9.605100E+3	-5.489240E-6	-2.514590E-7
9.584700E+3	-5.589830E-6	-3.092010E-7
9.574700E+3	-5.496690E-6	-1.359740E-7
9.562600E+3	-5.496690E-6	-1.918530E-7
9.541200E+3	-5.800310E-6	-5.587960E-9
9.532100E+3	-6.025690E-6	1.806770E-7
9.508200E+3	-5.716490E-6	-9.108370E-7
9.498900E+3	-5.722080E-6	-5.587960E-9
9.488700E+3	-5.306710E-6	2.048920E-8
9.465700E+3	-5.664330E-6	2.048920E-8
9.455100E+3	-5.897160E-6	1.881280E-7
9.442200E+3	-5.709040E-6	-3.650800E-7
9.422900E+3	-6.049900E-6	1.899910E-7
9.411800E+3	-5.843150E-6	-2.663600E-7
9.390600E+3	-5.776090E-6	-1.173470E-7
9.379400E+3	-5.761190E-6	-1.955790E-7
9.359900E+3	-6.072250E-6	6.333040E-8
9.359900E+3	-6.072250E-6	6.333040E-8
9.329000E+3	-6.064800E-6	4.284110E-8
9.317900E+3	-5.638260E-6	-2.309690E-7
9.308700E+3	-5.940000E-6	-5.029160E-8
9.308700E+3	-5.940000E-6	-5.029160E-8
9.275500E+3	-5.779820E-6	-7.078100E-8
9.252600E+3	-5.923240E-6	-1.247980E-7
9.242200E+3	-6.221260E-6	1.564630E-7
9.222100E+3	-5.470620E-6	-1.173470E-7
9.212200E+3	-5.891580E-6	-3.036130E-7
9.202600E+3	-6.301360E-6	-9.685800E-8
9.176400E+3	-5.867360E-6	-3.054760E-7
9.166800E+3	-5.986570E-6	-3.054760E-7
9.154100E+3	-6.148620E-6	1.918530E-7
9.133400E+3	-5.908340E-6	-7.636890E-8
9.124200E+3	-6.105780E-6	2.793980E-8
9.113000E+3	-5.891580E-6	-2.719480E-7
9.090700E+3	-6.442920E-6	2.142050E-7
9.079300E+3	-5.666200E-6	1.173470E-7
9.060000E+3	-5.863640E-6	2.179300E-7
9.048800E+3	-5.619630E-6	-2.011670E-7
9.029300E+3	-5.980980E-6	-1.732270E-7
9.016200E+3	-5.589830E-6	-2.924370E-7
8.996500E+3	-6.429880E-6	5.215440E-7
8.985200E+3	-5.902750E-6	6.705570E-8
8.965600E+3	-6.338610E-6	-2.477340E-7
8.954500E+3	-5.811480E-6	-4.675260E-7
8.954500E+3	-5.811480E-6	-4.675260E-7
8.919800E+3	-6.035000E-6	1.117590E-8
8.919800E+3	-6.035000E-6	1.117590E-8
8.888900E+3	-5.465030E-6	-3.166520E-8
8.878600E+3	-5.451990E-6	1.750900E-7
8.869500E+3	-5.722080E-6	7.264360E-8
8.843400E+3	-5.284350E-6	-3.874320E-7
8.833300E+3	-5.433370E-6	-6.891830E-8
8.812800E+3	-5.008680E-6	-1.434250E-7
8.803200E+3	-4.924860E-6	-2.738110E-7
8.791000E+3	-4.924860E-6	-2.738110E-7
8.769800E+3	-4.544880E-6	-2.272440E-7
8.757700E+3	-4.623110E-6	9.685800E-8
8.746500E+3	-4.036380E-6	-1.583260E-7
8.724400E+3	-3.837080E-6	-4.656640E-8
8.714200E+3	-3.378850E-6	-4.842900E-8
8.703200E+3	-3.326700E-6	-1.005830E-7
8.681300E+3	-2.866630E-6	8.940740E-8
8.669900E+3	-2.257540E-6	-3.632180E-7
8.650200E+3	-2.114120E-6	1.043090E-7
8.636900E+3	-1.164160E-6	-1.564630E-7
8.617300E+3	-8.493700E-7	3.278270E-7
8.606100E+3	1.024460E-7	-1.471500E-7
8.596600E+3	3.185140E-7	2.179300E-7
8.573600E+3	1.704330E-6	-3.911580E-8
8.563400E+3	1.721090E-6	3.315530E-7
8.543100E+3	3.229840E-6	-1.639140E-7
8.533300E+3	3.375130E-6	2.440080E-7
8.512600E+3	5.062700E-6	-2.235180E-7
8.503300E+3	5.096230E-6	2.551840E-7
8.479800E+3	7.052000E-6	-3.296900E-7
8.469700E+3	7.456200E-6	1.993040E-7
8.460400E+3	8.428530E-6	2.048920E-8
8.433300E+3	9.909330E-6	-3.278270E-7
8.424200E+3	9.791980E-6	4.582130E-7
8.413500E+3	1.084440E-5	-1.862660E-8
8.390800E+3	1.231590E-5	8.381950E-8
8.378700E+3	1.274430E-5	2.421450E-8
8.367600E+3	1.346510E-5	-4.768410E-7
8.347900E+3	1.325840E-5	3.390030E-7
8.336600E+3	1.435170E-5	-4.731140E-7
8.314800E+3	1.403880E-5	7.730010E-7
8.304100E+3	1.493100E-5	1.788150E-7
8.304100E+3	1.493100E-5	1.788150E-7
8.271800E+3	1.575440E-5	-1.918530E-7
8.260600E+3	1.596110E-5	-3.986080E-7
8.241200E+3	1.594620E-5	-2.328320E-7
8.230300E+3	1.533710E-5	6.575170E-7
8.207600E+3	1.583260E-5	2.533220E-7
8.197000E+3	1.627590E-5	-2.626350E-7
8.187900E+3	1.602070E-5	-1.154840E-7
8.161700E+3	1.600210E-5	-1.117590E-7
8.151500E+3	1.513780E-5	6.482040E-7
8.151500E+3	1.513780E-5	6.482040E-7
8.131100E+3	1.579350E-5	-3.129260E-7
8.106100E+3	1.464980E-5	8.232930E-7
8.106100E+3	1.464980E-5	8.232930E-7
8.076200E+3	1.459020E-5	7.078090E-7
8.076200E+3	1.459020E-5	7.078090E-7
8.066300E+3	1.464420E-5	4.414490E-7
8.033400E+3	1.460130E-5	1.732270E-7
8.009200E+3	1.443180E-5	-3.092010E-7
7.999800E+3	1.404630E-5	9.499540E-8
7.986600E+3	1.421020E-5	-2.514590E-7
7.966500E+3	1.306280E-5	6.388910E-7
7.955500E+3	1.391400E-5	-1.303860E-8
7.936000E+3	1.349120E-5	2.421460E-7
7.924800E+3	1.370540E-5	-3.781190E-7
7.912100E+3	1.314100E-5	1.434250E-7
7.892400E+3	1.283370E-5	4.488990E-7
7.881900E+3	1.294540E-5	2.551840E-7
7.873000E+3	1.326580E-5	-1.117590E-7
7.873000E+3	1.326580E-5	-1.117590E-7
7.836500E+3	1.239600E-5	2.328320E-7
7.814300E+3	1.328260E-5	-8.083920E-7
7.803100E+3	1.268090E-5	-6.929080E-7
7.783200E+3	1.266230E-5	-3.501790E-7
7.772800E+3	1.226930E-5	8.754480E-8
7.752500E+3	1.242200E-5	-3.166510E-7
7.742500E+3	1.132310E-5	4.339980E-7
7.730300E+3	1.139390E-5	4.712510E-7
7.730300E+3	1.139390E-5	4.712510E-7
7.700000E+3	1.199920E-5	-1.918530E-7
7.675600E+3	1.182040E-5	-2.216560E-7
7.666700E+3	1.091700E-5	7.171220E-7
7.645200E+3	1.133050E-5	7.078100E-8
7.636200E+3	1.120390E-5	1.434250E-7
7.636200E+3	1.120390E-5	1.434250E-7
7.602700E+3	1.128020E-5	-1.657760E-7
7.590000E+3	1.127090E-5	-3.501790E-7
7.576900E+3	1.123370E-5	-3.222390E-7
7.557300E+3	1.052210E-5	2.160680E-7
7.546200E+3	1.090030E-5	1.750900E-7
7.533400E+3	1.090030E-5	1.750900E-7
7.513800E+3	1.069160E-5	6.295780E-7
7.503100E+3	9.896290E-6	5.699730E-7
7.483000E+3	9.896290E-6	5.699730E-7
7.470100E+3	9.862760E-6	6.295780E-7
7.470100E+3	9.862760E-6	6.295780E-7
7.437300E+3	1.026880E-5	2.421450E-8
7.427400E+3	9.693260E-6	5.289950E-7
7.427400E+3	9.693260E-6	5.289950E-7
7.397200E+3	1.041410E-5	-4.135090E-7
7.384300E+3	1.039180E-5	-3.222390E-7
7.360600E+3	9.246230E-6	3.669430E-7
7.351400E+3	1.009560E-5	-4.153720E-7
7.338400E+3	1.009560E-5	-4.153720E-7
7.315000E+3	9.942860E-6	-2.793980E-8
7.302800E+3	9.227600E-6	6.295780E-7
7.291500E+3	9.918640E-6	7.450640E-9
7.272000E+3	9.313280E-6	2.104800E-7
7.260800E+3	9.816200E-6	-4.097840E-7
7.241200E+3	8.944480E-6	4.973300E-7
7.230000E+3	8.996630E-6	3.166510E-7
7.208400E+3	8.724690E-6	4.824290E-7
7.197100E+3	9.356120E-6	-2.943000E-7
7.177900E+3	9.667190E-6	-3.073380E-7
7.166600E+3	9.151230E-6	1.732270E-7
7.166600E+3	9.151230E-6	1.732270E-7
7.134100E+3	8.583130E-6	3.855690E-7
7.121300E+3	8.598030E-6	6.128140E-7
7.112200E+3	9.242500E-6	-2.570470E-7
7.088000E+3	9.294660E-6	-4.060580E-7
7.078900E+3	8.191970E-6	6.053630E-7
7.055000E+3	8.517930E-6	-4.563500E-7
7.045600E+3	8.517930E-6	-4.563500E-7
7.045600E+3	8.137950E-6	2.197930E-7
7.012100E+3	7.899540E-6	4.563500E-7
7.002800E+3	8.359610E-6	1.098970E-7
6.982000E+3	8.199420E-6	1.098970E-7
6.972200E+3	8.834580E-6	-3.036130E-7
6.972200E+3	8.834580E-6	-3.036130E-7
6.939700E+3	8.357750E-6	1.732270E-7
6.926900E+3	8.469510E-6	-1.862650E-7
6.906600E+3	7.597760E-6	8.158420E-7
6.896000E+3	8.285100E-6	4.787030E-7
6.896000E+3	8.285100E-6	4.787030E-7
6.885500E+3	7.612660E-6	8.791720E-7
6.852300E+3	8.098840E-6	-2.216560E-7
6.852300E+3	8.098840E-6	-2.216560E-7
6.819500E+3	7.750520E-6	2.570470E-7
6.809600E+3	8.296280E-6	-3.520420E-7
6.786000E+3	8.201280E-6	-2.887120E-7
6.776500E+3	7.920030E-6	-8.940740E-8
6.753600E+3	7.851110E-6	3.539050E-8
6.743300E+3	7.938650E-6	9.499540E-8
6.731300E+3	7.428260E-6	6.593800E-7
6.710200E+3	7.476690E-6	1.750900E-7
6.710200E+3	7.476690E-6	1.750900E-7
6.685900E+3	7.284830E-6	-6.705570E-8
6.664700E+3	7.521390E-6	-1.043090E-7
6.655600E+3	6.884370E-6	4.898790E-7
6.634300E+3	7.279250E-6	3.539050E-8
6.634300E+3	7.279250E-6	3.539050E-8
6.601000E+3	7.392870E-6	-2.812610E-7
6.591900E+3	7.590310E-6	-1.546000E-7
6.578300E+3	7.592170E-6	-5.587960E-8
6.578300E+3	7.592170E-6	-5.587960E-8
6.545600E+3	7.333260E-6	6.482040E-7
6.534200E+3	7.994530E-6	-3.799810E-7
6.514700E+3	6.791230E-6	1.210730E-7
6.503600E+3	7.400320E-6	-3.706680E-7
6.503600E+3	7.400320E-6	-3.706680E-7
6.470800E+3	7.040830E-6	6.891830E-8
6.470800E+3	7.040830E-6	6.891830E-8
6.440300E+3	7.962870E-6	-7.823160E-8
6.440300E+3	7.962870E-6	-7.823160E-8
6.407600E+3	6.981220E-6	-6.519300E-8
6.407600E+3	6.981220E-6	-6.519300E-8
6.375200E+3	6.597520E-6	1.415620E-7
6.364700E+3	7.214050E-6	-8.754480E-8
6.352700E+3	6.426150E-6	6.146770E-7
6.331600E+3	6.964460E-6	-2.235190E-8
6.322500E+3	6.353510E-6	7.730010E-7
6.301100E+3	6.871330E-6	1.359740E-7
6.301100E+3	6.871330E-6	1.359740E-7
6.270800E+3	7.089260E-6	-4.731140E-7
6.258800E+3	6.370280E-6	-1.750900E-7
6.248500E+3	6.761430E-6	-2.998880E-7
6.248500E+3	6.761430E-6	-2.998880E-7
6.215900E+3	6.428020E-6	1.732270E-7
6.195000E+3	6.442920E-6	-2.421450E-8
6.182300E+3	6.713000E-6	-4.749760E-7
6.171000E+3	6.083430E-6	-3.911580E-8
6.152400E+3	6.113230E-6	5.960510E-8
6.152400E+3	6.113230E-6	5.960510E-8
6.118900E+3	5.964220E-6	9.965220E-7
6.107600E+3	6.925340E-6	4.284110E-8
6.088100E+3	6.925340E-6	4.284110E-8
6.076800E+3	5.563750E-6	1.098970E-7
6.061700E+3	6.299490E-6	-3.613550E-7
6.061700E+3	6.299490E-6	-3.613550E-7
6.052500E+3	5.986570E-6	4.265480E-7
6.018900E+3	6.055490E-6	3.241020E-7
5.996400E+3	6.489480E-6	-1.676390E-7
5.985500E+3	6.282730E-6	1.005830E-7
5.976200E+3	6.215680E-6	1.005830E-7
5.952100E+3	5.643840E-6	4.675260E-7
5.942900E+3	6.012650E-6	2.849870E-7
5.918500E+3	6.491350E-6	-5.252700E-7
5.909300E+3	6.038720E-6	1.993040E-7
5.909300E+3	6.038720E-6	1.993040E-7
5.875800E+3	5.725800E-6	3.576300E-7
5.866100E+3	5.465030E-6	4.768410E-7
5.845900E+3	5.794720E-6	6.407540E-7
5.845900E+3	5.794720E-6	6.407540E-7
5.824600E+3	6.541640E-6	-1.750900E-7
5.803000E+3	5.742560E-6	1.005830E-7
5.791800E+3	6.269690E-6	-7.078100E-8
5.772400E+3	5.645710E-6	3.315530E-7
5.761200E+3	5.763050E-6	8.568210E-8
5.739700E+3	5.882260E-6	5.960510E-8
5.728200E+3	6.016370E-6	1.583260E-7
5.718400E+3	6.016370E-6	1.583260E-7
5.695300E+3	5.936280E-6	-1.825400E-7
5.695300E+3	5.936280E-6	-1.825400E-7
5.662500E+3	5.884130E-6	-1.546000E-7
5.651200E+3	6.148620E-6	2.607710E-8
5.631500E+3	6.008920E-6	-6.705570E-8
5.620500E+3	5.899030E-6	3.725310E-8
5.611400E+3	5.265730E-6	4.880170E-7
5.587100E+3	5.098090E-6	3.874320E-7
5.587100E+3	5.098090E-6	3.874320E-7
5.556900E+3	5.228470E-6	3.334150E-7
5.547900E+3	5.543260E-6	3.632180E-7
5.526600E+3	5.483660E-6	2.123420E-7
5.517400E+3	5.152110E-6	2.812610E-7
5.496300E+3	5.096230E-6	3.185140E-7
5.486900E+3	5.167010E-6	4.526250E-7
5.463200E+3	5.520910E-6	2.291060E-7
5.454300E+3	5.308570E-6	1.471500E-7
5.440400E+3	5.217300E-6	1.788150E-7
5.427300E+3	5.824520E-6	-4.712510E-7
5.427300E+3	5.824520E-6	-4.712510E-7
5.407900E+3	5.500420E-6	2.980250E-8
5.381500E+3	5.627080E-6	-1.154840E-7
5.362000E+3	5.161420E-6	2.272440E-7
5.348700E+3	5.913930E-6	-2.626350E-7
5.329100E+3	5.409150E-6	1.639140E-7
5.317600E+3	6.107640E-6	2.048920E-7
5.308200E+3	5.880400E-6	1.002110E-6
5.284200E+3	5.777950E-6	1.899910E-7
5.275100E+3	5.198670E-6	7.674130E-7
5.251700E+3	5.722080E-6	-1.303860E-7
5.241800E+3	5.142790E-6	4.265480E-7
5.220900E+3	5.498560E-6	2.216560E-7
5.211600E+3	5.101810E-6	6.780060E-7
5.190400E+3	5.858050E-6	-5.569350E-7
5.181300E+3	4.969570E-6	-1.117590E-7
5.170600E+3	5.096230E-6	1.303860E-7
5.148000E+3	4.962120E-6	3.855690E-7
5.138000E+3	4.837320E-6	3.296900E-7
5.114200E+3	5.317880E-6	-1.415620E-7
5.105000E+3	4.775850E-6	3.781190E-7
5.093600E+3	5.446400E-6	-4.656630E-7
5.093600E+3	5.446400E-6	-4.656630E-7
5.062500E+3	5.442680E-6	-3.818440E-7
5.043000E+3	4.893200E-6	4.246850E-7
5.029800E+3	5.155830E-6	-6.705570E-8
5.010300E+3	4.563510E-6	6.612430E-7
4.999000E+3	5.546990E-6	6.612430E-7
4.989500E+3	4.796340E-6	5.252700E-7
4.966500E+3	4.796340E-6	5.252700E-7
4.956100E+3	5.133480E-6	3.203770E-7
4.935700E+3	5.738840E-6	-1.117590E-7
4.935700E+3	5.738840E-6	-1.117590E-7
4.904700E+3	5.507870E-6	-3.688060E-7
4.895400E+3	4.936040E-6	4.321350E-7
4.874000E+3	5.137200E-6	1.341110E-7
4.861700E+3	5.433370E-6	1.098970E-7
4.849800E+3	4.714380E-6	6.817320E-7
4.828400E+3	5.055250E-6	7.823160E-8
4.819300E+3	4.468510E-6	4.246850E-7
4.798000E+3	4.835460E-6	2.644970E-7
4.788800E+3	4.489000E-6	5.401710E-7
4.767600E+3	5.271310E-6	-2.924370E-7
4.755600E+3	5.040350E-6	3.166520E-8
4.755600E+3	5.040350E-6	3.166520E-8
4.722200E+3	4.256170E-6	5.867370E-7
4.712400E+3	4.131380E-6	4.656640E-8
4.701200E+3	4.300880E-6	-5.345830E-7
4.676900E+3	3.583740E-6	-5.345830E-7
4.665800E+3	3.699230E-6	2.272440E-7
4.655600E+3	3.520410E-6	3.911580E-8
4.632100E+3	2.808880E-6	3.911580E-8
4.619300E+3	3.336010E-6	-2.644970E-7
4.599600E+3	2.771630E-6	1.769520E-7
4.589000E+3	3.090140E-6	-5.587960E-9
4.579900E+3	2.568600E-6	3.855690E-7
4.553600E+3	2.330180E-6	-2.011670E-7
4.553600E+3	2.330180E-6	-2.011670E-7
4.522700E+3	1.152980E-6	-2.570470E-7
4.522700E+3	1.152980E-6	-2.570470E-7
4.497600E+3	-1.639140E-7	1.657760E-7
4.497600E+3	-1.639140E-7	1.657760E-7
4.476900E+3	-1.451010E-6	-6.593800E-7
4.457500E+3	-3.324840E-6	4.414490E-7
4.434100E+3	-4.556060E-6	-1.601880E-7
4.434100E+3	-4.556060E-6	-1.601880E-7
4.403800E+3	-5.064560E-6	-3.092010E-7
4.391300E+3	-5.064560E-6	-3.092010E-7
4.379900E+3	-5.280630E-6	-3.706680E-7
4.360600E+3	-5.500420E-6	-1.117590E-7
4.349300E+3	-5.126030E-6	-3.352780E-7
4.327700E+3	-4.263620E-6	-1.203280E-6
4.316400E+3	-4.135100E-6	-8.717220E-7
4.306600E+3	-4.924860E-6	1.490130E-8
4.283900E+3	-4.636150E-6	-3.408660E-7
4.270800E+3	-4.163040E-6	-4.805660E-7
4.261300E+3	-4.179800E-6	-3.259650E-7
4.237200E+3	-4.109020E-6	-1.918530E-7
4.237200E+3	-4.109020E-6	-1.918530E-7
4.204500E+3	-4.055010E-6	-5.643850E-7
4.204500E+3	-4.055010E-6	-5.643850E-7
4.173700E+3	-3.634040E-6	-3.911570E-7
4.164300E+3	-3.848250E-6	-3.911570E-7
4.164300E+3	-3.848250E-6	-5.960510E-8
4.133800E+3	-3.255920E-6	-3.408660E-7
4.121500E+3	-3.516690E-6	-3.408660E-7
4.100400E+3	-3.501790E-6	-2.272440E-7
4.090800E+3	-3.721580E-6	-6.705570E-8
4.079500E+3	-3.496200E-6	-1.359740E-7
4.055100E+3	-3.270820E-6	9.872060E-8
4.045200E+3	-2.712030E-6	-1.378370E-7
4.032000E+3	-2.816330E-6	-1.378370E-7
4.012400E+3	-2.682220E-6	1.117590E-7
3.998400E+3	-2.803300E-6	1.117590E-7
3.985400E+3	-2.259400E-6	-3.166510E-7
3.965800E+3	-2.855450E-6	1.490130E-8
3.954900E+3	-3.064070E-6	2.849870E-7
3.934600E+3	-2.218420E-6	-4.917420E-7
3.924200E+3	-2.792120E-6	-6.891830E-8
3.924200E+3	-2.792120E-6	-6.891830E-8
3.901800E+3	-2.784670E-6	-1.229350E-7
3.878400E+3	-2.132740E-6	-3.688060E-7
3.855900E+3	-2.210970E-6	-3.483160E-7
3.845000E+3	-2.477330E-6	-2.980250E-8
3.836000E+3	-1.946480E-6	-2.570470E-7
3.811900E+3	-2.259400E-6	3.743930E-7
3.811900E+3	-2.259400E-6	3.743930E-7
3.802700E+3	-1.827260E-6	-1.098970E-7
3.766200E+3	-1.885000E-6	3.725310E-8
3.757000E+3	-2.039610E-6	3.539050E-8
3.757000E+3	-2.039610E-6	3.539050E-8
3.720600E+3	-2.114120E-6	7.078100E-8
3.711100E+3	-1.637270E-6	-2.179300E-7
3.690100E+3	-2.091770E-6	1.471500E-7
3.680000E+3	-1.590710E-6	-2.086170E-7
3.659300E+3	-1.916680E-6	-7.823160E-8
3.648800E+3	-1.549730E-6	-3.967450E-7
3.628800E+3	-1.702460E-6	-1.024460E-7
3.617600E+3	-1.234940E-6	-3.315530E-7
3.598100E+3	-1.600020E-6	2.235180E-7
3.586800E+3	-1.212590E-6	-2.328320E-7
3.567500E+3	-1.695010E-6	1.993040E-7
3.554400E+3	-1.236800E-6	-2.495960E-7
3.543800E+3	-1.572080E-6	2.346940E-7
3.521900E+3	-1.164160E-6	-2.067550E-7
3.508700E+3	-1.046810E-6	-2.943000E-7
3.498400E+3	-1.633550E-6	2.197930E-7
3.477800E+3	-1.266610E-6	-2.421460E-7
3.477800E+3	-1.266610E-6	-2.421460E-7
3.467900E+3	-1.650310E-6	2.849870E-7
3.447000E+3	-1.154850E-6	-4.004710E-7
3.414000E+3	-1.052400E-6	-3.371410E-7
3.414000E+3	-1.052400E-6	-3.371410E-7
3.403900E+3	-1.614920E-6	6.519300E-8
3.370500E+3	-1.508750E-6	-7.078100E-8
3.360800E+3	-1.560900E-6	6.333040E-8
3.349400E+3	-1.039360E-6	-3.818440E-7
3.328000E+3	-1.637270E-6	-1.341110E-7
3.316700E+3	-1.113870E-6	-3.464540E-7
3.316700E+3	-1.113870E-6	-3.464540E-7
3.282100E+3	-1.333660E-6	8.940740E-8
3.270700E+3	-9.760330E-7	-2.142050E-7
3.248900E+3	-1.497570E-6	1.061710E-7
3.238000E+3	-1.091520E-6	-3.855690E-7
3.238000E+3	-1.091520E-6	-3.855690E-7
3.204400E+3	-1.069170E-6	-2.123420E-7
3.194300E+3	-8.940730E-7	-7.823160E-8
3.194300E+3	-8.940730E-7	-7.823160E-8
3.161100E+3	-8.977990E-7	-1.452870E-7
3.141200E+3	-8.977990E-7	-1.452870E-7
3.128000E+3	-8.847600E-7	-6.146770E-8
3.118600E+3	-8.847600E-7	-6.146770E-8
3.097300E+3	-1.180920E-6	3.185140E-7
3.088200E+3	-1.173470E-6	3.390030E-7
3.077500E+3	-1.139950E-6	3.129260E-7
3.054800E+3	-1.098970E-6	1.117590E-7
3.045000E+3	-1.227490E-6	3.166510E-7
3.021500E+3	-8.251550E-7	1.117590E-8
3.021500E+3	-8.251550E-7	1.117590E-8
2.991300E+3	-1.028190E-6	2.235190E-8
2.981700E+3	-1.395130E-6	2.272440E-7
2.957700E+3	-8.028040E-7	5.960510E-8
2.948400E+3	-1.143670E-6	3.110640E-7
2.948400E+3	-1.143670E-6	3.110640E-7
2.917300E+3	-9.648570E-7	1.806770E-7
2.904200E+3	-7.115340E-7	-5.960510E-8
2.904200E+3	-7.115340E-7	-5.960510E-8
2.872900E+3	-5.867370E-7	-4.582130E-7
2.862400E+3	-6.649680E-7	-3.501790E-7
2.840300E+3	-8.065290E-7	-1.862660E-9
2.829100E+3	-6.351660E-7	-3.762560E-7
2.817000E+3	-5.196820E-7	-2.700850E-7
2.793600E+3	-4.731140E-7	-1.713640E-7
2.783700E+3	-4.991930E-7	-3.036130E-7
2.761000E+3	-4.097840E-7	-1.620510E-7
2.750300E+3	-8.810350E-7	1.732270E-7
2.730000E+3	-6.072260E-7	-2.030290E-7
2.719800E+3	-6.854570E-7	-3.166520E-8
2.719800E+3	-6.854570E-7	-3.166520E-8
2.689500E+3	-3.594920E-7	-4.395860E-7
2.677400E+3	-1.059850E-6	1.993040E-7
2.656100E+3	-5.047800E-7	-4.284110E-8
2.646900E+3	-9.816210E-7	2.700850E-7
2.625800E+3	-8.251550E-7	-1.862650E-7
2.616000E+3	-1.072890E-6	7.823160E-8
2.595200E+3	-8.009410E-7	2.738110E-7
2.585100E+3	-7.394740E-7	6.146770E-8
2.573800E+3	-7.357480E-7	1.080340E-7
2.573800E+3	-7.357480E-7	1.080340E-7
2.539000E+3	-9.797590E-7	2.551840E-7
2.525800E+3	-7.189850E-7	1.080340E-7
2.525800E+3	-7.189850E-7	1.080340E-7
2.492200E+3	-7.730010E-7	1.005830E-7
2.479500E+3	-6.780060E-7	1.154840E-7
2.459300E+3	-3.371410E-7	-5.029160E-8
2.448800E+3	-8.568200E-7	3.576300E-7
2.428300E+3	-2.197930E-7	-1.750900E-7
2.418400E+3	-5.923250E-7	2.216560E-7
2.418400E+3	-5.923250E-7	2.216560E-7
2.387800E+3	-7.413360E-7	2.812610E-7
2.364000E+3	-5.662480E-7	-1.452870E-7
2.353800E+3	-7.264350E-7	1.136220E-7
2.344400E+3	-9.946600E-7	3.092010E-7
2.344400E+3	-9.946600E-7	3.092010E-7
2.320200E+3	-7.245730E-7	4.507620E-7
2.289900E+3	-6.035010E-7	1.806770E-7
2.289900E+3	-6.035010E-7	1.806770E-7
2.280700E+3	-7.059460E-7	1.862650E-7
2.250100E+3	-8.363310E-7	1.043090E-7
2.250100E+3	-8.363310E-7	1.043090E-7
2.219100E+3	-2.961620E-7	-2.179300E-7
2.198700E+3	-9.685830E-7	2.458710E-7
2.187900E+3	-5.252700E-7	-4.656640E-8
2.187900E+3	-5.252700E-7	-4.656640E-8
2.152800E+3	-5.085060E-7	-1.024460E-7
2.141600E+3	-3.054760E-7	-2.104800E-7
2.131200E+3	-7.096710E-7	5.774220E-8
2.106100E+3	-9.834840E-7	4.116460E-7
2.094600E+3	-3.594920E-7	-2.235180E-7
2.074900E+3	-4.041960E-7	3.725310E-8
2.061500E+3	-4.041960E-7	3.725310E-8
2.061500E+3	-2.775360E-7	1.341110E-7
2.028400E+3	-3.688060E-7	-1.695020E-7
2.028400E+3	-3.688060E-7	-1.695020E-7
2.017700E+3	-2.291060E-7	-1.098970E-7
1.986600E+3	-1.862660E-9	-8.940740E-8
1.974100E+3	-8.232930E-7	4.693880E-7
1.952000E+3	-3.036130E-7	-1.676390E-7
1.942700E+3	-7.748640E-7	3.427290E-7
1.921000E+3	-1.899910E-7	1.508750E-7
1.911600E+3	-4.116460E-7	1.806770E-7
1.898100E+3	-8.940740E-8	-2.384200E-7
1.877500E+3	-7.636880E-7	1.527380E-7
1.855900E+3	-6.128140E-7	-1.117590E-7
1.846800E+3	-3.967450E-7	-1.750900E-7
1.833800E+3	-4.805660E-7	3.725310E-8
1.813500E+3	-9.015240E-7	5.234070E-7
1.803100E+3	-5.792860E-7	-1.527380E-7
1.783400E+3	-8.828970E-7	3.092010E-7
1.772500E+3	-5.718360E-7	-5.401690E-8
1.772500E+3	-5.718360E-7	-5.401690E-8
1.740900E+3	-6.314400E-7	-1.750900E-7
1.730100E+3	-1.452870E-7	-4.898790E-7
1.709200E+3	-7.282980E-7	2.235180E-7
1.698100E+3	-8.754480E-8	-2.142050E-7
1.679400E+3	-9.052490E-7	1.620510E-7
1.668600E+3	-2.309690E-7	-3.036130E-7
1.660000E+3	-1.713640E-7	-4.135090E-7
1.660000E+3	-1.713640E-7	-4.135090E-7
1.627900E+3	-3.986080E-7	-1.676390E-7
1.627900E+3	-3.986080E-7	-1.676390E-7
1.595800E+3	-4.544870E-7	-2.868490E-7
1.584200E+3	-6.221270E-7	-7.450640E-9
1.563600E+3	-1.918530E-7	-1.285230E-7
1.551800E+3	-5.345830E-7	2.831240E-7
1.531000E+3	-1.769520E-7	-3.594920E-7
1.522200E+3	-5.848740E-7	2.067550E-7
1.512700E+3	-6.426160E-7	2.644970E-7
1.486600E+3	-8.754480E-8	-3.036130E-7
1.477800E+3	-3.110640E-7	-2.663600E-7
1.467000E+3	-1.396990E-7	-4.470370E-7
1.447900E+3	-6.649680E-7	5.960510E-8
1.436700E+3	-2.421450E-8	-3.892950E-7
1.417800E+3	-1.899910E-7	0.000000E+0
1.406800E+3	-3.743930E-7	-7.823150E-7
1.387900E+3	-9.574070E-7	3.669430E-7
1.375100E+3	-4.842910E-7	-6.519300E-8
1.356500E+3	-9.387770E-7	2.533220E-7
1.345800E+3	-1.639140E-7	-2.570470E-7
1.327600E+3	-5.830120E-7	2.365570E-7
1.317000E+3	-1.080340E-7	-2.570470E-7
1.298800E+3	-3.483160E-7	1.452870E-7
1.298800E+3	-3.483160E-7	1.452870E-7
1.280600E+3	-2.477340E-7	-9.872060E-8
1.258500E+3	-1.471500E-7	-2.570470E-7
1.250300E+3	-5.401690E-8	-2.607720E-7
1.229200E+3	-1.341110E-7	-2.030290E-7
1.220300E+3	-3.501790E-7	9.872060E-8
1.209600E+3	-5.643850E-7	3.352780E-7
1.190800E+3	-3.837070E-7	1.564630E-7
1.190800E+3	-3.837070E-7	1.564630E-7
1.173200E+3	-3.743930E-7	-2.477340E-7
1.154100E+3	-1.396990E-7	-3.241020E-7
1.142800E+3	-8.493700E-7	2.197930E-7
1.131400E+3	-1.657760E-7	-3.334150E-7
1.114800E+3	-3.874320E-7	-6.519300E-8
1.105000E+3	-1.210730E-7	-1.825400E-7
1.088800E+3	-4.526250E-7	1.862660E-9
1.079000E+3	-1.080340E-7	-3.036130E-7
1.079000E+3	-1.080340E-7	-3.036130E-7
1.051500E+3	-5.196820E-7	-3.594920E-7
1.035500E+3	-5.103680E-7	1.396990E-7
1.025800E+3	-5.103680E-7	1.396990E-7
1.009800E+3	-5.550720E-7	1.583260E-7
1.000500E+3	-8.568200E-7	2.626350E-7
9.880000E+2	-5.904620E-7	-3.315530E-7
9.721000E+2	-6.146770E-7	-9.872060E-8
9.629000E+2	-4.488990E-7	-2.663600E-7
9.465000E+2	-3.948830E-7	-2.943000E-7
9.379000E+2	-2.905740E-7	-2.943000E-7
9.211000E+2	-2.291060E-7	-4.544870E-7
9.130000E+2	-6.705560E-7	3.501790E-7
8.957000E+2	-3.892950E-7	-4.339980E-7
8.957000E+2	-3.892950E-7	-4.339980E-7
8.782000E+2	-6.333030E-7	3.073380E-7
8.604000E+2	-6.146770E-8	-3.017500E-7
8.506000E+2	-8.214300E-7	3.520420E-7
8.421000E+2	-5.997750E-7	-3.166520E-8
8.230000E+2	-8.177050E-7	1.955790E-7
8.153000E+2	-2.868490E-7	-1.173470E-7
8.057000E+2	-5.457590E-7	-2.421450E-8
7.856000E+2	-8.791720E-7	5.140940E-7
7.765000E+2	-5.234070E-7	4.097840E-8
7.605000E+2	-5.811490E-7	-1.415620E-7
7.498000E+2	-2.589090E-7	-3.222390E-7
7.404000E+2	-8.698590E-7	-1.490130E-8
7.242000E+2	-5.848740E-7	-3.017500E-7
7.134000E+2	-9.071120E-7	2.272440E-7
7.029000E+2	-5.755610E-7	-8.009420E-8
6.865000E+2	-6.388910E-7	2.719480E-7
6.865000E+2	-6.388910E-7	2.719480E-7
6.682000E+2	-8.698590E-7	2.887120E-7
6.483000E+2	-1.110140E-6	4.321350E-7
6.383000E+2	-7.506500E-7	3.166520E-8
6.310000E+2	-1.003970E-6	1.303860E-7
6.111000E+2	-7.338860E-7	-1.955790E-7
6.040000E+2	-7.618260E-7	-8.009420E-8
5.863000E+2	-1.022600E-6	1.583260E-7
5.792000E+2	-6.537920E-7	-2.384200E-7
5.670000E+2	-4.284100E-7	5.587960E-8
5.470000E+2	-6.351660E-7	5.029160E-8
5.400000E+2	-1.003970E-6	1.266610E-7
5.227000E+2	-5.234070E-7	8.195680E-8
5.154000E+2	-1.078480E-6	4.302730E-7
4.985000E+2	-9.704450E-7	2.142050E-7
4.913000E+2	-9.704450E-7	2.142050E-7
4.816000E+2	-1.270330E-6	5.215430E-8
4.540000E+2	-1.302000E-6	-3.110640E-7
4.372000E+2	-1.683840E-6	1.043090E-7
4.188000E+2	-9.927970E-7	-2.104800E-7
3.641000E+2	-1.274060E-6	-3.185140E-7
3.424000E+2	-1.629820E-6	7.636890E-8
2.933000E+2	-1.182790E-6	-3.650800E-7
2.692000E+2	-1.721090E-6	2.197930E-7
2.093000E+2	-8.903480E-7	1.732270E-7
1.836000E+2	-7.376110E-7	3.483160E-7
1.558000E+2	-7.376110E-7	3.483160E-7
9.400000E+1	-7.674130E-7	-1.899910E-7
6.650000E+1	-6.165390E-7	-1.788150E-7
3.120000E+1	-7.972160E-7	-4.880170E-7
-2.370000E+1	-5.625220E-7	-4.880170E-7
-6.040000E+1	-9.685800E-8	1.527380E-7
-1.131000E+2	4.097840E-8	3.129260E-7
-1.407000E+2	2.514590E-7	-1.117590E-7
-1.681000E+2	1.229350E-7	2.607710E-8
-2.279000E+2	1.041230E-6	-4.731140E-7
-2.537000E+2	9.890720E-7	-5.401690E-8
-3.037000E+2	1.082200E-6	-1.881280E-7
-3.274000E+2	8.810350E-7	9.313280E-9
-3.795000E+2	1.428660E-6	3.390030E-7
