Sample Name, AUS25x23_22G
Freq, 22, GHz, Power, 10, dBm
SR850: f = 25 Hz; phase = 96 deg; output = 5 V; sens. = 50 uV; tc = 300 ms; 12dB/oct
Field	X	Y
Oe	V	V
*
-6.596000E+2	5.509730E-6	2.961620E-7
-6.596000E+2	6.800550E-6	3.892950E-7
-6.584000E+2	6.785650E-6	3.110640E-7
-6.575000E+2	6.588200E-6	3.445910E-7
-6.525000E+2	6.554680E-6	5.643850E-7
-6.433000E+2	6.496940E-6	6.910450E-7
-6.225000E+2	6.530460E-6	4.023330E-7
-6.087000E+2	6.513700E-6	3.874320E-7
-5.816000E+2	6.627320E-6	6.482040E-7
-5.655000E+2	6.791230E-6	6.333030E-7
-5.324000E+2	7.139550E-6	4.190970E-7
-5.160000E+2	7.474820E-6	2.738110E-7
-4.869000E+2	7.972180E-6	6.705570E-8
-4.712000E+2	8.037370E-6	-5.587960E-9
-4.541000E+2	7.987080E-6	5.587960E-8
-4.281000E+2	8.277650E-6	1.918530E-7
-4.126000E+2	8.480680E-6	6.519300E-8
-3.910000E+2	8.910950E-6	-1.490130E-8
-3.798000E+2	9.028300E-6	-4.470370E-8
-3.798000E+2	9.028300E-6	-4.470370E-8
-3.515000E+2	9.574050E-6	-1.415620E-7
-3.336000E+2	1.015520E-5	-2.048920E-7
-3.248000E+2	1.015520E-5	-2.048920E-7
-3.163000E+2	1.048860E-5	-5.215430E-8
-2.971000E+2	1.036010E-5	-1.341110E-7
-2.855000E+2	1.041970E-5	-1.266610E-7
-2.647000E+2	1.006210E-5	-1.303860E-8
-2.528000E+2	9.955900E-6	-1.285230E-7
-2.425000E+2	9.732380E-6	-1.639140E-7
-2.222000E+2	8.929580E-6	-1.452870E-7
-2.007000E+2	8.158440E-6	-3.408660E-7
-1.915000E+2	7.836210E-6	-3.278270E-7
-1.802000E+2	7.484140E-6	-7.078100E-8
-1.584000E+2	6.964460E-6	7.078100E-8
-1.479000E+2	6.768880E-6	2.514590E-7
-1.479000E+2	6.768880E-6	2.514590E-7
-1.146000E+2	6.154210E-6	1.601880E-7
-1.042000E+2	5.979120E-6	1.098970E-7
-8.420000E+1	5.627080E-6	7.823160E-8
-7.440000E+1	5.459440E-6	5.215430E-8
-5.210000E+1	5.124170E-6	1.117590E-7
-4.140000E+1	4.971430E-6	2.086170E-7
-3.250000E+1	4.634290E-6	3.296900E-7
-8.500000E+0	3.943250E-6	4.563500E-7
6.000000E-1	3.324840E-6	3.464540E-7
2.410000E+1	2.177450E-6	3.483160E-7
3.390000E+1	1.607470E-6	2.998880E-7
5.460000E+1	5.643850E-7	2.998880E-7
6.390000E+1	8.754480E-8	2.346940E-7
7.390000E+1	-5.420330E-7	2.440080E-7
9.690000E+1	-1.905490E-6	1.732270E-7
1.060000E+2	-2.415870E-6	1.098970E-7
1.267000E+2	-3.336010E-6	-4.842900E-8
1.364000E+2	-3.783050E-6	-4.656640E-8
1.566000E+2	-4.470380E-6	-1.043090E-7
1.669000E+2	-4.846630E-6	-1.527380E-7
1.898000E+2	-5.589830E-6	-1.508750E-7
1.992000E+2	-5.966080E-6	-8.009420E-8
1.992000E+2	-5.966080E-6	-8.009420E-8
2.324000E+2	-7.040830E-6	3.725320E-9
2.437000E+2	-7.350030E-6	3.911580E-8
2.529000E+2	-7.588450E-6	-1.676390E-8
2.761000E+2	-8.361470E-6	1.490130E-7
2.858000E+2	-8.583130E-6	7.823160E-8
3.065000E+2	-9.266720E-6	9.499540E-8
3.158000E+2	-9.266720E-6	9.499540E-8
3.158000E+2	-9.389650E-6	-3.352780E-8
3.460000E+2	-9.769630E-6	3.725310E-8
3.670000E+2	-9.846000E-6	-2.048920E-8
3.763000E+2	-9.888840E-6	1.490130E-8
3.977000E+2	-9.752870E-6	3.911580E-8
4.098000E+2	-9.533080E-6	1.303860E-8
4.202000E+2	-9.451120E-6	1.061710E-7
4.433000E+2	-9.238780E-6	2.793980E-8
4.528000E+2	-9.119570E-6	-1.415620E-7
4.733000E+2	-8.804780E-6	-2.868490E-7
4.834000E+2	-8.609200E-6	-3.334150E-7
4.966000E+2	-8.497450E-6	-2.551840E-7
5.160000E+2	-8.119330E-6	-2.458710E-7
5.291000E+2	-7.998260E-6	-1.788150E-7
5.489000E+2	-7.728170E-6	-1.452870E-7
5.599000E+2	-7.780330E-6	4.097840E-8
5.794000E+2	-7.547470E-6	-3.166520E-8
5.907000E+2	-7.590310E-6	3.725320E-9
6.101000E+2	-7.394730E-6	-1.974410E-7
6.215000E+2	-7.268070E-6	-2.477340E-7
6.340000E+2	-7.208470E-6	-1.322490E-7
6.543000E+2	-6.988670E-6	-2.011670E-7
6.645000E+2	-6.957010E-6	-2.291060E-7
6.853000E+2	-7.033380E-6	-2.291060E-7
6.948000E+2	-6.979360E-6	-2.253810E-7
7.179000E+2	-7.245720E-6	-1.396990E-7
7.282000E+2	-7.204740E-6	-2.700850E-7
7.491000E+2	-6.999850E-6	-2.160680E-7
7.590000E+2	-6.841520E-6	-2.719480E-7
7.688000E+2	-6.746530E-6	-3.054760E-7
7.929000E+2	-6.813590E-6	-1.024460E-7
8.029000E+2	-6.780060E-6	-3.725320E-9
8.270000E+2	-6.774470E-6	2.309690E-7
8.366000E+2	-6.685060E-6	1.341110E-7
8.483000E+2	-6.804270E-6	1.192100E-7
8.685000E+2	-6.863880E-6	0.000000E+0
8.803000E+2	-6.815450E-6	-5.215430E-8
9.025000E+2	-6.757710E-6	-3.352780E-8
9.157000E+2	-6.662710E-6	-1.620510E-7
9.272000E+2	-6.634770E-6	-1.471500E-7
9.475000E+2	-6.608690E-6	-4.656640E-8
9.586000E+2	-6.442920E-6	-1.061710E-7
9.586000E+2	-6.442920E-6	-1.061710E-7
9.900000E+2	-5.498560E-6	-1.154840E-7
1.011200E+3	-4.183530E-6	-3.352780E-8
1.024400E+3	-3.563250E-6	7.823160E-8
1.033900E+3	-2.775360E-6	1.490130E-8
1.058700E+3	-1.288960E-6	1.285230E-7
1.068600E+3	-5.867370E-7	2.421450E-8
1.092500E+3	8.121170E-7	1.322490E-7
1.092500E+3	8.121170E-7	1.322490E-7
1.112400E+3	2.063830E-6	6.891830E-8
1.137100E+3	2.978380E-6	2.551840E-7
1.146700E+3	3.380720E-6	3.315530E-7
1.167900E+3	4.064320E-6	3.632180E-7
1.177200E+3	4.375380E-6	3.445910E-7
1.199000E+3	4.749770E-6	2.998880E-7
1.208800E+3	4.781440E-6	3.371410E-7
1.208800E+3	4.781440E-6	3.371410E-7
1.243200E+3	5.191220E-6	2.216560E-7
1.254800E+3	5.170730E-6	2.607720E-7
1.276700E+3	5.515320E-6	1.341110E-7
1.288100E+3	5.535810E-6	1.527380E-7
1.288100E+3	5.535810E-6	1.527380E-7
1.321100E+3	6.016370E-6	1.657760E-7
1.331900E+3	6.184010E-6	1.639140E-7
1.352200E+3	6.286460E-6	2.868490E-7
1.362600E+3	6.260380E-6	3.483160E-7
1.383200E+3	6.310670E-6	3.632180E-7
1.392900E+3	6.448510E-6	2.644970E-7
1.413800E+3	6.448510E-6	2.495960E-7
1.422900E+3	6.448510E-6	2.197930E-7
1.446200E+3	6.465270E-6	1.415620E-7
1.456000E+3	6.543500E-6	1.005830E-7
1.476500E+3	6.578890E-6	2.328320E-7
1.485800E+3	6.593790E-6	2.142050E-7
1.507000E+3	6.569580E-6	3.576300E-7
1.515900E+3	6.591930E-6	3.259650E-7
1.526300E+3	6.610560E-6	2.644970E-7
1.545900E+3	6.748390E-6	2.943000E-7
1.556900E+3	6.800550E-6	2.924370E-7
1.578800E+3	6.873190E-6	2.160680E-7
1.589000E+3	6.828490E-6	2.849870E-7
1.608800E+3	6.906720E-6	2.756730E-7
1.619400E+3	6.962600E-6	3.352780E-7
1.638700E+3	7.126510E-6	2.998880E-7
1.649900E+3	7.117200E-6	2.607720E-7
1.669100E+3	7.052000E-6	3.278270E-7
1.680300E+3	7.005440E-6	4.246850E-7
1.699600E+3	6.997990E-6	3.967450E-7
1.710600E+3	6.984950E-6	3.669430E-7
1.730200E+3	7.117200E-6	2.495960E-7
1.740900E+3	7.117200E-6	2.495960E-7
1.740900E+3	7.092980E-6	2.477340E-7
1.771000E+3	7.243860E-6	2.607720E-7
1.791500E+3	7.282970E-6	2.235180E-7
1.801100E+3	7.256890E-6	2.421460E-7
1.822100E+3	7.102300E-6	1.732270E-7
1.831200E+3	6.990540E-6	1.266610E-7
1.841400E+3	6.970050E-6	-1.490130E-8
1.861300E+3	7.126510E-6	-1.639140E-7
1.882100E+3	7.115330E-6	6.891830E-8
1.891200E+3	7.156310E-6	4.284110E-8
1.901400E+3	7.141410E-6	2.793980E-8
1.921200E+3	7.357480E-6	4.470370E-8
1.932000E+3	7.651800E-6	1.229350E-7
1.954200E+3	7.946100E-6	1.303860E-7
1.965200E+3	7.912570E-6	2.048920E-7
1.984000E+3	8.137950E-6	6.333040E-8
1.994400E+3	8.048550E-6	7.264360E-8
1.994400E+3	8.048550E-6	7.264360E-8
2.027700E+3	7.567960E-6	2.943000E-7
2.038200E+3	7.601480E-6	4.880170E-7
2.038200E+3	7.601480E-6	4.880170E-7
2.068300E+3	7.404040E-6	6.314400E-7
2.088200E+3	7.418940E-6	3.818440E-7
2.098500E+3	7.597760E-6	3.464540E-7
2.098500E+3	7.597760E-6	3.464540E-7
2.128800E+3	7.567960E-6	3.892950E-7
2.152300E+3	7.569820E-6	2.607720E-7
2.161700E+3	7.640630E-6	2.086170E-7
2.161700E+3	7.640630E-6	2.086170E-7
2.194900E+3	7.730040E-6	7.823160E-8
2.204000E+3	7.828760E-6	-4.284110E-8
2.225000E+3	7.823170E-6	1.620510E-7
2.234400E+3	7.782190E-6	1.918530E-7
2.254900E+3	7.979630E-6	-8.940740E-8
2.254900E+3	7.979630E-6	-8.940740E-8
2.264900E+3	8.046690E-6	-1.173470E-7
2.297100E+3	8.236680E-6	4.842900E-8
2.308400E+3	8.184520E-6	2.365570E-7
2.327500E+3	8.108150E-6	6.668310E-7
2.338700E+3	8.054140E-6	6.798690E-7
2.357800E+3	8.108150E-6	5.513470E-7
2.368600E+3	8.061590E-6	5.848740E-7
2.390100E+3	8.072760E-6	6.109510E-7
2.401300E+3	7.987080E-6	7.860400E-7
2.420400E+3	8.145410E-6	6.016380E-7
2.431500E+3	8.001980E-6	5.364450E-7
2.450900E+3	8.318630E-6	2.197930E-7
2.461500E+3	8.542150E-6	-9.872060E-8
2.481800E+3	8.484410E-6	-5.215430E-8
2.481800E+3	8.484410E-6	-5.215430E-8
2.491800E+3	8.445290E-6	2.235190E-8
2.524900E+3	8.594300E-6	-1.490130E-8
2.533900E+3	8.674400E-6	-8.195680E-8
2.557700E+3	8.549600E-6	-5.774220E-8
2.557700E+3	8.549600E-6	-5.774220E-8
2.578900E+3	8.529110E-6	-1.285230E-7
2.599900E+3	8.165890E-6	1.024460E-7
2.611500E+3	8.158440E-6	2.551840E-7
2.621800E+3	8.268340E-6	3.576300E-7
2.644500E+3	8.435980E-6	4.321350E-7
2.654100E+3	8.694890E-6	4.321350E-7
2.677400E+3	8.739590E-6	3.203770E-7
2.687300E+3	8.925850E-6	3.874320E-7
2.698500E+3	9.069280E-6	4.228220E-7
2.719800E+3	9.149370E-6	4.228220E-7
2.731000E+3	9.076730E-6	4.731140E-7
2.750300E+3	8.707920E-6	1.862650E-7
2.761600E+3	8.659500E-6	2.216560E-7
2.780700E+3	8.693020E-6	2.440080E-7
2.791700E+3	8.741450E-6	2.253810E-7
2.811300E+3	8.875560E-6	2.924370E-7
2.821800E+3	8.935170E-6	2.477340E-7
2.841700E+3	8.869970E-6	7.264360E-8
2.851600E+3	8.881150E-6	4.656640E-8
2.871000E+3	8.923990E-6	-5.587960E-9
2.871000E+3	8.923990E-6	-5.587960E-9
2.893300E+3	9.125160E-6	3.166520E-8
2.914200E+3	9.242500E-6	1.043090E-7
2.923000E+3	9.397100E-6	5.401690E-8
2.943600E+3	9.307700E-6	-2.328320E-7
2.955400E+3	9.164270E-6	-2.812610E-7
2.976500E+3	9.112120E-6	-9.685800E-8
2.985500E+3	9.141920E-6	-5.960510E-8
3.006700E+3	9.100940E-6	1.098970E-7
3.016100E+3	8.849490E-6	2.831240E-7
3.036900E+3	8.957520E-6	4.433110E-7
3.046800E+3	8.948210E-6	5.364450E-7
3.046800E+3	8.948210E-6	5.364450E-7
3.077500E+3	9.231330E-6	5.681100E-7
3.088300E+3	9.318870E-6	4.433110E-7
3.108100E+3	9.572190E-6	4.917420E-7
3.118200E+3	9.661600E-6	5.122310E-7
3.138300E+3	9.669050E-6	5.066430E-7
3.147900E+3	9.831100E-6	4.712510E-7
3.167800E+3	9.846000E-6	5.047800E-7
3.177900E+3	9.907470E-6	4.395860E-7
3.198100E+3	9.976390E-6	2.980250E-7
3.207700E+3	1.007510E-5	1.210730E-7
3.228600E+3	1.010300E-5	2.514590E-7
3.237800E+3	1.013840E-5	2.868490E-7
3.259000E+3	1.000810E-5	3.296900E-7
3.267900E+3	9.989420E-6	3.483160E-7
3.289200E+3	1.024270E-5	4.135090E-7
3.298300E+3	1.034710E-5	4.004710E-7
3.311200E+3	1.033400E-5	4.265480E-7
3.331400E+3	1.039550E-5	3.185140E-7
3.341800E+3	1.037500E-5	2.738110E-7
3.341800E+3	1.037500E-5	2.738110E-7
3.374200E+3	1.031170E-5	2.421450E-8
3.385500E+3	1.015710E-5	9.872060E-8
3.407600E+3	1.026140E-5	1.806770E-7
3.407600E+3	1.026140E-5	1.806770E-7
3.438200E+3	1.065070E-5	1.899910E-7
3.448800E+3	1.077360E-5	1.974410E-7
3.470200E+3	1.085180E-5	2.663600E-7
3.481300E+3	1.085740E-5	3.818440E-7
3.493500E+3	1.088350E-5	4.377230E-7
3.513400E+3	1.100080E-5	4.116460E-7
3.526200E+3	1.095050E-5	4.433110E-7
3.535200E+3	1.097660E-5	3.390030E-7
3.558700E+3	1.108650E-5	2.775360E-7
3.568300E+3	1.116100E-5	2.495960E-7
3.589300E+3	1.125040E-5	3.166510E-7
3.589300E+3	1.125040E-5	3.166510E-7
3.619600E+3	1.138450E-5	1.713640E-7
3.628600E+3	1.138450E-5	1.713640E-7
3.649700E+3	1.147950E-5	2.328320E-7
3.658700E+3	1.152610E-5	2.495960E-7
3.679800E+3	1.167700E-5	3.408660E-7
3.689100E+3	1.165280E-5	2.998880E-7
3.709600E+3	1.164160E-5	2.719480E-7
3.719400E+3	1.158760E-5	4.041960E-7
3.739800E+3	1.163790E-5	5.383080E-7
3.750100E+3	1.169930E-5	4.973300E-7
3.772700E+3	1.177380E-5	5.066430E-7
3.782500E+3	1.196940E-5	4.041960E-7
3.782500E+3	1.196940E-5	4.041960E-7
3.814900E+3	1.218550E-5	4.619380E-7
3.827700E+3	1.223020E-5	4.991930E-7
3.838900E+3	1.227680E-5	5.215440E-7
3.861100E+3	1.239780E-5	5.215440E-7
3.871500E+3	1.247610E-5	5.438960E-7
3.881200E+3	1.259530E-5	5.979130E-7
3.905200E+3	1.289330E-5	4.917420E-7
3.905200E+3	1.289330E-5	4.917420E-7
3.937800E+3	1.278150E-5	1.676390E-7
3.947800E+3	1.265300E-5	6.705570E-8
3.968300E+3	1.283550E-5	3.166520E-8
3.977800E+3	1.293990E-5	-7.636890E-8
3.998700E+3	1.320250E-5	1.285230E-7
4.007800E+3	1.335710E-5	2.831240E-7
4.029100E+3	1.346700E-5	3.576300E-7
4.038200E+3	1.346700E-5	3.390030E-7
4.050800E+3	1.347820E-5	3.110640E-7
4.071300E+3	1.357320E-5	2.700850E-7
4.081300E+3	1.365880E-5	3.334150E-7
4.104700E+3	1.377620E-5	4.097840E-7
4.113900E+3	1.384140E-5	3.669430E-7
4.126900E+3	1.383760E-5	3.315530E-7
4.146800E+3	1.396430E-5	3.334150E-7
4.146800E+3	1.396430E-5	3.334150E-7
4.170400E+3	1.406860E-5	3.874320E-7
4.191700E+3	1.432010E-5	3.110640E-7
4.202800E+3	1.445790E-5	2.626350E-7
4.212900E+3	1.456220E-5	2.738110E-7
4.236200E+3	1.461060E-5	4.060580E-7
4.246100E+3	1.472430E-5	4.060580E-7
4.268600E+3	1.493100E-5	3.594920E-7
4.279300E+3	1.507260E-5	3.725310E-7
4.291300E+3	1.516760E-5	3.315530E-7
4.312200E+3	1.527940E-5	3.445910E-7
4.321400E+3	1.529060E-5	3.874320E-7
4.344800E+3	1.544700E-5	3.371410E-7
4.344800E+3	1.544700E-5	3.371410E-7
4.364100E+3	1.564260E-5	4.060580E-7
4.387800E+3	1.577300E-5	4.246850E-7
4.396700E+3	1.584380E-5	4.321350E-7
4.418100E+3	1.594440E-5	4.433110E-7
4.427500E+3	1.595930E-5	4.079210E-7
4.448300E+3	1.616790E-5	4.488990E-7
4.448300E+3	1.616790E-5	4.488990E-7
4.471200E+3	1.640630E-5	4.228220E-7
4.490500E+3	1.671920E-5	4.600750E-7
4.501700E+3	1.685150E-5	4.526250E-7
4.523300E+3	1.714580E-5	3.725310E-7
4.533800E+3	1.725570E-5	3.092010E-7
4.553400E+3	1.741770E-5	3.166510E-7
4.567200E+3	1.755740E-5	3.110640E-7
4.577400E+3	1.763940E-5	3.166510E-7
4.599200E+3	1.781260E-5	2.663600E-7
4.610200E+3	1.790390E-5	3.408660E-7
4.629800E+3	1.819820E-5	3.967450E-7
4.629800E+3	1.819820E-5	3.967450E-7
4.649500E+3	1.858560E-5	3.576300E-7
4.673400E+3	1.880720E-5	3.892950E-7
4.673400E+3	1.880720E-5	3.892950E-7
4.705900E+3	1.919840E-5	5.327200E-7
4.715600E+3	1.933250E-5	5.308580E-7
4.727500E+3	1.939580E-5	5.252700E-7
4.748700E+3	1.947590E-5	4.619380E-7
4.748700E+3	1.947590E-5	4.619380E-7
4.778600E+3	1.989880E-5	4.973300E-7
4.787900E+3	2.007940E-5	5.401710E-7
4.811700E+3	2.039610E-5	4.638000E-7
4.820600E+3	2.048740E-5	4.116460E-7
4.831400E+3	2.059910E-5	4.060580E-7
4.850700E+3	2.074630E-5	3.948830E-7
4.861900E+3	2.087290E-5	4.470370E-7
4.881200E+3	2.114670E-5	4.582130E-7
4.892400E+3	2.128640E-5	4.768410E-7
4.911700E+3	2.136090E-5	3.837070E-7
4.922700E+3	2.135910E-5	3.688060E-7
4.944200E+3	2.127340E-5	3.501790E-7
4.955400E+3	2.118400E-5	3.371410E-7
4.964800E+3	2.104990E-5	3.390030E-7
4.988700E+3	2.068670E-5	3.427290E-7
4.997800E+3	2.044820E-5	3.390030E-7
5.018200E+3	1.976650E-5	3.799810E-7
5.028000E+3	1.941260E-5	3.855690E-7
5.040300E+3	1.911270E-5	3.166510E-7
5.064200E+3	1.817390E-5	3.352780E-7
5.073200E+3	1.773250E-5	3.632180E-7
5.094600E+3	1.650130E-5	3.427290E-7
5.106400E+3	1.580090E-5	2.998880E-7
5.116600E+3	1.492540E-5	2.533220E-7
5.139800E+3	1.323230E-5	2.160680E-7
5.149200E+3	1.240150E-5	1.676390E-7
5.170000E+3	1.038060E-5	1.806770E-7
5.182100E+3	9.313280E-6	1.098970E-7
5.203200E+3	7.409630E-6	9.499540E-8
5.212300E+3	6.504390E-6	7.823160E-8
5.223600E+3	5.446400E-6	1.117590E-7
5.243000E+3	3.499920E-6	8.381950E-8
5.254300E+3	2.710160E-6	-9.313280E-9
5.273600E+3	8.586830E-7	-5.215430E-8
5.286700E+3	-2.235190E-8	-6.333040E-8
5.305800E+3	-1.665210E-6	-9.127010E-8
5.317000E+3	-2.402830E-6	-2.793980E-8
5.336200E+3	-3.820310E-6	-9.872060E-8
5.347400E+3	-4.436850E-6	-8.009420E-8
5.366800E+3	-5.552570E-6	-9.499540E-8
5.377700E+3	-6.036860E-6	-1.322490E-7
5.389800E+3	-6.580750E-6	-7.450630E-8
5.410800E+3	-7.474820E-6	-1.527380E-7
5.423300E+3	-7.834340E-6	-1.415620E-7
5.443800E+3	-8.449020E-6	-8.754480E-8
5.453800E+3	-8.596170E-6	-9.685800E-8
5.474600E+3	-9.089770E-6	-3.352780E-8
5.484000E+3	-9.154960E-6	-9.499540E-8
5.493800E+3	-9.374750E-6	-2.793980E-8
5.517100E+3	-9.752870E-6	-1.490130E-7
5.527300E+3	-1.003790E-5	-1.676390E-8
5.547300E+3	-1.038240E-5	-1.527380E-7
5.557900E+3	-1.058550E-5	-1.359740E-7
5.580300E+3	-1.093190E-5	-1.043090E-7
5.590300E+3	-1.100270E-5	-1.993040E-7
5.603400E+3	-1.114800E-5	-1.247980E-7
5.622600E+3	-1.117220E-5	-2.384200E-7
5.635500E+3	-1.117970E-5	-1.788150E-7
5.646600E+3	-1.117030E-5	-1.490130E-8
5.666200E+3	-1.104180E-5	-6.891830E-8
5.676600E+3	-1.091330E-5	-1.583260E-7
5.696600E+3	-1.087420E-5	-1.825400E-7
5.706400E+3	-1.087050E-5	-2.104800E-7
5.726900E+3	-1.085370E-5	-2.328320E-7
5.726900E+3	-1.085370E-5	-2.328320E-7
5.757400E+3	-1.081460E-5	-2.048920E-7
5.769600E+3	-1.083510E-5	-9.872060E-8
5.790200E+3	-1.089470E-5	-1.825400E-7
5.790200E+3	-1.089470E-5	-1.825400E-7
5.809900E+3	-1.093190E-5	-2.943000E-7
5.833700E+3	-1.093560E-5	-5.103680E-7
5.842700E+3	-1.093190E-5	-3.725310E-7
5.863700E+3	-1.071960E-5	-3.185140E-7
5.873100E+3	-1.071960E-5	-3.185140E-7
5.893400E+3	-1.055570E-5	-1.918530E-7
5.903300E+3	-1.047000E-5	-1.899910E-7
5.923400E+3	-1.030790E-5	-9.872060E-8
5.935600E+3	-1.007880E-5	-1.546000E-7
5.935600E+3	-1.007880E-5	-1.546000E-7
5.966300E+3	-1.003970E-5	-2.235180E-7
5.977600E+3	-9.911190E-6	-2.533220E-7
5.997000E+3	-1.000430E-5	-4.470370E-8
6.008100E+3	-9.944720E-6	-1.564630E-7
6.027900E+3	-9.993150E-6	-4.284110E-8
6.038300E+3	-1.009000E-5	-8.009420E-8
6.058600E+3	-1.018690E-5	-3.352780E-8
6.071300E+3	-1.026510E-5	1.676390E-8
6.091000E+3	-1.024460E-5	-3.352780E-8
6.101700E+3	-1.010490E-5	-1.862650E-7
6.121900E+3	-1.009560E-5	-8.009420E-8
6.132100E+3	-9.868350E-6	-1.769520E-7
6.141500E+3	-9.937270E-6	-1.471500E-7
6.141500E+3	-9.937270E-6	-1.471500E-7
6.183400E+3	-9.959620E-6	-1.844030E-7
6.192500E+3	-9.918640E-6	-1.862660E-9
6.213600E+3	-9.838550E-6	8.754480E-8
6.213600E+3	-9.838550E-6	8.754480E-8
6.222500E+3	-9.678360E-6	1.490130E-8
6.255500E+3	-9.285340E-6	-3.129260E-7
6.255500E+3	-9.285340E-6	-3.129260E-7
6.285600E+3	-9.620620E-6	-5.029180E-7
6.296100E+3	-9.561020E-6	-4.228220E-7
6.315900E+3	-9.216430E-6	-4.153720E-7
6.327000E+3	-9.166130E-6	-3.799810E-7
6.339900E+3	-9.272310E-6	-1.899910E-7
6.339900E+3	-9.272310E-6	-1.899910E-7
6.372500E+3	-9.253680E-6	-1.601880E-7
6.391800E+3	-9.089770E-6	-1.806770E-7
6.403100E+3	-9.061830E-6	-1.378370E-7
6.422300E+3	-8.955660E-6	-5.587960E-8
6.433500E+3	-8.812230E-6	-1.173470E-7
6.453000E+3	-8.735860E-6	-1.601880E-7
6.453000E+3	-8.735860E-6	-1.601880E-7
6.483800E+3	-8.611070E-6	-2.104800E-7
6.494000E+3	-8.521660E-6	-2.253810E-7
6.514600E+3	-8.603620E-6	-1.080340E-7
6.524300E+3	-8.422940E-6	-2.030290E-7
6.536500E+3	-8.421080E-6	-1.769520E-7
6.557700E+3	-8.311180E-6	-2.477340E-7
6.557700E+3	-8.311180E-6	-2.477340E-7
6.587800E+3	-8.195700E-6	-1.452870E-7
6.597200E+3	-8.251580E-6	-2.607710E-8
6.617700E+3	-8.089530E-6	-8.009420E-8
6.627600E+3	-8.061590E-6	5.960510E-8
6.650900E+3	-7.869730E-6	-6.146770E-8
6.660200E+3	-7.854830E-6	-2.048920E-8
6.671500E+3	-7.769150E-6	-1.434250E-7
6.690800E+3	-7.793370E-6	-1.043090E-7
6.702100E+3	-7.750520E-6	-1.825400E-7
6.721600E+3	-7.679740E-6	-1.452870E-7
6.735000E+3	-7.696510E-6	-1.750900E-7
6.754400E+3	-7.538150E-6	-1.396990E-7
6.754400E+3	-7.538150E-6	-1.396990E-7
6.785200E+3	-7.456200E-6	-1.117590E-7
6.796400E+3	-7.478550E-6	-6.333040E-8
6.816100E+3	-7.370520E-6	-1.210730E-7
6.826700E+3	-7.215920E-6	-1.918530E-7
6.835700E+3	-7.180530E-6	-1.210730E-7
6.859600E+3	-7.173080E-6	-3.464540E-7
6.868700E+3	-7.230820E-6	-4.488990E-7
6.892900E+3	-7.180530E-6	-2.216560E-7
6.901900E+3	-7.221500E-6	-2.756730E-7
6.911500E+3	-7.210330E-6	-3.371410E-7
6.935000E+3	-7.186110E-6	-3.706680E-7
6.944900E+3	-7.141410E-6	-2.402830E-7
6.968500E+3	-7.078080E-6	-2.402830E-7
6.977600E+3	-7.009160E-6	-2.793980E-8
6.988900E+3	-6.832210E-6	-1.043090E-7
7.010700E+3	-6.794960E-6	-1.173470E-7
7.021400E+3	-6.794960E-6	-1.173470E-7
7.034400E+3	-6.660850E-6	-1.955790E-7
7.055900E+3	-6.469000E-6	-8.009420E-8
7.066800E+3	-6.491350E-6	9.127010E-8
7.086300E+3	-6.310670E-6	2.570470E-7
7.097500E+3	-6.208230E-6	2.551840E-7
7.107400E+3	-6.113230E-6	1.415620E-7
7.130100E+3	-6.102050E-6	1.844030E-7
7.140700E+3	-5.921380E-6	7.823160E-8
7.163800E+3	-5.822660E-6	6.146770E-8
7.174000E+3	-5.809620E-6	-2.980250E-8
7.186000E+3	-5.722080E-6	-7.636890E-8
7.207000E+3	-5.623350E-6	-6.519300E-8
7.216100E+3	-5.703450E-6	-6.519300E-8
7.239600E+3	-5.740700E-6	-3.352780E-8
7.249100E+3	-5.653160E-6	-1.117590E-7
7.270200E+3	-5.509730E-6	-4.470370E-8
7.279300E+3	-5.381210E-6	-1.415620E-7
7.289700E+3	-5.461300E-6	-8.195680E-8
7.312800E+3	-5.304840E-6	-1.546000E-7
7.322400E+3	-5.345820E-6	-8.009420E-8
7.346100E+3	-5.347680E-6	-1.285230E-7
7.356000E+3	-5.368170E-6	-1.173470E-7
7.367200E+3	-5.375620E-6	-1.862650E-7
7.386800E+3	-5.571200E-6	-9.499540E-8
7.397700E+3	-5.574930E-6	-1.229350E-7
7.397700E+3	-5.574930E-6	-1.229350E-7
7.430600E+3	-5.578650E-6	-9.872060E-8
7.449900E+3	-5.653160E-6	4.097840E-8
7.461000E+3	-5.632670E-6	1.322490E-7
7.461000E+3	-5.632670E-6	1.322490E-7
7.493800E+3	-5.390520E-6	3.483160E-7
7.503400E+3	-5.273180E-6	3.203770E-7
7.526600E+3	-5.221020E-6	2.700850E-7
7.536800E+3	-5.228470E-6	1.788150E-7
7.546000E+3	-5.107400E-6	-2.793980E-8
7.570100E+3	-5.174460E-6	6.891830E-8
7.579200E+3	-5.178180E-6	1.303860E-8
7.603000E+3	-5.206120E-6	-3.725310E-8
7.612400E+3	-5.112990E-6	-1.471500E-7
7.625000E+3	-5.018000E-6	-2.943000E-7
7.645600E+3	-4.896920E-6	-1.546000E-7
7.657800E+3	-4.967700E-6	-2.793980E-8
7.670700E+3	-4.902510E-6	-3.911580E-8
7.691100E+3	-4.943490E-6	1.341110E-7
7.701600E+3	-4.921140E-6	3.110640E-7
7.721400E+3	-4.418220E-6	1.583260E-7
7.732500E+3	-4.418220E-6	1.583260E-7
7.745400E+3	-4.390280E-6	2.700850E-7
7.745400E+3	-4.390280E-6	2.700850E-7
7.775700E+3	-5.051520E-6	-4.079210E-7
7.795400E+3	-5.200530E-6	-5.997750E-7
7.805800E+3	-5.135340E-6	-6.780060E-7
7.826100E+3	-5.112990E-6	-4.135090E-7
7.836000E+3	-5.079460E-6	-2.570470E-7
7.858400E+3	-5.051520E-6	-1.359740E-7
7.869200E+3	-5.107400E-6	5.029160E-8
7.869200E+3	-5.107400E-6	5.029160E-8
7.902400E+3	-4.701350E-6	8.381950E-8
7.911600E+3	-4.600760E-6	4.470370E-8
7.932900E+3	-4.319500E-6	1.862660E-8
7.932900E+3	-4.319500E-6	1.862660E-8
7.965700E+3	-4.265490E-6	2.607710E-8
7.975100E+3	-4.077360E-6	-5.960510E-8
7.985100E+3	-4.008440E-6	6.519300E-8
8.005400E+3	-3.941390E-6	1.210730E-7
8.026500E+3	-4.163040E-6	2.291060E-7
8.035500E+3	-4.118340E-6	7.823160E-8
8.035500E+3	-4.118340E-6	7.823160E-8
8.068800E+3	-4.095990E-6	-7.078100E-8
8.079000E+3	-4.123930E-6	2.235190E-8
8.099200E+3	-4.099710E-6	-8.568210E-8
8.110000E+3	-4.110890E-6	-9.127010E-8
8.129600E+3	-3.987950E-6	-1.043090E-7
8.143500E+3	-3.946970E-6	-1.359740E-7
8.153600E+3	-3.978640E-6	-8.381950E-8
8.174000E+3	-3.926490E-6	-1.862660E-8
8.183700E+3	-3.794220E-6	-4.656640E-8
8.203700E+3	-3.721580E-6	-1.173470E-7
8.213900E+3	-3.721580E-6	-1.173470E-7
8.237300E+3	-3.566980E-6	3.166520E-8
8.237300E+3	-3.566980E-6	3.166520E-8
8.247400E+3	-3.503650E-6	-3.539050E-8
8.277900E+3	-3.548350E-6	1.862660E-8
8.290100E+3	-3.436590E-6	-3.352780E-8
8.311400E+3	-3.280130E-6	2.235190E-8
8.323400E+3	-3.147880E-6	-2.607710E-8
8.333700E+3	-3.201900E-6	-1.210730E-7
8.356700E+3	-3.274540E-6	-1.750900E-7
8.356700E+3	-3.274540E-6	-1.750900E-7
8.389800E+3	-3.354640E-6	-5.215430E-8
8.389800E+3	-3.354640E-6	-5.215430E-8
8.409900E+3	-3.298760E-6	1.415620E-7
8.409900E+3	-3.298760E-6	1.415620E-7
8.440600E+3	-3.248470E-6	2.123420E-7
8.462900E+3	-3.272680E-6	1.750900E-7
8.473300E+3	-3.580020E-6	2.887120E-7
8.486800E+3	-3.706680E-6	3.203770E-7
8.507200E+3	-3.527860E-6	1.266610E-7
8.517500E+3	-3.386300E-6	0.000000E+0
8.538300E+3	-3.319250E-6	-4.079210E-7
8.547900E+3	-3.252190E-6	-5.103680E-7
8.568200E+3	-3.257780E-6	-3.501790E-7
8.568200E+3	-3.257780E-6	-3.501790E-7
8.599200E+3	-3.065930E-6	-2.570470E-7
8.599200E+3	-3.065930E-6	-2.570470E-7
8.630200E+3	-2.970930E-6	-1.527380E-7
8.630200E+3	-2.970930E-6	-1.527380E-7
8.663700E+3	-3.024950E-6	-6.519300E-8
8.673000E+3	-2.816330E-6	-1.844030E-7
8.693700E+3	-2.697120E-6	-1.769520E-7
8.703100E+3	-2.697120E-6	-1.769520E-7
8.713100E+3	-2.693400E-6	-2.216560E-7
8.733300E+3	-2.726930E-6	-9.127010E-8
8.746700E+3	-2.630070E-6	-9.499540E-8
8.766700E+3	-2.488510E-6	-8.754480E-8
8.777500E+3	-2.490370E-6	-8.381950E-8
8.797200E+3	-2.337630E-6	-3.092010E-7
8.808400E+3	-2.387930E-6	-1.937160E-7
8.818400E+3	-2.374890E-6	-1.620510E-7
8.841200E+3	-2.387930E-6	-8.195680E-8
8.851900E+3	-2.322730E-6	-1.285230E-7
8.871900E+3	-2.376750E-6	-5.029160E-8
8.882100E+3	-2.330180E-6	-6.333040E-8
8.902700E+3	-2.183030E-6	-1.750900E-7
8.902700E+3	-2.183030E-6	-1.750900E-7
8.933200E+3	-2.151370E-6	-2.644970E-7
8.942400E+3	-2.123430E-6	-3.017500E-7
8.963500E+3	-2.115980E-6	-2.328320E-7
8.963500E+3	-2.115980E-6	-2.328320E-7
8.993800E+3	-2.268720E-6	-7.823160E-8
9.002900E+3	-2.210970E-6	-1.359740E-7
9.002900E+3	-2.210970E-6	-1.359740E-7
9.033100E+3	-2.155090E-6	-1.229350E-7
9.057400E+3	-2.328320E-6	-1.173470E-7
9.066500E+3	-2.263130E-6	-1.750900E-7
9.079300E+3	-2.307830E-6	-1.583260E-7
9.099800E+3	-2.238910E-6	-1.974410E-7
9.112100E+3	-2.117840E-6	-2.570470E-7
9.123300E+3	-2.181170E-6	-1.546000E-7
9.123300E+3	-2.181170E-6	-1.546000E-7
9.155900E+3	-2.348810E-6	-1.769520E-7
9.175900E+3	-2.352540E-6	-1.601880E-7
9.187100E+3	-2.309690E-6	-1.937160E-7
9.206700E+3	-2.276170E-6	-2.067550E-7
9.217900E+3	-2.155090E-6	-1.844030E-7
9.230600E+3	-2.035890E-6	-2.384200E-7
9.250700E+3	-1.974420E-6	-2.849870E-7
9.263700E+3	-2.088040E-6	-1.639140E-7
9.263700E+3	-2.088040E-6	-1.639140E-7
9.297200E+3	-1.948340E-6	-7.078100E-8
9.306500E+3	-1.883140E-6	-1.601880E-7
9.330100E+3	-1.885000E-6	-1.303860E-7
9.330100E+3	-1.885000E-6	-1.303860E-7
9.349600E+3	-1.724820E-6	-2.961620E-7
9.373200E+3	-1.730400E-6	-1.862650E-7
9.382200E+3	-1.661490E-6	-2.104800E-7
9.406300E+3	-1.788150E-6	-1.490130E-8
9.415500E+3	-1.745310E-6	-1.676390E-8
9.425900E+3	-1.825400E-6	1.136220E-7
9.445900E+3	-1.786280E-6	1.303860E-8
9.467200E+3	-1.741580E-6	-3.166520E-8
9.467200E+3	-1.741580E-6	-3.166520E-8
9.487800E+3	-1.622370E-6	-1.862660E-9
9.509700E+3	-1.629820E-6	9.313280E-9
9.519400E+3	-1.648450E-6	1.490130E-8
9.542400E+3	-1.750890E-6	-1.490130E-8
9.551000E+3	-1.929710E-6	-1.490130E-8
9.560300E+3	-2.028440E-6	3.054760E-7
9.560300E+3	-2.028440E-6	3.054760E-7
9.580300E+3	-1.842160E-6	1.098970E-7
9.586500E+3	-1.618650E-6	-2.384200E-7
9.589000E+3	-1.665210E-6	-2.570470E-7
9.589800E+3	-1.842160E-6	-1.303860E-7
9.584900E+3	-1.784420E-6	-2.849870E-7
9.582000E+3	-1.711780E-6	-2.793990E-7
9.569200E+3	-1.758340E-6	-1.546000E-7
9.569200E+3	-1.758340E-6	-1.546000E-7
9.540600E+3	-1.788150E-6	1.117590E-8
9.528600E+3	-1.749030E-6	-1.117590E-8
9.511900E+3	-1.879420E-6	2.048920E-8
9.484600E+3	-2.052650E-6	2.365570E-7
9.468900E+3	-2.082450E-6	2.272440E-7
9.440300E+3	-1.953930E-6	-8.568210E-8
9.420500E+3	-1.853340E-6	-1.378370E-7
9.407100E+3	-1.866380E-6	-4.284110E-8
9.376100E+3	-1.935300E-6	-3.911580E-8
9.363200E+3	-1.862650E-6	9.313280E-9
9.336500E+3	-1.823540E-6	-5.215430E-8
9.324500E+3	-1.853340E-6	-1.061710E-7
9.315000E+3	-1.873830E-6	-1.676390E-7
9.291500E+3	-1.871970E-6	-2.272440E-7
9.283100E+3	-1.886870E-6	-2.868490E-7
9.272100E+3	-1.879420E-6	-2.943000E-7
9.253100E+3	-1.788150E-6	-3.092010E-7
9.242200E+3	-1.842160E-6	-1.657760E-7
9.222000E+3	-1.834710E-6	-7.264360E-8
9.210300E+3	-1.868240E-6	-7.264360E-8
9.199800E+3	-1.847750E-6	-4.097840E-8
9.180300E+3	-1.912950E-6	1.862660E-9
9.170000E+3	-1.855200E-6	-6.519300E-8
9.149500E+3	-1.937170E-6	-8.381950E-8
9.138800E+3	-1.907360E-6	-1.769520E-7
9.118800E+3	-1.909230E-6	-1.918530E-7
9.107600E+3	-1.950200E-6	-2.533220E-7
9.088100E+3	-2.037750E-6	-8.195680E-8
9.076900E+3	-2.186760E-6	6.146770E-8
9.057500E+3	-2.214700E-6	3.166520E-8
9.046400E+3	-2.224010E-6	3.911580E-8
9.025200E+3	-2.233330E-6	-4.284110E-8
9.025200E+3	-2.233330E-6	-4.284110E-8
9.004400E+3	-2.231460E-6	-9.872060E-8
8.983800E+3	-2.225880E-6	-1.937160E-7
8.974600E+3	-2.305970E-6	-1.546000E-7
8.951400E+3	-2.291070E-6	-6.146770E-8
8.941400E+3	-2.315280E-6	4.656640E-8
8.920700E+3	-2.436350E-6	1.266610E-7
8.908200E+3	-2.436350E-6	6.333040E-8
8.898600E+3	-2.400960E-6	3.725310E-8
8.878100E+3	-2.395380E-6	-6.519300E-8
8.868900E+3	-2.380480E-6	-1.136220E-7
8.848000E+3	-2.548110E-6	-1.378370E-7
8.838300E+3	-2.574190E-6	-4.284110E-8
8.814900E+3	-2.384200E-6	5.960510E-8
8.805100E+3	-2.328320E-6	3.166520E-8
8.792000E+3	-2.365570E-6	0.000000E+0
8.772700E+3	-2.447530E-6	7.450630E-8
8.761500E+3	-2.471740E-6	1.490130E-8
8.742300E+3	-2.549980E-6	1.266610E-7
8.731000E+3	-2.509000E-6	1.266610E-7
8.709800E+3	-2.592820E-6	1.732270E-7
8.709800E+3	-2.592820E-6	1.732270E-7
8.698600E+3	-2.551840E-6	1.452870E-7
8.666400E+3	-2.579780E-6	1.005830E-7
8.655500E+3	-2.654280E-6	8.940740E-8
8.633700E+3	-2.583500E-6	3.725320E-9
8.622400E+3	-2.697120E-6	4.284110E-8
8.610100E+3	-2.691540E-6	-5.587960E-8
8.590000E+3	-2.790260E-6	-5.774220E-8
8.577100E+3	-2.877800E-6	-1.862660E-8
8.568300E+3	-2.905740E-6	-4.842900E-8
8.544400E+3	-2.812610E-6	-1.341110E-7
8.535500E+3	-2.846140E-6	-2.067550E-7
8.525000E+3	-2.862900E-6	-2.924370E-7
8.502700E+3	-2.836820E-6	-1.527380E-7
8.492800E+3	-2.734380E-6	-4.079210E-7
8.469500E+3	-2.734380E-6	-4.079210E-7
8.460400E+3	-2.803300E-6	-2.924370E-7
8.447500E+3	-2.671050E-6	-7.264360E-8
8.427200E+3	-2.747420E-6	-7.264360E-8
8.414700E+3	-2.883390E-6	-2.421450E-8
8.393800E+3	-3.049160E-6	7.450630E-8
8.384000E+3	-3.084550E-6	5.215430E-8
8.363700E+3	-3.295030E-6	2.346940E-7
8.353300E+3	-3.209350E-6	2.924370E-7
8.342600E+3	-3.185140E-6	1.695020E-7
8.320000E+3	-3.242880E-6	-1.490130E-8
8.309600E+3	-3.401200E-6	4.470370E-8
8.288000E+3	-3.485020E-6	9.499540E-8
8.276800E+3	-3.563250E-6	7.078100E-8
8.276800E+3	-3.563250E-6	7.078100E-8
8.246600E+3	-3.751380E-6	2.048920E-8
8.237600E+3	-3.719720E-6	1.396990E-7
8.216400E+3	-3.676880E-6	1.657760E-7
8.207200E+3	-3.611680E-6	6.333040E-8
8.183400E+3	-3.909720E-6	7.823160E-8
8.174400E+3	-3.982360E-6	4.656640E-8
8.153300E+3	-3.986090E-6	-9.685800E-8
8.153300E+3	-3.986090E-6	-9.685800E-8
8.123300E+3	-3.974910E-6	6.891830E-8
8.113900E+3	-3.984230E-6	1.564630E-7
8.093200E+3	-4.164900E-6	-7.450640E-9
8.083300E+3	-4.133240E-6	-7.078100E-8
8.063200E+3	-4.245000E-6	-1.229350E-7
8.052700E+3	-4.168630E-6	-2.309690E-7
8.052700E+3	-4.168630E-6	-2.309690E-7
8.021900E+3	-4.364210E-6	-1.434250E-7
8.009000E+3	-4.297150E-6	-1.918530E-7
7.989700E+3	-4.308330E-6	-1.713640E-7
7.976500E+3	-4.300880E-6	-1.601880E-7
7.957000E+3	-4.345580E-6	-8.754480E-8
7.945700E+3	-4.345580E-6	-8.754480E-8
7.926300E+3	-4.299010E-6	3.166510E-7
7.915200E+3	-4.323230E-6	3.017500E-7
7.906100E+3	-4.608210E-6	1.341110E-7
7.882500E+3	-4.313920E-6	-2.943000E-7
7.872900E+3	-4.282250E-6	-4.041960E-7
7.851900E+3	-4.127650E-6	-4.712510E-7
7.842700E+3	-4.172350E-6	-4.563500E-7
7.842700E+3	-4.172350E-6	-4.563500E-7
7.812700E+3	-4.353030E-6	-3.967450E-7
7.800300E+3	-4.399600E-6	-4.228220E-7
7.779800E+3	-4.269210E-6	-6.128140E-7
7.769900E+3	-4.295290E-6	-5.848740E-7
7.749700E+3	-4.490870E-6	-5.196820E-7
7.739300E+3	-4.671540E-6	-5.662480E-7
7.719500E+3	-4.848490E-6	-3.427290E-7
7.708500E+3	-4.896920E-6	-2.067550E-7
7.686400E+3	-4.844770E-6	-9.313270E-8
7.676100E+3	-4.734870E-6	-8.940740E-8
7.656200E+3	-4.675270E-6	4.097840E-8
7.645500E+3	-4.692030E-6	5.587960E-9
7.632400E+3	-4.712520E-6	-7.636890E-8
7.613200E+3	-4.930450E-6	-7.450640E-9
7.599100E+3	-4.829870E-6	-5.215430E-8
7.590000E+3	-4.889470E-6	-1.490130E-8
7.568800E+3	-4.936040E-6	5.029160E-8
7.556700E+3	-4.837320E-6	2.142050E-7
7.535900E+3	-4.898790E-6	2.440080E-7
7.526600E+3	-5.057110E-6	2.458710E-7
7.503500E+3	-5.107400E-6	7.823160E-8
7.493300E+3	-5.112990E-6	8.381950E-8
7.484100E+3	-5.336510E-6	1.452870E-7
7.460400E+3	-5.416600E-6	-3.352780E-8
7.451400E+3	-5.437090E-6	1.098970E-7
7.439000E+3	-5.444540E-6	2.421450E-8
7.418600E+3	-5.783540E-6	-2.868490E-7
7.408700E+3	-5.837560E-6	-3.334150E-7
7.388500E+3	-5.874810E-6	3.725320E-9
7.378000E+3	-5.986570E-6	1.080340E-7
7.355400E+3	-5.887850E-6	3.669430E-7
7.345700E+3	-5.656880E-6	1.899910E-7
7.334400E+3	-5.329060E-6	-1.322490E-7
7.313200E+3	-5.383070E-6	-1.750900E-7
7.302000E+3	-5.431500E-6	-2.700850E-7
7.280100E+3	-5.604730E-6	-2.477340E-7
7.268900E+3	-5.621490E-6	-2.440080E-7
7.256400E+3	-5.656880E-6	-1.993040E-7
7.236700E+3	-5.736980E-6	-1.639140E-7
7.226200E+3	-5.796580E-6	-2.514590E-7
7.205800E+3	-6.087150E-6	-3.594920E-7
7.192900E+3	-5.938140E-6	-3.520420E-7
7.183800E+3	-5.925100E-6	-2.831240E-7
7.160000E+3	-6.105780E-6	-4.060580E-7
7.150400E+3	-6.163520E-6	-2.868490E-7
7.129400E+3	-6.198910E-6	-3.911580E-8
7.120400E+3	-6.414980E-6	7.823160E-8
7.099300E+3	-6.429880E-6	1.378370E-7
7.090300E+3	-6.448510E-6	1.154840E-7
7.079400E+3	-6.498800E-6	1.173470E-7
7.079400E+3	-6.498800E-6	1.173470E-7
7.047100E+3	-6.461550E-6	3.166520E-8
7.027200E+3	-6.673890E-6	1.527380E-7
7.016700E+3	-6.627320E-6	2.272440E-7
6.997200E+3	-6.750260E-6	2.272440E-7
6.986100E+3	-6.983090E-6	3.017500E-7
6.964100E+3	-7.070630E-6	2.048920E-7
6.954100E+3	-7.253170E-6	1.490130E-7
6.954100E+3	-7.253170E-6	1.490130E-7
6.920600E+3	-6.990540E-6	-1.471500E-7
6.910100E+3	-7.012890E-6	-1.546000E-7
6.890000E+3	-6.953280E-6	-1.359740E-7
6.879900E+3	-6.999850E-6	-1.154840E-7
6.857600E+3	-7.081810E-6	-3.352780E-8
6.846800E+3	-7.094840E-6	-3.725310E-8
6.846800E+3	-7.094840E-6	-3.725310E-8
6.816500E+3	-7.282970E-6	-7.636890E-8
6.816500E+3	-7.282970E-6	-7.636890E-8
6.786500E+3	-7.363070E-6	-1.378370E-7
6.774500E+3	-7.363070E-6	-6.146770E-8
6.753400E+3	-7.405910E-6	-1.434250E-7
6.744500E+3	-7.515800E-6	-1.546000E-7
6.723500E+3	-7.702100E-6	-2.030290E-7
6.714200E+3	-7.765430E-6	-2.346940E-7
6.701300E+3	-7.795230E-6	-2.030290E-7
6.681400E+3	-7.804540E-6	-1.415620E-7
6.670500E+3	-7.776600E-6	-2.216560E-7
6.670500E+3	-7.776600E-6	-2.216560E-7
6.639800E+3	-7.951690E-6	-4.656640E-8
6.617900E+3	-7.951690E-6	-2.607710E-8
6.607200E+3	-7.957280E-6	-4.656640E-8
6.594000E+3	-7.901400E-6	-2.272440E-7
6.574600E+3	-7.884640E-6	-3.874320E-7
6.563300E+3	-7.923750E-6	-4.190970E-7
6.544000E+3	-8.054140E-6	-3.427290E-7
6.544000E+3	-8.054140E-6	-3.427290E-7
6.513300E+3	-8.393140E-6	-2.756730E-7
6.503100E+3	-8.503030E-6	-2.104800E-7
6.482900E+3	-8.529110E-6	-3.390030E-7
6.482900E+3	-8.529110E-6	-3.390030E-7
6.452500E+3	-8.637140E-6	-1.955790E-7
6.440300E+3	-8.644590E-6	-1.359740E-7
6.431400E+3	-8.681850E-6	-3.911580E-8
6.410200E+3	-8.661360E-6	-7.078100E-8
6.400800E+3	-8.773120E-6	-1.098970E-7
6.380200E+3	-8.946340E-6	-3.352780E-8
6.370200E+3	-9.058100E-6	-6.519300E-8
6.350100E+3	-9.326320E-6	3.166520E-8
6.350100E+3	-9.326320E-6	3.166520E-8
6.319800E+3	-9.384060E-6	1.117590E-8
6.307200E+3	-9.441810E-6	3.352780E-8
6.286800E+3	-9.359850E-6	-6.705570E-8
6.274700E+3	-9.359850E-6	-2.607710E-8
6.274700E+3	-9.359850E-6	-2.607710E-8
6.244400E+3	-9.343090E-6	-1.117590E-8
6.231400E+3	-9.387790E-6	1.303860E-8
6.231400E+3	-9.387790E-6	1.303860E-8
6.200600E+3	-9.737970E-6	-3.334150E-7
6.187300E+3	-9.721200E-6	-5.215440E-7
6.167100E+3	-9.801300E-6	-5.550720E-7
6.157100E+3	-9.890700E-6	-4.638000E-7
6.137400E+3	-9.905610E-6	-4.526250E-7
6.126900E+3	-9.935410E-6	-3.743930E-7
6.106800E+3	-1.006210E-5	-1.639140E-7
6.106800E+3	-1.006210E-5	-1.639140E-7
6.087700E+3	-1.016640E-5	-1.806770E-7
6.064300E+3	-1.012540E-5	-2.384200E-7
6.054600E+3	-1.011790E-5	-2.905740E-7
6.034300E+3	-1.021290E-5	-1.452870E-7
6.024100E+3	-1.011980E-5	-1.918530E-7
6.024100E+3	-1.011980E-5	-1.918530E-7
5.991500E+3	-1.030980E-5	-2.551840E-7
5.970700E+3	-1.032100E-5	-3.948830E-7
5.960700E+3	-1.034710E-5	-3.054760E-7
5.947400E+3	-1.031350E-5	-8.754480E-8
5.928000E+3	-1.022600E-5	6.705570E-8
5.928000E+3	-1.022600E-5	6.705570E-8
5.897300E+3	-1.038990E-5	-7.078100E-8
5.897300E+3	-1.038990E-5	-7.078100E-8
5.886000E+3	-1.055010E-5	-9.872060E-8
5.866700E+3	-1.073630E-5	-1.993040E-7
5.836000E+3	-1.084620E-5	-2.793990E-7
5.823100E+3	-1.091520E-5	-5.643850E-7
5.813700E+3	-1.099900E-5	-6.370280E-7
5.790500E+3	-1.086670E-5	-2.943000E-7
5.780300E+3	-1.095990E-5	-9.313270E-8
5.759800E+3	-1.144970E-5	3.166520E-8
5.750200E+3	-1.150750E-5	-7.078100E-8
5.750200E+3	-1.150750E-5	-7.078100E-8
5.719900E+3	-1.138270E-5	-4.675260E-7
5.709600E+3	-1.138640E-5	-5.755610E-7
5.686600E+3	-1.139200E-5	-3.017500E-7
5.686600E+3	-1.139200E-5	-3.017500E-7
5.656600E+3	-1.154290E-5	-5.979130E-7
5.646600E+3	-1.160430E-5	-5.662480E-7
5.626400E+3	-1.160060E-5	-7.636890E-8
5.616000E+3	-1.147580E-5	1.415620E-7
5.596400E+3	-1.138830E-5	1.732270E-7
5.585300E+3	-1.124110E-5	7.636890E-8
5.566000E+3	-1.122990E-5	2.384200E-7
5.554900E+3	-1.130820E-5	1.341110E-7
5.533300E+3	-1.156150E-5	3.539050E-8
5.522400E+3	-1.139940E-5	-8.009420E-8
5.509500E+3	-1.118710E-5	-1.769520E-7
5.490200E+3	-1.088720E-5	-1.247980E-7
5.478900E+3	-1.089650E-5	2.607710E-8
5.459200E+3	-1.044580E-5	1.061710E-7
5.459200E+3	-1.044580E-5	1.061710E-7
5.428400E+3	-9.693260E-6	-2.421450E-8
5.428400E+3	-9.693260E-6	-2.421450E-8
5.406400E+3	-9.201530E-6	8.009420E-8
5.385300E+3	-8.644590E-6	-2.197930E-7
5.373300E+3	-8.491860E-6	-3.501790E-7
5.352100E+3	-7.817580E-6	-2.291060E-7
5.352100E+3	-7.817580E-6	-2.291060E-7
5.332200E+3	-7.029650E-6	-3.837070E-7
5.332200E+3	-7.029650E-6	-3.837070E-7
5.300000E+3	-5.254550E-6	-5.196820E-7
5.277000E+3	-3.736480E-6	-1.657760E-7
5.267500E+3	-3.183280E-6	4.097840E-8
5.246700E+3	-1.648450E-6	-3.166520E-8
5.236600E+3	-7.450620E-7	6.891830E-8
5.216200E+3	9.555440E-7	8.381950E-8
5.205600E+3	1.901770E-6	3.539050E-8
5.195100E+3	2.810750E-6	6.519300E-8
5.173300E+3	5.012410E-6	1.490130E-8
5.162000E+3	6.010790E-6	1.490130E-8
5.142700E+3	7.974040E-6	2.197930E-7
5.142700E+3	7.974040E-6	2.197930E-7
5.112000E+3	1.070470E-5	4.097840E-8
5.101800E+3	1.148510E-5	8.940740E-8
5.081500E+3	1.326770E-5	4.097840E-8
5.071800E+3	1.408720E-5	9.685800E-8
5.050900E+3	1.573200E-5	1.527380E-7
5.041700E+3	1.641930E-5	2.812610E-7
5.020600E+3	1.741580E-5	1.974410E-7
5.011600E+3	1.779020E-5	1.732270E-7
4.999100E+3	1.812370E-5	1.303860E-7
4.978400E+3	1.890410E-5	1.695020E-7
4.978400E+3	1.890410E-5	1.695020E-7
4.948400E+3	2.022290E-5	2.980250E-7
4.938100E+3	2.067360E-5	2.272440E-7
4.918200E+3	2.110570E-5	2.980250E-7
4.918200E+3	2.110570E-5	2.980250E-7
4.885000E+3	2.136650E-5	3.911570E-7
4.885000E+3	2.136650E-5	3.911570E-7
4.854800E+3	2.138700E-5	5.774240E-7
4.844200E+3	2.143170E-5	5.569350E-7
4.824600E+3	2.134230E-5	6.891820E-7
4.813500E+3	2.136280E-5	5.848740E-7
4.794000E+3	2.099590E-5	8.959360E-7
4.794000E+3	2.099590E-5	8.959360E-7
4.773100E+3	2.094560E-5	1.017010E-6
4.750000E+3	2.067550E-5	7.115340E-7
4.739600E+3	2.063450E-5	6.761440E-7
4.717800E+3	2.032900E-5	7.115340E-7
4.706700E+3	2.035140E-5	6.016380E-7
4.697900E+3	2.022290E-5	6.947700E-7
4.676800E+3	1.981310E-5	7.767270E-7
4.665100E+3	1.981310E-5	7.767270E-7
4.665100E+3	1.969570E-5	7.674130E-7
4.635000E+3	1.932690E-5	6.798690E-7
4.613800E+3	1.901030E-5	6.370280E-7
4.604900E+3	1.892270E-5	6.370280E-7
4.594000E+3	1.885010E-5	5.792860E-7
4.571800E+3	1.844780E-5	3.948830E-7
4.571800E+3	1.844780E-5	3.948830E-7
4.538500E+3	1.787780E-5	3.650800E-7
4.528100E+3	1.773250E-5	2.160680E-7
4.517300E+3	1.764680E-5	1.266610E-7
4.495800E+3	1.735810E-5	3.166510E-7
4.484600E+3	1.741030E-5	1.434250E-7
4.465200E+3	1.727620E-5	4.321350E-7
4.454200E+3	1.718670E-5	5.196820E-7
4.434400E+3	1.687750E-5	5.010550E-7
4.423900E+3	1.676580E-5	4.787030E-7
4.423900E+3	1.676580E-5	4.787030E-7
4.393900E+3	1.657770E-5	4.917420E-7
4.374200E+3	1.643610E-5	4.954670E-7
4.363900E+3	1.630760E-5	5.662480E-7
4.341000E+3	1.603940E-5	4.917420E-7
4.330800E+3	1.576740E-5	5.066430E-7
4.321700E+3	1.580840E-5	2.775360E-7
4.297800E+3	1.567240E-5	1.899910E-7
4.297800E+3	1.567240E-5	1.899910E-7
4.267600E+3	1.559230E-5	2.644970E-7
4.258600E+3	1.549730E-5	4.582130E-7
4.237600E+3	1.562030E-5	5.178190E-7
4.228200E+3	1.540420E-5	5.606600E-7
4.216900E+3	1.515640E-5	4.898790E-7
4.195400E+3	1.493100E-5	3.408660E-7
4.184300E+3	1.480440E-5	3.818440E-7
4.162300E+3	1.462930E-5	3.241020E-7
4.162300E+3	1.462930E-5	3.241020E-7
4.138900E+3	1.467770E-5	4.097840E-7
4.119700E+3	1.446350E-5	2.738110E-7
4.106600E+3	1.432940E-5	1.955790E-7
4.087000E+3	1.415800E-5	2.495960E-7
4.075900E+3	1.404250E-5	2.160680E-7
4.056500E+3	1.380410E-5	2.943000E-7
4.045200E+3	1.385440E-5	2.086170E-7
4.025700E+3	1.370540E-5	2.663600E-7
4.014400E+3	1.358250E-5	3.669430E-7
4.005200E+3	1.363650E-5	3.054760E-7
3.981800E+3	1.353780E-5	5.159560E-7
3.971900E+3	1.336270E-5	7.506500E-7
3.951300E+3	1.353780E-5	5.066430E-7
3.951300E+3	1.353780E-5	5.066430E-7
3.920800E+3	1.328070E-5	4.768410E-7
3.911700E+3	1.314850E-5	4.898790E-7
3.890400E+3	1.284490E-5	4.190970E-7
3.881400E+3	1.274430E-5	4.693880E-7
3.860200E+3	1.274430E-5	4.693880E-7
3.851000E+3	1.253190E-5	4.451740E-7
3.830200E+3	1.244070E-5	3.874320E-7
3.830200E+3	1.244070E-5	3.874320E-7
3.820600E+3	1.250210E-5	4.246850E-7
3.790200E+3	1.230660E-5	4.041960E-7
3.770300E+3	1.230660E-5	4.041960E-7
3.770300E+3	1.216500E-5	5.625220E-7
3.749100E+3	1.211280E-5	5.383080E-7
3.749100E+3	1.211280E-5	5.383080E-7
3.715500E+3	1.207560E-5	2.160680E-7
3.715500E+3	1.207190E-5	7.823160E-8
3.682300E+3	1.212220E-5	2.365570E-7
3.662900E+3	1.198430E-5	3.818440E-7
3.651500E+3	1.180180E-5	4.284100E-7
3.632200E+3	1.171420E-5	3.278270E-7
3.621200E+3	1.165280E-5	2.682230E-7
3.612300E+3	1.151120E-5	3.818440E-7
3.591000E+3	1.154290E-5	3.483160E-7
3.570800E+3	1.157830E-5	2.477340E-7
3.560900E+3	1.147400E-5	3.147890E-7
3.548900E+3	1.118710E-5	6.258520E-7
3.527600E+3	1.102880E-5	5.941870E-7
3.527600E+3	1.102880E-5	5.941870E-7
3.518600E+3	1.113120E-5	4.600750E-7
3.488200E+3	1.101760E-5	6.314400E-7
3.467300E+3	1.100080E-5	5.215440E-7
3.457500E+3	1.113120E-5	3.948830E-7
3.437200E+3	1.111450E-5	2.812610E-7
3.427000E+3	1.103620E-5	2.235180E-7
3.407000E+3	1.070280E-5	1.154840E-7
3.396100E+3	1.069540E-5	1.620510E-7
3.396100E+3	1.069540E-5	1.620510E-7
3.365600E+3	1.067120E-5	1.955790E-7
3.355700E+3	1.059660E-5	3.017500E-7
3.335700E+3	1.066740E-5	4.563500E-7
3.335700E+3	1.066740E-5	4.563500E-7
3.300400E+3	1.061710E-5	6.239900E-7
3.289000E+3	1.066370E-5	5.625220E-7
3.279900E+3	1.056500E-5	6.854570E-7
3.258700E+3	1.036940E-5	8.530950E-7
3.249900E+3	1.045140E-5	8.530950E-7
3.226100E+3	1.022780E-5	5.699730E-7
3.226100E+3	1.022780E-5	5.699730E-7
3.216800E+3	1.008440E-5	5.848740E-7
3.204000E+3	1.007700E-5	4.656630E-7
3.173300E+3	9.965210E-6	3.948830E-7
3.173300E+3	9.965210E-6	3.948830E-7
3.143500E+3	9.847860E-6	3.241020E-7
3.123200E+3	9.825510E-6	3.464540E-7
3.112800E+3	9.844140E-6	2.756730E-7
3.093100E+3	9.879530E-6	4.712510E-7
3.079500E+3	9.760320E-6	5.476210E-7
3.060000E+3	9.678360E-6	4.321350E-7
3.050000E+3	9.674640E-6	2.216560E-7
3.029900E+3	9.283480E-6	-5.587960E-9
3.019300E+3	9.439940E-6	-2.291060E-7
2.999800E+3	9.624350E-6	-1.434250E-7
2.988700E+3	9.669050E-6	-6.705570E-8
2.969300E+3	9.669050E-6	-6.705570E-8
2.958000E+3	9.451120E-6	1.527380E-7
2.938600E+3	9.320730E-6	4.805660E-7
2.927200E+3	9.099080E-6	5.569350E-7
2.915000E+3	9.007810E-6	6.165390E-7
2.894500E+3	8.912820E-6	6.649680E-7
2.884700E+3	8.823410E-6	7.543750E-7
2.861000E+3	8.976150E-6	4.768410E-7
2.861000E+3	8.976150E-6	4.768410E-7
2.839400E+3	8.933300E-6	4.377230E-7
2.828400E+3	8.972420E-6	3.669430E-7
2.806000E+3	8.931440E-6	3.110640E-7
2.795800E+3	8.912820E-6	2.421460E-7
2.795800E+3	8.912820E-6	2.421460E-7
2.763100E+3	8.799190E-6	2.756730E-7
2.751800E+3	8.825270E-6	2.197930E-7
2.729600E+3	8.881150E-6	2.048920E-8
2.718200E+3	8.912820E-6	1.061710E-7
2.699700E+3	8.918400E-6	3.054760E-7
2.688400E+3	8.883010E-6	2.048920E-7
2.666300E+3	8.702340E-6	2.998880E-7
2.655000E+3	8.642730E-6	4.041960E-7
2.642400E+3	8.734000E-6	2.924370E-7
2.622300E+3	8.564500E-6	3.110640E-7
2.609200E+3	8.687440E-6	2.365570E-7
2.600000E+3	8.659500E-6	2.849870E-7
2.576500E+3	8.730280E-6	2.793990E-7
2.566400E+3	8.732140E-6	3.594920E-7
2.545700E+3	8.624110E-6	2.440080E-7
2.536100E+3	8.581260E-6	3.539040E-7
2.515000E+3	8.653910E-6	1.750900E-7
2.505800E+3	8.544010E-6	2.197930E-7
2.484500E+3	8.387550E-6	3.520420E-7
2.484500E+3	8.387550E-6	3.520420E-7
2.454200E+3	8.396860E-6	4.693880E-7
2.454200E+3	8.396860E-6	4.693880E-7
2.433800E+3	8.395000E-6	3.781190E-7
2.412100E+3	8.279520E-6	2.849870E-7
2.401400E+3	8.272070E-6	1.322490E-7
2.378900E+3	8.104430E-6	1.844030E-7
2.369000E+3	8.089530E-6	2.328320E-7
2.348600E+3	8.136090E-6	2.775360E-7
2.338300E+3	8.108150E-6	2.477340E-7
2.338300E+3	8.108150E-6	2.477340E-7
2.307300E+3	7.791500E-6	3.520420E-7
2.297000E+3	7.728170E-6	3.743930E-7
2.274900E+3	7.806400E-6	3.483160E-7
2.263800E+3	7.756110E-6	3.892950E-7
2.244000E+3	7.774740E-6	3.669430E-7
2.244000E+3	7.774740E-6	3.669430E-7
2.213100E+3	7.813850E-6	2.831240E-7
2.203000E+3	7.821310E-6	3.036130E-7
2.182000E+3	8.005710E-6	1.434250E-7
2.172500E+3	8.005710E-6	1.434250E-7
2.162400E+3	7.854830E-6	7.078100E-8
2.138900E+3	7.867870E-6	1.154840E-7
2.118300E+3	7.767290E-6	-1.098970E-7
2.118300E+3	7.767290E-6	-1.098970E-7
2.096300E+3	7.594030E-6	9.313270E-8
2.074700E+3	7.670430E-6	7.823160E-8
2.062600E+3	7.540020E-6	2.067550E-7
2.051400E+3	7.519530E-6	1.732270E-7
2.032000E+3	7.422670E-6	1.229350E-7
2.032000E+3	7.422670E-6	1.229350E-7
2.020200E+3	7.474820E-6	7.823160E-8
1.989600E+3	7.446880E-6	8.009420E-8
1.966600E+3	7.396590E-6	2.924370E-7
1.956000E+3	7.422670E-6	2.458710E-7
1.942600E+3	7.469240E-6	2.086170E-7
1.923000E+3	7.301600E-6	1.732270E-7
1.910000E+3	7.301600E-6	7.823160E-8
1.899200E+3	7.275520E-6	6.519300E-8
1.899200E+3	7.275520E-6	6.519300E-8
1.866300E+3	7.338850E-6	9.499540E-8
1.847600E+3	7.366790E-6	2.849870E-7
1.847600E+3	7.366790E-6	2.849870E-7
1.817700E+3	7.217780E-6	3.501790E-7
1.817700E+3	7.217780E-6	3.501790E-7
1.785600E+3	7.282970E-6	2.868490E-7
1.775800E+3	7.288560E-6	2.533220E-7
1.767100E+3	7.253170E-6	2.980250E-7
1.744400E+3	7.314640E-6	1.899910E-7
1.735900E+3	7.208470E-6	2.849870E-7
1.715600E+3	7.186110E-6	3.017500E-7
1.707000E+3	7.176800E-6	3.278270E-7
1.686900E+3	7.135820E-6	3.483160E-7
1.677900E+3	7.065040E-6	3.036130E-7
1.658000E+3	6.916030E-6	1.974410E-7
1.648400E+3	6.893680E-6	2.495960E-7
1.648400E+3	6.893680E-6	2.495960E-7
1.619500E+3	6.942110E-6	2.104800E-7
1.599200E+3	6.971910E-6	3.166510E-7
1.599200E+3	6.971910E-6	3.166510E-7
1.578200E+3	6.902990E-6	2.402830E-7
1.555900E+3	6.882500E-6	2.402830E-7
1.544800E+3	6.750260E-6	2.700850E-7
1.544800E+3	6.750260E-6	2.700850E-7
1.511500E+3	6.666440E-6	2.477340E-7
1.491700E+3	6.893680E-6	1.881280E-7
1.480400E+3	6.876910E-6	1.378370E-7
1.460200E+3	6.815450E-6	-2.980250E-8
1.449300E+3	6.824760E-6	-3.166520E-8
1.440100E+3	6.811720E-6	6.891830E-8
1.415800E+3	6.815450E-6	1.136220E-7
1.406600E+3	6.746530E-6	2.924370E-7
1.385200E+3	6.947700E-6	1.806770E-7
1.376300E+3	6.947700E-6	1.806770E-7
1.355300E+3	6.787510E-6	1.881280E-7
1.346500E+3	6.787510E-6	1.881280E-7
1.326000E+3	6.463410E-6	1.452870E-7
1.317000E+3	6.334890E-6	1.974410E-7
1.307000E+3	6.318120E-6	1.415620E-7
1.286000E+3	6.079700E-6	3.650800E-7
1.286000E+3	6.079700E-6	3.650800E-7
1.255300E+3	5.850600E-6	3.837070E-7
1.245800E+3	5.785400E-6	3.054760E-7
1.235900E+3	5.714620E-6	2.421460E-7
1.216800E+3	5.414740E-6	2.924370E-7
1.206600E+3	5.351410E-6	2.831240E-7
1.188000E+3	5.163280E-6	3.911570E-7
1.178200E+3	5.051520E-6	3.743930E-7
1.178200E+3	5.051520E-6	3.743930E-7
1.150600E+3	4.736740E-6	2.812610E-7
1.138700E+3	4.705070E-6	1.546000E-7
1.131200E+3	4.516940E-6	1.508750E-7
1.131200E+3	4.516940E-6	1.508750E-7
1.103200E+3	3.857570E-6	9.499540E-8
1.103200E+3	3.857570E-6	9.499540E-8
1.075400E+3	3.118080E-6	1.676390E-8
1.068000E+3	2.749280E-6	1.676390E-8
1.050500E+3	1.939030E-6	6.146770E-8
1.033100E+3	1.067300E-6	2.421450E-8
1.025600E+3	5.066430E-7	8.754480E-8
1.025600E+3	5.066430E-7	8.754480E-8
1.017300E+3	-8.009420E-8	8.381950E-8
9.905000E+2	-1.946480E-6	6.705570E-8
9.732000E+2	-3.198180E-6	2.980250E-8
9.652000E+2	-3.647070E-6	-8.009420E-8
9.482000E+2	-4.697620E-6	-2.644970E-7
9.396000E+2	-4.874570E-6	-4.656630E-7
9.286000E+2	-5.221020E-6	-5.699730E-7
9.106000E+2	-5.511600E-6	-2.346940E-7
9.017000E+2	-5.574930E-6	-2.887120E-7
8.927000E+2	-5.809620E-6	-2.495960E-7
8.747000E+2	-6.474580E-6	-1.769520E-7
8.651000E+2	-6.642220E-6	-1.788150E-7
8.490000E+2	-6.699960E-6	-2.663600E-7
8.398000E+2	-6.698100E-6	-3.781190E-7
8.220000E+2	-6.949560E-6	1.098970E-7
8.124000E+2	-6.904850E-6	2.291060E-7
7.964000E+2	-6.711140E-6	3.557670E-7
7.870000E+2	-6.709280E-6	1.378370E-7
7.771000E+2	-6.625460E-6	-9.127010E-8
7.771000E+2	-6.625460E-6	-9.127010E-8
7.520000E+2	-6.528600E-6	-2.402830E-7
7.344000E+2	-6.534190E-6	-5.420330E-7
7.271000E+2	-6.539780E-6	-5.047800E-7
7.095000E+2	-6.455960E-6	-3.445910E-7
6.999000E+2	-6.448510E-6	-2.179300E-7
6.911000E+2	-6.377730E-6	-1.732270E-7
6.753000E+2	-6.493210E-6	-7.450640E-9
6.660000E+2	-6.506250E-6	1.676390E-8
6.484000E+2	-6.543500E-6	-2.235190E-8
6.400000E+2	-6.580750E-6	-1.117590E-8
6.292000E+2	-6.569580E-6	-1.098970E-7
6.139000E+2	-6.562130E-6	-2.235190E-8
6.033000E+2	-6.545360E-6	2.980250E-8
5.877000E+2	-6.452230E-6	-1.285230E-7
5.786000E+2	-6.575170E-6	-5.103680E-7
5.707000E+2	-6.748390E-6	-5.867370E-7
5.530000E+2	-6.895540E-6	-4.917420E-7
5.443000E+2	-6.996120E-6	-4.544870E-7
5.275000E+2	-7.344440E-6	-3.259650E-7
5.183000E+2	-7.398460E-6	-2.440080E-7
5.089000E+2	-7.484140E-6	-2.365570E-7
4.922000E+2	-7.612660E-6	-1.210730E-7
4.855000E+2	-7.739350E-6	-8.195680E-8
4.855000E+2	-7.739350E-6	-8.195680E-8
4.501000E+2	-7.934930E-6	3.539050E-8
4.273000E+2	-8.039230E-6	2.607710E-8
3.882000E+2	-8.538420E-6	1.862660E-9
3.882000E+2	-8.538420E-6	1.862660E-9
3.203000E+2	-9.402690E-6	-1.583260E-7
2.954000E+2	-9.592680E-6	-1.918530E-7
2.452000E+2	-9.510720E-6	-2.943000E-7
2.190000E+2	-9.276030E-6	-2.849870E-7
1.650000E+2	-8.530970E-6	-2.253810E-7
1.381000E+2	-7.912570E-6	-1.955790E-7
8.210000E+1	-6.794960E-6	-1.918530E-7
5.510000E+1	-6.180290E-6	-1.639140E-7
2.720000E+1	-5.530220E-6	-9.872060E-8
-3.560000E+1	-3.436590E-6	-7.078100E-8
-9.130000E+1	-1.005840E-6	-1.173470E-7
-9.130000E+1	-1.005840E-6	-1.173470E-7
-1.178000E+2	2.067550E-7	-8.381950E-8
-1.978000E+2	3.458950E-6	-5.401690E-8
-2.243000E+2	4.610080E-6	-1.080340E-7
-2.748000E+2	6.590070E-6	-8.009420E-8
-3.004000E+2	7.402180E-6	-2.793980E-8
-3.474000E+2	8.754490E-6	-7.078100E-8
