Sample Name, AUS25x23_40G
Freq, 40, GHz, Power, 10, dBm
SR850: f = 25 Hz; phase = 96 deg; output = 5 V; sens. = 20 uV; tc = 300 ms; 12dB/oct
Field	X	Y
Oe	V	V
*
-6.701000E+2	3.660120E-7	9.685800E-8
-6.701000E+2	3.660120E-7	9.685800E-8
-6.713000E+2	3.892950E-7	6.612440E-8
-6.687000E+2	3.082700E-7	6.984960E-8
-6.624000E+2	2.207240E-7	1.359740E-7
-6.526000E+2	2.728790E-7	7.264360E-8
-6.279000E+2	2.561160E-7	9.220140E-8
-6.108000E+2	2.011670E-7	4.936030E-8
-5.966000E+2	1.769520E-7	5.122300E-8
-5.633000E+2	1.359740E-7	-1.294550E-7
-5.471000E+2	1.145530E-7	-1.145530E-7
-5.169000E+2	2.179300E-7	-7.543760E-8
-5.016000E+2	3.306210E-7	-8.754480E-8
-4.881000E+2	4.079210E-7	-5.215430E-8
-4.558000E+2	4.656630E-7	4.936030E-8
-4.440000E+2	4.721820E-7	1.862660E-9
-4.156000E+2	4.656630E-7	2.793980E-9
-4.058000E+2	5.224760E-7	-3.352780E-8
-3.929000E+2	6.388910E-7	-9.406400E-8
-3.702000E+2	6.724190E-7	-4.004710E-8
-3.621000E+2	7.599630E-7	-7.823160E-8
-3.621000E+2	7.599630E-7	-7.823160E-8
-3.351000E+2	9.667200E-7	1.220040E-7
-3.159000E+2	9.927970E-7	4.004710E-8
-3.067000E+2	8.950050E-7	4.377240E-8
-2.959000E+2	8.279490E-7	6.053640E-8
-2.750000E+2	6.910450E-7	-9.313300E-10
-2.637000E+2	6.305090E-7	1.490130E-8
-2.443000E+2	5.811490E-7	2.980250E-8
-2.328000E+2	5.746300E-7	4.749770E-8
-2.132000E+2	5.150250E-7	7.450630E-8
-2.019000E+2	5.625220E-7	7.450640E-9
-1.896000E+2	6.286460E-7	1.713640E-7
-1.690000E+2	7.459930E-7	2.440080E-7
-1.595000E+2	7.459930E-7	1.862650E-7
-1.385000E+2	6.118830E-7	9.778930E-8
-1.265000E+2	5.858060E-7	2.421450E-8
-1.065000E+2	4.805660E-7	2.048920E-8
-9.680000E+1	4.377230E-7	3.352780E-8
-8.510000E+1	4.982610E-7	-3.911580E-8
-6.410000E+1	4.787030E-7	-8.568210E-8
-5.520000E+1	4.125780E-7	-1.769520E-8
-3.430000E+1	4.265480E-7	-5.494830E-8
-2.520000E+1	3.771870E-7	-7.171230E-8
-4.600000E+0	2.365570E-7	-1.955790E-8
8.000000E+0	2.738110E-7	-8.754480E-8
1.830000E+1	2.514590E-7	-9.406400E-8
4.060000E+1	6.333040E-8	-5.681090E-8
5.190000E+1	-5.587960E-8	1.862660E-9
6.200000E+1	-1.424930E-7	1.210730E-8
6.200000E+1	-1.424930E-7	1.210730E-8
1.041000E+2	-2.374880E-7	-4.749770E-8
1.150000E+2	-4.088520E-7	1.303860E-8
1.150000E+2	-4.088520E-7	1.303860E-8
1.458000E+2	-5.234070E-7	2.514580E-8
1.555000E+2	-5.280640E-7	1.210730E-8
1.764000E+2	-5.513470E-7	5.681090E-8
1.855000E+2	-5.066430E-7	-8.381960E-9
2.087000E+2	-6.835940E-7	-4.377240E-8
2.188000E+2	-6.845260E-7	-4.377240E-8
2.281000E+2	-6.444790E-7	-9.499540E-8
2.518000E+2	-7.795210E-7	-1.350430E-7
2.607000E+2	-7.376110E-7	-1.695020E-7
2.818000E+2	-6.938390E-7	-9.685800E-8
2.908000E+2	-6.314400E-7	-2.793980E-9
3.116000E+2	-5.448270E-7	3.725310E-8
3.211000E+2	-5.839430E-7	-3.259650E-8
3.446000E+2	-7.692760E-7	-7.823160E-8
3.536000E+2	-6.612430E-7	-1.685700E-7
3.648000E+2	-6.062950E-7	-1.024460E-7
3.868000E+2	-4.367920E-7	8.940740E-8
3.868000E+2	-4.367920E-7	8.940740E-8
4.203000E+2	-5.196820E-7	6.426170E-8
4.298000E+2	-5.615910E-7	6.239910E-8
4.412000E+2	-6.444790E-7	6.053640E-8
4.605000E+2	-6.835940E-7	9.220140E-8
4.716000E+2	-6.947700E-7	1.424930E-7
4.930000E+2	-7.255040E-7	9.406400E-8
5.043000E+2	-8.242240E-7	2.188620E-7
5.137000E+2	-8.726530E-7	2.542530E-7
5.377000E+2	-1.013290E-6	3.790500E-7
5.470000E+2	-9.760330E-7	3.259650E-7
5.704000E+2	-9.341200E-7	1.024460E-7
5.835000E+2	-1.041230E-6	8.754480E-8
5.925000E+2	-9.434330E-7	5.587960E-8
5.925000E+2	-9.434330E-7	5.587960E-8
6.231000E+2	-7.227100E-7	5.122300E-8
6.446000E+2	-6.444790E-7	8.381960E-9
6.538000E+2	-6.100200E-7	-7.450640E-9
6.781000E+2	-5.541410E-7	-3.632180E-8
6.873000E+2	-3.222390E-7	-1.331800E-7
7.089000E+2	-2.747420E-7	-1.378370E-7
7.181000E+2	-3.203770E-7	-1.247980E-7
7.396000E+2	-3.809130E-7	-7.916290E-8
7.492000E+2	-4.349290E-7	-2.793980E-9
7.624000E+2	-4.163030E-7	3.445920E-8
7.825000E+2	-3.604240E-7	5.308560E-8
7.937000E+2	-3.911570E-7	6.984960E-8
8.134000E+2	-3.054760E-7	9.872060E-8
8.250000E+2	-3.129260E-7	9.872060E-8
8.447000E+2	-2.961620E-7	1.396990E-8
8.592000E+2	-3.594920E-7	4.749770E-8
8.592000E+2	-3.594920E-7	4.749770E-8
8.927000E+2	-3.576300E-7	-2.514580E-8
9.032000E+2	-3.119950E-7	-7.357490E-8
9.153000E+2	-3.399350E-7	2.235190E-8
9.371000E+2	-3.054760E-7	9.127010E-8
9.495000E+2	-3.175830E-7	8.102550E-8
9.711000E+2	-2.253810E-7	1.583260E-8
9.809000E+2	-2.356260E-7	4.656640E-9
1.003000E+3	-3.660120E-7	8.195680E-8
1.012500E+3	-3.585610E-7	7.916290E-8
1.012500E+3	-3.585610E-7	7.916290E-8
1.047300E+3	-1.480810E-7	-1.220040E-7
1.057400E+3	-1.871970E-7	-9.313270E-8
1.078400E+3	-2.980250E-7	-1.713640E-7
1.089000E+3	-4.293420E-7	-1.741580E-7
1.109800E+3	-4.665940E-7	-1.164160E-7
1.109800E+3	-4.665940E-7	-1.164160E-7
1.141400E+3	-3.268960E-7	-1.862660E-9
1.153000E+3	-3.194450E-7	-1.396990E-8
1.175300E+3	-3.576300E-7	1.117590E-7
1.186000E+3	-4.079210E-7	9.127010E-8
1.196900E+3	-3.287590E-7	-3.166520E-8
1.217300E+3	-3.604240E-7	8.568210E-8
1.237000E+3	-3.110640E-7	-9.313280E-9
1.248500E+3	-3.473850E-7	-1.210730E-8
1.261400E+3	-3.473850E-7	1.583260E-8
1.270700E+3	-2.868490E-7	-1.955790E-8
1.295100E+3	-2.719480E-7	1.443560E-7
1.304700E+3	-2.160680E-7	1.098970E-7
1.329300E+3	-2.700850E-7	1.033770E-7
1.338600E+3	-2.207240E-7	4.470370E-8
1.360200E+3	-2.067550E-7	1.862660E-8
1.372500E+3	-2.477340E-7	4.936030E-8
1.382100E+3	-2.412140E-7	8.381960E-9
1.402800E+3	-2.160680E-7	-8.288820E-8
1.402800E+3	-2.160680E-7	-8.288820E-8
1.433000E+3	-2.542530E-7	-1.452870E-7
1.445400E+3	-3.073380E-7	-1.033770E-7
1.465900E+3	-2.915060E-7	-1.043090E-7
1.475500E+3	-3.064070E-7	-6.798700E-8
1.486600E+3	-2.644970E-7	-8.847610E-8
1.505600E+3	-3.045440E-7	-1.955790E-8
1.525300E+3	-2.281750E-7	-8.754480E-8
1.536100E+3	-2.346940E-7	-8.568210E-8
1.549100E+3	-3.119950E-7	-1.955790E-8
1.558400E+3	-2.495960E-7	-7.264360E-8
1.581800E+3	-3.213080E-7	-2.235190E-8
1.601200E+3	-2.477340E-7	-1.294550E-7
1.612500E+3	-3.110640E-7	-5.215430E-8
1.622000E+3	-2.319000E-7	-1.154840E-7
1.643000E+3	-3.054760E-7	-3.352780E-8
1.652200E+3	-2.840550E-7	-5.122300E-8
1.675700E+3	-3.129260E-7	-1.303860E-8
1.685500E+3	-3.194450E-7	-7.450640E-9
1.685500E+3	-3.194450E-7	-7.450640E-9
1.718700E+3	-3.287590E-7	2.328320E-8
1.730600E+3	-2.654290E-7	-4.936030E-8
1.740300E+3	-2.821930E-7	-4.563500E-8
1.763300E+3	-2.663600E-7	-5.401690E-8
1.773200E+3	-2.468020E-7	-7.264360E-8
1.796300E+3	-3.194450E-7	-4.470370E-8
1.805500E+3	-2.412140E-7	-1.266610E-7
1.805500E+3	-2.412140E-7	-1.266610E-7
1.838000E+3	-2.430770E-7	-1.154840E-7
1.848800E+3	-2.961620E-7	-3.818450E-8
1.868000E+3	-2.449400E-7	-5.122300E-8
1.879200E+3	-3.185140E-7	2.328320E-8
1.898400E+3	-2.793990E-7	2.328320E-8
1.911400E+3	-2.877800E-7	1.117590E-8
1.922000E+3	-3.026820E-7	4.190970E-8
1.943600E+3	-3.026820E-7	2.142050E-8
1.954900E+3	-3.390030E-7	5.215430E-8
1.974200E+3	-3.436600E-7	5.960510E-8
1.985000E+3	-3.650800E-7	4.097840E-8
1.993800E+3	-3.268960E-7	-2.887110E-8
2.017500E+3	-4.107150E-7	5.029160E-8
2.026700E+3	-3.669430E-7	3.725320E-9
2.049900E+3	-4.023330E-7	2.142050E-8
2.059800E+3	-3.539040E-7	-2.607710E-8
2.071900E+3	-2.952310E-7	-6.891830E-8
2.092800E+3	-3.576300E-7	-1.862660E-9
2.104600E+3	-3.073380E-7	-6.146770E-8
2.115300E+3	-3.781190E-7	-1.955790E-8
2.137700E+3	-3.157200E-7	-8.009420E-8
2.147400E+3	-3.166510E-7	-9.499540E-8
2.167600E+3	-3.334150E-7	-8.754480E-8
2.178000E+3	-3.920890E-7	-2.607710E-8
2.197700E+3	-3.194450E-7	-4.749770E-8
2.208700E+3	-3.613550E-7	-1.862660E-9
2.228100E+3	-3.827750E-7	2.142050E-8
2.239300E+3	-3.818440E-7	-5.587960E-9
2.258600E+3	-3.268960E-7	-3.911580E-8
2.269900E+3	-3.101320E-7	-4.377240E-8
2.291200E+3	-3.092010E-7	-4.470370E-8
2.302500E+3	-3.473850E-7	-1.210730E-8
2.302500E+3	-3.473850E-7	-1.210730E-8
2.334600E+3	-3.520420E-7	7.078100E-8
2.345400E+3	-2.598410E-7	1.210730E-8
2.357400E+3	-2.589090E-7	1.862660E-8
2.378200E+3	-2.468020E-7	1.862660E-9
2.390300E+3	-2.868490E-7	1.024460E-8
2.411100E+3	-3.473850E-7	-3.166520E-8
2.420000E+3	-3.296900E-7	-7.636890E-8
2.440500E+3	-3.613550E-7	-3.911580E-8
2.449900E+3	-3.073380E-7	-8.940740E-8
2.470800E+3	-3.231710E-7	-7.171230E-8
2.479900E+3	-2.803300E-7	-9.406400E-8
2.490300E+3	-3.222390E-7	-2.235190E-8
2.513100E+3	-3.222390E-7	-2.235190E-8
2.523800E+3	-3.213080E-7	1.862660E-9
2.543200E+3	-3.865010E-7	1.862660E-8
2.556200E+3	-3.334150E-7	-6.053640E-8
2.567500E+3	-4.228220E-7	1.024460E-8
2.587000E+3	-4.079210E-7	-3.725310E-8
2.606700E+3	-3.334150E-7	-1.275920E-7
2.617600E+3	-3.641490E-7	-7.078100E-8
2.627800E+3	-4.135090E-7	-1.676390E-8
2.649600E+3	-3.436600E-7	-5.681090E-8
2.660500E+3	-3.585610E-7	-4.284110E-8
2.672300E+3	-3.632180E-7	-2.980250E-8
2.692800E+3	-3.669430E-7	7.450640E-9
2.705200E+3	-3.147890E-7	-2.607710E-8
2.717100E+3	-2.887120E-7	-4.004710E-8
2.738000E+3	-3.622860E-7	-1.117590E-8
2.738000E+3	-3.622860E-7	-1.117590E-8
2.770500E+3	-3.566980E-7	9.313300E-10
2.780300E+3	-3.613550E-7	2.514580E-8
2.792700E+3	-3.119950E-7	-7.450640E-9
2.813700E+3	-3.362090E-7	4.284110E-8
2.823400E+3	-2.719480E-7	4.284110E-8
2.847000E+3	-3.315530E-7	9.313300E-10
2.856000E+3	-3.175830E-7	5.587960E-8
2.868800E+3	-3.017500E-7	2.328320E-8
2.889000E+3	-3.865010E-7	4.284110E-8
2.901200E+3	-3.865010E-7	4.284110E-8
2.912400E+3	-3.334150E-7	-3.166520E-8
2.933800E+3	-3.464540E-7	-6.239910E-8
2.944400E+3	-4.060580E-7	-3.725320E-9
2.963700E+3	-3.995390E-7	6.519290E-9
2.974700E+3	-3.529730E-7	-6.519300E-8
2.987500E+3	-3.613550E-7	-3.911580E-8
3.006800E+3	-3.576300E-7	-2.793980E-9
3.017500E+3	-4.014020E-7	1.676390E-8
3.040300E+3	-3.734620E-7	-2.048920E-8
3.050700E+3	-3.865010E-7	2.328320E-8
3.062600E+3	-3.520420E-7	1.396990E-8
3.083800E+3	-3.865010E-7	1.769520E-8
3.095900E+3	-3.809130E-7	-1.490130E-8
3.105100E+3	-3.743930E-7	-5.029160E-8
3.128900E+3	-3.883630E-7	-4.842900E-8
3.137800E+3	-3.129260E-7	-1.164160E-7
3.161500E+3	-3.734620E-7	2.793980E-9
3.170900E+3	-3.213080E-7	-4.842900E-8
3.180700E+3	-3.064070E-7	-8.102550E-8
3.203900E+3	-3.101320E-7	-4.470370E-8
3.213000E+3	-2.775360E-7	-7.543760E-8
3.234000E+3	-3.501790E-7	1.676390E-8
3.246300E+3	-3.147890E-7	-8.381960E-9
3.266800E+3	-2.747420E-7	9.313280E-9
3.276000E+3	-3.557670E-7	8.847610E-8
3.297100E+3	-2.700850E-7	1.117590E-8
3.306400E+3	-3.101320E-7	7.543760E-8
3.317700E+3	-2.691540E-7	5.308560E-8
3.336800E+3	-3.464540E-7	6.519300E-8
3.347900E+3	-3.781190E-7	8.381950E-8
3.367400E+3	-3.995390E-7	2.328320E-8
3.378000E+3	-3.501790E-7	-4.284110E-8
3.398200E+3	-3.948830E-7	9.313280E-9
3.408400E+3	-3.920890E-7	2.700850E-8
3.430700E+3	-3.641490E-7	-2.142050E-8
3.441800E+3	-3.241020E-7	-6.146770E-8
3.461800E+3	-4.079210E-7	3.352780E-8
3.472100E+3	-3.725310E-7	-9.313300E-10
3.492200E+3	-3.874320E-7	-5.587960E-9
3.502000E+3	-3.473850E-7	-6.984960E-8
3.511200E+3	-4.135090E-7	-2.514580E-8
3.534500E+3	-3.501790E-7	-7.078100E-8
3.544200E+3	-3.902260E-7	-2.142050E-8
3.564600E+3	-4.433110E-7	2.048920E-8
3.576700E+3	-3.976770E-7	-5.867350E-8
3.587900E+3	-4.628690E-7	-5.587960E-9
3.609800E+3	-3.790500E-7	-3.725310E-8
3.620300E+3	-4.069900E-7	-2.793980E-9
3.643200E+3	-3.688060E-7	4.656640E-9
3.653000E+3	-3.585610E-7	-4.656640E-9
3.664300E+3	-4.395860E-7	6.612440E-8
3.685500E+3	-3.883630E-7	0.000000E+0
3.685500E+3	-3.883630E-7	0.000000E+0
3.716000E+3	-2.095480E-7	4.256160E-7
3.727200E+3	-2.225870E-7	3.324840E-7
3.746300E+3	-2.486650E-7	1.005830E-7
3.757400E+3	-2.468020E-7	-5.401690E-8
3.766300E+3	-2.430770E-7	-9.313270E-8
3.789800E+3	-2.300380E-7	-1.890590E-7
3.799300E+3	-2.067550E-7	-1.713640E-7
3.820300E+3	-1.993040E-7	-8.847610E-8
3.829300E+3	-2.235180E-7	-1.015150E-7
3.850500E+3	-2.924370E-7	-1.247980E-7
3.859400E+3	-3.529730E-7	-1.266610E-7
3.859400E+3	-3.529730E-7	-1.266610E-7
3.889500E+3	-5.075740E-7	-3.278270E-7
3.910300E+3	-5.466900E-7	-2.868490E-7
3.919800E+3	-5.513470E-7	-2.300380E-7
3.940100E+3	-4.954670E-7	-2.225870E-7
3.950100E+3	-5.215440E-7	-1.573940E-7
3.973400E+3	-4.414490E-7	-1.033770E-7
3.982600E+3	-3.483160E-7	-5.401690E-8
3.996700E+3	-3.427290E-7	1.117590E-8
4.006500E+3	-3.008190E-7	2.048920E-8
4.029100E+3	-3.743930E-7	9.220140E-8
4.039700E+3	-3.427290E-7	7.264360E-8
4.061500E+3	-2.197930E-7	-3.073390E-8
4.072700E+3	-3.362090E-7	2.607710E-8
4.081800E+3	-3.268960E-7	1.583260E-8
4.105200E+3	-3.324840E-7	-1.490130E-8
4.114900E+3	-2.738110E-7	-9.406400E-8
4.135700E+3	-4.488990E-7	-3.008190E-7
4.144900E+3	-5.196820E-7	-2.728790E-7
4.166100E+3	-5.113000E-7	-3.818450E-8
4.175100E+3	-4.116460E-7	-2.607710E-8
4.196200E+3	-4.116460E-7	-2.607710E-8
4.205100E+3	-4.963990E-7	-4.470370E-8
4.229000E+3	-5.764920E-7	-3.911580E-8
4.238000E+3	-4.712510E-7	-8.940740E-8
4.248300E+3	-4.293420E-7	-6.146770E-8
4.271100E+3	-4.582130E-7	-5.215430E-8
4.280700E+3	-4.731140E-7	-5.587960E-8
4.304200E+3	-5.001240E-7	-4.284110E-8
4.313200E+3	-4.172340E-7	-3.445920E-8
4.324300E+3	-4.246850E-7	1.583260E-8
4.343500E+3	-4.116460E-7	7.636890E-8
4.364200E+3	-3.669430E-7	1.117590E-8
4.374000E+3	-3.529730E-7	-9.313280E-9
4.385300E+3	-3.203770E-7	-6.612440E-8
4.406600E+3	-3.660120E-7	-5.681090E-8
4.417800E+3	-3.911570E-7	-1.210730E-8
4.437100E+3	-3.837070E-7	-3.632180E-8
4.448300E+3	-4.787030E-7	2.328320E-8
4.467500E+3	-4.647320E-7	-1.676390E-8
4.478600E+3	-4.293420E-7	-7.636890E-8
4.490600E+3	-4.032640E-7	-9.685800E-8
4.511200E+3	-5.187500E-7	-2.048920E-8
4.520600E+3	-5.001240E-7	-1.676390E-8
4.541800E+3	-4.936050E-7	-7.543760E-8
4.551000E+3	-4.144400E-7	-1.667080E-7
4.571900E+3	-4.377230E-7	-1.192100E-7
4.583700E+3	-3.660120E-7	-2.002350E-7
4.594400E+3	-3.790500E-7	-2.030290E-7
4.616800E+3	-3.734620E-7	-1.881280E-7
4.626600E+3	-3.771870E-7	-1.452870E-7
4.650000E+3	-4.712510E-7	-3.818450E-8
4.659100E+3	-4.321350E-7	-3.445920E-8
4.670200E+3	-4.656630E-7	0.000000E+0
4.691900E+3	-4.237540E-7	-3.632180E-8
4.702700E+3	-3.948830E-7	-1.862660E-8
4.725100E+3	-3.511100E-7	-2.887110E-8
4.735000E+3	-3.585610E-7	1.583260E-8
4.746200E+3	-3.613550E-7	3.259650E-8
4.765800E+3	-4.302730E-7	1.071030E-7
4.785600E+3	-3.976770E-7	4.936030E-8
4.796600E+3	-3.976770E-7	4.936030E-8
4.806800E+3	-5.215440E-7	1.024460E-7
4.829000E+3	-4.759080E-7	8.381960E-9
4.840000E+3	-4.498310E-7	-4.004710E-8
4.852000E+3	-4.284100E-7	-4.470370E-8
4.873200E+3	-4.153720E-7	-1.164160E-7
4.882100E+3	-4.768410E-7	-1.061710E-7
4.903000E+3	-5.830120E-7	-2.607710E-8
4.912000E+3	-5.653160E-7	-5.401690E-8
4.933100E+3	-5.168880E-7	-7.823160E-8
4.941900E+3	-5.168880E-7	-4.284110E-8
4.963000E+3	-5.187500E-7	-7.078100E-8
4.972100E+3	-5.820800E-7	-2.235190E-8
4.986200E+3	-5.560030E-7	1.862660E-9
5.008100E+3	-5.373770E-7	-7.450640E-9
5.018500E+3	-5.764920E-7	2.048920E-8
5.038300E+3	-6.053630E-7	5.587960E-8
5.038300E+3	-6.053630E-7	5.587960E-8
5.062200E+3	-5.709040E-7	9.313280E-9
5.083500E+3	-5.094370E-7	-7.543760E-8
5.094700E+3	-5.755610E-7	1.210730E-8
5.113900E+3	-5.755610E-7	1.210730E-8
5.127900E+3	-5.913930E-7	5.215430E-8
5.146600E+3	-5.392390E-7	-1.201420E-7
5.157500E+3	-6.314400E-7	-3.352780E-8
5.167700E+3	-6.407540E-7	-8.381960E-9
5.190800E+3	-6.193330E-7	-6.146770E-8
5.200800E+3	-5.820800E-7	-1.033770E-7
5.200800E+3	-5.820800E-7	-1.033770E-7
5.234100E+3	-5.047800E-7	-1.350430E-7
5.243100E+3	-4.181660E-7	-1.452870E-7
5.264500E+3	-3.660120E-7	-1.080340E-7
5.273800E+3	-3.818440E-7	-9.965200E-8
5.294800E+3	-4.973300E-7	-9.778930E-8
5.304600E+3	-5.494840E-7	-1.378370E-7
5.325200E+3	-6.845260E-7	-1.546000E-7
5.337400E+3	-6.696250E-7	-1.331800E-7
5.358400E+3	-7.078090E-7	-3.725310E-8
5.367800E+3	-5.560030E-7	-4.004710E-8
5.380700E+3	-5.541410E-7	-4.004710E-8
5.400500E+3	-4.107150E-7	0.000000E+0
5.411500E+3	-3.920890E-7	9.313300E-10
5.433500E+3	-4.461050E-7	-3.818450E-8
5.443700E+3	-5.848740E-7	2.235190E-8
5.443700E+3	-5.848740E-7	2.235190E-8
5.474400E+3	-6.593800E-7	1.769520E-8
5.493800E+3	-6.640370E-7	-6.146770E-8
5.504900E+3	-6.724190E-7	7.450640E-9
5.514900E+3	-6.314400E-7	1.583260E-8
5.537400E+3	-6.705560E-7	4.470370E-8
5.548100E+3	-6.817320E-7	1.862660E-8
5.557100E+3	-7.199160E-7	-5.587960E-9
5.581100E+3	-8.670650E-7	4.842900E-8
5.590100E+3	-7.813830E-7	-4.563500E-8
5.614300E+3	-7.832460E-7	-2.142050E-8
5.614300E+3	-7.832460E-7	-2.142050E-8
5.632800E+3	-7.590320E-7	-6.612440E-8
5.656400E+3	-7.459930E-7	1.676390E-8
5.666100E+3	-6.854570E-7	1.676390E-8
5.686400E+3	-6.668310E-7	5.960510E-8
5.698600E+3	-6.342340E-7	6.705570E-8
5.719600E+3	-7.115340E-7	3.539050E-8
5.729100E+3	-6.780060E-7	-5.215430E-8
5.749700E+3	-7.003580E-7	-6.798700E-8
5.759800E+3	-7.394740E-7	-9.313280E-9
5.770900E+3	-7.925590E-7	5.774220E-8
5.790800E+3	-7.450620E-7	1.024460E-8
5.790800E+3	-7.450620E-7	1.024460E-8
5.821700E+3	-6.454100E-7	-2.598410E-7
5.831600E+3	-6.267840E-7	-2.710170E-7
5.853800E+3	-6.360970E-7	-1.927850E-7
5.864600E+3	-6.873200E-7	-6.239910E-8
5.884300E+3	-8.456450E-7	1.313170E-7
5.894500E+3	-8.279490E-7	1.098970E-7
5.914700E+3	-8.707900E-7	1.546000E-7
5.924600E+3	-8.679960E-7	5.774220E-8
5.936500E+3	-9.052490E-7	-1.126900E-7
5.957600E+3	-9.434330E-7	-1.098970E-7
5.966500E+3	-9.583380E-7	-5.774220E-8
5.987500E+3	-8.679960E-7	-2.607720E-7
5.996500E+3	-8.475070E-7	-4.190970E-7
6.019900E+3	-1.039360E-6	-8.940740E-8
6.029000E+3	-9.834840E-7	-6.612440E-8
6.050300E+3	-9.015240E-7	-4.004710E-8
6.059400E+3	-9.285320E-7	2.421450E-8
6.070700E+3	-9.220130E-7	9.220140E-8
6.092800E+3	-8.251550E-7	-2.421450E-8
6.103400E+3	-8.968670E-7	2.607710E-8
6.123100E+3	-9.723080E-7	3.725310E-8
6.135900E+3	-1.042160E-6	4.936030E-8
6.147200E+3	-1.041230E-6	0.000000E+0
6.168300E+3	-1.033780E-6	-7.357490E-8
6.179600E+3	-9.927970E-7	-7.543760E-8
6.201600E+3	-8.679960E-7	-1.331800E-7
6.212800E+3	-9.452960E-7	-5.029160E-8
6.222300E+3	-8.661340E-7	-8.754480E-8
6.245200E+3	-9.695140E-7	0.000000E+0
6.255500E+3	-9.834840E-7	-8.288820E-8
6.275800E+3	-1.177200E-6	-1.164160E-7
6.285500E+3	-1.240530E-6	-3.445920E-8
6.297600E+3	-1.205140E-6	-1.126900E-7
6.321600E+3	-1.160440E-6	1.676390E-8
6.331200E+3	-1.021670E-6	-9.872060E-8
6.352400E+3	-9.937280E-7	-1.834710E-7
6.361500E+3	-1.044950E-6	-2.281750E-7
6.382700E+3	-9.685830E-7	-2.384200E-7
6.382700E+3	-9.685830E-7	-2.384200E-7
6.412900E+3	-8.391250E-7	-3.147890E-7
6.421900E+3	-8.251550E-7	-2.654290E-7
6.421900E+3	-8.251550E-7	-2.654290E-7
6.454800E+3	-1.139010E-6	-5.215430E-8
6.465500E+3	-1.200480E-6	5.029160E-8
6.485100E+3	-1.247980E-6	1.071030E-7
6.497900E+3	-1.269400E-6	6.984960E-8
6.509000E+3	-1.282440E-6	6.053640E-8
6.528700E+3	-1.403510E-6	1.285230E-7
6.539600E+3	-1.429590E-6	1.639140E-7
6.562300E+3	-1.565560E-6	1.974410E-7
6.572900E+3	-1.485470E-6	1.294550E-7
6.582000E+3	-1.430520E-6	1.024460E-7
6.606000E+3	-1.494780E-6	-4.749770E-8
6.615000E+3	-1.576740E-6	-9.033870E-8
6.638400E+3	-1.377430E-6	-1.573940E-7
6.648200E+3	-1.271260E-6	-2.514590E-7
6.669100E+3	-1.410960E-6	-1.108280E-7
6.678300E+3	-1.401650E-6	-1.909220E-7
6.690600E+3	-1.437040E-6	-1.955790E-7
6.711900E+3	-1.602810E-6	-1.732270E-7
6.724200E+3	-1.613060E-6	-1.601880E-7
6.745100E+3	-1.663350E-6	-1.676390E-8
6.754800E+3	-1.757410E-6	6.891830E-8
6.768000E+3	-1.784420E-6	8.847610E-8
6.787600E+3	-1.794670E-6	3.725320E-9
6.798800E+3	-1.878480E-6	1.396990E-8
6.818300E+3	-1.942750E-6	2.793980E-9
6.829500E+3	-2.007010E-6	1.583260E-8
6.848800E+3	-2.120640E-6	-4.097840E-8
6.861900E+3	-2.176520E-6	-2.514580E-8
6.872200E+3	-2.222150E-6	-2.887110E-8
6.892600E+3	-2.267790E-6	-2.607710E-8
6.902400E+3	-2.284550E-6	-1.303860E-8
6.923200E+3	-2.409350E-6	8.195680E-8
6.932400E+3	-2.495960E-6	1.322490E-7
6.955800E+3	-2.571400E-6	8.847610E-8
6.965800E+3	-2.565810E-6	3.259650E-8
6.975100E+3	-2.577920E-6	2.887110E-8
6.998700E+3	-2.662670E-6	-3.352780E-8
7.007800E+3	-2.758590E-6	-2.421450E-8
7.029000E+3	-2.932750E-6	0.000000E+0
7.038200E+3	-3.005390E-6	-8.381960E-9
7.059100E+3	-3.174890E-6	-2.514580E-8
7.068800E+3	-3.340670E-6	2.793980E-8
7.089400E+3	-3.417970E-6	-9.406400E-8
7.099600E+3	-3.515760E-6	-8.475080E-8
7.122900E+3	-3.680600E-6	3.632180E-8
7.132400E+3	-3.740210E-6	1.564630E-7
7.146600E+3	-3.926490E-6	1.993040E-7
7.168600E+3	-4.194710E-6	-3.632180E-8
7.179500E+3	-4.400530E-6	-3.539050E-8
7.199200E+3	-4.663160E-6	-1.471500E-7
7.210300E+3	-4.873640E-6	-7.543760E-8
7.220300E+3	-4.880160E-6	-9.685800E-8
7.240900E+3	-5.071080E-6	9.592670E-8
7.250300E+3	-4.931380E-6	4.749770E-8
7.271300E+3	-4.597970E-6	5.215430E-8
7.280400E+3	-4.373520E-6	1.676390E-8
7.301500E+3	-3.953490E-6	4.842900E-8
7.310400E+3	-3.557670E-6	-1.490130E-8
7.334400E+3	-2.861040E-6	5.215430E-8
7.343500E+3	-2.427970E-6	-1.676390E-8
7.353700E+3	-2.100150E-6	1.396990E-8
7.376800E+3	-1.496640E-6	-1.024460E-8
7.376800E+3	-1.496640E-6	-1.024460E-8
7.407000E+3	-8.335370E-7	-4.004710E-8
7.417300E+3	-6.649680E-7	-2.607710E-8
7.437700E+3	-2.393520E-7	1.676390E-8
7.448400E+3	-3.166520E-8	1.955790E-8
7.461700E+3	9.592670E-8	4.190970E-8
7.481400E+3	3.706680E-7	2.793980E-8
7.501800E+3	6.165390E-7	-1.210730E-8
7.512100E+3	6.416850E-7	-3.166520E-8
7.523100E+3	7.944220E-7	-1.052400E-7
7.542700E+3	7.972160E-7	-5.867350E-8
7.553100E+3	8.838290E-7	-6.612440E-8
7.573200E+3	8.838290E-7	-6.612440E-8
7.585900E+3	1.052400E-6	-7.450640E-9
7.605400E+3	1.213520E-6	-2.421450E-8
7.616000E+3	1.314100E-6	-4.656640E-8
7.625000E+3	1.409100E-6	-3.725310E-8
7.648800E+3	1.494780E-6	-1.210730E-8
7.658000E+3	1.695010E-6	-5.587960E-9
7.682400E+3	1.709920E-6	4.097840E-8
7.691600E+3	1.803050E-6	-1.862660E-8
7.701200E+3	1.813290E-6	-2.421450E-8
7.724900E+3	1.830060E-6	-2.142050E-8
7.734800E+3	1.771380E-6	2.328320E-8
7.758500E+3	1.651240E-6	-2.700850E-8
7.767800E+3	1.717370E-6	-6.146770E-8
7.780700E+3	1.789080E-6	-9.778930E-8
7.780700E+3	1.789080E-6	-9.778930E-8
7.813500E+3	1.965110E-6	-9.965200E-8
7.824800E+3	2.016330E-6	-1.648450E-7
7.846600E+3	2.236120E-6	-9.499540E-8
7.857400E+3	2.247300E-6	-1.583260E-8
7.879800E+3	2.351600E-6	6.519290E-9
7.890800E+3	2.303180E-6	6.984960E-8
7.900800E+3	2.297590E-6	2.468020E-7
7.923000E+3	2.237050E-6	2.011670E-7
7.933800E+3	2.038680E-6	2.197930E-7
7.955500E+3	2.113190E-6	1.611200E-7
7.966700E+3	2.079660E-6	1.583260E-7
7.976100E+3	2.122500E-6	1.285230E-7
7.997400E+3	2.133670E-6	1.033770E-7
8.006700E+3	2.128090E-6	4.936030E-8
8.028000E+3	2.084310E-6	6.705570E-8
8.037100E+3	2.030300E-6	1.247980E-7
8.061300E+3	1.963240E-6	7.450640E-9
8.070700E+3	2.017260E-6	-7.450630E-8
8.092000E+3	2.181170E-6	-7.823160E-8
8.101000E+3	2.361850E-6	-1.313170E-7
8.113700E+3	2.349740E-6	-7.636890E-8
8.134600E+3	2.323660E-6	-2.915060E-7
8.144700E+3	2.324600E-6	-3.101320E-7
8.144700E+3	2.324600E-6	-3.101320E-7
8.175700E+3	2.311560E-6	5.122300E-8
8.195500E+3	2.547180E-6	1.564630E-7
8.206600E+3	2.575120E-6	2.272440E-7
8.228700E+3	2.420520E-6	1.071030E-7
8.239000E+3	2.471740E-6	-1.862660E-9
8.252000E+3	2.381410E-6	-1.862660E-9
8.271400E+3	2.392580E-6	1.005830E-7
8.271400E+3	2.392580E-6	1.005830E-7
8.302000E+3	2.455910E-6	1.164160E-7
8.313100E+3	2.457770E-6	1.369050E-7
8.322100E+3	2.503410E-6	9.965200E-8
8.345800E+3	2.469880E-6	-2.793980E-9
8.355400E+3	2.567670E-6	-5.587960E-9
8.376500E+3	2.377680E-6	3.539050E-8
8.385700E+3	2.395380E-6	-6.519300E-8
8.407200E+3	2.258470E-6	-1.257290E-7
8.407200E+3	2.258470E-6	-1.257290E-7
8.429100E+3	2.318080E-6	-7.543760E-8
8.452800E+3	2.412140E-6	-2.421450E-8
8.462700E+3	2.433560E-6	9.313280E-9
8.486300E+3	2.498750E-6	1.117590E-8
8.495500E+3	2.656150E-6	-6.612440E-8
8.516600E+3	2.653350E-6	-2.607710E-8
8.526300E+3	2.549040E-6	-5.122300E-8
8.539400E+3	2.499680E-6	-1.089650E-7
8.559100E+3	2.471740E-6	-1.117590E-7
8.570300E+3	2.542530E-6	-9.033870E-8
8.589900E+3	2.694330E-6	-1.424930E-7
8.601100E+3	2.697120E-6	-7.171230E-8
8.620600E+3	2.798640E-6	-1.024460E-8
8.631800E+3	2.850790E-6	0.000000E+0
8.651300E+3	2.931820E-6	-1.033770E-7
8.662200E+3	3.030540E-6	-1.033770E-7
8.682200E+3	2.967210E-6	-9.313300E-10
8.692600E+3	3.010050E-6	-4.656640E-9
8.701900E+3	3.018430E-6	-4.190970E-8
8.726100E+3	2.850790E-6	1.201420E-7
8.735300E+3	2.753000E-6	1.769520E-7
8.759300E+3	2.820990E-6	1.965100E-7
8.768900E+3	2.956960E-6	3.445920E-8
8.790100E+3	2.950440E-6	-1.117590E-8
8.799300E+3	2.978380E-6	-6.426170E-8
8.799300E+3	2.978380E-6	-6.426170E-8
8.829700E+3	2.985830E-6	-3.259650E-8
8.840700E+3	3.039850E-6	-1.676390E-8
8.863000E+3	2.961620E-6	5.029160E-8
8.873200E+3	2.955100E-6	1.015150E-7
8.893200E+3	2.969070E-6	-1.303860E-8
8.903800E+3	2.902950E-6	-1.024460E-8
8.926400E+3	3.029610E-6	-1.201420E-7
8.936200E+3	3.029610E-6	-4.470370E-8
8.950300E+3	3.044510E-6	-1.955790E-8
8.968800E+3	2.984900E-6	-1.396990E-7
8.980100E+3	3.010050E-6	-1.462190E-7
8.999600E+3	2.992350E-6	-7.636890E-8
9.010800E+3	2.990490E-6	-2.887110E-8
9.030400E+3	3.112490E-6	-1.173470E-7
9.044500E+3	3.117150E-6	-2.514580E-8
9.053800E+3	3.216800E-6	-3.725320E-9
9.077300E+3	3.381650E-6	8.847610E-8
9.087100E+3	3.352780E-6	1.490130E-7
9.096800E+3	3.419830E-6	6.519300E-8
9.120600E+3	3.301550E-6	6.239910E-8
9.129600E+3	3.197240E-6	5.029160E-8
9.153700E+3	3.197240E-6	-5.681090E-8
9.162900E+3	3.236360E-6	-2.421460E-7
9.184300E+3	3.321110E-6	-4.218910E-7
9.193500E+3	3.299690E-6	-3.716000E-7
9.214900E+3	3.294100E-6	-2.700850E-7
9.224200E+3	3.245670E-6	-1.881280E-7
9.224200E+3	3.245670E-6	-1.881280E-7
9.257300E+3	3.389100E-6	-4.004710E-8
9.268000E+3	3.391890E-6	1.145530E-7
9.290500E+3	3.466400E-6	3.725310E-8
9.300500E+3	3.398410E-6	0.000000E+0
9.311600E+3	3.321110E-6	3.259650E-8
9.334100E+3	3.381650E-6	3.259650E-8
9.344500E+3	3.457080E-6	-3.352780E-8
9.357400E+3	3.474780E-6	-2.607710E-8
9.378300E+3	3.600510E-6	6.984960E-8
9.390900E+3	3.560460E-6	1.732270E-7
9.411300E+3	3.585610E-6	5.681090E-8
9.421700E+3	3.552080E-6	-9.127010E-8
9.442100E+3	3.407720E-6	-1.490130E-8
9.451900E+3	3.512960E-6	-2.142050E-8
9.472900E+3	3.738340E-6	1.769520E-8
9.482200E+3	3.927420E-6	-3.725310E-8
9.482200E+3	3.927420E-6	-3.725310E-8
9.503500E+3	3.925550E-6	-8.381960E-9
9.523400E+3	3.953490E-6	-1.071030E-7
9.523400E+3	3.953490E-6	-1.071030E-7
9.558100E+3	4.045690E-6	-2.048920E-8
9.579400E+3	4.090400E-6	-2.030290E-7
9.588700E+3	4.090400E-6	-2.030290E-7
9.599900E+3	4.038240E-6	-1.247980E-7
9.621900E+3	4.106230E-6	-1.620510E-7
9.632700E+3	4.082020E-6	-8.940740E-8
9.652300E+3	4.151870E-6	-2.607710E-8
9.663500E+3	4.181670E-6	-1.769520E-8
9.683200E+3	4.134170E-6	2.793980E-9
9.694600E+3	4.094120E-6	3.445920E-8
9.714300E+3	4.052210E-6	3.445920E-8
9.725500E+3	4.106230E-6	-5.960510E-8
9.745400E+3	4.121130E-6	-7.357490E-8
9.756200E+3	4.190980E-6	-9.965200E-8
9.776400E+3	4.226370E-6	-2.980250E-8
9.786600E+3	4.336270E-6	-5.681090E-8
9.807200E+3	4.383760E-6	4.656640E-9
9.816900E+3	4.414500E-6	-6.612440E-8
9.838000E+3	4.420090E-6	-4.936030E-8
9.847300E+3	4.490870E-6	-2.048920E-8
9.847300E+3	4.490870E-6	-2.048920E-8
9.883900E+3	4.587720E-6	-9.778930E-8
9.883900E+3	4.587720E-6	-9.778930E-8
9.906200E+3	4.653850E-6	-4.842900E-8
9.926300E+3	4.725560E-6	3.352780E-8
9.937200E+3	4.717180E-6	1.378370E-7
9.959700E+3	4.813100E-6	-5.308560E-8
9.969900E+3	4.845700E-6	-6.705570E-8
9.980900E+3	4.845700E-6	-6.705570E-8
1.000260E+4	4.955600E-6	-4.190970E-8
1.001390E+4	5.004960E-6	-9.499540E-8
1.003360E+4	5.178180E-6	-1.657760E-7
1.004480E+4	5.236860E-6	-1.741580E-7
1.006430E+4	5.187500E-6	-1.508750E-7
1.007530E+4	5.120440E-6	-4.470370E-8
1.008440E+4	5.111130E-6	-1.955790E-8
1.010820E+4	5.162350E-6	-1.024460E-8
1.011760E+4	5.232200E-6	-9.127010E-8
1.014100E+4	5.272250E-6	-7.543760E-8
1.015120E+4	5.363520E-6	-1.164160E-7
1.017190E+4	5.305770E-6	-6.891830E-8
1.018170E+4	5.343030E-6	-1.071030E-7
1.019430E+4	5.413810E-6	-1.555320E-7
1.021810E+4	5.429640E-6	-1.862660E-8
1.022730E+4	5.521840E-6	-1.862660E-8
1.024880E+4	5.636390E-6	-8.754480E-8
1.025820E+4	5.636390E-6	-5.401690E-8
1.027920E+4	5.696000E-6	-5.401690E-8
1.028900E+4	5.706240E-6	-3.352780E-8
1.030020E+4	5.797510E-6	-9.499540E-8
1.032160E+4	5.862700E-6	-1.369050E-7
1.033270E+4	5.885990E-6	-9.313270E-8
1.035200E+4	5.884130E-6	-1.555320E-7
1.036320E+4	5.851530E-6	-2.188620E-7
1.038270E+4	5.967940E-6	-2.412140E-7
1.039380E+4	5.945590E-6	-2.225870E-7
1.041370E+4	5.953970E-6	-2.300380E-7
1.042450E+4	6.065730E-6	-2.849870E-7
1.043380E+4	6.050830E-6	-2.756730E-7
1.045820E+4	6.252000E-6	-2.169990E-7
1.046760E+4	6.526740E-6	-2.570470E-7
1.049150E+4	6.709280E-6	-3.166510E-7
1.050150E+4	6.660850E-6	-2.309690E-7
1.051380E+4	6.737220E-6	-2.188620E-7
1.053510E+4	6.877850E-6	-1.741580E-7
1.054730E+4	6.955150E-6	-1.834710E-7
1.056880E+4	7.052930E-6	-1.741580E-7
1.057800E+4	7.127440E-6	-2.235180E-7
1.057800E+4	7.127440E-6	-2.235180E-7
1.060840E+4	7.362130E-6	-2.011670E-7
1.062200E+4	7.420810E-6	-1.667080E-7
1.064170E+4	7.597760E-6	-1.834710E-7
1.065280E+4	7.667640E-6	-1.639140E-7
1.067230E+4	7.840860E-6	-1.899910E-7
1.068360E+4	7.930270E-6	-1.201420E-7
1.070310E+4	8.101630E-6	-1.210730E-7
1.071360E+4	8.148200E-6	-1.313170E-7
1.073340E+4	8.279520E-6	-1.844030E-7
1.074480E+4	8.317700E-6	-1.871970E-7
1.076460E+4	8.472300E-6	-2.002350E-7
1.077610E+4	8.582200E-6	-2.197930E-7
1.079590E+4	8.727480E-6	-1.331800E-7
1.080690E+4	8.830860E-6	-1.601880E-7
1.081920E+4	8.910950E-6	-1.518060E-7
1.084020E+4	9.160550E-6	-1.760210E-7
1.084960E+4	9.276960E-6	-2.272440E-7
1.087080E+4	9.491170E-6	-2.533220E-7
1.087080E+4	9.491170E-6	-2.533220E-7
1.090130E+4	9.912120E-6	-1.899910E-7
1.091050E+4	9.963350E-6	-1.974410E-7
1.093170E+4	1.005650E-5	-2.291060E-7
1.094110E+4	1.010400E-5	-1.974410E-7
1.096510E+4	1.025670E-5	-2.514590E-7
1.097420E+4	1.030050E-5	-2.598410E-7
1.098520E+4	1.030420E-5	-2.747420E-7
1.100770E+4	1.033870E-5	-2.784670E-7
1.101890E+4	1.036660E-5	-2.393520E-7
1.104110E+4	1.043740E-5	-3.008190E-7
1.105150E+4	1.043830E-5	-3.008190E-7
1.107120E+4	1.042060E-5	-3.008190E-7
1.107120E+4	1.042060E-5	-3.008190E-7
1.110180E+4	1.023440E-5	-3.371410E-7
1.111300E+4	1.011790E-5	-2.924370E-7
1.112300E+4	9.956830E-6	-2.644970E-7
1.112300E+4	9.956830E-6	-2.644970E-7
1.115680E+4	9.440880E-6	-3.026820E-7
1.116890E+4	9.229460E-6	-3.110640E-7
1.119020E+4	8.729340E-6	-1.378370E-7
1.120260E+4	8.478820E-6	-1.378370E-7
1.121190E+4	8.303730E-6	-7.264360E-8
1.123600E+4	7.502760E-6	3.539050E-8
1.124520E+4	7.258760E-6	-4.377240E-8
1.126650E+4	6.705550E-6	-1.853340E-7
1.126650E+4	6.705550E-6	-1.853340E-7
1.129980E+4	5.731390E-6	-1.396990E-7
1.130900E+4	5.416600E-6	-1.173470E-7
1.131950E+4	5.112990E-6	-1.424930E-7
1.134270E+4	4.452680E-6	-1.201420E-7
1.134270E+4	4.452680E-6	-1.201420E-7
1.137300E+4	3.569770E-6	-9.406400E-8
1.138620E+4	3.313660E-6	-7.543760E-8
1.138620E+4	3.313660E-6	-7.543760E-8
1.141920E+4	2.605860E-6	-8.381950E-8
1.143040E+4	2.337630E-6	-8.475080E-8
1.144030E+4	2.073140E-6	-1.033770E-7
1.146320E+4	1.623300E-6	2.793980E-8
1.147630E+4	1.326210E-6	8.661350E-8
1.149590E+4	1.099900E-6	5.308560E-8
1.150710E+4	1.066370E-6	3.259650E-8
1.152680E+4	6.537920E-7	8.195680E-8
1.153760E+4	4.572810E-7	7.171230E-8
1.153760E+4	4.572810E-7	7.171230E-8
1.156810E+4	1.080340E-7	1.145530E-7
1.158870E+4	-1.294550E-7	1.611200E-7
1.159860E+4	-2.132740E-7	1.024460E-7
1.161960E+4	-4.414490E-7	1.313170E-7
1.162900E+4	-4.004710E-7	4.004710E-8
1.163930E+4	-4.535560E-7	-5.587960E-9
1.163930E+4	-4.535560E-7	-5.587960E-9
1.167200E+4	-7.208470E-7	-2.793980E-9
1.169590E+4	-8.316750E-7	5.587960E-8
1.170510E+4	-7.925590E-7	5.774220E-8
1.171900E+4	-8.186360E-7	1.275920E-7
1.173870E+4	-9.052490E-7	1.117590E-8
1.175160E+4	-8.540260E-7	2.700850E-8
1.176290E+4	-8.912790E-7	1.890590E-7
1.176290E+4	-8.912790E-7	1.890590E-7
1.179580E+4	-1.034710E-6	2.160680E-7
1.180560E+4	-1.098040E-6	2.738110E-7
1.182860E+4	-1.167890E-6	2.169990E-7
1.183910E+4	-1.166020E-6	6.053640E-8
1.185950E+4	-1.362530E-6	6.239910E-8
1.186960E+4	-1.351360E-6	9.313280E-9
1.189060E+4	-1.300130E-6	-2.700850E-8
1.190330E+4	-1.299200E-6	3.166520E-8
1.192360E+4	-1.098970E-6	-1.648450E-7
1.193390E+4	-9.527470E-7	-2.048920E-7
1.194330E+4	-9.406390E-7	-1.126900E-7
1.196740E+4	-9.704450E-7	-9.127010E-8
1.197660E+4	-1.053330E-6	-1.164160E-7
1.200040E+4	-1.296410E-6	5.308560E-8
1.201010E+4	-1.332730E-6	8.195680E-8
1.202020E+4	-1.306650E-6	1.210730E-7
1.204360E+4	-1.207930E-6	2.039610E-7
1.205390E+4	-1.288960E-6	3.539040E-7
1.205390E+4	-1.288960E-6	3.539040E-7
1.208700E+4	-1.422140E-6	3.650800E-7
1.210800E+4	-1.380230E-6	2.663600E-7
1.211830E+4	-1.540410E-6	2.309690E-7
1.212940E+4	-1.578600E-6	4.377240E-8
1.214940E+4	-1.601880E-6	-2.142050E-7
1.214940E+4	-1.601880E-6	-2.142050E-7
1.216020E+4	-1.612130E-6	-2.319000E-7
1.219090E+4	-1.663350E-6	-1.750900E-7
1.221340E+4	-1.692220E-6	1.117590E-8
1.222430E+4	-1.505020E-6	-4.284110E-8
1.224440E+4	-1.442630E-6	-1.229350E-7
1.225750E+4	-1.473360E-6	-8.195680E-8
1.226710E+4	-1.358810E-6	-1.546000E-7
1.228840E+4	-1.536690E-6	-9.778930E-8
1.230070E+4	-1.536690E-6	-9.778930E-8
1.232130E+4	-1.566490E-6	-2.793980E-8
1.233100E+4	-1.513410E-6	-1.164160E-7
1.233100E+4	-1.513410E-6	-1.164160E-7
1.236150E+4	-1.573940E-6	-6.146770E-8
1.238290E+4	-1.590710E-6	-1.005830E-7
1.239210E+4	-1.695010E-6	-1.303860E-8
1.241340E+4	-1.655900E-6	-2.421450E-8
1.242260E+4	-1.613990E-6	-1.583260E-8
1.243390E+4	-1.628890E-6	4.656640E-9
1.245610E+4	-1.613990E-6	-3.073390E-8
1.246670E+4	-1.686630E-6	-1.955790E-8
1.246670E+4	-1.686630E-6	-1.955790E-8
1.250250E+4	-1.768590E-6	1.210730E-7
1.251380E+4	-1.871030E-6	2.114110E-7
1.253350E+4	-1.700600E-6	1.229350E-7
1.254470E+4	-1.539480E-6	7.357490E-8
1.255710E+4	-1.540410E-6	1.117590E-8
1.257770E+4	-1.523650E-6	1.518060E-7
1.259050E+4	-1.670800E-6	2.812610E-7
1.261060E+4	-1.734130E-6	2.766050E-7
1.262120E+4	-1.734130E-6	2.766050E-7
1.264170E+4	-1.821670E-6	2.449400E-7
1.265180E+4	-1.804910E-6	2.728790E-7
1.267280E+4	-1.878480E-6	3.231710E-7
1.268230E+4	-1.877550E-6	3.017500E-7
1.269460E+4	-1.705260E-6	3.008190E-7
1.271590E+4	-1.649380E-6	3.557670E-7
1.272530E+4	-1.673590E-6	2.821930E-7
1.272530E+4	-1.673590E-6	2.821930E-7
1.275640E+4	-1.695950E-6	1.052400E-7
1.277720E+4	-1.765790E-6	1.015150E-7
1.278970E+4	-1.687560E-6	3.073390E-8
1.280090E+4	-1.695010E-6	9.499540E-8
1.282330E+4	-1.640070E-6	1.387680E-7
1.283410E+4	-1.640070E-6	1.387680E-7
1.285720E+4	-1.576740E-6	2.495960E-7
1.286720E+4	-1.582320E-6	3.036130E-7
1.286720E+4	-1.582320E-6	3.036130E-7
1.290110E+4	-1.759280E-6	2.197930E-7
1.291230E+4	-1.714570E-6	1.648450E-7
1.292460E+4	-1.786280E-6	2.114110E-7
1.294520E+4	-1.698740E-6	1.331800E-7
1.295800E+4	-1.676390E-6	9.406400E-8
1.297800E+4	-1.702460E-6	1.108280E-7
1.297800E+4	-1.702460E-6	1.108280E-7
1.300900E+4	-1.698740E-6	3.911580E-8
1.301900E+4	-1.563700E-6	1.071030E-7
1.304020E+4	-1.576740E-6	1.760210E-7
1.304970E+4	-1.538550E-6	9.313270E-8
1.305990E+4	-1.556250E-6	8.940740E-8
1.308360E+4	-1.642860E-6	-1.490130E-8
1.309330E+4	-1.666140E-6	-1.024460E-8
1.311740E+4	-1.594430E-6	6.519290E-9
1.312670E+4	-1.538550E-6	1.862660E-9
1.314810E+4	-1.530170E-6	3.911580E-8
1.315740E+4	-1.521790E-6	2.980250E-8
1.317870E+4	-1.609330E-6	5.215430E-8
1.318860E+4	-1.700600E-6	3.539050E-8
1.320930E+4	-1.681980E-6	-2.793980E-9
1.321950E+4	-1.770450E-6	9.313270E-8
1.323990E+4	-1.728540E-6	1.182780E-7
1.325050E+4	-1.569290E-6	1.145530E-7
1.326370E+4	-1.546930E-6	1.871970E-7
1.328340E+4	-1.469630E-6	4.349290E-7
1.329670E+4	-1.583260E-6	5.280640E-7
1.330720E+4	-1.591640E-6	4.777720E-7
1.333060E+4	-1.691290E-6	3.417970E-7
1.334080E+4	-1.734130E-6	1.732270E-7
1.335040E+4	-1.630750E-6	2.980250E-8
1.337430E+4	-1.558110E-6	2.328320E-8
1.338360E+4	-1.455660E-6	-1.583260E-8
1.338360E+4	-1.455660E-6	-1.583260E-8
1.341450E+4	-1.717370E-6	1.154840E-7
1.343560E+4	-1.718300E-6	1.434250E-7
1.344540E+4	-1.644720E-6	5.494830E-8
1.346940E+4	-1.584190E-6	-7.730020E-8
1.347870E+4	-1.578600E-6	-1.275920E-7
1.350010E+4	-1.497570E-6	-1.238670E-7
1.350960E+4	-1.525510E-6	-5.681090E-8
1.352090E+4	-1.499440E-6	3.725310E-8
1.354060E+4	-1.430520E-6	6.519300E-8
1.355380E+4	-1.515270E-6	1.378370E-7
1.357350E+4	-1.585120E-6	1.396990E-7
1.358660E+4	-1.588840E-6	1.443560E-7
1.359770E+4	-1.505960E-6	5.308560E-8
1.362070E+4	-1.383020E-6	1.834710E-7
1.363150E+4	-1.451940E-6	2.719480E-7
1.365160E+4	-1.505020E-6	2.766050E-7
1.366170E+4	-1.536690E-6	2.868490E-7
1.368160E+4	-1.570220E-6	3.175830E-7
1.369240E+4	-1.555320E-6	2.626350E-7
1.370480E+4	-1.496640E-6	1.639140E-7
1.372620E+4	-1.534830E-6	6.519300E-8
1.373560E+4	-1.604680E-6	8.288820E-8
1.375700E+4	-1.614920E-6	5.587960E-8
1.376650E+4	-1.556250E-6	1.583260E-8
1.379070E+4	-1.710850E-6	7.730020E-8
1.380000E+4	-1.652170E-6	-9.313300E-10
1.381110E+4	-1.752760E-6	1.396990E-8
1.383380E+4	-1.762070E-6	8.661350E-8
1.384410E+4	-1.672660E-6	1.695020E-7
1.386460E+4	-1.575810E-6	6.239910E-8
1.387550E+4	-1.595360E-6	1.098970E-7
1.389560E+4	-1.694080E-6	1.024460E-7
1.390850E+4	-1.649380E-6	3.725310E-8
1.391990E+4	-1.678250E-6	3.166520E-8
1.393990E+4	-1.666140E-6	6.053640E-8
1.396020E+4	-1.607470E-6	-1.024460E-8
1.397120E+4	-1.666140E-6	3.445920E-8
1.398150E+4	-1.604680E-6	-6.426170E-8
1.398150E+4	-1.604680E-6	-6.426170E-8
1.401500E+4	-1.607470E-6	1.005830E-7
1.402730E+4	-1.708980E-6	1.089650E-7
1.404820E+4	-1.654970E-6	-9.127010E-8
1.406100E+4	-1.615850E-6	-7.171230E-8
1.408120E+4	-1.599090E-6	-2.421450E-8
1.409160E+4	-1.552520E-6	-4.284110E-8
1.411240E+4	-1.586050E-6	6.984960E-8
1.412220E+4	-1.519930E-6	4.656640E-9
1.414340E+4	-1.367190E-6	-2.160680E-7
1.415280E+4	-1.421210E-6	-2.542530E-7
1.417430E+4	-1.431450E-6	-1.955790E-7
1.418370E+4	-1.694080E-6	3.725310E-8
1.418370E+4	-1.694080E-6	3.725310E-8
1.421740E+4	-1.796530E-6	2.495960E-7
1.422740E+4	-1.813290E-6	3.036130E-7
1.424810E+4	-1.649380E-6	1.853340E-7
1.425940E+4	-1.748100E-6	8.195680E-8
1.428150E+4	-1.706190E-6	-1.043090E-7
1.428150E+4	-1.706190E-6	-1.043090E-7
1.430300E+4	-1.623300E-6	-2.700850E-8
1.432530E+4	-1.561840E-6	-8.940740E-8
1.433660E+4	-1.550660E-6	-1.257290E-7
1.435680E+4	-1.616780E-6	-1.117590E-8
1.437020E+4	-1.719230E-6	1.098970E-7
1.438020E+4	-1.694080E-6	1.005830E-7
1.440350E+4	-1.766730E-6	2.048920E-7
1.441400E+4	-1.722020E-6	2.216560E-7
1.442340E+4	-1.573010E-6	3.417970E-7
1.444780E+4	-1.491990E-6	4.181660E-7
1.445720E+4	-1.410030E-6	2.719480E-7
1.448160E+4	-1.338320E-6	1.899910E-7
1.448160E+4	-1.338320E-6	1.899910E-7
1.450380E+4	-1.310380E-6	7.078100E-8
1.452460E+4	-1.384880E-6	9.313270E-8
1.452460E+4	-1.384880E-6	9.313270E-8
1.455530E+4	-1.445420E-6	-1.583260E-8
1.456590E+4	-1.548800E-6	4.470370E-8
1.456590E+4	-1.548800E-6	4.470370E-8
1.459710E+4	-1.491990E-6	5.587960E-8
1.461020E+4	-1.492920E-6	8.568210E-8
1.463210E+4	-1.371850E-6	9.313280E-9
1.464330E+4	-1.442630E-6	6.333040E-8
1.466320E+4	-1.297340E-6	-8.661350E-8
1.467450E+4	-1.327140E-6	-4.656640E-8
1.468420E+4	-1.250770E-6	-4.190970E-8
1.470780E+4	-1.365330E-6	-4.190970E-8
1.470780E+4	-1.365330E-6	4.656640E-8
1.474080E+4	-1.183720E-6	1.750900E-7
1.475180E+4	-1.159500E-6	9.778930E-8
1.477300E+4	-1.246120E-6	1.396990E-7
1.478270E+4	-1.154850E-6	9.313280E-9
1.478270E+4	-1.154850E-6	9.313280E-9
1.481600E+4	-1.276850E-6	1.583260E-8
1.481600E+4	-1.276850E-6	1.583260E-8
1.484670E+4	-1.188370E-6	3.259650E-8
1.485670E+4	-1.159500E-6	-1.862660E-9
1.488070E+4	-1.159500E-6	-1.862660E-9
1.489020E+4	-1.065440E-6	-8.009420E-8
1.490150E+4	-1.149260E-6	1.024460E-8
1.490150E+4	-1.149260E-6	1.024460E-8
1.493480E+4	-1.179990E-6	8.847610E-8
1.495800E+4	-1.152050E-6	1.080340E-7
1.495800E+4	-1.152050E-6	1.080340E-7
1.497930E+4	-1.171610E-6	1.471500E-7
1.499930E+4	-1.140880E-6	7.636890E-8
1.501260E+4	-1.187440E-6	7.264360E-8
1.503250E+4	-1.192100E-6	1.210730E-8
1.503250E+4	-1.192100E-6	1.210730E-8
1.506570E+4	-1.059850E-6	-6.612440E-8
1.507680E+4	-1.079410E-6	2.048920E-8
1.508700E+4	-1.022600E-6	6.333040E-8
1.510950E+4	-9.499530E-7	2.048920E-8
1.512040E+4	-9.499530E-7	2.048920E-8
1.514070E+4	-9.713770E-7	1.676390E-7
1.515120E+4	-9.741710E-7	1.825400E-7
1.517180E+4	-1.046810E-6	2.747420E-7
1.517180E+4	-1.046810E-6	2.747420E-7
1.520310E+4	-1.133430E-6	1.499440E-7
1.521270E+4	-1.133430E-6	1.499440E-7
1.523420E+4	-9.946600E-7	5.960510E-8
1.524360E+4	-1.049610E-6	1.471500E-7
1.525720E+4	-1.028190E-6	1.471500E-7
1.527750E+4	-1.236800E-6	5.587960E-8
1.529050E+4	-1.406300E-6	-7.450640E-9
1.530190E+4	-1.357880E-6	-6.984960E-8
1.532390E+4	-1.139010E-6	-1.955790E-8
1.533490E+4	-1.129700E-6	1.061710E-7
1.535460E+4	-1.129700E-6	1.061710E-7
1.536600E+4	-8.661340E-7	3.166520E-8
1.536600E+4	-8.661340E-7	3.166520E-8
1.539710E+4	-6.323720E-7	-2.877800E-7
1.539710E+4	-6.323720E-7	-2.877800E-7
1.543030E+4	-6.407540E-7	-1.825400E-7
1.544330E+4	-7.571690E-7	-9.499540E-8
1.546400E+4	-8.884850E-7	3.725310E-8
1.547380E+4	-8.372630E-7	1.564630E-7
1.549520E+4	-9.844150E-7	4.610060E-7
1.550480E+4	-9.033870E-7	3.287590E-7
1.551540E+4	-1.048680E-6	4.358610E-7
1.553880E+4	-8.940730E-7	3.017500E-7
1.554870E+4	-8.726530E-7	2.644970E-7
1.556960E+4	-7.366800E-7	1.387680E-7
1.557990E+4	-7.348170E-7	1.424930E-7
1.560030E+4	-8.381940E-7	3.073390E-8
1.561310E+4	-8.754470E-7	1.862660E-8
1.563420E+4	-8.633400E-7	9.778930E-8
1.564430E+4	-9.238760E-7	1.974410E-7
1.564430E+4	-9.238760E-7	1.974410E-7
1.567750E+4	-7.497180E-7	9.778930E-8
1.568880E+4	-8.028040E-7	1.182780E-7
1.570870E+4	-6.826630E-7	5.215430E-8
1.572200E+4	-7.050150E-7	1.071030E-7
1.574230E+4	-6.249210E-7	1.583260E-8
1.575350E+4	-6.584490E-7	5.494830E-8
1.575350E+4	-6.584490E-7	5.494830E-8
1.578690E+4	-6.938390E-7	8.102550E-8
1.580100E+4	-8.009410E-7	1.611200E-7
1.580100E+4	-8.009410E-7	1.611200E-7
1.583160E+4	-8.121170E-7	5.774220E-8
1.584110E+4	-7.823150E-7	6.519300E-8
1.586250E+4	-7.133970E-7	-1.955790E-8
1.587190E+4	-7.273670E-7	4.656640E-8
1.589340E+4	-5.858060E-7	1.592570E-7
1.590270E+4	-5.215440E-7	9.313270E-8
1.592690E+4	-5.215440E-7	9.313270E-8
1.593630E+4	-5.383080E-7	1.769520E-8
1.595770E+4	-5.345830E-7	1.303860E-7
1.596710E+4	-5.653160E-7	2.039610E-7
1.597800E+4	-5.709040E-7	2.430770E-7
1.600100E+4	-4.684570E-7	2.514580E-8
1.601210E+4	-5.103680E-7	1.862660E-8
1.603220E+4	-5.960500E-7	9.127010E-8
1.604360E+4	-5.532090E-7	9.033870E-8
1.606350E+4	-5.560030E-7	2.225870E-7
1.607470E+4	-4.852230E-7	2.644970E-7
1.609690E+4	-3.781190E-7	1.657760E-7
1.609690E+4	-3.781190E-7	1.657760E-7
1.612110E+4	-4.917420E-7	1.806770E-7
1.614140E+4	-4.880170E-7	2.067550E-7
1.615460E+4	-5.140940E-7	3.213080E-7
1.616440E+4	-3.613550E-7	2.244500E-7
1.618800E+4	-3.585610E-7	1.732270E-7
1.619850E+4	-3.688060E-7	1.052400E-7
1.621940E+4	-3.539040E-7	6.426170E-8
1.621940E+4	-3.539040E-7	6.426170E-8
1.624200E+4	-3.688060E-7	5.960510E-8
1.626340E+4	-3.324840E-7	-5.587960E-9
1.626340E+4	-3.324840E-7	-5.587960E-9
1.627280E+4	-3.995390E-7	5.774220E-8
1.630630E+4	-6.007070E-7	-1.788150E-7
1.631690E+4	-6.267840E-7	-1.154840E-7
1.634010E+4	-6.267840E-7	-1.154840E-7
1.635100E+4	-6.193330E-7	-2.514580E-8
1.637380E+4	-6.714870E-7	3.073390E-8
1.638400E+4	-6.109510E-7	3.073390E-8
1.638400E+4	-6.109510E-7	3.352780E-8
1.641730E+4	-5.448270E-7	1.676390E-8
1.642860E+4	-6.435480E-7	7.543760E-8
1.642860E+4	-6.435480E-7	7.543760E-8
1.646000E+4	-4.833600E-7	5.215430E-8
1.648210E+4	-4.973300E-7	-7.823160E-8
1.649320E+4	-7.459930E-7	-7.636890E-8
1.650340E+4	-7.459930E-7	-1.275920E-7
1.652610E+4	-7.506500E-7	-1.247980E-7
1.653630E+4	-7.348170E-7	-5.774220E-8
1.654440E+4	-7.767270E-7	3.911580E-8
1.656270E+4	-8.009410E-7	1.452870E-7
1.656840E+4	-7.022210E-7	5.587960E-8
1.657950E+4	-6.556550E-7	5.401690E-8
1.658240E+4	-6.593800E-7	-3.352780E-8
1.658520E+4	-7.208470E-7	3.725310E-8
1.658410E+4	-7.227100E-7	1.098970E-7
1.658140E+4	-6.174710E-7	1.098970E-7
1.657410E+4	-6.221270E-7	1.816090E-7
1.656610E+4	-5.411020E-7	1.024460E-7
1.655860E+4	-5.783550E-7	1.499440E-7
1.655860E+4	-5.783550E-7	1.499440E-7
1.652450E+4	-3.613550E-7	2.160680E-7
1.649500E+4	-2.691540E-7	1.331800E-7
1.649500E+4	-2.691540E-7	1.331800E-7
1.646700E+4	-4.041960E-7	5.401690E-8
1.643360E+4	-4.228220E-7	-2.048920E-8
1.643360E+4	-4.228220E-7	-2.048920E-8
1.639160E+4	-5.401710E-7	1.285230E-7
1.637570E+4	-4.908110E-7	1.611200E-7
1.636340E+4	-4.367920E-7	1.816090E-7
1.633920E+4	-3.222390E-7	3.390030E-7
1.632800E+4	-2.961620E-7	3.669430E-7
1.630420E+4	-4.349290E-7	1.834710E-7
1.630420E+4	-4.349290E-7	1.834710E-7
1.627600E+4	-7.087400E-7	1.909220E-7
1.626690E+4	-6.705560E-7	1.201420E-7
1.624530E+4	-5.634540E-7	8.195680E-8
1.623650E+4	-5.755610E-7	1.210730E-7
1.622580E+4	-5.001240E-7	7.171230E-8
1.620660E+4	-5.224760E-7	6.984960E-8
1.619340E+4	-4.265480E-7	3.818450E-8
1.617330E+4	-4.600750E-7	3.343470E-7
1.616220E+4	-5.234070E-7	3.399350E-7
1.614240E+4	-6.509980E-7	2.877800E-7
1.613110E+4	-6.509980E-7	2.877800E-7
1.613110E+4	-6.584490E-7	2.533220E-7
1.610020E+4	-7.795210E-7	3.445910E-7
1.608050E+4	-7.255040E-7	2.374880E-7
1.606970E+4	-7.785890E-7	2.505280E-7
1.606050E+4	-7.431990E-7	1.639140E-7
1.603650E+4	-7.273670E-7	9.313280E-9
1.602720E+4	-8.409880E-7	1.192100E-7
1.600650E+4	-8.670650E-7	2.970940E-7
1.599440E+4	-8.344690E-7	4.926730E-7
1.598410E+4	-7.813830E-7	4.591440E-7
1.596430E+4	-7.860400E-7	3.902260E-7
1.594330E+4	-6.500670E-7	3.753250E-7
1.593400E+4	-5.913930E-7	3.706680E-7
1.592290E+4	-4.926730E-7	2.970940E-7
1.590350E+4	-5.215440E-7	3.166510E-7
1.590350E+4	-5.215440E-7	3.166510E-7
1.589040E+4	-4.591440E-7	1.983730E-7
1.585770E+4	-6.472730E-7	8.381950E-8
1.584670E+4	-6.398220E-7	5.494830E-8
1.582690E+4	-6.528610E-7	7.450630E-8
1.581610E+4	-6.612430E-7	9.313270E-8
1.579430E+4	-5.988440E-7	1.024460E-8
1.578320E+4	-6.565860E-7	6.519300E-8
1.577390E+4	-6.752130E-7	7.078100E-8
1.575050E+4	-6.109510E-7	-2.142050E-8
1.574050E+4	-6.491350E-7	9.313280E-9
1.571990E+4	-6.100200E-7	1.210730E-8
1.570750E+4	-5.913930E-7	7.916290E-8
1.569780E+4	-5.299260E-7	5.308560E-8
1.567730E+4	-6.025690E-7	9.965200E-8
1.566700E+4	-5.392390E-7	6.426170E-8
1.564670E+4	-6.388910E-7	1.620510E-7
1.563600E+4	-7.404050E-7	7.450630E-8
1.561340E+4	-8.745160E-7	3.259650E-8
1.560330E+4	-8.661340E-7	7.171230E-8
1.559010E+4	-7.255040E-7	8.475080E-8
1.557030E+4	-6.146770E-7	2.766050E-7
1.555740E+4	-5.420330E-7	3.045440E-7
1.555740E+4	-5.420330E-7	3.045440E-7
1.552480E+4	-5.923250E-7	2.915060E-7
1.551380E+4	-5.243380E-7	2.235180E-7
1.549440E+4	-5.411020E-7	1.788150E-7
1.548140E+4	-4.312040E-7	9.313270E-8
1.547120E+4	-4.917420E-7	1.387680E-7
1.547120E+4	-4.917420E-7	1.387680E-7
1.543770E+4	-4.814970E-7	9.778930E-8
1.543770E+4	-4.814970E-7	9.778930E-8
1.540710E+4	-7.068770E-7	1.396990E-8
1.538380E+4	-7.934900E-7	-1.089650E-7
1.537350E+4	-8.689280E-7	-1.490130E-8
1.536130E+4	-8.503010E-7	0.000000E+0
1.534010E+4	-8.298120E-7	-4.284110E-8
1.533090E+4	-8.540260E-7	-3.725320E-9
1.531840E+4	-9.033870E-7	2.328320E-8
1.529760E+4	-9.462270E-7	7.916290E-8
1.527660E+4	-9.201500E-7	6.612440E-8
1.526760E+4	-1.002110E-6	1.704330E-7
1.526760E+4	-1.002110E-6	1.704330E-7
1.523430E+4	-9.546130E-7	2.430770E-7
1.522450E+4	-9.210820E-7	2.197930E-7
1.521140E+4	-8.801030E-7	1.769520E-7
1.519180E+4	-8.260870E-7	2.197930E-7
1.517800E+4	-7.934900E-7	1.983730E-7
1.515850E+4	-9.369140E-7	1.313170E-7
1.514840E+4	-9.201500E-7	1.313170E-7
1.512830E+4	-9.946600E-7	6.891830E-8
1.511730E+4	-9.611320E-7	1.303860E-8
1.509760E+4	-1.000250E-6	1.210730E-8
1.508630E+4	-1.056130E-6	6.519300E-8
1.506680E+4	-1.073820E-6	1.024460E-7
1.505560E+4	-1.210730E-6	2.160680E-7
1.503600E+4	-1.204210E-6	1.406310E-7
1.502500E+4	-1.132500E-6	5.587960E-8
1.501290E+4	-1.151120E-6	7.450630E-8
1.499200E+4	-1.145530E-6	8.009420E-8
1.497960E+4	-1.159500E-6	9.592670E-8
1.496970E+4	-1.155780E-6	1.015150E-7
1.494940E+4	-1.168820E-6	9.220140E-8
1.494000E+4	-1.108280E-6	5.681090E-8
1.491620E+4	-1.147400E-6	1.955790E-8
1.490650E+4	-1.265670E-6	1.676390E-8
1.488590E+4	-1.304790E-6	8.940740E-8
1.487580E+4	-1.323420E-6	1.722960E-7
1.485560E+4	-1.287100E-6	2.691540E-7
1.484600E+4	-1.164160E-6	1.946470E-7
1.482230E+4	-1.205140E-6	1.797460E-7
1.481250E+4	-1.197690E-6	1.285230E-7
1.480140E+4	-1.220970E-6	1.061710E-7
1.480140E+4	-1.220970E-6	1.061710E-7
1.478180E+4	-1.234010E-6	7.916290E-8
1.475100E+4	-1.290820E-6	2.328320E-8
1.474100E+4	-1.384880E-6	7.543760E-8
1.472040E+4	-1.344840E-6	5.587960E-9
1.471060E+4	-1.396060E-6	5.494830E-8
1.468790E+4	-1.361600E-6	-8.381950E-8
1.467730E+4	-1.347630E-6	-1.555320E-7
1.466800E+4	-1.445420E-6	-6.053640E-8
1.464690E+4	-1.369050E-6	-3.725320E-9
1.462650E+4	-1.297340E-6	-4.004710E-8
1.461700E+4	-1.363460E-6	7.823160E-8
1.460700E+4	-1.363460E-6	7.823160E-8
1.458350E+4	-1.287100E-6	-7.450640E-9
1.457440E+4	-1.317830E-6	7.264360E-8
1.456150E+4	-1.274060E-6	7.264360E-8
1.453830E+4	-1.267540E-6	3.408660E-7
1.452890E+4	-1.331800E-6	2.924370E-7
1.450810E+4	-1.391400E-6	2.142050E-7
1.449820E+4	-1.391400E-6	2.142050E-7
1.447770E+4	-1.461250E-6	2.086170E-7
1.446730E+4	-1.432380E-6	1.182780E-7
1.444720E+4	-1.551590E-6	1.341110E-7
1.443630E+4	-1.589770E-6	1.601880E-7
1.441680E+4	-1.572080E-6	1.266610E-7
1.440570E+4	-1.595360E-6	1.313170E-7
1.439590E+4	-1.609330E-6	1.499440E-7
1.437330E+4	-1.544140E-6	4.936030E-8
1.436270E+4	-1.594430E-6	9.406400E-8
1.434260E+4	-1.597230E-6	9.127010E-8
1.434260E+4	-1.597230E-6	9.127010E-8
1.431030E+4	-1.600950E-6	5.867350E-8
1.429960E+4	-1.645650E-6	1.080340E-7
1.427950E+4	-1.613990E-6	8.102550E-8
1.426910E+4	-1.677320E-6	1.350430E-7
1.425980E+4	-1.669870E-6	1.359740E-7
1.425980E+4	-1.669870E-6	1.359740E-7
1.423890E+4	-1.576740E-6	2.980250E-8
1.420550E+4	-1.691290E-6	5.774220E-8
1.420550E+4	-1.691290E-6	5.774220E-8
1.418250E+4	-1.679180E-6	1.303860E-8
1.416300E+4	-1.785350E-6	5.401690E-8
1.415200E+4	-1.816090E-6	-1.583260E-8
1.413320E+4	-1.883140E-6	3.352780E-8
1.412240E+4	-1.792800E-6	5.587960E-8
1.410000E+4	-1.792800E-6	1.732270E-7
1.410000E+4	-1.792800E-6	1.732270E-7
1.408900E+4	-1.666140E-6	1.452870E-7
1.407890E+4	-1.631680E-6	1.210730E-7
1.405630E+4	-1.670800E-6	1.434250E-7
1.402530E+4	-1.510610E-6	-9.406400E-8
1.401490E+4	-1.479880E-6	-8.288820E-8
1.399420E+4	-1.457530E-6	-1.359740E-7
1.399420E+4	-1.457530E-6	-1.359740E-7
1.396130E+4	-1.810500E-6	1.769520E-8
1.396130E+4	-1.810500E-6	1.769520E-8
1.393050E+4	-1.627960E-6	2.514580E-8
1.392040E+4	-1.635410E-6	4.284110E-8
1.392040E+4	-1.635410E-6	4.284110E-8
1.388720E+4	-1.363460E-6	-1.061710E-7
1.387800E+4	-1.358810E-6	-1.676390E-8
1.387800E+4	-1.358810E-6	-1.676390E-8
1.384480E+4	-1.684770E-6	2.710170E-7
1.383480E+4	-1.684770E-6	2.710170E-7
1.381490E+4	-1.600020E-6	1.825400E-7
1.380420E+4	-1.623300E-6	9.313270E-8
1.378180E+4	-1.792800E-6	1.527380E-7
1.377190E+4	-1.950200E-6	1.322490E-7
1.375160E+4	-1.831920E-6	1.061710E-7
1.373920E+4	-1.987460E-6	4.749770E-8
1.373920E+4	-1.987460E-6	4.749770E-8
1.370560E+4	-1.959520E-6	-1.378370E-7
1.369440E+4	-1.858000E-6	-2.514590E-7
1.367500E+4	-1.786280E-6	-1.238670E-7
1.367500E+4	-1.786280E-6	-1.238670E-7
1.364500E+4	-1.801190E-6	4.656640E-8
1.363380E+4	-1.740650E-6	2.793980E-8
1.362100E+4	-1.703400E-6	1.583260E-8
1.360000E+4	-1.780700E-6	1.415620E-7
1.360000E+4	-1.780700E-6	1.415620E-7
1.356990E+4	-1.728540E-6	1.210730E-7
1.356010E+4	-1.740650E-6	1.210730E-7
1.353890E+4	-1.645650E-6	6.798700E-8
1.352650E+4	-1.670800E-6	1.341110E-7
1.351620E+4	-1.621440E-6	1.480810E-7
1.351620E+4	-1.621440E-6	1.480810E-7
1.348520E+4	-1.659620E-6	8.102550E-8
1.346250E+4	-1.686630E-6	4.936030E-8
1.345270E+4	-1.644720E-6	1.396990E-8
1.343220E+4	-1.662420E-6	1.164160E-7
1.342210E+4	-1.662420E-6	1.164160E-7
1.340210E+4	-1.558110E-6	1.052400E-7
1.339120E+4	-1.504090E-6	7.730020E-8
1.337160E+4	-1.573940E-6	1.052400E-7
1.336050E+4	-1.518060E-6	5.774220E-8
1.334100E+4	-1.606540E-6	8.009420E-8
1.332980E+4	-1.662420E-6	9.592670E-8
1.331030E+4	-1.654040E-6	1.117590E-7
1.330000E+4	-1.597230E-6	-5.681090E-8
1.328690E+4	-1.597230E-6	-5.681090E-8
1.326630E+4	-1.726680E-6	1.024460E-7
1.326630E+4	-1.726680E-6	1.024460E-7
1.323550E+4	-1.831920E-6	1.471500E-7
1.322610E+4	-1.799320E-6	2.011670E-7
1.322610E+4	-1.799320E-6	2.011670E-7
1.319570E+4	-1.641930E-6	1.220040E-7
1.317190E+4	-1.594430E-6	5.401690E-8
1.316250E+4	-1.664280E-6	8.661350E-8
1.315230E+4	-1.604680E-6	2.328320E-8
1.313220E+4	-1.585120E-6	0.000000E+0
1.311980E+4	-1.585120E-6	0.000000E+0
1.310860E+4	-1.626100E-6	1.033770E-7
1.308680E+4	-1.685700E-6	1.508750E-7
1.307600E+4	-1.660560E-6	8.568210E-8
1.305350E+4	-1.750890E-6	1.229350E-7
1.304330E+4	-1.680110E-6	1.266610E-7
1.302310E+4	-1.611200E-6	1.238670E-7
1.301250E+4	-1.639140E-6	1.704330E-7
1.299870E+4	-1.647520E-6	1.844030E-7
1.297880E+4	-1.716430E-6	6.146770E-8
1.297880E+4	-1.716430E-6	6.146770E-8
1.294610E+4	-1.725750E-6	2.812610E-7
1.293490E+4	-1.715500E-6	1.825400E-7
1.292560E+4	-1.715500E-6	1.825400E-7
1.290190E+4	-1.759280E-6	9.313270E-8
1.290190E+4	-1.759280E-6	9.313270E-8
1.287120E+4	-1.738790E-6	8.195680E-8
1.286200E+4	-1.776970E-6	8.195680E-8
1.284090E+4	-1.786280E-6	4.470370E-8
1.283190E+4	-1.820740E-6	7.636890E-8
1.281080E+4	-1.720160E-6	5.681090E-8
1.280170E+4	-1.720160E-6	5.681090E-8
1.278080E+4	-1.711780E-6	6.426170E-8
1.276870E+4	-1.755550E-6	9.127010E-8
1.275810E+4	-1.736920E-6	3.445920E-8
1.275810E+4	-1.736920E-6	3.445920E-8
1.272740E+4	-1.805840E-6	-1.024460E-8
1.272740E+4	-1.805840E-6	-1.024460E-8
1.270790E+4	-1.792800E-6	-4.377240E-8
1.268370E+4	-1.773250E-6	-9.313280E-9
1.266060E+4	-1.797460E-6	1.192100E-7
1.264980E+4	-1.831920E-6	2.002350E-7
1.262950E+4	-1.788150E-6	1.480810E-7
1.261660E+4	-1.766730E-6	4.842900E-8
1.259710E+4	-1.726680E-6	-8.195680E-8
1.259710E+4	-1.726680E-6	-8.195680E-8
1.258620E+4	-1.781630E-6	-6.146770E-8
1.255110E+4	-1.664280E-6	-4.284110E-8
1.255110E+4	-1.664280E-6	-4.284110E-8
1.253130E+4	-1.634480E-6	-4.470370E-8
1.250730E+4	-1.691290E-6	6.146770E-8
1.249800E+4	-1.690360E-6	4.656640E-8
1.249800E+4	-1.690360E-6	4.656640E-8
1.246470E+4	-1.831920E-6	1.853340E-7
1.244380E+4	-1.779760E-6	6.333040E-8
1.244380E+4	-1.779760E-6	6.333040E-8
1.242440E+4	-1.790940E-6	1.201420E-7
1.240410E+4	-1.664280E-6	9.872060E-8
1.240410E+4	-1.664280E-6	9.872060E-8
1.237370E+4	-1.672660E-6	6.239910E-8
1.236270E+4	-1.748100E-6	2.002350E-7
1.234020E+4	-1.721090E-6	3.017500E-7
1.232910E+4	-1.626100E-6	2.654290E-7
1.232910E+4	-1.626100E-6	2.654290E-7
1.229650E+4	-1.494780E-6	-5.215430E-8
1.228340E+4	-1.451010E-6	-1.005830E-7
1.226390E+4	-1.569290E-6	-1.201420E-7
1.226390E+4	-1.569290E-6	-1.201420E-7
1.224360E+4	-1.680110E-6	-1.080340E-7
1.222020E+4	-1.680110E-6	-9.406400E-8
1.221030E+4	-1.680110E-6	-9.406400E-8
1.221030E+4	-1.717370E-6	-3.632180E-8
1.217700E+4	-1.664280E-6	1.210730E-8
1.216790E+4	-1.714570E-6	1.024460E-7
1.214390E+4	-1.653100E-6	3.818450E-8
1.213480E+4	-1.653100E-6	3.818450E-8
1.211120E+4	-1.574870E-6	-4.936030E-8
1.211120E+4	-1.574870E-6	-4.936030E-8
1.209170E+4	-1.599090E-6	-1.564630E-7
1.207100E+4	-1.605610E-6	-4.004710E-8
1.204960E+4	-1.437970E-6	6.053640E-8
1.204960E+4	-1.437970E-6	6.053640E-8
1.202970E+4	-1.384880E-6	1.117590E-8
1.202970E+4	-1.384880E-6	1.117590E-8
1.199620E+4	-1.363460E-6	-5.587960E-8
1.197670E+4	-1.369980E-6	0.000000E+0
1.196560E+4	-1.339250E-6	-1.210730E-8
1.194620E+4	-1.301060E-6	3.352780E-8
1.193500E+4	-1.266610E-6	1.583260E-8
1.192570E+4	-1.246120E-6	-1.024460E-8
1.190230E+4	-1.295480E-6	-5.587960E-9
1.189220E+4	-1.346700E-6	3.166520E-8
1.186940E+4	-1.420270E-6	-7.450640E-9
1.186940E+4	-1.420270E-6	-7.450640E-9
1.184620E+4	-1.387680E-6	-9.872060E-8
1.184620E+4	-1.387680E-6	-9.872060E-8
1.181590E+4	-1.288030E-6	-1.052400E-7
1.179480E+4	-1.288030E-6	-1.052400E-7
1.178570E+4	-1.175340E-6	-8.009420E-8
1.178570E+4	-1.175340E-6	-8.009420E-8
1.175550E+4	-1.062650E-6	-4.377240E-8
1.175550E+4	-1.062650E-6	-4.377240E-8
1.172500E+4	-9.061810E-7	-8.568210E-8
1.172500E+4	-9.061810E-7	-8.568210E-8
1.170140E+4	-8.484390E-7	-4.284110E-8
1.168140E+4	-8.735840E-7	6.798700E-8
1.165910E+4	-8.754470E-7	7.636890E-8
1.165910E+4	-8.754470E-7	7.636890E-8
1.162880E+4	-7.124650E-7	4.470370E-8
1.161820E+4	-6.854570E-7	3.352780E-8
1.161820E+4	-6.854570E-7	3.352780E-8
1.158570E+4	-4.488990E-7	-1.024460E-8
1.157450E+4	-3.911570E-7	6.053640E-8
1.155210E+4	-1.275920E-7	-2.421450E-8
1.154110E+4	-1.275920E-7	-2.421450E-8
1.153210E+4	-4.656640E-9	5.960510E-8
1.150820E+4	2.421460E-7	4.656640E-9
1.150820E+4	2.421460E-7	4.656640E-9
1.147560E+4	5.569350E-7	7.264360E-8
1.146540E+4	6.826630E-7	8.847610E-8
1.145610E+4	8.968670E-7	3.632180E-8
1.143220E+4	1.358810E-6	-1.974410E-7
1.142310E+4	1.477080E-6	-2.374880E-7
1.139940E+4	1.829120E-6	-1.639140E-7
1.139010E+4	2.054510E-6	-1.080340E-7
1.137790E+4	2.201660E-6	-7.543760E-8
1.135660E+4	2.765110E-6	-2.039610E-7
1.134440E+4	2.839620E-6	-1.480810E-7
1.133310E+4	3.107840E-6	-1.713640E-7
1.131360E+4	3.741140E-6	-3.818450E-8
1.130050E+4	3.741140E-6	-3.818450E-8
1.128060E+4	4.499250E-6	5.587960E-8
1.128060E+4	4.499250E-6	5.587960E-8
1.126950E+4	4.799130E-6	-9.313280E-9
1.123890E+4	5.807760E-6	-8.754480E-8
1.122620E+4	6.224060E-6	-2.617030E-7
1.120630E+4	6.827550E-6	-2.635660E-7
1.119590E+4	7.038970E-6	-2.020980E-7
1.119590E+4	7.038970E-6	-2.020980E-7
1.116550E+4	7.999190E-6	-1.657760E-7
1.114270E+4	7.999190E-6	-1.657760E-7
1.113190E+4	8.887670E-6	-1.704330E-7
1.113190E+4	8.887670E-6	-1.704330E-7
1.109880E+4	9.597340E-6	-3.334150E-7
1.108970E+4	9.618760E-6	-3.334150E-7
1.106840E+4	9.981970E-6	-7.823160E-8
1.105930E+4	1.014310E-5	-9.220140E-8
1.103810E+4	1.051750E-5	-1.061710E-7
1.102890E+4	1.052590E-5	-5.774220E-8
1.100480E+4	1.073360E-5	-2.868490E-7
1.099560E+4	1.073820E-5	-1.937160E-7
1.098500E+4	1.080060E-5	-1.704330E-7
1.096230E+4	1.084440E-5	-1.201420E-7
1.095250E+4	1.084440E-5	-1.201420E-7
1.093200E+4	1.061990E-5	-1.955790E-7
1.092170E+4	1.062740E-5	-2.142050E-7
1.091080E+4	1.060500E-5	-1.695020E-7
1.088920E+4	1.060220E-5	-1.955790E-8
1.087810E+4	1.059010E-5	-8.009420E-8
1.087810E+4	1.059010E-5	-8.009420E-8
1.084540E+4	1.027070E-5	-1.862650E-7
1.084540E+4	1.027070E-5	-1.862650E-7
1.081170E+4	9.847860E-6	-2.095480E-7
1.080190E+4	9.657870E-6	-1.201420E-7
1.080190E+4	9.657870E-6	-1.201420E-7
1.078090E+4	9.520970E-6	-1.890590E-7
1.077150E+4	9.386860E-6	-1.527380E-7
1.074120E+4	8.988250E-6	-3.352780E-8
1.072040E+4	8.988250E-6	-3.352780E-8
1.071100E+4	8.747970E-6	6.519290E-9
1.068970E+4	8.485340E-6	6.798700E-8
1.068050E+4	8.313970E-6	1.164160E-7
1.068050E+4	8.313970E-6	1.164160E-7
1.065000E+4	8.146340E-6	-4.377240E-8
1.065000E+4	8.146340E-6	-4.377240E-8
1.061680E+4	8.011290E-6	-1.583260E-8
1.060640E+4	8.004780E-6	-8.288820E-8
1.058640E+4	7.885570E-6	-1.126900E-7
1.057540E+4	7.832480E-6	-1.043090E-7
1.055600E+4	7.729100E-6	6.519290E-9
1.054480E+4	7.663910E-6	-7.078100E-8
1.052300E+4	7.240130E-6	-2.980250E-8
1.051240E+4	7.207530E-6	-1.313170E-7
1.051240E+4	7.207530E-6	-1.313170E-7
1.048160E+4	6.990540E-6	5.029160E-8
1.046220E+4	7.073420E-6	5.587960E-9
1.045090E+4	6.996120E-6	7.450640E-9
1.045090E+4	6.996120E-6	7.450640E-9
1.041820E+4	7.003570E-6	-9.685800E-8
1.040790E+4	6.892750E-6	-3.539050E-8
1.038730E+4	6.738150E-6	1.862660E-9
1.037740E+4	6.641290E-6	6.426170E-8
1.035630E+4	6.499730E-6	-2.142050E-8
1.034710E+4	6.473650E-6	-8.475080E-8
1.032560E+4	6.401010E-6	-1.164160E-7
1.031650E+4	6.283660E-6	2.607710E-8
1.029510E+4	6.191460E-6	5.029160E-8
1.028300E+4	6.111370E-6	1.480810E-7
1.027200E+4	6.125340E-6	1.396990E-7
1.024980E+4	6.102990E-6	4.749770E-8
1.023970E+4	6.088080E-6	-3.352780E-8
1.021960E+4	5.968880E-6	-3.911580E-8
1.020900E+4	5.998680E-6	1.089650E-7
1.020900E+4	5.998680E-6	1.089650E-7
1.017620E+4	5.950250E-6	1.471500E-7
1.016500E+4	5.883190E-6	1.406310E-7
1.014510E+4	5.710900E-6	8.381950E-8
1.014510E+4	5.710900E-6	8.381950E-8
1.011410E+4	5.424980E-6	4.842900E-8
1.010120E+4	5.397970E-6	6.053640E-8
1.009200E+4	5.369100E-6	7.171230E-8
1.006880E+4	5.373760E-6	-5.774220E-8
1.005880E+4	5.261070E-6	5.587960E-9
1.003820E+4	5.243380E-6	-7.823160E-8
1.003820E+4	5.243380E-6	-7.823160E-8
1.001660E+4	5.227540E-6	-1.434250E-7
9.995300E+3	5.102750E-6	-1.024460E-8
9.995300E+3	5.102750E-6	-1.024460E-8
9.974700E+3	5.124170E-6	-1.676390E-8
9.944000E+3	5.057110E-6	-2.048920E-8
9.944000E+3	5.057110E-6	-2.048920E-8
9.924400E+3	5.078530E-6	-4.470370E-8
9.904000E+3	4.946280E-6	2.607710E-8
9.893300E+3	4.940700E-6	-3.445920E-8
9.873700E+3	4.813100E-6	1.396990E-8
9.873700E+3	4.813100E-6	1.396990E-8
9.840500E+3	4.728350E-6	4.842900E-8
9.840500E+3	4.728350E-6	4.842900E-8
9.810100E+3	4.788890E-6	2.980250E-8
9.799100E+3	4.885750E-6	-6.519300E-8
9.779600E+3	4.800070E-6	-6.519300E-8
9.768300E+3	4.665020E-6	-1.322490E-7
9.768300E+3	4.665020E-6	-1.322490E-7
9.737500E+3	4.596110E-6	-1.341110E-7
9.728300E+3	4.573750E-6	-2.244500E-7
9.704900E+3	4.548610E-6	-2.244500E-7
9.694900E+3	4.437780E-6	-1.024460E-7
9.672400E+3	4.503910E-6	-7.636890E-8
9.661700E+3	4.380970E-6	6.984960E-8
9.661700E+3	4.380970E-6	6.984960E-8
9.631500E+3	4.312980E-6	1.229350E-7
9.619700E+3	4.248720E-6	2.123420E-7
9.598300E+3	4.377250E-6	1.071030E-7
9.586100E+3	4.311120E-6	1.629820E-7
9.575600E+3	4.287840E-6	1.713640E-7
9.575600E+3	4.287840E-6	1.713640E-7
9.543100E+3	4.091330E-6	1.946470E-7
9.531900E+3	4.041970E-6	1.955790E-7
9.510400E+3	3.984230E-6	1.154840E-7
9.499200E+3	4.049420E-6	1.769520E-8
9.479900E+3	3.988880E-6	-2.421450E-8
9.468700E+3	3.979570E-6	-1.862660E-8
9.468700E+3	3.979570E-6	-1.862660E-8
9.438000E+3	3.920900E-6	4.842900E-8
9.418300E+3	3.820310E-6	7.450630E-8
9.405200E+3	3.863160E-6	-2.421450E-8
9.385700E+3	3.874330E-6	1.331800E-7
9.374400E+3	3.917170E-6	9.033870E-8
9.374400E+3	3.917170E-6	9.033870E-8
9.343900E+3	3.877120E-6	3.445920E-8
9.334800E+3	3.771870E-6	7.916290E-8
9.310900E+3	3.738340E-6	-4.190970E-8
9.310900E+3	3.738340E-6	-4.190970E-8
9.278500E+3	3.671290E-6	-4.563500E-8
9.268300E+3	3.689910E-6	-6.146770E-8
9.256200E+3	3.599580E-6	1.303860E-8
9.235100E+3	3.718790E-6	-6.239910E-8
9.235100E+3	3.718790E-6	-6.239910E-8
9.223100E+3	3.603300E-6	6.519300E-8
9.189700E+3	3.723440E-6	4.842900E-8
9.189700E+3	3.723440E-6	4.842900E-8
9.156300E+3	3.795150E-6	3.818450E-8
9.147000E+3	3.649870E-6	1.778840E-7
9.135800E+3	3.544630E-6	3.092010E-7
9.113900E+3	3.440320E-6	4.572810E-7
9.103400E+3	3.511100E-6	4.330670E-7
9.103400E+3	3.511100E-6	4.330670E-7
9.072400E+3	3.377920E-6	1.732270E-7
9.056600E+3	3.339740E-6	4.656640E-8
9.056600E+3	3.339740E-6	4.656640E-8
9.026200E+3	3.085490E-6	9.313270E-8
9.014100E+3	3.031470E-6	1.024460E-7
8.993600E+3	3.083620E-6	5.867350E-8
8.984000E+3	3.163720E-6	9.127010E-8
8.962900E+3	3.310870E-6	2.980250E-8
8.953800E+3	3.310870E-6	8.847610E-8
8.932700E+3	3.254990E-6	1.434250E-7
8.923500E+3	3.198180E-6	2.607720E-7
8.899600E+3	3.189790E-6	1.294550E-7
8.890200E+3	3.196310E-6	-7.450640E-9
8.877900E+3	3.126460E-6	-1.117590E-8
8.856700E+3	3.129260E-6	-3.539050E-8
8.844700E+3	3.122740E-6	-3.073390E-8
8.834400E+3	3.137640E-6	-8.661350E-8
8.814400E+3	3.067790E-6	2.142050E-8
8.814400E+3	3.067790E-6	2.142050E-8
8.781000E+3	3.010980E-6	8.195680E-8
8.770700E+3	3.038920E-6	1.303860E-8
8.759600E+3	3.063130E-6	9.313300E-10
8.759600E+3	3.063130E-6	9.313300E-10
8.726400E+3	2.981180E-6	4.097840E-8
8.706800E+3	3.021220E-6	-5.401690E-8
8.695500E+3	2.922500E-6	1.676390E-8
8.675700E+3	2.961620E-6	-4.842900E-8
8.664700E+3	2.893630E-6	-4.004710E-8
8.644600E+3	2.866630E-6	5.774220E-8
8.634300E+3	2.793980E-6	8.195680E-8
8.613900E+3	2.799570E-6	2.514580E-8
8.604100E+3	2.805160E-6	6.146770E-8
8.580500E+3	2.814470E-6	4.936030E-8
8.580500E+3	2.814470E-6	4.936030E-8
8.571100E+3	2.860110E-6	7.636890E-8
8.550000E+3	2.820990E-6	1.322490E-7
8.530500E+3	2.722270E-6	2.477340E-7
8.510800E+3	2.671050E-6	3.324840E-7
8.489700E+3	2.768840E-6	1.853340E-7
8.480600E+3	2.760450E-6	1.499440E-7
8.470300E+3	2.834960E-6	-3.166520E-8
8.447300E+3	2.764180E-6	-1.210730E-8
8.436600E+3	2.790260E-6	-1.247980E-7
8.416900E+3	2.685020E-6	-4.470370E-8
8.405500E+3	2.732510E-6	-5.681090E-8
8.405500E+3	2.732510E-6	-5.681090E-8
8.375700E+3	2.732510E-6	-2.235190E-8
8.365200E+3	2.664530E-6	5.494830E-8
8.342200E+3	2.660800E-6	1.117590E-8
8.331900E+3	2.579780E-6	2.328320E-8
8.311600E+3	2.457770E-6	1.098970E-7
8.301900E+3	2.399100E-6	1.797460E-7
8.281900E+3	2.478260E-6	4.004710E-8
8.271600E+3	2.413070E-6	5.122300E-8
8.248400E+3	2.302240E-6	5.122300E-8
8.238300E+3	2.318080E-6	1.816090E-7
8.238300E+3	2.318080E-6	1.816090E-7
8.208100E+3	2.277100E-6	2.374880E-7
8.198800E+3	2.292930E-6	2.505280E-7
8.174400E+3	2.386990E-6	1.098970E-7
8.165200E+3	2.325530E-6	1.462190E-7
8.154000E+3	2.405620E-6	1.303860E-8
8.132200E+3	2.297590E-6	7.264360E-8
8.121400E+3	2.297590E-6	7.264360E-8
8.098900E+3	2.322730E-6	1.676390E-8
8.088900E+3	2.394440E-6	-6.519290E-9
8.088900E+3	2.394440E-6	-6.519290E-9
8.075600E+3	2.400960E-6	-5.401690E-8
8.042800E+3	2.328320E-6	-4.284110E-8
8.022500E+3	2.332050E-6	-5.774220E-8
8.009000E+3	2.249160E-6	-6.146770E-8
7.998100E+3	2.258470E-6	-1.322490E-7
7.976300E+3	2.258470E-6	-1.322490E-7
7.965000E+3	2.178380E-6	-1.853340E-7
7.955800E+3	2.079660E-6	-5.960510E-8
7.932600E+3	2.171860E-6	-9.220140E-8
7.922500E+3	2.119700E-6	-5.681090E-8
7.901800E+3	2.094560E-6	-3.259650E-8
7.892300E+3	2.007010E-6	-2.793980E-9
7.871200E+3	2.090830E-6	-4.190970E-8
7.871200E+3	2.090830E-6	-4.190970E-8
7.840600E+3	1.960450E-6	4.004710E-8
7.831400E+3	2.020980E-6	1.583260E-8
7.807400E+3	1.969760E-6	1.648450E-7
7.798200E+3	1.920400E-6	2.235180E-7
7.788000E+3	1.889660E-6	1.862650E-7
7.788000E+3	1.889660E-6	1.862650E-7
7.755600E+3	1.885000E-6	8.754480E-8
7.742400E+3	1.872900E-6	1.238670E-7
7.742400E+3	1.872900E-6	1.238670E-7
7.708700E+3	2.000500E-6	9.313270E-8
7.689000E+3	1.953930E-6	1.024460E-8
7.689000E+3	1.953930E-6	1.024460E-8
7.667800E+3	1.805840E-6	5.494830E-8
7.645200E+3	1.601880E-6	6.519300E-8
7.645200E+3	1.601880E-6	6.519300E-8
7.612500E+3	1.484540E-6	9.313270E-8
7.601200E+3	1.522720E-6	6.519300E-8
7.581600E+3	1.498510E-6	2.421450E-8
7.581600E+3	1.498510E-6	2.421450E-8
7.561500E+3	1.346700E-6	-3.539050E-8
7.537500E+3	1.270330E-6	-7.264360E-8
7.528100E+3	1.174410E-6	6.519290E-9
7.506900E+3	1.005840E-6	6.146770E-8
7.497800E+3	1.002110E-6	-2.793980E-9
7.476500E+3	8.437820E-7	5.587960E-8
7.467500E+3	7.078090E-7	7.730020E-8
7.467500E+3	7.078090E-7	7.730020E-8
7.434100E+3	2.486650E-7	7.450630E-8
7.423900E+3	2.272440E-7	2.793980E-9
7.403700E+3	1.396990E-8	2.980250E-8
7.382500E+3	-1.527380E-7	1.862660E-9
7.382500E+3	-1.527380E-7	1.862660E-9
7.360400E+3	-5.792860E-7	-2.607710E-8
7.340000E+3	-9.713770E-7	-5.215430E-8
7.326700E+3	-1.209800E-6	6.519290E-9
7.326700E+3	-1.209800E-6	6.519290E-9
7.296500E+3	-1.963240E-6	8.661350E-8
7.285100E+3	-2.421450E-6	1.369050E-7
7.285100E+3	-2.421450E-6	1.369050E-7
7.251700E+3	-3.685260E-6	4.656640E-8
7.239600E+3	-4.097850E-6	3.445920E-8
7.219000E+3	-4.543950E-6	-2.235190E-8
7.219000E+3	-4.543950E-6	-2.235190E-8
7.188400E+3	-4.984470E-6	-4.004710E-8
7.176100E+3	-5.042210E-6	-4.842900E-8
7.155700E+3	-4.865260E-6	-1.648450E-7
7.145900E+3	-4.814970E-6	-1.955790E-7
7.133900E+3	-4.801930E-6	-4.936030E-8
7.123200E+3	-4.523460E-6	-5.960510E-8
7.123200E+3	-4.523460E-6	-5.960510E-8
7.100400E+3	-4.042900E-6	9.778930E-8
7.070100E+3	-3.629380E-6	9.872060E-8
7.057000E+3	-3.568840E-6	-2.328320E-8
7.036800E+3	-3.464530E-6	2.793980E-8
7.027200E+3	-3.377920E-6	2.793980E-9
7.006500E+3	-3.260570E-6	3.259650E-8
7.006500E+3	-3.260570E-6	3.259650E-8
6.976100E+3	-3.028680E-6	-6.333040E-8
6.962600E+3	-2.945790E-6	-3.259650E-8
6.951800E+3	-2.875940E-6	-3.632180E-8
6.931800E+3	-2.787460E-6	-8.288820E-8
6.921600E+3	-2.774420E-6	-9.033870E-8
6.902000E+3	-2.725060E-6	-1.052400E-7
6.888000E+3	-2.633790E-6	-1.704330E-7
6.888000E+3	-2.633790E-6	-1.704330E-7
6.857600E+3	-2.623550E-6	-2.980250E-8
6.857600E+3	-2.623550E-6	-2.980250E-8
6.827400E+3	-2.404690E-6	-1.434250E-7
6.815300E+3	-2.367440E-6	-7.264360E-8
6.794100E+3	-2.257540E-6	-4.004710E-8
6.794100E+3	-2.257540E-6	-4.004710E-8
6.772600E+3	-2.099220E-6	-6.519300E-8
6.752100E+3	-2.011670E-6	2.793980E-8
6.731000E+3	-1.839370E-6	-5.029160E-8
6.721900E+3	-1.871970E-6	-5.960510E-8
6.711300E+3	-1.870100E-6	-5.960510E-8
6.688500E+3	-1.790940E-6	-9.406400E-8
6.678700E+3	-1.727610E-6	-5.215430E-8
6.678700E+3	-1.727610E-6	-5.215430E-8
6.645800E+3	-1.998630E-6	-9.965200E-8
6.632800E+3	-1.988390E-6	-1.015150E-7
6.621600E+3	-1.925060E-6	-1.201420E-7
6.621600E+3	-1.925060E-6	-1.201420E-7
6.588500E+3	-1.702460E-6	3.008190E-7
6.566000E+3	-1.308520E-6	2.020980E-7
6.554600E+3	-1.166020E-6	2.291060E-7
6.545300E+3	-1.170680E-6	2.384200E-7
6.521900E+3	-1.304790E-6	8.381950E-8
6.511900E+3	-1.437970E-6	6.519290E-9
6.491300E+3	-1.452870E-6	-1.434250E-7
6.481900E+3	-1.494780E-6	-1.238670E-7
6.460800E+3	-1.342970E-6	-8.009420E-8
6.448500E+3	-1.181860E-6	-9.872060E-8
6.439300E+3	-1.157640E-6	-1.210730E-8
6.418300E+3	-1.118530E-6	7.450640E-9
6.418300E+3	-1.118530E-6	7.450640E-9
6.385100E+3	-1.355080E-6	3.911580E-8
6.376100E+3	-1.387680E-6	1.238670E-7
6.376100E+3	-1.387680E-6	1.238670E-7
6.342800E+3	-1.282440E-6	1.769520E-8
6.332300E+3	-1.290820E-6	-6.146770E-8
6.309300E+3	-1.238670E-6	-1.844030E-7
6.299600E+3	-1.273130E-6	-1.266610E-7
6.288300E+3	-1.306650E-6	-4.097840E-8
6.266000E+3	-1.115730E-6	-7.450640E-9
6.254700E+3	-1.083140E-6	-1.676390E-8
6.233100E+3	-1.144600E-6	4.656640E-9
6.221800E+3	-1.063580E-6	-6.705570E-8
6.221800E+3	-1.063580E-6	-6.705570E-8
6.189200E+3	-1.105490E-6	-5.308560E-8
6.178700E+3	-1.101760E-6	-7.730020E-8
6.158500E+3	-1.204210E-6	-1.136220E-7
6.148300E+3	-1.238670E-6	-3.818450E-8
6.127600E+3	-1.124110E-6	3.445920E-8
6.118000E+3	-1.128770E-6	1.695020E-7
6.118000E+3	-1.128770E-6	1.695020E-7
6.087500E+3	-1.110140E-6	1.182780E-7
6.066300E+3	-1.147400E-6	1.117590E-7
6.057200E+3	-1.128770E-6	1.993040E-7
6.035800E+3	-1.039360E-6	1.993040E-7
6.026800E+3	-1.218180E-6	1.555320E-7
6.002900E+3	-1.342040E-6	1.443560E-7
5.993900E+3	-1.267540E-6	1.760210E-7
5.981400E+3	-1.179060E-6	2.058230E-7
5.960600E+3	-9.443650E-7	1.816090E-7
5.950600E+3	-8.605460E-7	4.936030E-8
5.930200E+3	-8.763780E-7	-2.421450E-8
5.919600E+3	-7.581000E-7	-4.656640E-8
5.908800E+3	-7.338860E-7	-3.911580E-8
5.886800E+3	-7.702070E-7	0.000000E+0
5.875400E+3	-8.260870E-7	6.519300E-8
5.855800E+3	-8.847600E-7	1.518060E-7
5.844800E+3	-8.586830E-7	9.220140E-8
5.825000E+3	-8.540260E-7	3.725320E-9
5.814500E+3	-9.164250E-7	-8.754480E-8
5.792400E+3	-8.940730E-7	3.911580E-8
5.781300E+3	-7.394740E-7	-4.563500E-8
5.761600E+3	-6.249210E-7	-7.730020E-8
5.750800E+3	-7.133970E-7	-1.247980E-7
5.741600E+3	-7.329550E-7	-1.275920E-7
5.717200E+3	-6.705560E-7	-2.002350E-7
5.707800E+3	-7.413360E-7	-1.341110E-7
5.683300E+3	-7.441300E-7	-3.222390E-7
5.674000E+3	-7.944220E-7	-2.514590E-7
5.664400E+3	-6.891820E-7	-2.086170E-7
5.640600E+3	-6.100200E-7	-1.275920E-7
5.630900E+3	-5.634540E-7	-1.201420E-7
5.610400E+3	-7.459930E-7	-1.108280E-7
5.600100E+3	-8.530950E-7	-1.108280E-7
5.586900E+3	-8.000100E-7	-6.891830E-8
5.567400E+3	-9.024550E-7	3.911580E-8
5.556100E+3	-8.782410E-7	2.514580E-8
5.536800E+3	-8.447130E-7	3.352780E-8
5.525500E+3	-7.795210E-7	-2.793980E-9
5.504000E+3	-7.227100E-7	4.377240E-8
5.492700E+3	-6.789380E-7	3.352780E-8
5.473200E+3	-7.078090E-7	9.220140E-8
5.461900E+3	-6.714870E-7	-1.862660E-9
5.442500E+3	-6.640370E-7	-5.308560E-8
5.442500E+3	-6.640370E-7	-5.308560E-8
5.419300E+3	-6.221270E-7	-8.288820E-8
5.419300E+3	-6.528610E-7	-3.818450E-8
5.389000E+3	-5.941870E-7	3.352780E-8
5.367600E+3	-5.820800E-7	7.357490E-8
5.358400E+3	-6.193330E-7	8.102550E-8
5.337000E+3	-5.587970E-7	-3.725320E-9
5.327900E+3	-5.923250E-7	3.259650E-8
5.303500E+3	-5.317890E-7	-4.004710E-8
5.294400E+3	-5.587970E-7	-1.490130E-8
5.282100E+3	-6.109510E-7	6.053640E-8
5.260900E+3	-5.597290E-7	1.210730E-8
5.248900E+3	-5.820800E-7	4.842900E-8
5.238300E+3	-5.783550E-7	-6.519290E-9
5.218600E+3	-7.133970E-7	1.862660E-8
5.207400E+3	-7.133970E-7	1.862660E-8
5.188000E+3	-7.404050E-7	4.656640E-9
5.176700E+3	-6.053630E-7	-6.519300E-8
5.154800E+3	-5.867370E-7	-1.043090E-7
5.144000E+3	-5.727670E-7	-1.369050E-7
5.130400E+3	-5.038490E-7	-1.927850E-7
5.110300E+3	-5.988440E-7	-7.730020E-8
5.097300E+3	-4.814970E-7	-1.993040E-7
5.077800E+3	-5.355140E-7	-8.661350E-8
5.066800E+3	-5.848740E-7	-8.661350E-8
5.066800E+3	-5.848740E-7	-2.887110E-8
5.046800E+3	-5.960500E-7	4.470370E-8
5.036400E+3	-6.370280E-7	1.098970E-7
5.002900E+3	-5.671790E-7	1.005830E-7
4.993800E+3	-5.150250E-7	5.308560E-8
4.981400E+3	-5.560030E-7	9.406400E-8
4.981400E+3	-5.560030E-7	9.406400E-8
4.939100E+3	-4.787030E-7	-4.377240E-8
4.929900E+3	-4.153720E-7	-8.009420E-8
4.929900E+3	-4.153720E-7	-8.009420E-8
4.899500E+3	-6.677620E-7	-5.168880E-7
4.886700E+3	-8.186360E-7	-4.768410E-7
4.866100E+3	-7.487870E-7	-3.222390E-7
4.856000E+3	-6.267840E-7	-2.998880E-7
4.835600E+3	-5.802180E-7	-1.033770E-7
4.825000E+3	-5.019870E-7	-1.154840E-7
4.805200E+3	-5.131620E-7	-1.154840E-7
4.793900E+3	-4.330670E-7	-1.601880E-7
4.774600E+3	-4.153720E-7	-1.601880E-7
4.763200E+3	-3.967450E-7	-1.862650E-7
4.753600E+3	-4.647320E-7	-1.331800E-7
4.730400E+3	-4.293420E-7	-1.192100E-7
4.720000E+3	-4.833600E-7	-4.470370E-8
4.699400E+3	-3.995390E-7	-4.842900E-8
4.699400E+3	-3.995390E-7	-4.842900E-8
4.668700E+3	-3.902260E-7	-5.681090E-8
4.656200E+3	-4.889480E-7	3.725320E-9
4.647100E+3	-5.560030E-7	5.587960E-8
4.622700E+3	-4.423800E-7	-8.009420E-8
4.613600E+3	-5.029180E-7	-1.955790E-8
4.590000E+3	-3.846380E-7	-1.760210E-7
4.590000E+3	-3.846380E-7	-1.760210E-7
4.570600E+3	-4.423800E-7	-6.053640E-8
4.546700E+3	-4.423800E-7	-6.053640E-8
4.537600E+3	-5.122310E-7	1.220040E-7
4.537600E+3	-5.122310E-7	1.220040E-7
4.516100E+3	-4.852230E-7	8.475080E-8
4.485900E+3	-5.466900E-7	-3.539050E-8
4.476100E+3	-4.880170E-7	-1.098970E-7
4.461700E+3	-4.377230E-7	-1.322490E-7
4.443300E+3	-4.647320E-7	-1.061710E-7
4.443300E+3	-4.647320E-7	-1.061710E-7
4.412500E+3	-4.665940E-7	-1.173470E-7
4.401100E+3	-4.526250E-7	-1.424930E-7
4.378800E+3	-5.746300E-7	-3.725310E-8
4.367600E+3	-5.494840E-7	-5.401690E-8
4.349000E+3	-5.466900E-7	-3.259650E-8
4.337600E+3	-6.258520E-7	-3.259650E-8
4.318200E+3	-6.230580E-7	-1.220040E-7
4.306900E+3	-5.578660E-7	-1.732270E-7
4.297700E+3	-5.541410E-7	-1.909220E-7
4.273400E+3	-5.578660E-7	-1.378370E-7
4.264300E+3	-6.128140E-7	-4.004710E-8
4.243200E+3	-5.234070E-7	-3.445920E-8
4.234000E+3	-5.355140E-7	-1.210730E-8
4.209600E+3	-4.023330E-7	-1.080340E-7
4.200400E+3	-4.153720E-7	-6.333040E-8
4.200400E+3	-4.153720E-7	-6.333040E-8
4.166800E+3	-4.982610E-7	-2.607710E-8
4.157100E+3	-5.262010E-7	-2.142050E-8
4.133500E+3	-4.516930E-7	-9.406400E-8
4.124400E+3	-5.066430E-7	-1.396990E-8
4.113200E+3	-4.163030E-7	-6.146770E-8
4.093500E+3	-4.302730E-7	4.656640E-9
4.082200E+3	-4.181660E-7	-7.450640E-9
4.066700E+3	-3.688060E-7	-3.632180E-8
4.048000E+3	-3.539040E-7	-5.215430E-8
4.033800E+3	-3.334150E-7	-1.061710E-7
4.024500E+3	-3.734620E-7	-1.480810E-7
4.024500E+3	-3.734620E-7	-1.480810E-7
3.990900E+3	-4.461050E-7	-1.629820E-7
3.968700E+3	-5.140940E-7	-6.146770E-8
3.968700E+3	-5.140940E-7	-6.146770E-8
3.937600E+3	-5.206130E-7	-1.024460E-8
3.927000E+3	-5.541410E-7	4.190970E-8
3.927000E+3	-5.541410E-7	4.190970E-8
3.896800E+3	-5.643850E-7	-2.142050E-8
3.887300E+3	-5.615910E-7	-1.294550E-7
3.887300E+3	-5.615910E-7	-1.294550E-7
3.851300E+3	-4.842910E-7	-1.937160E-7
3.829800E+3	-4.563500E-7	-1.415620E-7
3.820700E+3	-4.768410E-7	-6.984960E-8
3.809300E+3	-4.423800E-7	-6.612440E-8
3.787200E+3	-4.684570E-7	-5.401690E-8
3.776700E+3	-4.814970E-7	-5.681090E-8
3.763500E+3	-4.228220E-7	-1.247980E-7
3.743800E+3	-4.693880E-7	-5.681090E-8
3.732400E+3	-4.693880E-7	-5.681090E-8
3.712800E+3	-3.650800E-7	3.725320E-9
3.701600E+3	-3.408660E-7	5.587960E-8
3.701600E+3	-3.408660E-7	5.587960E-8
3.681700E+3	-3.483160E-7	5.494830E-8
3.649000E+3	-3.948830E-7	-5.587960E-9
3.637700E+3	-4.284100E-7	2.980250E-8
3.618300E+3	-4.405170E-7	2.328320E-8
3.607600E+3	-3.967450E-7	-3.818450E-8
3.587700E+3	-4.814970E-7	-3.352780E-8
3.577400E+3	-6.537920E-7	-1.210730E-8
3.556900E+3	-7.012900E-7	-7.450630E-8
3.556900E+3	-7.012900E-7	-7.450630E-8
3.537400E+3	-6.128140E-7	-1.862660E-9
3.516900E+3	-5.848740E-7	5.215430E-8
3.495600E+3	-4.731140E-7	-2.793980E-9
3.486500E+3	-4.647320E-7	1.583260E-8
3.473800E+3	-5.643850E-7	-3.445920E-8
3.452800E+3	-6.854570E-7	-2.756730E-7
3.440400E+3	-7.469240E-7	-1.201420E-7
3.429300E+3	-6.491350E-7	-1.015150E-7
3.429300E+3	-6.491350E-7	-1.015150E-7
3.396400E+3	-6.100200E-7	-3.352780E-8
3.376300E+3	-5.383080E-7	-1.769520E-8
3.365400E+3	-4.293420E-7	-8.102550E-8
3.345700E+3	-3.557670E-7	-1.620510E-7
3.334400E+3	-3.427290E-7	-1.648450E-7
3.321200E+3	-2.803300E-7	-1.583260E-7
3.301500E+3	-3.101320E-7	1.089650E-7
3.287600E+3	-2.915060E-7	7.450630E-8
3.287600E+3	-2.915060E-7	7.450630E-8
3.257400E+3	-4.507620E-7	9.778930E-8
3.237800E+3	-3.892950E-7	1.210730E-7
3.237800E+3	-3.892950E-7	1.210730E-7
3.226800E+3	-4.442430E-7	1.760210E-7
3.196100E+3	-3.436600E-7	2.551840E-7
3.175800E+3	-3.241020E-7	8.381950E-8
3.166000E+3	-4.479680E-7	1.406310E-7
3.153600E+3	-5.681100E-7	2.244500E-7
3.132800E+3	-4.516930E-7	1.685700E-7
3.120600E+3	-4.386550E-7	2.114110E-7
3.120600E+3	-4.386550E-7	2.114110E-7
3.109600E+3	-3.054760E-7	1.508750E-7
3.076900E+3	-3.427290E-7	7.171230E-8
3.065600E+3	-3.287590E-7	9.313300E-10
3.065600E+3	-3.287590E-7	9.313300E-10
3.032700E+3	-3.334150E-7	-1.546000E-7
3.013100E+3	-2.915060E-7	-2.961620E-7
3.001600E+3	-3.827750E-7	-2.728790E-7
2.982000E+3	-4.414490E-7	-2.589090E-7
2.971000E+3	-3.194450E-7	-1.937160E-7
2.949400E+3	-3.371410E-7	-1.136220E-7
2.949400E+3	-3.371410E-7	-1.136220E-7
2.918600E+3	-3.865010E-7	-3.054760E-7
2.907400E+3	-3.846380E-7	-3.045440E-7
2.887700E+3	-2.887120E-7	-3.902260E-7
2.876900E+3	-2.300380E-7	-3.716000E-7
2.856600E+3	-2.840550E-7	-2.020980E-7
2.846400E+3	-3.511100E-7	-5.867350E-8
2.825600E+3	-2.635660E-7	-3.725320E-9
2.815900E+3	-3.278270E-7	6.519300E-8
2.806000E+3	-2.579780E-7	3.725320E-9
2.785300E+3	-3.594920E-7	6.053640E-8
2.763700E+3	-3.045440E-7	-1.769520E-8
2.754600E+3	-3.362090E-7	-4.004710E-8
2.741900E+3	-4.069900E-7	-3.352780E-8
2.721100E+3	-3.706680E-7	-9.127010E-8
2.708800E+3	-4.479680E-7	1.583260E-8
2.697600E+3	-3.594920E-7	-4.284110E-8
2.675300E+3	-4.367920E-7	-7.450640E-9
2.664800E+3	-4.144400E-7	-4.470370E-8
2.653700E+3	-3.902260E-7	-8.195680E-8
2.630600E+3	-3.008190E-7	2.328320E-8
2.620300E+3	-2.710170E-7	2.793980E-9
2.600700E+3	-2.542530E-7	-6.519300E-8
2.600700E+3	-2.542530E-7	-6.519300E-8
2.568500E+3	-2.952310E-7	-8.661350E-8
2.558900E+3	-3.827750E-7	3.259650E-8
2.537700E+3	-4.339980E-7	5.401690E-8
2.525400E+3	-4.861540E-7	-1.955790E-8
2.505000E+3	-4.973300E-7	-5.681090E-8
2.495200E+3	-4.088520E-7	-1.033770E-7
2.474300E+3	-3.669430E-7	-1.844030E-7
2.465000E+3	-3.613550E-7	-2.048920E-7
2.465000E+3	-3.613550E-7	-2.048920E-7
2.434300E+3	-3.427290E-7	-2.570470E-7
2.419100E+3	-3.008190E-7	-2.095480E-7
2.408600E+3	-1.015150E-7	-1.955790E-7
2.388400E+3	-9.313300E-10	-1.555320E-7
2.388400E+3	-9.313300E-10	-1.555320E-7
2.357700E+3	-9.778930E-8	-1.769520E-8
2.346300E+3	-4.470370E-8	-1.089650E-7
2.324400E+3	-1.601880E-7	-2.142050E-8
2.313700E+3	-2.989560E-7	-1.583260E-8
2.300500E+3	-2.793990E-7	-9.033870E-8
2.281100E+3	-4.153720E-7	-4.656640E-8
2.267800E+3	-3.315530E-7	-1.424930E-7
2.257400E+3	-3.315530E-7	-1.424930E-7
2.233900E+3	-4.237540E-7	-2.048920E-7
2.223700E+3	-4.582130E-7	-1.490130E-7
2.200900E+3	-4.367920E-7	-6.798700E-8
2.189900E+3	-3.557670E-7	-1.536690E-7
2.189900E+3	-3.557670E-7	-1.536690E-7
2.169800E+3	-3.175830E-7	-2.337630E-7
2.138700E+3	-1.518060E-7	-1.899910E-7
2.138700E+3	-1.518060E-7	-1.899910E-7
2.119100E+3	-2.020980E-7	-1.108280E-7
2.095100E+3	-2.514590E-7	-5.215430E-8
2.095100E+3	-2.514590E-7	-5.215430E-8
2.064300E+3	-2.346940E-7	1.583260E-8
2.054700E+3	-2.579780E-7	5.215430E-8
2.043000E+3	-2.579780E-7	5.215430E-8
2.017600E+3	-2.887120E-7	4.190970E-8
2.007700E+3	-3.324840E-7	8.661350E-8
1.986500E+3	-3.380720E-7	5.122300E-8
1.975800E+3	-3.352780E-7	-1.005830E-7
1.954800E+3	-3.892950E-7	-1.462190E-7
1.943500E+3	-4.060580E-7	-1.741580E-7
1.943500E+3	-4.060580E-7	-1.741580E-7
1.922800E+3	-4.703200E-7	-1.201420E-7
1.897500E+3	-5.019870E-7	3.911580E-8
1.874900E+3	-6.174710E-7	-5.774220E-8
1.863100E+3	-5.494840E-7	-7.543760E-8
1.849800E+3	-4.796350E-7	-1.275920E-7
1.849800E+3	-4.796350E-7	-1.275920E-7
1.818200E+3	-2.952310E-7	3.725310E-8
1.797400E+3	-6.891830E-8	-1.266610E-7
1.797400E+3	-6.891830E-8	-1.266610E-7
1.766000E+3	-1.015150E-7	-1.052400E-7
1.753400E+3	-7.264360E-8	-4.284110E-8
1.744200E+3	-1.378370E-7	1.182780E-7
1.719900E+3	1.117590E-7	2.710170E-7
1.710900E+3	9.592670E-8	3.939510E-7
1.710900E+3	9.592670E-8	3.939510E-7
1.678200E+3	-6.146770E-8	1.946470E-7
1.667900E+3	-9.220140E-8	1.173470E-7
1.645700E+3	-1.760210E-7	6.239910E-8
1.636400E+3	-2.235180E-7	9.499540E-8
1.613300E+3	-9.499540E-8	-1.406310E-7
1.604600E+3	-1.555320E-7	-5.867350E-8
1.593800E+3	-1.145530E-7	-1.126900E-7
1.575200E+3	-2.179300E-7	-1.396990E-7
1.564100E+3	-3.604240E-7	-6.798700E-8
1.564100E+3	-3.604240E-7	-6.798700E-8
1.543300E+3	-5.913930E-7	-2.980250E-8
1.513900E+3	-5.476210E-7	-4.749770E-8
1.503000E+3	-5.001240E-7	-1.182780E-7
1.484400E+3	-4.721820E-7	-1.834710E-7
1.473400E+3	-3.352780E-7	-1.797460E-7
1.454700E+3	-3.101320E-7	-9.872060E-8
1.444100E+3	-4.367920E-7	-4.842900E-8
1.425100E+3	-6.053630E-7	-7.450640E-9
1.415000E+3	-5.895310E-7	-9.313280E-9
1.403600E+3	-5.904620E-7	4.749770E-8
1.383500E+3	-4.321350E-7	3.539050E-8
1.375000E+3	-3.809130E-7	4.377240E-8
1.354900E+3	-3.334150E-7	9.220140E-8
1.346600E+3	-4.153720E-7	1.238670E-7
1.326800E+3	-3.958140E-7	2.980250E-8
1.315700E+3	-4.181660E-7	4.656640E-8
1.306400E+3	-3.324840E-7	7.357490E-8
1.288000E+3	-3.147890E-7	8.195680E-8
1.278100E+3	-3.147890E-7	-9.313280E-9
1.257800E+3	-4.833600E-7	4.284110E-8
1.248800E+3	-4.153720E-7	-9.313280E-9
1.230600E+3	-3.958140E-7	2.887110E-8
1.221100E+3	-3.259650E-7	-3.725310E-8
1.203600E+3	-3.473850E-7	3.352780E-8
1.203600E+3	-3.473850E-7	3.352780E-8
1.176600E+3	-2.635660E-7	-1.424930E-7
1.166500E+3	-3.175830E-7	-1.052400E-7
1.158300E+3	-4.023330E-7	-6.612440E-8
1.138200E+3	-3.296900E-7	-1.434250E-7
1.138200E+3	-3.296900E-7	-1.434250E-7
1.111600E+3	-2.058230E-7	-2.486650E-7
1.103000E+3	-2.831240E-7	-1.676390E-7
1.085200E+3	-2.076860E-7	-1.462190E-7
1.077400E+3	-3.194450E-7	-3.539050E-8
1.059200E+3	-3.296900E-7	3.539050E-8
1.051800E+3	-2.915060E-7	2.887110E-8
1.033500E+3	-2.095480E-7	3.725310E-8
1.026100E+3	-2.635660E-7	7.171230E-8
1.005700E+3	-2.253810E-7	1.862660E-8
9.982000E+2	-2.747420E-7	7.450630E-8
9.802000E+2	-2.868490E-7	3.445920E-8
9.728000E+2	-3.054760E-7	2.793980E-8
9.637000E+2	-2.589090E-7	-4.749770E-8
9.637000E+2	-2.589090E-7	-4.749770E-8
9.379000E+2	-2.542530E-7	-6.426170E-8
9.219000E+2	-4.041960E-7	-6.426170E-8
9.122000E+2	-3.632180E-7	-7.823160E-8
8.963000E+2	-3.632180E-7	-5.774220E-8
8.868000E+2	-3.250330E-7	-8.661350E-8
8.705000E+2	-3.287590E-7	-1.126900E-7
8.615000E+2	-3.902260E-7	-9.592670E-8
8.437000E+2	-4.041960E-7	-1.201420E-7
8.341000E+2	-3.902260E-7	-1.108280E-7
8.182000E+2	-3.613550E-7	-9.220140E-8
8.091000E+2	-3.455220E-7	-1.080340E-7
7.929000E+2	-3.650800E-7	-3.725310E-8
7.842000E+2	-4.088520E-7	1.955790E-8
7.675000E+2	-3.585610E-7	-2.142050E-8
7.594000E+2	-3.688060E-7	9.313280E-9
7.500000E+2	-4.144400E-7	5.867350E-8
7.325000E+2	-3.380720E-7	4.842900E-8
7.325000E+2	-3.380720E-7	4.842900E-8
7.152000E+2	-3.268960E-7	7.450640E-9
6.961000E+2	-3.948830E-7	-4.190970E-8
6.961000E+2	-3.948830E-7	-4.190970E-8
6.721000E+2	-5.457590E-7	-3.166520E-8
6.646000E+2	-5.168880E-7	-5.215430E-8
6.646000E+2	-5.168880E-7	-5.215430E-8
6.402000E+2	-4.880170E-7	-3.632180E-8
6.312000E+2	-5.755610E-7	2.048920E-8
6.138000E+2	-4.591440E-7	-1.220040E-7
6.050000E+2	-4.759080E-7	-1.378370E-7
5.883000E+2	-4.973300E-7	-1.611200E-7
5.791000E+2	-4.367920E-7	-2.291060E-7
5.642000E+2	-4.926730E-7	-2.561160E-7
5.553000E+2	-4.600750E-7	-2.561160E-7
5.401000E+2	-4.228220E-7	-2.793990E-7
5.317000E+2	-4.507620E-7	-1.937160E-7
5.317000E+2	-4.507620E-7	-1.937160E-7
5.061000E+2	-5.420330E-7	-3.259650E-8
4.993000E+2	-6.314400E-7	4.842900E-8
4.804000E+2	-5.643850E-7	-2.700850E-8
4.694000E+2	-6.705560E-7	1.145530E-7
4.519000E+2	-6.891820E-7	1.508750E-7
4.519000E+2	-6.891820E-7	1.508750E-7
3.893000E+2	-8.055980E-7	3.445920E-8
3.457000E+2	-8.614770E-7	8.381960E-9
3.211000E+2	-8.186360E-7	-2.607710E-8
2.729000E+2	-7.990780E-7	3.725310E-8
2.405000E+2	-7.934900E-7	5.867350E-8
2.137000E+2	-6.994270E-7	5.867350E-8
1.598000E+2	-6.416850E-7	1.536690E-7
1.255000E+2	-5.578660E-7	8.940740E-8
7.080000E+1	-4.814970E-7	5.122300E-8
4.220000E+1	-4.442430E-7	2.980250E-8
-1.320000E+1	-3.902260E-7	5.587960E-8
-4.120000E+1	-3.017500E-7	1.145530E-7
-9.630000E+1	-1.490130E-8	6.333040E-8
-1.231000E+2	1.396990E-8	1.313170E-7
-1.774000E+2	2.365570E-7	6.519300E-8
-1.774000E+2	2.365570E-7	6.519300E-8
-2.360000E+2	3.762560E-7	9.033870E-8
-2.864000E+2	4.563500E-7	3.259650E-8
-3.111000E+2	5.392390E-7	-5.215430E-8
-3.572000E+2	5.373770E-7	1.024460E-8
