Sample Name, AUS25x23_36G
Freq, 36, GHz, Power, 10, dBm
SR850: f = 25 Hz; phase = 96 deg; output = 5 V; sens. = 20 uV; tc = 300 ms; 12dB/oct
Field	X	Y
Oe	V	V
*
-6.729000E+2	6.351660E-7	4.656640E-8
-6.726000E+2	5.504150E-7	1.071030E-7
-6.732000E+2	6.118830E-7	-7.450640E-9
-6.710000E+2	5.327200E-7	5.494830E-8
-6.575000E+2	5.587970E-7	-5.587960E-9
-6.464000E+2	5.057120E-7	4.377240E-8
-6.357000E+2	4.237540E-7	1.238670E-7
-6.053000E+2	4.330670E-7	2.514580E-8
-5.911000E+2	4.638000E-7	-2.514580E-8
-5.605000E+2	5.038490E-7	4.190970E-8
-5.605000E+2	5.038490E-7	4.190970E-8
-5.309000E+2	6.333030E-7	2.793980E-8
-4.969000E+2	7.078090E-7	2.514580E-8
-4.837000E+2	6.873200E-7	3.632180E-8
-4.522000E+2	7.348170E-7	-1.303860E-7
-4.405000E+2	7.413360E-7	-2.104800E-7
-4.251000E+2	7.543750E-7	-2.104800E-7
-4.037000E+2	8.922110E-7	-1.108280E-7
-3.928000E+2	7.897650E-7	7.264360E-8
-3.749000E+2	8.977990E-7	4.377240E-8
-3.647000E+2	8.745160E-7	1.061710E-7
-3.479000E+2	9.238760E-7	-2.048920E-8
-3.361000E+2	9.499530E-7	-7.636890E-8
-3.183000E+2	1.050540E-6	-2.216560E-7
-3.077000E+2	1.064510E-6	-2.020980E-7
-2.887000E+2	1.109210E-6	-2.495960E-7
-2.775000E+2	1.045880E-6	-1.490130E-7
-2.681000E+2	1.059850E-6	-9.220140E-8
-2.681000E+2	1.059850E-6	-9.220140E-8
-2.342000E+2	9.024550E-7	8.288820E-8
-2.115000E+2	9.350520E-7	7.450640E-9
-2.004000E+2	1.059850E-6	-1.676390E-8
-1.913000E+2	1.158570E-6	-7.264360E-8
-1.700000E+2	1.062650E-6	6.426170E-8
-1.610000E+2	1.006770E-6	1.965100E-7
-1.371000E+2	1.017940E-6	2.644970E-7
-1.282000E+2	9.965220E-7	1.825400E-7
-1.072000E+2	7.143280E-7	1.192100E-7
-9.840000E+1	7.115340E-7	6.239910E-8
-7.470000E+1	6.770750E-7	1.247980E-7
-6.570000E+1	7.171220E-7	9.406400E-8
-6.570000E+1	7.171220E-7	9.406400E-8
-4.160000E+1	6.379600E-7	1.424930E-7
-2.040000E+1	6.295780E-7	5.960510E-8
-9.300000E+0	4.861540E-7	1.192100E-7
9.900000E+0	3.231710E-7	8.847610E-8
9.900000E+0	3.231710E-7	8.847610E-8
4.020000E+1	-9.313270E-8	7.823160E-8
5.100000E+1	-1.685700E-7	1.611200E-7
7.070000E+1	-1.750900E-7	1.369050E-7
8.100000E+1	-1.471500E-7	7.823160E-8
1.012000E+2	-1.229350E-7	1.871970E-7
1.110000E+2	-9.778930E-8	1.499440E-7
1.335000E+2	-3.753250E-7	-8.381960E-9
1.441000E+2	-5.140940E-7	-2.793980E-8
1.529000E+2	-5.159560E-7	-1.108280E-7
1.768000E+2	-4.936050E-7	2.793980E-9
1.857000E+2	-4.507620E-7	-8.754480E-8
1.857000E+2	-4.507620E-7	-8.754480E-8
2.158000E+2	-8.698590E-7	-7.450630E-8
2.397000E+2	-9.937280E-7	-8.381950E-8
2.490000E+2	-9.536820E-7	-1.769520E-7
2.613000E+2	-7.748640E-7	-2.020980E-7
2.826000E+2	-6.239900E-7	1.490130E-8
2.917000E+2	-6.072260E-7	1.033770E-7
3.125000E+2	-6.575170E-7	2.011670E-7
3.222000E+2	-8.335370E-7	2.309690E-7
3.427000E+2	-9.741710E-7	2.365570E-7
3.530000E+2	-1.095240E-6	3.026820E-7
3.639000E+2	-1.040290E-6	2.030290E-7
3.854000E+2	-1.119460E-6	7.264360E-8
3.969000E+2	-1.130630E-6	6.146770E-8
4.190000E+2	-1.019810E-6	-3.539050E-8
4.303000E+2	-1.035640E-6	1.862660E-8
4.426000E+2	-9.993160E-7	1.396990E-8
4.629000E+2	-8.791720E-7	-7.078100E-8
4.756000E+2	-8.754470E-7	-5.960510E-8
4.847000E+2	-9.154940E-7	1.117590E-8
5.083000E+2	-9.527470E-7	6.798700E-8
5.178000E+2	-8.903480E-7	1.862660E-8
5.407000E+2	-8.409880E-7	7.730020E-8
5.510000E+2	-8.055980E-7	7.357490E-8
5.601000E+2	-7.273670E-7	6.519290E-9
5.846000E+2	-7.581000E-7	5.681090E-8
5.939000E+2	-7.264350E-7	1.862660E-8
6.183000E+2	-8.074600E-7	2.514580E-8
6.275000E+2	-8.260870E-7	-1.955790E-8
6.401000E+2	-7.888340E-7	-7.636890E-8
6.610000E+2	-7.431990E-7	-7.543760E-8
6.712000E+2	-7.459930E-7	-2.607710E-8
6.918000E+2	-6.221270E-7	-7.450630E-8
7.026000E+2	-6.677620E-7	-4.004710E-8
7.134000E+2	-6.919760E-7	2.887110E-8
7.356000E+2	-6.025690E-7	-1.117590E-8
7.472000E+2	-6.193330E-7	5.587960E-9
7.690000E+2	-5.681100E-7	-8.475080E-8
7.690000E+2	-5.681100E-7	-8.475080E-8
7.905000E+2	-5.941870E-7	4.656640E-9
8.134000E+2	-5.653160E-7	3.073390E-8
8.242000E+2	-5.001240E-7	-4.563500E-8
8.447000E+2	-5.308580E-7	1.117590E-8
8.549000E+2	-4.572810E-7	-2.048920E-8
8.760000E+2	-4.768410E-7	-1.024460E-8
8.857000E+2	-4.479680E-7	-2.607710E-8
8.857000E+2	-4.479680E-7	-2.607710E-8
9.202000E+2	-4.461050E-7	8.195680E-8
9.326000E+2	-3.846380E-7	1.769520E-8
9.548000E+2	-4.861540E-7	5.587960E-8
9.674000E+2	-4.451740E-7	-2.607710E-8
9.782000E+2	-4.442430E-7	-7.450630E-8
1.002200E+3	-4.852230E-7	-2.421450E-8
1.012200E+3	-4.339980E-7	-8.102550E-8
1.036800E+3	-5.159560E-7	6.612440E-8
1.046300E+3	-4.684570E-7	-2.048920E-8
1.057800E+3	-4.917420E-7	-2.048920E-8
1.080500E+3	-3.762560E-7	-1.965100E-7
1.091100E+3	-3.604240E-7	-1.220040E-7
1.104500E+3	-4.032640E-7	-9.220140E-8
1.124300E+3	-3.380720E-7	-2.561160E-7
1.138800E+3	-3.250330E-7	-2.114110E-7
1.158600E+3	-3.175830E-7	-9.127010E-8
1.169200E+3	-4.572810E-7	-4.004710E-8
1.189000E+3	-5.625220E-7	-1.164160E-7
1.200700E+3	-5.289950E-7	-1.210730E-7
1.220800E+3	-5.886000E-7	-3.352780E-8
1.232300E+3	-4.908110E-7	-5.960510E-8
1.244700E+3	-5.001240E-7	-7.450640E-9
1.266500E+3	-5.019870E-7	-5.867350E-8
1.275800E+3	-5.271320E-7	-1.117590E-8
1.288600E+3	-4.600750E-7	-6.239910E-8
1.309800E+3	-5.494840E-7	-1.555320E-7
1.320000E+3	-6.444790E-7	-9.127010E-8
1.343900E+3	-7.273670E-7	-2.561160E-7
1.356100E+3	-8.130480E-7	-2.728790E-7
1.366500E+3	-9.052490E-7	-3.008190E-7
1.366500E+3	-9.052490E-7	-3.008190E-7
1.386900E+3	-7.888340E-7	-3.613550E-7
1.420300E+3	-6.035010E-7	-1.946470E-7
1.430100E+3	-6.053630E-7	-9.406400E-8
1.450200E+3	-4.684570E-7	-1.024460E-7
1.460500E+3	-5.289950E-7	-1.490130E-8
1.480100E+3	-5.448270E-7	3.445920E-8
1.491000E+3	-5.336510E-7	-1.024460E-8
1.501300E+3	-5.513470E-7	-1.396990E-8
1.524300E+3	-5.234070E-7	-5.401690E-8
1.534200E+3	-5.308580E-7	-4.004710E-8
1.553900E+3	-5.587970E-7	-8.195680E-8
1.564300E+3	-6.184020E-7	-4.470370E-8
1.587100E+3	-5.690420E-7	2.048920E-8
1.597300E+3	-4.367920E-7	-2.980250E-8
1.617500E+3	-4.367920E-7	1.862660E-9
1.627100E+3	-4.414490E-7	-3.911580E-8
1.636700E+3	-4.796350E-7	-1.350430E-7
1.657000E+3	-5.653160E-7	-2.300380E-7
1.667200E+3	-5.941870E-7	-1.974410E-7
1.690200E+3	-7.310920E-7	-9.406400E-8
1.699600E+3	-5.904620E-7	-2.151360E-7
1.723400E+3	-4.014020E-7	1.611200E-7
1.732400E+3	-3.082700E-7	1.024460E-7
1.743400E+3	-3.585610E-7	1.955790E-8
1.765600E+3	-4.628690E-7	1.657760E-7
1.775800E+3	-4.367920E-7	1.611200E-7
1.788800E+3	-4.600750E-7	1.331800E-7
1.807900E+3	-5.168880E-7	3.352780E-8
1.819100E+3	-5.085060E-7	9.313280E-9
1.838200E+3	-4.237540E-7	-1.527380E-7
1.849400E+3	-3.660120E-7	-1.192100E-7
1.870600E+3	-5.448270E-7	-1.126900E-7
1.881900E+3	-5.709040E-7	-7.078100E-8
1.881900E+3	-5.709040E-7	-7.078100E-8
1.912500E+3	-5.448270E-7	-1.462190E-7
1.931900E+3	-4.880170E-7	-1.154840E-7
1.942900E+3	-4.759080E-7	-6.053640E-8
1.954800E+3	-4.926730E-7	-1.024460E-7
1.975500E+3	-3.073380E-7	-3.818450E-8
1.984700E+3	-3.268960E-7	-4.284110E-8
2.005800E+3	-2.831240E-7	-4.284110E-8
2.014900E+3	-2.589090E-7	1.620510E-7
2.025300E+3	-3.641490E-7	1.657760E-7
2.048000E+3	-4.051270E-7	2.626350E-7
2.058800E+3	-5.103680E-7	2.877800E-7
2.078100E+3	-4.135090E-7	1.713640E-7
2.088300E+3	-5.122310E-7	1.592570E-7
2.088300E+3	-5.122310E-7	1.592570E-7
2.119100E+3	-4.861540E-7	-7.450630E-8
2.138500E+3	-5.494840E-7	-2.477340E-7
2.149600E+3	-6.072260E-7	-7.078100E-8
2.171500E+3	-4.190970E-7	2.793980E-9
2.182700E+3	-4.014020E-7	2.793980E-9
2.192100E+3	-3.194450E-7	1.192100E-7
2.192100E+3	-3.194450E-7	1.192100E-7
2.214800E+3	-3.688060E-7	2.514580E-8
2.245400E+3	-5.001240E-7	-6.519290E-9
2.258200E+3	-4.833600E-7	-5.587960E-8
2.258200E+3	-4.833600E-7	-5.587960E-8
2.288100E+3	-5.001240E-7	2.700850E-8
2.297100E+3	-4.423800E-7	-4.190970E-8
2.318300E+3	-3.697370E-7	-1.518060E-7
2.327400E+3	-3.604240E-7	-1.732270E-7
2.351200E+3	-4.200280E-7	7.916290E-8
2.360100E+3	-2.728790E-7	-6.426170E-8
2.381100E+3	-3.501790E-7	-2.477340E-7
2.381100E+3	-3.501790E-7	-2.477340E-7
2.401100E+3	-5.913930E-7	-1.229350E-7
2.422800E+3	-5.178190E-7	-2.421450E-8
2.433400E+3	-3.986080E-7	-1.154840E-7
2.452900E+3	-2.626350E-7	-2.570470E-7
2.464000E+3	-3.119950E-7	-1.126900E-7
2.485900E+3	-2.384200E-7	-3.073390E-8
2.496200E+3	-2.635660E-7	3.818450E-8
2.507100E+3	-3.017500E-7	1.257290E-7
2.528400E+3	-3.883630E-7	-6.798700E-8
2.539700E+3	-5.122310E-7	-4.470370E-8
2.558900E+3	-5.671790E-7	7.823160E-8
2.569900E+3	-5.308580E-7	7.543760E-8
2.589200E+3	-6.035010E-7	3.073390E-8
2.599900E+3	-6.184020E-7	-9.313270E-8
2.621400E+3	-7.450620E-7	-4.004710E-8
2.632600E+3	-6.882510E-7	6.519290E-9
2.651900E+3	-7.553060E-7	1.918530E-7
2.662700E+3	-6.761440E-7	1.918530E-7
2.682500E+3	-7.133970E-7	-2.793980E-9
2.692900E+3	-6.277150E-7	-1.294550E-7
2.704900E+3	-5.513470E-7	-1.676390E-8
2.729100E+3	-5.913930E-7	1.117590E-7
2.738200E+3	-5.373770E-7	4.097840E-8
2.748500E+3	-5.494840E-7	7.543760E-8
2.771500E+3	-5.215440E-7	1.182780E-7
2.780900E+3	-4.954670E-7	1.061710E-7
2.801100E+3	-4.367920E-7	1.210730E-7
2.811000E+3	-4.917420E-7	1.760210E-7
2.811000E+3	-4.917420E-7	1.760210E-7
2.841200E+3	-4.991930E-7	-8.847610E-8
2.860600E+3	-5.597290E-7	-1.415620E-7
2.860600E+3	-5.597290E-7	-1.415620E-7
2.881800E+3	-6.193330E-7	6.239910E-8
2.904000E+3	-5.234070E-7	9.592670E-8
2.914800E+3	-3.930200E-7	-2.700850E-8
2.936200E+3	-3.594920E-7	-1.341110E-7
2.947400E+3	-3.799810E-7	-8.475080E-8
2.966700E+3	-4.367920E-7	-6.146770E-8
2.977800E+3	-4.675260E-7	-4.470370E-8
2.997300E+3	-5.047800E-7	-7.450640E-9
3.007900E+3	-4.386550E-7	-2.142050E-8
3.007900E+3	-4.386550E-7	-2.142050E-8
3.022800E+3	-4.926730E-7	4.377240E-8
3.053000E+3	-4.926730E-7	1.303860E-8
3.073400E+3	-6.249210E-7	8.102550E-8
3.083200E+3	-5.820800E-7	1.164160E-7
3.092900E+3	-6.845260E-7	1.834710E-7
3.113300E+3	-7.608940E-7	1.862650E-7
3.124500E+3	-7.608940E-7	1.862650E-7
3.143400E+3	-7.795210E-7	2.095480E-7
3.143400E+3	-7.795210E-7	2.095480E-7
3.176400E+3	-6.081570E-7	1.918530E-7
3.187300E+3	-5.783550E-7	1.750900E-7
3.206600E+3	-4.759080E-7	8.661350E-8
3.217700E+3	-3.874320E-7	1.788150E-7
3.227400E+3	-3.008190E-7	1.071030E-7
3.249800E+3	-2.468020E-7	1.583260E-7
3.260300E+3	-1.685700E-7	1.797460E-7
3.282000E+3	-8.940740E-8	8.195680E-8
3.293300E+3	-2.533220E-7	7.916290E-8
3.305500E+3	-3.175830E-7	4.097840E-8
3.326000E+3	-4.526250E-7	3.725310E-8
3.326000E+3	-4.526250E-7	3.725310E-8
3.347700E+3	-2.961620E-7	1.015150E-7
3.347700E+3	-2.961620E-7	1.015150E-7
3.380800E+3	-4.386550E-7	5.587960E-8
3.391700E+3	-5.262010E-7	2.793980E-8
3.391700E+3	-5.262010E-7	2.793980E-8
3.423800E+3	-6.174710E-7	-2.793980E-9
3.443600E+3	-5.001240E-7	-4.749770E-8
3.454300E+3	-6.156080E-7	6.333040E-8
3.473600E+3	-6.426160E-7	1.285230E-7
3.484700E+3	-6.835940E-7	1.592570E-7
3.503800E+3	-5.690420E-7	1.117590E-8
3.515100E+3	-6.882510E-7	-1.210730E-7
3.536400E+3	-6.863880E-7	-1.695020E-7
3.547400E+3	-7.357480E-7	-2.607710E-8
3.566700E+3	-6.184020E-7	7.730020E-8
3.577900E+3	-5.988440E-7	1.024460E-7
3.597300E+3	-5.513470E-7	5.960510E-8
3.608700E+3	-6.416850E-7	1.313170E-7
3.620900E+3	-5.932560E-7	2.048920E-8
3.641100E+3	-6.882510E-7	1.583260E-8
3.641100E+3	-6.882510E-7	1.583260E-8
3.671600E+3	-5.913930E-7	-2.607710E-8
3.680900E+3	-6.053630E-7	3.352780E-8
3.704000E+3	-6.146770E-7	3.632180E-8
3.714300E+3	-6.780060E-7	8.195680E-8
3.723300E+3	-7.068770E-7	1.676390E-8
3.723300E+3	-7.068770E-7	1.676390E-8
3.756000E+3	-5.606600E-7	2.048920E-8
3.779600E+3	-5.001240E-7	3.017500E-7
3.779600E+3	-5.001240E-7	3.017500E-7
3.798700E+3	-4.610060E-7	2.747420E-7
3.818900E+3	-5.280640E-7	2.365570E-7
3.818900E+3	-5.280640E-7	2.365570E-7
3.849300E+3	-6.519290E-7	1.145530E-7
3.860300E+3	-7.469240E-7	1.164160E-7
3.879700E+3	-7.348170E-7	1.490130E-7
3.890900E+3	-7.208470E-7	1.024460E-7
3.905700E+3	-7.655510E-7	9.592670E-8
3.924900E+3	-7.534440E-7	4.656640E-8
3.936100E+3	-7.161910E-7	-1.396990E-8
3.955200E+3	-7.031520E-7	-2.607710E-8
3.966400E+3	-7.282980E-7	0.000000E+0
3.987600E+3	-6.314400E-7	-4.190970E-8
3.998900E+3	-6.873200E-7	2.421450E-8
4.008500E+3	-6.696250E-7	1.396990E-8
4.032300E+3	-6.584490E-7	2.514580E-8
4.041800E+3	-6.062950E-7	-4.004710E-8
4.062200E+3	-6.835940E-7	6.798700E-8
4.072200E+3	-6.156080E-7	2.793980E-8
4.095700E+3	-6.435480E-7	5.774220E-8
4.105200E+3	-6.593800E-7	2.793980E-8
4.114900E+3	-6.724190E-7	-5.587960E-9
4.138400E+3	-7.255040E-7	4.656640E-9
4.147500E+3	-6.854570E-7	-9.313280E-9
4.168700E+3	-7.078090E-7	3.911580E-8
4.178100E+3	-6.975640E-7	5.587960E-8
4.198900E+3	-7.040840E-7	2.421450E-8
4.209000E+3	-7.860400E-7	4.936030E-8
4.222300E+3	-8.074600E-7	1.769520E-8
4.241600E+3	-8.409880E-7	1.024460E-8
4.252800E+3	-8.428510E-7	3.445920E-8
4.272000E+3	-7.627570E-7	1.490130E-8
4.283200E+3	-8.139800E-7	8.381950E-8
4.302200E+3	-7.655510E-7	6.239910E-8
4.315400E+3	-8.046660E-7	6.891830E-8
4.315400E+3	-8.046660E-7	6.891830E-8
4.345800E+3	-6.957020E-7	1.983730E-7
4.355200E+3	-6.463420E-7	2.784670E-7
4.378400E+3	-6.752130E-7	2.924370E-7
4.388600E+3	-6.873200E-7	1.993040E-7
4.410900E+3	-7.618260E-7	5.401690E-8
4.421800E+3	-7.404050E-7	-1.490130E-8
4.433900E+3	-7.711390E-7	-4.470370E-8
4.454600E+3	-8.372630E-7	-2.793980E-9
4.463900E+3	-8.186360E-7	2.142050E-8
4.485100E+3	-1.057990E-6	1.005830E-7
4.497300E+3	-1.135290E-6	8.195680E-8
4.507500E+3	-1.150190E-6	1.098970E-7
4.530600E+3	-1.122250E-6	6.053640E-8
4.540100E+3	-1.083140E-6	-2.142050E-8
4.563700E+3	-1.147400E-6	5.122300E-8
4.572700E+3	-1.087790E-6	-1.676390E-8
4.583900E+3	-1.130630E-6	1.862660E-8
4.583900E+3	-1.130630E-6	1.862660E-8
4.616100E+3	-1.184650E-6	8.754480E-8
4.616100E+3	-1.184650E-6	8.754480E-8
4.648300E+3	-1.071960E-6	1.937160E-7
4.659500E+3	-1.140880E-6	2.132740E-7
4.659500E+3	-1.140880E-6	2.132740E-7
4.689900E+3	-1.042160E-6	8.475080E-8
4.709500E+3	-1.162300E-6	2.179300E-7
4.720200E+3	-1.150190E-6	2.598410E-7
4.740300E+3	-1.215380E-6	3.892950E-7
4.750500E+3	-1.164160E-6	2.216560E-7
4.771000E+3	-1.138080E-6	-5.867350E-8
4.780500E+3	-1.175340E-6	-7.916290E-8
4.801600E+3	-1.434240E-6	-8.940740E-8
4.810700E+3	-1.447280E-6	-2.020980E-7
4.821000E+3	-1.499440E-6	-9.220140E-8
4.843800E+3	-1.346700E-6	-2.514580E-8
4.864400E+3	-1.363460E-6	9.499540E-8
4.873700E+3	-1.291750E-6	4.656640E-9
4.883700E+3	-1.292680E-6	-1.490130E-8
4.907000E+3	-1.300130E-6	-1.303860E-8
4.916200E+3	-1.337390E-6	5.587960E-9
4.930300E+3	-1.343910E-6	9.313280E-9
4.949700E+3	-1.164160E-6	1.089650E-7
4.949700E+3	-1.164160E-6	1.089650E-7
4.982300E+3	-1.369980E-6	5.122300E-8
4.993400E+3	-1.422140E-6	9.499540E-8
5.003400E+3	-1.466840E-6	1.257290E-7
5.003400E+3	-1.466840E-6	1.257290E-7
5.036200E+3	-1.400720E-6	8.288820E-8
5.057700E+3	-1.444490E-6	1.192100E-7
5.069000E+3	-1.490120E-6	1.629820E-7
5.088300E+3	-1.505960E-6	1.564630E-7
5.099500E+3	-1.549730E-6	1.778840E-7
5.118900E+3	-1.619580E-6	1.210730E-7
5.129500E+3	-1.571150E-6	4.656640E-8
5.149600E+3	-1.701530E-6	7.916290E-8
5.159600E+3	-1.666140E-6	9.313280E-9
5.168900E+3	-1.764860E-6	8.195680E-8
5.192800E+3	-1.840300E-6	1.145530E-7
5.201700E+3	-1.862650E-6	7.730020E-8
5.225500E+3	-1.910160E-6	9.127010E-8
5.234800E+3	-1.893390E-6	-9.313300E-10
5.244900E+3	-1.994910E-6	4.842900E-8
5.265000E+3	-1.966040E-6	3.259650E-8
5.286200E+3	-2.123430E-6	1.881280E-7
5.295200E+3	-2.092700E-6	1.210730E-7
5.306400E+3	-2.168130E-6	1.806770E-7
5.328300E+3	-2.188620E-6	1.341110E-7
5.338600E+3	-2.193280E-6	1.052400E-7
5.352400E+3	-2.299450E-6	1.546000E-7
5.372000E+3	-2.287340E-6	2.607710E-8
5.382300E+3	-2.328320E-6	9.313280E-9
5.401700E+3	-2.447530E-6	6.146770E-8
5.412900E+3	-2.429840E-6	3.911580E-8
5.432800E+3	-2.498750E-6	4.004710E-8
5.443400E+3	-2.483850E-6	-2.887110E-8
5.463600E+3	-2.663600E-6	1.862660E-8
5.473600E+3	-2.611440E-6	-5.215430E-8
5.494000E+3	-2.737170E-6	-2.421450E-8
5.506500E+3	-2.737170E-6	-2.421450E-8
5.516000E+3	-2.956030E-6	9.685800E-8
5.536700E+3	-3.014710E-6	1.117590E-8
5.557100E+3	-3.192590E-6	9.965200E-8
5.566800E+3	-3.177690E-6	1.117590E-8
5.576300E+3	-3.202830E-6	-1.676390E-8
5.599900E+3	-3.317390E-6	6.519290E-9
5.609700E+3	-3.319250E-6	-5.215430E-8
5.633100E+3	-3.488750E-6	4.749770E-8
5.642200E+3	-3.444050E-6	-1.955790E-8
5.653300E+3	-3.583740E-6	8.381950E-8
5.675000E+3	-3.757900E-6	1.396990E-8
5.675000E+3	-3.757900E-6	1.396990E-8
5.696000E+3	-4.062460E-6	1.378370E-7
5.717800E+3	-4.108090E-6	5.867350E-8
5.729000E+3	-4.236620E-6	9.592670E-8
5.750500E+3	-4.462000E-6	-1.862660E-9
5.761700E+3	-4.651990E-6	6.984960E-8
5.774600E+3	-4.669680E-6	6.519290E-9
5.794400E+3	-4.828940E-6	-3.352780E-8
5.808000E+3	-5.027310E-6	6.984960E-8
5.827900E+3	-4.945350E-6	6.891830E-8
5.838200E+3	-4.724630E-6	-4.656640E-9
5.857400E+3	-4.302740E-6	5.308560E-8
5.868200E+3	-4.008440E-6	2.421450E-8
5.877200E+3	-3.479440E-6	-2.514580E-8
5.901300E+3	-2.613310E-6	5.587960E-8
5.910400E+3	-2.035890E-6	-1.583260E-8
5.931600E+3	-9.480900E-7	2.700850E-8
5.941100E+3	-5.727670E-7	1.741580E-7
5.961700E+3	8.754480E-8	3.511100E-7
5.971000E+3	4.405170E-7	3.231710E-7
5.992300E+3	1.059850E-6	3.688060E-7
6.001700E+3	1.260090E-6	4.135090E-7
6.022500E+3	1.793730E-6	2.775360E-7
6.032400E+3	1.932510E-6	2.719480E-7
6.052700E+3	2.231460E-6	2.551840E-7
6.065900E+3	2.441940E-6	2.011670E-7
6.076900E+3	2.490370E-6	2.328320E-7
6.096900E+3	2.712960E-6	2.011670E-7
6.107500E+3	2.801430E-6	1.564630E-7
6.126700E+3	2.986770E-6	1.778840E-7
6.137800E+3	3.080830E-6	1.685700E-7
6.157500E+3	3.114360E-6	8.661350E-8
6.168000E+3	3.192590E-6	1.238670E-7
6.190900E+3	3.237290E-6	3.566980E-7
6.201100E+3	3.353710E-6	3.259650E-7
6.221300E+3	3.343460E-6	3.259650E-7
6.230900E+3	3.430080E-6	2.319000E-7
6.239900E+3	3.490610E-6	1.629820E-7
6.261100E+3	3.642420E-6	1.266610E-7
6.281600E+3	3.702020E-6	3.632180E-8
6.291300E+3	3.791430E-6	-4.284110E-8
6.301000E+3	3.735550E-6	2.421450E-8
6.324700E+3	3.780250E-6	1.573940E-7
6.333800E+3	3.819380E-6	1.471500E-7
6.358100E+3	3.818450E-6	1.378370E-7
6.367400E+3	3.887370E-6	2.514580E-8
6.380300E+3	3.957220E-6	1.396990E-8
6.391200E+3	3.897610E-6	1.396990E-8
6.412800E+3	3.739270E-6	1.238670E-7
6.424000E+3	3.724370E-6	2.086170E-7
6.445500E+3	3.761630E-6	1.247980E-7
6.456400E+3	3.738340E-6	1.462190E-7
6.466600E+3	3.891090E-6	7.636890E-8
6.488800E+3	4.006580E-6	9.313280E-9
6.499800E+3	4.045690E-6	4.284110E-8
6.519600E+3	3.937660E-6	2.328320E-7
6.530000E+3	3.914380E-6	1.965100E-7
6.550400E+3	3.892960E-6	1.825400E-7
6.560400E+3	3.960940E-6	1.592570E-7
6.581300E+3	3.826830E-6	2.859180E-7
6.590800E+3	3.913450E-6	2.179300E-7
6.614100E+3	4.082950E-6	-8.009420E-8
6.624300E+3	4.169560E-6	-1.564630E-7
6.633500E+3	4.180740E-6	-8.847610E-8
6.654400E+3	4.252450E-6	-4.377240E-8
6.664200E+3	4.151870E-6	8.381960E-9
6.684500E+3	4.042900E-6	9.313270E-8
6.694700E+3	4.024270E-6	9.313270E-8
6.694700E+3	4.024270E-6	1.564630E-7
6.727100E+3	4.053140E-6	1.741580E-7
6.747600E+3	4.139760E-6	1.043090E-7
6.757700E+3	4.130440E-6	1.220040E-7
6.768900E+3	4.174220E-6	1.024460E-7
6.790600E+3	4.151870E-6	1.406310E-7
6.801900E+3	4.106230E-6	1.825400E-7
6.821600E+3	4.138830E-6	1.825400E-7
6.832900E+3	4.153730E-6	1.527380E-7
6.852500E+3	4.293430E-6	1.862660E-9
6.863400E+3	4.257100E-6	-6.053640E-8
6.883300E+3	4.122990E-6	5.308560E-8
6.883300E+3	4.122990E-6	5.308560E-8
6.914200E+3	4.113680E-6	9.592670E-8
6.924200E+3	4.132310E-6	1.341110E-7
6.947700E+3	4.101570E-6	2.793990E-7
6.957200E+3	4.173290E-6	2.263120E-7
6.966400E+3	4.186320E-6	2.076860E-7
6.990700E+3	4.253380E-6	2.132740E-7
6.999700E+3	4.275730E-6	1.788150E-7
7.020800E+3	4.319500E-6	1.210730E-7
7.030300E+3	4.323230E-6	1.154840E-7
7.051000E+3	4.385630E-6	1.266610E-7
7.060100E+3	4.389350E-6	1.871970E-7
7.081200E+3	4.488070E-6	1.825400E-7
7.093600E+3	4.517870E-6	1.424930E-7
7.104800E+3	4.442440E-6	1.797460E-7
7.126600E+3	4.439640E-6	1.462190E-7
7.137500E+3	4.390280E-6	1.704330E-7
7.147900E+3	4.413570E-6	1.313170E-7
7.170000E+3	4.501110E-6	6.333040E-8
7.181100E+3	4.485280E-6	7.543760E-8
7.202600E+3	4.516940E-6	7.543760E-8
7.213900E+3	4.468510E-6	2.421450E-8
7.223500E+3	4.512290E-6	1.490130E-8
7.246400E+3	4.461060E-6	6.984960E-8
7.256700E+3	4.584930E-6	1.825400E-7
7.278900E+3	4.582140E-6	1.583260E-7
7.290000E+3	4.568170E-6	1.443560E-7
7.299100E+3	4.651990E-6	7.171230E-8
7.323600E+3	4.573750E-6	1.126900E-7
7.332500E+3	4.605420E-6	6.891830E-8
7.353700E+3	4.643600E-6	1.201420E-7
7.365500E+3	4.716250E-6	1.173470E-7
7.375600E+3	4.739530E-6	1.201420E-7
7.398900E+3	4.734870E-6	1.145530E-7
7.408300E+3	4.796340E-6	8.661350E-8
7.429100E+3	4.797270E-6	7.636890E-8
7.439000E+3	4.806580E-6	4.936030E-8
7.462500E+3	4.788890E-6	1.313170E-7
7.471600E+3	4.810310E-6	5.587960E-8
7.482900E+3	4.734870E-6	1.033770E-7
7.502600E+3	4.768400E-6	1.024460E-7
7.513800E+3	4.768400E-6	3.259650E-8
7.533200E+3	4.955600E-6	4.284110E-8
7.544400E+3	5.183770E-6	1.359740E-7
7.565900E+3	5.275970E-6	1.443560E-7
7.577300E+3	5.208920E-6	2.048920E-7
7.596800E+3	5.176320E-6	1.611200E-7
7.608000E+3	5.142790E-6	1.806770E-7
7.617200E+3	5.184700E-6	1.098970E-7
7.640800E+3	5.045000E-6	2.160680E-7
7.650600E+3	5.012410E-6	2.356260E-7
7.673500E+3	5.075740E-6	7.916290E-8
7.684000E+3	5.111130E-6	1.229350E-7
7.696000E+3	5.174460E-6	1.098970E-7
7.717100E+3	5.148380E-6	1.406310E-7
7.726200E+3	5.232200E-6	8.381950E-8
7.747400E+3	5.328130E-6	1.303860E-7
7.756500E+3	5.347680E-6	1.378370E-7
7.777700E+3	5.357000E-6	1.434250E-7
7.786900E+3	5.348610E-6	1.601880E-7
7.808000E+3	5.426850E-6	7.636890E-8
7.817700E+3	5.415670E-6	8.847610E-8
7.838200E+3	5.429640E-6	1.303860E-7
7.850600E+3	5.380280E-6	1.071030E-7
7.861700E+3	5.419400E-6	9.313280E-9
7.883900E+3	5.488310E-6	-7.078100E-8
7.895200E+3	5.614970E-6	-2.142050E-8
7.905000E+3	5.722080E-6	-6.053640E-8
7.927700E+3	5.787270E-6	-6.612440E-8
7.938200E+3	5.634530E-6	1.639140E-7
7.960100E+3	5.634530E-6	1.639140E-7
7.971300E+3	5.634530E-6	1.639140E-7
7.991000E+3	5.587960E-6	5.122300E-8
7.991000E+3	5.587960E-6	5.122300E-8
8.021800E+3	5.632670E-6	-1.862660E-9
8.032200E+3	5.661540E-6	-2.514580E-8
8.041400E+3	5.692270E-6	-1.769520E-8
8.062500E+3	5.858050E-6	-6.705570E-8
8.083700E+3	5.696930E-6	1.862660E-9
8.093100E+3	5.755600E-6	4.097840E-8
8.103400E+3	5.671780E-6	1.098970E-7
8.126800E+3	5.867360E-6	4.656640E-9
8.126800E+3	5.867360E-6	4.656640E-9
8.157000E+3	5.751880E-6	4.116460E-7
8.169200E+3	5.775160E-6	4.051270E-7
8.169200E+3	5.775160E-6	4.051270E-7
8.202300E+3	5.953040E-6	2.477340E-7
8.212400E+3	5.979120E-6	2.412140E-7
8.232400E+3	6.141170E-6	1.601880E-7
8.243000E+3	6.188670E-6	1.611200E-7
8.253500E+3	6.231510E-6	1.732270E-7
8.275300E+3	6.307880E-6	1.760210E-7
8.286500E+3	6.344200E-6	1.760210E-7
8.307900E+3	6.429880E-6	1.993040E-7
8.319200E+3	6.444780E-6	1.937160E-7
8.332000E+3	6.473650E-6	1.816090E-7
8.351800E+3	6.515560E-6	1.415620E-7
8.362400E+3	6.577030E-6	7.543760E-8
8.382700E+3	6.564920E-6	1.722960E-7
8.392700E+3	6.586340E-6	1.732270E-7
8.416100E+3	6.649670E-6	1.145530E-7
8.425700E+3	6.670160E-6	8.754480E-8
8.434800E+3	6.719520E-6	5.774220E-8
8.459000E+3	6.720450E-6	6.519300E-8
8.468200E+3	6.755840E-6	6.798700E-8
8.492300E+3	6.804270E-6	1.154840E-7
8.492300E+3	6.804270E-6	1.154840E-7
8.522900E+3	6.902990E-6	1.480810E-7
8.532100E+3	7.012890E-6	1.005830E-7
8.544900E+3	7.008230E-6	1.359740E-7
8.565600E+3	7.086460E-6	1.145530E-7
8.575900E+3	7.069700E-6	1.704330E-7
8.596100E+3	7.210330E-6	1.685700E-7
8.606800E+3	7.209400E-6	1.825400E-7
8.626300E+3	7.301600E-6	9.406400E-8
8.637500E+3	7.333260E-6	1.238670E-7
8.656900E+3	7.411490E-6	4.842900E-8
8.668300E+3	7.399390E-6	8.661350E-8
8.687800E+3	7.513940E-6	5.774220E-8
8.701000E+3	7.553060E-6	5.681090E-8
8.711300E+3	7.580990E-6	5.122300E-8
8.731900E+3	7.736550E-6	3.166520E-8
8.744600E+3	7.786850E-6	5.308560E-8
8.764600E+3	7.894880E-6	7.264360E-8
8.775100E+3	7.962870E-6	4.004710E-8
8.784400E+3	7.975900E-6	6.891830E-8
8.808500E+3	8.103500E-6	7.543760E-8
8.820800E+3	8.126780E-6	3.445920E-8
8.830200E+3	8.152860E-6	-6.984960E-8
8.851100E+3	8.525390E-6	-1.108280E-7
8.862000E+3	8.557050E-6	-9.033870E-8
8.881800E+3	8.549600E-6	-1.685700E-7
8.892900E+3	8.558910E-6	-1.322490E-7
8.912500E+3	8.638080E-6	-3.194450E-7
8.923800E+3	8.497450E-6	-3.566980E-7
8.943200E+3	8.476960E-6	-3.511100E-7
8.954300E+3	8.603620E-6	-2.188620E-7
8.975900E+3	8.688370E-6	-4.190970E-8
8.987100E+3	8.683710E-6	-5.401690E-8
9.006800E+3	8.754490E-6	-1.583260E-8
9.020100E+3	8.854140E-6	4.563500E-8
9.030700E+3	8.944480E-6	6.612440E-8
9.051400E+3	9.140060E-6	9.592670E-8
9.061400E+3	9.238780E-6	1.303860E-7
9.084100E+3	9.485580E-6	2.458710E-7
9.094900E+3	9.595470E-6	1.937160E-7
9.104000E+3	9.629930E-6	1.760210E-7
9.127900E+3	9.683950E-6	1.285230E-7
9.137100E+3	9.757520E-6	6.612440E-8
9.160600E+3	9.873940E-6	1.583260E-8
9.170500E+3	9.913060E-6	1.583260E-8
9.191400E+3	9.931680E-6	2.700850E-8
9.200800E+3	9.931680E-6	2.700850E-8
9.211000E+3	1.010490E-5	3.445920E-8
9.234300E+3	1.027530E-5	7.450630E-8
9.234300E+3	1.027530E-5	7.450630E-8
9.268000E+3	1.039360E-5	7.450630E-8
9.277600E+3	1.054360E-5	4.842900E-8
9.290800E+3	1.059390E-5	3.911580E-8
9.310500E+3	1.078100E-5	-4.936030E-8
9.321600E+3	1.085930E-5	-2.514580E-8
9.341000E+3	1.105490E-5	-7.450630E-8
9.352200E+3	1.112000E-5	-3.632180E-8
9.361800E+3	1.123090E-5	-1.210730E-8
9.384700E+3	1.143860E-5	2.328320E-8
9.395100E+3	1.157170E-5	4.656640E-9
9.417100E+3	1.179340E-5	7.357490E-8
9.428200E+3	1.184740E-5	4.749770E-8
9.448000E+3	1.204580E-5	-6.146770E-8
9.458700E+3	1.217520E-5	-1.061710E-7
9.467900E+3	1.226370E-5	-1.369050E-7
9.467900E+3	1.226370E-5	-1.369050E-7
9.492200E+3	1.234010E-5	-1.396990E-7
9.501400E+3	1.239320E-5	-1.834710E-7
9.531800E+3	1.268190E-5	-1.452870E-7
9.553000E+3	1.278530E-5	-9.872060E-8
9.562100E+3	1.290450E-5	-8.475080E-8
9.583200E+3	1.290450E-5	-5.494830E-8
9.592800E+3	1.291840E-5	-9.220140E-8
9.604000E+3	1.287840E-5	-1.052400E-7
9.604000E+3	1.287840E-5	-1.052400E-7
9.636800E+3	1.268190E-5	-1.667080E-7
9.656300E+3	1.248910E-5	-1.359740E-7
9.667700E+3	1.237450E-5	-1.415620E-7
9.689500E+3	1.202250E-5	-1.275920E-7
9.700500E+3	1.188190E-5	-1.108280E-7
9.720100E+3	1.154190E-5	-2.048920E-8
9.731200E+3	1.138450E-5	-2.328320E-8
9.750700E+3	1.096730E-5	6.053640E-8
9.761900E+3	1.068330E-5	7.078100E-8
9.781400E+3	9.934480E-6	5.122300E-8
9.792400E+3	9.493030E-6	1.583260E-8
9.801600E+3	9.010600E-6	4.377240E-8
9.825500E+3	7.995460E-6	8.940740E-8
9.835100E+3	7.408700E-6	9.220140E-8
9.835100E+3	7.408700E-6	9.220140E-8
9.868600E+3	5.844080E-6	8.568210E-8
9.890000E+3	4.930450E-6	1.778840E-7
9.899300E+3	4.604490E-6	9.313270E-8
9.920300E+3	3.790500E-6	2.197930E-7
9.929600E+3	3.442180E-6	2.505280E-7
9.939900E+3	2.966280E-6	2.654290E-7
9.960200E+3	2.165340E-6	1.164160E-7
9.970900E+3	1.688500E-6	1.676390E-7
9.990700E+3	9.043180E-7	3.306210E-7
1.000180E+4	5.848740E-7	3.911570E-7
1.002120E+4	-2.300380E-7	2.887120E-7
1.003430E+4	-5.671790E-7	2.272440E-7
1.005420E+4	-1.034710E-6	8.288820E-8
1.006530E+4	-1.370910E-6	1.396990E-7
1.008490E+4	-1.752760E-6	8.847610E-8
1.009610E+4	-1.915750E-6	1.164160E-7
1.011560E+4	-2.186760E-6	2.840550E-7
1.012700E+4	-2.251020E-6	3.064070E-7
1.013950E+4	-2.465230E-6	3.781190E-7
1.013950E+4	-2.465230E-6	3.781190E-7
1.015970E+4	-2.852660E-6	4.004710E-7
1.018210E+4	-3.162790E-6	3.101320E-7
1.020320E+4	-3.462670E-6	2.719480E-7
1.021530E+4	-3.476640E-6	1.909220E-7
1.023670E+4	-3.764420E-6	2.877800E-7
1.024590E+4	-3.810060E-6	2.458710E-7
1.026730E+4	-3.961880E-6	2.924370E-7
1.027680E+4	-4.041970E-6	3.464540E-7
1.030060E+4	-4.098780E-6	3.166510E-7
1.030060E+4	-4.098780E-6	3.166510E-7
1.032080E+4	-4.097850E-6	2.300380E-7
1.034300E+4	-4.285980E-6	2.458710E-7
1.035310E+4	-4.320430E-6	2.924370E-7
1.037320E+4	-4.276660E-6	2.533220E-7
1.037320E+4	-4.276660E-6	2.533220E-7
1.039690E+4	-4.278530E-6	2.477340E-7
1.041860E+4	-4.233820E-6	1.611200E-7
1.042970E+4	-4.303670E-6	1.853340E-7
1.044930E+4	-4.241270E-6	1.210730E-7
1.046070E+4	-4.363280E-6	2.263120E-7
1.047040E+4	-4.394010E-6	2.877800E-7
1.049430E+4	-4.369790E-6	2.738110E-7
1.049430E+4	-4.369790E-6	2.738110E-7
1.052720E+4	-4.241270E-6	3.092010E-7
1.053750E+4	-4.120200E-6	2.328320E-7
1.054670E+4	-4.117410E-6	2.477340E-7
1.056760E+4	-4.189120E-6	3.036130E-7
1.057970E+4	-4.145350E-6	2.672910E-7
1.060060E+4	-4.108090E-6	3.101320E-7
1.060980E+4	-4.007510E-6	2.114110E-7
1.063080E+4	-4.014030E-6	1.564630E-7
1.064040E+4	-4.060600E-6	2.412140E-7
1.064040E+4	-4.060600E-6	2.412140E-7
1.067160E+4	-4.066180E-6	2.896430E-7
1.067160E+4	-4.066180E-6	2.896430E-7
1.070460E+4	-4.111820E-6	3.194450E-7
1.071590E+4	-4.142550E-6	3.501790E-7
1.073550E+4	-4.142550E-6	2.877800E-7
1.074960E+4	-4.185390E-6	2.775360E-7
1.076920E+4	-4.237550E-6	2.775360E-7
1.078050E+4	-4.205880E-6	3.231710E-7
1.078970E+4	-4.133240E-6	3.231710E-7
1.078970E+4	-4.133240E-6	2.756730E-7
1.082310E+4	-4.150930E-6	3.529730E-7
1.084590E+4	-4.125790E-6	3.194450E-7
1.085650E+4	-4.099710E-6	2.244500E-7
1.086560E+4	-4.038240E-6	1.396990E-7
1.088970E+4	-4.105300E-6	2.300380E-7
1.088970E+4	-4.105300E-6	2.300380E-7
1.089900E+4	-4.063390E-6	1.722960E-7
1.093260E+4	-4.192840E-6	3.306210E-7
1.094480E+4	-4.207740E-6	3.306210E-7
1.096620E+4	-4.277590E-6	3.371410E-7
1.097840E+4	-4.319500E-6	3.557670E-7
1.098940E+4	-4.316710E-6	3.529730E-7
1.100890E+4	-4.188190E-6	3.101320E-7
1.102000E+4	-4.112750E-6	2.337630E-7
1.104180E+4	-4.006580E-6	2.337630E-7
1.105240E+4	-4.055940E-6	3.054760E-7
1.107200E+4	-4.045690E-6	3.399350E-7
1.108320E+4	-4.023340E-6	3.492480E-7
1.108320E+4	-4.023340E-6	3.492480E-7
1.111410E+4	-3.975850E-6	3.296900E-7
1.112680E+4	-3.941390E-6	2.542530E-7
1.114730E+4	-4.024270E-6	2.775360E-7
1.115770E+4	-3.978640E-6	2.412140E-7
1.117860E+4	-4.014030E-6	2.542530E-7
1.117860E+4	-4.014030E-6	2.542530E-7
1.118840E+4	-3.946040E-6	2.272440E-7
1.122180E+4	-3.957220E-6	2.458710E-7
1.123100E+4	-3.955360E-6	2.235180E-7
1.125500E+4	-3.992610E-6	2.384200E-7
1.126410E+4	-3.927420E-6	1.871970E-7
1.128770E+4	-3.936730E-6	2.579780E-7
1.129750E+4	-3.899480E-6	2.626350E-7
1.131030E+4	-3.913450E-6	2.598410E-7
1.133420E+4	-3.889230E-6	2.356260E-7
1.133420E+4	-3.889230E-6	2.356260E-7
1.134340E+4	-3.818450E-6	1.518060E-7
1.137690E+4	-3.832420E-6	2.784670E-7
1.138910E+4	-3.701090E-6	1.983730E-7
1.140030E+4	-3.781180E-6	2.905740E-7
1.141990E+4	-3.751380E-6	2.384200E-7
1.143120E+4	-3.748590E-6	2.523900E-7
1.145090E+4	-3.786770E-6	2.579780E-7
1.146210E+4	-3.752310E-6	2.551840E-7
1.148430E+4	-3.717850E-6	2.086170E-7
1.148430E+4	-3.717850E-6	2.086170E-7
1.150860E+4	-3.748590E-6	2.710170E-7
1.152880E+4	-3.656390E-6	2.114110E-7
1.154230E+4	-3.680600E-6	2.663600E-7
1.155140E+4	-3.595850E-6	2.216560E-7
1.157540E+4	-3.615410E-6	3.092010E-7
1.158470E+4	-3.512030E-6	2.086170E-7
1.158470E+4	-3.512030E-6	2.086170E-7
1.161510E+4	-3.549280E-6	2.691540E-7
1.163900E+4	-3.549280E-6	2.691540E-7
1.164840E+4	-3.467330E-6	1.899910E-7
1.165860E+4	-3.485950E-6	2.337630E-7
1.168200E+4	-3.431010E-6	2.011670E-7
1.169140E+4	-3.448700E-6	2.337630E-7
1.171250E+4	-3.432870E-6	2.421460E-7
1.172470E+4	-3.287580E-6	1.778840E-7
1.173570E+4	-3.317390E-6	2.672910E-7
1.173570E+4	-3.317390E-6	2.672910E-7
1.176850E+4	-3.342530E-6	2.365570E-7
1.178870E+4	-3.339740E-6	2.114110E-7
1.180210E+4	-3.289450E-6	1.704330E-7
1.181300E+4	-3.371400E-6	2.924370E-7
1.183310E+4	-3.278270E-6	4.330670E-7
1.184360E+4	-3.303420E-6	5.131620E-7
1.186310E+4	-3.279200E-6	5.802180E-7
1.187700E+4	-3.271750E-6	5.690420E-7
1.189710E+4	-3.279200E-6	4.172340E-7
1.190790E+4	-3.301550E-6	4.293420E-7
1.191720E+4	-3.268030E-6	3.548360E-7
1.194140E+4	-3.276410E-6	3.231710E-7
1.195070E+4	-3.244740E-6	3.026820E-7
1.197430E+4	-3.253120E-6	3.464540E-7
1.198420E+4	-3.184210E-6	2.952310E-7
1.199390E+4	-3.221460E-6	3.660120E-7
1.201460E+4	-3.080830E-6	2.626350E-7
1.202690E+4	-3.107840E-6	2.970940E-7
1.204810E+4	-3.040780E-6	3.725310E-7
1.206040E+4	-2.860110E-6	3.064070E-7
1.206040E+4	-2.860110E-6	3.064070E-7
1.209380E+4	-2.861040E-6	3.539040E-7
1.209380E+4	-2.861040E-6	3.539040E-7
1.211530E+4	-2.816330E-6	5.001240E-7
1.213760E+4	-2.831240E-6	3.892950E-7
1.213760E+4	-2.831240E-6	3.892950E-7
1.217070E+4	-2.973730E-6	2.896430E-7
1.217070E+4	-2.973730E-6	2.896430E-7
1.219480E+4	-3.070590E-6	3.892950E-7
1.221480E+4	-2.936470E-6	5.373770E-7
1.222540E+4	-2.817270E-6	5.252700E-7
1.224580E+4	-2.826580E-6	3.771870E-7
1.225600E+4	-2.819130E-6	1.769520E-7
1.227680E+4	-2.908530E-6	1.788150E-7
1.227680E+4	-2.908530E-6	1.788150E-7
1.228640E+4	-2.984900E-6	2.784670E-7
1.232020E+4	-3.050100E-6	4.079210E-7
1.233220E+4	-3.081760E-6	4.200280E-7
1.235360E+4	-3.098520E-6	6.277150E-7
1.235360E+4	-3.098520E-6	6.277150E-7
1.238680E+4	-2.895500E-6	4.610060E-7
1.238680E+4	-2.895500E-6	4.610060E-7
1.241800E+4	-2.794910E-6	3.678740E-7
1.242740E+4	-2.792120E-6	3.892950E-7
1.242740E+4	-2.792120E-6	3.892950E-7
1.245820E+4	-2.941130E-6	2.840550E-7
1.247200E+4	-2.986770E-6	2.961620E-7
1.249170E+4	-2.794910E-6	2.747420E-7
1.250470E+4	-2.666390E-6	1.154840E-7
1.251600E+4	-2.715750E-6	-8.381960E-9
1.253580E+4	-2.697120E-6	2.980250E-8
1.254650E+4	-2.701780E-6	7.916290E-8
1.256660E+4	-2.857310E-6	1.993040E-7
1.257700E+4	-2.808880E-6	1.294550E-7
1.257700E+4	-2.808880E-6	1.294550E-7
1.259750E+4	-2.896430E-6	1.806770E-7
1.262840E+4	-2.639380E-6	3.278270E-7
1.262840E+4	-2.639380E-6	3.278270E-7
1.266150E+4	-2.781880E-6	3.771870E-7
1.267170E+4	-2.726930E-6	2.831240E-7
1.268130E+4	-2.743690E-6	2.952310E-7
1.270530E+4	-2.571400E-6	4.051270E-7
1.271450E+4	-2.563950E-6	3.632180E-7
1.271450E+4	-2.563950E-6	3.632180E-7
1.274520E+4	-2.556500E-6	1.750900E-7
1.276630E+4	-2.645900E-6	4.656640E-8
1.277860E+4	-2.523900E-6	7.730020E-8
1.278930E+4	-2.514590E-6	2.458710E-7
1.281220E+4	-2.402830E-6	3.278270E-7
1.282230E+4	-2.410280E-6	3.604240E-7
1.284600E+4	-2.590950E-6	2.803300E-7
1.285550E+4	-2.577920E-6	2.877800E-7
1.286690E+4	-2.591890E-6	2.291060E-7
1.288950E+4	-2.433560E-6	5.774220E-8
1.288950E+4	-2.433560E-6	5.774220E-8
1.291350E+4	-2.531350E-6	-5.681090E-8
1.291350E+4	-2.531350E-6	-5.681090E-8
1.294690E+4	-2.533210E-6	8.381950E-8
1.296660E+4	-2.558360E-6	2.468020E-7
1.297770E+4	-2.639380E-6	2.887120E-7
1.298690E+4	-2.603990E-6	2.244500E-7
1.301100E+4	-2.599340E-6	2.672910E-7
1.302060E+4	-2.447530E-6	1.192100E-7
1.304400E+4	-2.497820E-6	1.685700E-7
1.305440E+4	-2.422380E-6	1.825400E-7
1.306660E+4	-2.395380E-6	1.071030E-7
1.307690E+4	-2.500620E-6	1.722960E-7
1.310030E+4	-2.454050E-6	1.825400E-7
1.312170E+4	-2.465230E-6	3.119950E-7
1.313090E+4	-2.386990E-6	2.393520E-7
1.315210E+4	-2.393510E-6	2.998880E-7
1.316120E+4	-2.275240E-6	2.291060E-7
1.317170E+4	-2.264060E-6	2.663600E-7
1.319490E+4	-2.180240E-6	2.253810E-7
1.319490E+4	-2.180240E-6	2.253810E-7
1.321880E+4	-2.158820E-6	2.672910E-7
1.323850E+4	-2.180240E-6	3.064070E-7
1.325180E+4	-2.226810E-6	3.511100E-7
1.327180E+4	-2.150440E-6	2.272440E-7
1.328320E+4	-2.163480E-6	2.579780E-7
1.329320E+4	-2.180240E-6	3.203770E-7
1.331660E+4	-2.129950E-6	3.865010E-7
1.332720E+4	-2.047990E-6	3.213080E-7
1.334770E+4	-2.052650E-6	3.110640E-7
1.335780E+4	-2.049860E-6	3.119950E-7
1.335780E+4	-2.049860E-6	3.119950E-7
1.339130E+4	-1.904560E-6	2.719480E-7
1.340350E+4	-1.835640E-6	2.188620E-7
1.342480E+4	-1.813290E-6	2.179300E-7
1.343690E+4	-1.827260E-6	2.132740E-7
1.344700E+4	-1.899910E-6	2.477340E-7
1.346750E+4	-1.825400E-6	2.579780E-7
1.348890E+4	-1.885940E-6	3.799810E-7
1.349830E+4	-1.794670E-6	3.092010E-7
1.350930E+4	-1.860790E-6	3.511100E-7
1.352920E+4	-1.781630E-6	2.291060E-7
1.353940E+4	-1.829120E-6	2.551840E-7
1.355960E+4	-1.817950E-6	2.980250E-7
1.355960E+4	-1.817950E-6	2.980250E-7
1.359050E+4	-1.778830E-6	2.719480E-7
1.360190E+4	-1.847750E-6	3.092010E-7
1.360190E+4	-1.847750E-6	3.092010E-7
1.362450E+4	-1.768590E-6	2.505280E-7
1.363580E+4	-1.822610E-6	2.915060E-7
1.366880E+4	-1.788150E-6	2.840550E-7
1.367910E+4	-1.763930E-6	2.747420E-7
1.370000E+4	-1.749030E-6	2.458710E-7
1.370980E+4	-1.699670E-6	1.918530E-7
1.370980E+4	-1.699670E-6	1.918530E-7
1.374360E+4	-1.644720E-6	3.399350E-7
1.376430E+4	-1.623300E-6	4.079210E-7
1.376430E+4	-1.623300E-6	4.079210E-7
1.378420E+4	-1.603740E-6	4.051270E-7
1.380500E+4	-1.560900E-6	3.622860E-7
1.382640E+4	-1.578600E-6	3.259650E-7
1.383580E+4	-1.544140E-6	2.859180E-7
1.385710E+4	-1.567420E-6	2.607720E-7
1.386640E+4	-1.510610E-6	1.844030E-7
1.387750E+4	-1.572080E-6	2.291060E-7
1.389990E+4	-1.550660E-6	2.291060E-7
1.389990E+4	-1.550660E-6	2.151360E-7
1.392130E+4	-1.551590E-6	3.138580E-7
1.394350E+4	-1.419340E-6	2.533220E-7
1.395470E+4	-1.411890E-6	2.756730E-7
1.397670E+4	-1.292680E-6	2.384200E-7
1.397670E+4	-1.292680E-6	2.384200E-7
1.400090E+4	-1.264740E-6	1.648450E-7
1.402070E+4	-1.321550E-6	1.601880E-7
1.403170E+4	-1.306650E-6	1.471500E-7
1.405200E+4	-1.381160E-6	2.272440E-7
1.406240E+4	-1.362530E-6	1.890590E-7
1.408270E+4	-1.337390E-6	1.164160E-7
1.409260E+4	-1.275920E-6	4.284110E-8
1.411370E+4	-1.354150E-6	1.499440E-7
1.412310E+4	-1.298270E-6	1.713640E-7
1.414450E+4	-1.283370E-6	2.449400E-7
1.414450E+4	-1.283370E-6	2.449400E-7
1.417790E+4	-1.241460E-6	3.213080E-7
1.418770E+4	-1.147400E-6	2.644970E-7
1.419770E+4	-1.170680E-6	2.970940E-7
1.421840E+4	-1.138080E-6	2.551840E-7
1.423960E+4	-1.155780E-6	2.477340E-7
1.424890E+4	-1.048680E-6	1.173470E-7
1.425980E+4	-1.085000E-6	1.303860E-7
1.427950E+4	-9.900030E-7	6.519300E-8
1.427950E+4	-9.900030E-7	6.519300E-8
1.431300E+4	-1.125980E-6	5.122300E-8
1.432370E+4	-1.164160E-6	9.313280E-9
1.434370E+4	-1.040290E-6	-2.328320E-8
1.435500E+4	-1.109210E-6	9.592670E-8
1.437480E+4	-9.033870E-7	2.048920E-8
1.438620E+4	-1.017010E-6	1.108280E-7
1.440610E+4	-1.077550E-6	1.098970E-7
1.441740E+4	-1.077550E-6	-4.470370E-8
1.442690E+4	-1.126910E-6	5.681090E-8
1.442690E+4	-1.126910E-6	5.681090E-8
1.446070E+4	-1.405370E-6	2.123420E-7
1.448370E+4	-1.320620E-6	1.611200E-7
1.449440E+4	-1.241460E-6	9.127010E-8
1.450660E+4	-1.241460E-6	9.127010E-8
1.452780E+4	-1.034710E-6	8.381950E-8
1.453730E+4	-9.723080E-7	6.333040E-8
1.455920E+4	-1.082200E-6	1.499440E-7
1.456730E+4	-1.062650E-6	9.592670E-8
1.457430E+4	-1.112010E-6	3.725310E-8
1.458860E+4	-1.206070E-6	2.887110E-8
1.459270E+4	-1.067300E-6	1.583260E-8
1.459850E+4	-9.154940E-7	7.636890E-8
1.459900E+4	-8.959360E-7	1.182780E-7
1.459780E+4	-8.661340E-7	1.452870E-7
1.459490E+4	-9.406390E-7	1.592570E-7
1.458550E+4	-9.294640E-7	1.313170E-7
1.457910E+4	-9.583380E-7	1.918530E-7
1.456110E+4	-1.044020E-6	2.821930E-7
1.454750E+4	-1.016080E-6	2.449400E-7
1.453560E+4	-1.042160E-6	2.635660E-7
1.450870E+4	-1.069170E-6	2.477340E-7
1.449430E+4	-1.093380E-6	2.197930E-7
1.446130E+4	-1.185580E-6	1.844030E-7
1.444730E+4	-1.147400E-6	1.639140E-7
1.443180E+4	-1.091520E-6	1.546000E-7
1.440170E+4	-1.115730E-6	2.393520E-7
1.440170E+4	-1.115730E-6	2.393520E-7
1.436060E+4	-1.145530E-6	2.319000E-7
1.434900E+4	-1.144600E-6	2.738110E-7
1.433480E+4	-1.056130E-6	2.179300E-7
1.432450E+4	-1.132500E-6	2.775360E-7
1.430180E+4	-1.110140E-6	1.927850E-7
1.429290E+4	-1.196760E-6	2.663600E-7
1.427360E+4	-1.171610E-6	1.722960E-7
1.426500E+4	-1.221900E-6	2.309690E-7
1.426500E+4	-1.221900E-6	2.309690E-7
1.423630E+4	-1.196760E-6	2.067550E-7
1.423630E+4	-1.196760E-6	2.067550E-7
1.421560E+4	-1.248910E-6	1.406310E-7
1.420630E+4	-1.234010E-6	1.182780E-7
1.417250E+4	-1.265670E-6	2.384200E-7
1.416180E+4	-1.228420E-6	2.104800E-7
1.413870E+4	-1.219110E-6	2.356260E-7
1.412880E+4	-1.179060E-6	1.965100E-7
1.412880E+4	-1.179060E-6	1.965100E-7
1.409570E+4	-1.318760E-6	2.412140E-7
1.407450E+4	-1.376500E-6	3.082700E-7
1.406490E+4	-1.346700E-6	2.086170E-7
1.404430E+4	-1.522720E-6	2.468020E-7
1.403430E+4	-1.414690E-6	2.468020E-7
1.402030E+4	-1.338320E-6	1.201420E-7
1.400110E+4	-1.426790E-6	-1.005830E-7
1.399100E+4	-1.510610E-6	-7.730020E-8
1.397170E+4	-1.505960E-6	-2.887110E-8
1.396060E+4	-1.488260E-6	3.166520E-8
1.396060E+4	-1.488260E-6	3.166520E-8
1.392720E+4	-1.586980E-6	3.045440E-7
1.391800E+4	-1.628890E-6	2.430770E-7
1.389430E+4	-1.567420E-6	2.430770E-7
1.388470E+4	-1.516200E-6	2.831240E-7
1.386370E+4	-1.451940E-6	2.337630E-7
1.385460E+4	-1.476150E-6	2.766050E-7
1.383350E+4	-1.445420E-6	2.766050E-7
1.382150E+4	-1.459390E-6	1.359740E-7
1.381090E+4	-1.435180E-6	6.146770E-8
1.379140E+4	-1.696880E-6	6.053640E-8
1.378120E+4	-1.641930E-6	1.145530E-7
1.376100E+4	-1.647520E-6	1.499440E-7
1.376100E+4	-1.647520E-6	1.499440E-7
1.372730E+4	-1.855200E-6	1.564630E-7
1.371660E+4	-1.831920E-6	1.527380E-7
1.370360E+4	-1.759280E-6	1.294550E-7
1.368430E+4	-1.817950E-6	-3.073390E-8
1.367340E+4	-2.012600E-6	-5.867350E-8
1.365170E+4	-2.070340E-6	5.587960E-8
1.364060E+4	-1.936230E-6	2.607710E-8
1.362130E+4	-1.904560E-6	1.536690E-7
1.361030E+4	-1.858000E-6	1.406310E-7
1.359060E+4	-1.849610E-6	2.952310E-7
1.359060E+4	-1.849610E-6	2.952310E-7
1.357070E+4	-1.865450E-6	3.064070E-7
1.354940E+4	-1.727610E-6	-1.024460E-8
1.353730E+4	-1.779760E-6	-8.381960E-9
1.351620E+4	-1.821670E-6	9.313270E-8
1.350400E+4	-1.883140E-6	8.195680E-8
1.349460E+4	-1.880350E-6	8.661350E-8
1.347380E+4	-1.944620E-6	1.480810E-7
1.347380E+4	-1.944620E-6	1.480810E-7
1.344330E+4	-2.020050E-6	1.871970E-7
1.343290E+4	-2.019120E-6	1.555320E-7
1.343290E+4	-2.019120E-6	1.555320E-7
1.340210E+4	-2.143920E-6	1.778840E-7
1.338270E+4	-2.196070E-6	1.937160E-7
1.336980E+4	-2.094560E-6	3.092010E-7
1.336980E+4	-2.094560E-6	3.092010E-7
1.333920E+4	-2.183970E-6	2.887120E-7
1.332880E+4	-2.251020E-6	2.644970E-7
1.330870E+4	-2.269650E-6	2.337630E-7
1.330870E+4	-2.269650E-6	2.337630E-7
1.327630E+4	-2.081520E-6	2.644970E-7
1.326560E+4	-2.141130E-6	3.129260E-7
1.324550E+4	-2.148580E-6	2.319000E-7
1.323530E+4	-2.164410E-6	2.300380E-7
1.322320E+4	-2.248230E-6	3.045440E-7
1.322320E+4	-2.248230E-6	3.045440E-7
1.320210E+4	-2.173720E-6	2.533220E-7
1.318990E+4	-2.162550E-6	2.793990E-7
1.315670E+4	-2.186760E-6	2.766050E-7
1.314700E+4	-2.245430E-6	3.045440E-7
1.312350E+4	-2.284550E-6	2.272440E-7
1.311430E+4	-2.386060E-6	2.821930E-7
1.310320E+4	-2.375820E-6	2.523900E-7
1.308100E+4	-2.368370E-6	2.598410E-7
1.307050E+4	-2.387930E-6	2.617030E-7
1.304750E+4	-2.411210E-6	2.197930E-7
1.303770E+4	-2.454050E-6	2.589090E-7
1.302460E+4	-2.395380E-6	2.291060E-7
1.300480E+4	-2.457770E-6	2.756730E-7
1.299200E+4	-2.409350E-6	2.579780E-7
1.298110E+4	-2.383270E-6	2.337630E-7
1.295880E+4	-2.474540E-6	3.110640E-7
1.294790E+4	-2.445670E-6	2.691540E-7
1.292810E+4	-2.481990E-6	2.896430E-7
1.291770E+4	-2.554630E-6	3.958140E-7
1.290570E+4	-2.573260E-6	4.135090E-7
1.288460E+4	-2.576980E-6	3.650800E-7
1.286500E+4	-2.562080E-6	3.101320E-7
1.285430E+4	-2.517380E-6	2.607720E-7
1.284220E+4	-2.566740E-6	2.607720E-7
1.283230E+4	-2.691540E-6	2.235180E-7
1.280890E+4	-2.722270E-6	1.918530E-7
1.279970E+4	-2.720410E-6	2.458710E-7
1.279970E+4	-2.720410E-6	2.458710E-7
1.276680E+4	-2.704580E-6	2.654290E-7
1.275630E+4	-2.684090E-6	2.607720E-7
1.273360E+4	-2.753000E-6	2.505280E-7
1.272390E+4	-2.775360E-6	2.691540E-7
1.270020E+4	-2.777220E-6	2.346940E-7
1.269020E+4	-2.777220E-6	2.346940E-7
1.267690E+4	-2.834030E-6	2.561160E-7
1.265730E+4	-2.961620E-6	2.719480E-7
1.264440E+4	-2.916920E-6	2.337630E-7
1.264440E+4	-2.916920E-6	2.337630E-7
1.261180E+4	-2.878730E-6	2.477340E-7
1.260060E+4	-2.845210E-6	2.086170E-7
1.257890E+4	-2.912260E-6	2.356260E-7
1.256800E+4	-2.870350E-6	1.657760E-7
1.255780E+4	-2.942990E-6	1.965100E-7
1.255780E+4	-2.942990E-6	1.965100E-7
1.253560E+4	-2.939270E-6	1.527380E-7
1.250200E+4	-2.939270E-6	2.272440E-7
1.250200E+4	-2.939270E-6	2.272440E-7
1.247930E+4	-2.912260E-6	2.104800E-7
1.245830E+4	-2.905740E-6	1.564630E-7
1.244910E+4	-2.906670E-6	1.266610E-7
1.244910E+4	-2.906670E-6	1.266610E-7
1.241870E+4	-2.915990E-6	1.648450E-7
1.239750E+4	-2.928090E-6	1.722960E-7
1.238840E+4	-2.953240E-6	2.002350E-7
1.237730E+4	-2.925300E-6	2.114110E-7
1.235530E+4	-2.932750E-6	2.291060E-7
1.234470E+4	-2.889910E-6	1.881280E-7
1.232190E+4	-2.887110E-6	1.657760E-7
1.231210E+4	-2.927160E-6	1.853340E-7
1.229900E+4	-2.888050E-6	1.145530E-7
1.227950E+4	-3.081760E-6	1.285230E-7
1.226840E+4	-3.041710E-6	8.195680E-8
1.224630E+4	-3.098520E-6	1.592570E-7
1.224630E+4	-3.098520E-6	1.592570E-7
1.223570E+4	-3.052890E-6	1.452870E-7
1.220330E+4	-2.985830E-6	1.192100E-7
1.219210E+4	-2.942060E-6	1.024460E-7
1.217260E+4	-2.983040E-6	1.825400E-7
1.217260E+4	-2.983040E-6	1.825400E-7
1.215270E+4	-2.919710E-6	1.667080E-7
1.212860E+4	-2.929020E-6	1.555320E-7
1.211950E+4	-3.032400E-6	2.002350E-7
1.209560E+4	-3.059410E-6	1.266610E-7
1.208640E+4	-3.138570E-6	2.430770E-7
1.207620E+4	-3.110630E-6	2.300380E-7
1.207620E+4	-3.110630E-6	2.300380E-7
1.204350E+4	-3.065930E-6	2.291060E-7
1.204350E+4	-3.065930E-6	2.291060E-7
1.201060E+4	-3.065930E-6	2.086170E-7
1.198940E+4	-3.079900E-6	2.179300E-7
1.198010E+4	-3.082690E-6	1.899910E-7
1.195940E+4	-3.172100E-6	1.871970E-7
1.194960E+4	-3.157200E-6	1.508750E-7
1.193840E+4	-3.179550E-6	1.518060E-7
1.191690E+4	-3.248470E-6	1.862650E-7
1.191690E+4	-3.248470E-6	1.862650E-7
1.188350E+4	-3.343460E-6	1.983730E-7
1.187210E+4	-3.323900E-6	1.359740E-7
1.186260E+4	-3.349050E-6	1.424930E-7
1.183970E+4	-3.373260E-6	9.592670E-8
1.182950E+4	-3.390030E-6	7.357490E-8
1.180740E+4	-3.414240E-6	-2.700850E-8
1.179640E+4	-3.450560E-6	4.284110E-8
1.178740E+4	-3.424490E-6	3.818450E-8
1.176390E+4	-3.412380E-6	1.285230E-7
1.175440E+4	-3.462670E-6	1.722960E-7
1.173340E+4	-3.417040E-6	1.583260E-7
1.172420E+4	-3.458020E-6	2.104800E-7
1.171380E+4	-3.450560E-6	2.458710E-7
1.169100E+4	-3.488750E-6	2.784670E-7
1.168140E+4	-3.408660E-6	1.750900E-7
1.166090E+4	-3.516690E-6	2.356260E-7
1.165080E+4	-3.532520E-6	2.179300E-7
1.163060E+4	-3.527860E-6	1.592570E-7
1.161980E+4	-3.538110E-6	1.620510E-7
1.160010E+4	-3.593060E-6	2.337630E-7
1.158880E+4	-3.544630E-6	1.760210E-7
1.156930E+4	-3.561390E-6	1.424930E-7
1.155810E+4	-3.547420E-6	1.424930E-7
1.155810E+4	-3.547420E-6	1.117590E-7
1.153850E+4	-3.570710E-6	1.126900E-7
1.152530E+4	-3.584680E-6	1.117590E-7
1.149180E+4	-3.714130E-6	2.039610E-7
1.148190E+4	-3.756040E-6	2.160680E-7
1.146230E+4	-3.779320E-6	2.188620E-7
1.144880E+4	-3.740210E-6	1.760210E-7
1.143980E+4	-3.774660E-6	2.309690E-7
1.141590E+4	-3.730890E-6	1.601880E-7
1.140660E+4	-3.800740E-6	2.216560E-7
1.138550E+4	-3.842670E-6	2.076860E-7
1.137630E+4	-3.889230E-6	2.440080E-7
1.135490E+4	-3.848250E-6	2.011670E-7
1.134570E+4	-3.892960E-6	2.337630E-7
1.132440E+4	-3.955360E-6	2.412140E-7
1.132440E+4	-3.955360E-6	2.412140E-7
1.129410E+4	-4.006580E-6	2.589090E-7
1.128410E+4	-4.015890E-6	2.728790E-7
1.128410E+4	-4.015890E-6	2.728790E-7
1.125140E+4	-4.068050E-6	2.346940E-7
1.124020E+4	-4.027070E-6	1.695020E-7
1.121850E+4	-4.136960E-6	2.058230E-7
1.121850E+4	-4.136960E-6	2.058230E-7
1.120790E+4	-4.095990E-6	1.573940E-7
1.117730E+4	-4.055940E-6	1.238670E-7
1.116730E+4	-4.073630E-6	1.424930E-7
1.114480E+4	-4.052210E-6	1.685700E-7
1.114480E+4	-4.052210E-6	1.685700E-7
1.111240E+4	-4.072700E-6	1.890590E-7
1.110120E+4	-4.036380E-6	1.266610E-7
1.110120E+4	-4.036380E-6	1.266610E-7
1.106840E+4	-4.028000E-6	9.592670E-8
1.106840E+4	-4.028000E-6	9.592670E-8
1.104890E+4	-4.024270E-6	9.406400E-8
1.102500E+4	-4.108090E-6	1.164160E-7
1.101520E+4	-4.122060E-6	1.406310E-7
1.101520E+4	-4.122060E-6	1.406310E-7
1.098240E+4	-4.156520E-6	1.126900E-7
1.096130E+4	-4.157450E-6	1.639140E-7
1.095190E+4	-4.198430E-6	1.946470E-7
1.093130E+4	-4.257100E-6	1.462190E-7
1.093130E+4	-4.257100E-6	1.462190E-7
1.090100E+4	-4.233820E-6	1.918530E-7
1.090100E+4	-4.233820E-6	1.918530E-7
1.087080E+4	-4.231030E-6	1.415620E-7
1.085970E+4	-4.212400E-6	1.024460E-7
1.084030E+4	-4.267350E-6	6.798700E-8
1.082910E+4	-4.299950E-6	7.357490E-8
1.080980E+4	-4.343720E-6	1.592570E-7
1.079860E+4	-4.363280E-6	1.937160E-7
1.078930E+4	-4.383760E-6	2.067550E-7
1.076600E+4	-4.286910E-6	1.974410E-7
1.075600E+4	-4.304600E-6	2.151360E-7
1.074650E+4	-4.253380E-6	1.704330E-7
1.072270E+4	-4.187260E-6	1.573940E-7
1.071360E+4	-4.238480E-6	1.629820E-7
1.069240E+4	-4.262690E-6	1.462190E-7
1.068310E+4	-4.265490E-6	1.462190E-7
1.066230E+4	-4.268280E-6	1.266610E-7
1.066230E+4	-4.268280E-6	1.266610E-7
1.063220E+4	-4.304600E-6	1.722960E-7
1.062200E+4	-4.256170E-6	1.257290E-7
1.060200E+4	-4.335340E-6	1.685700E-7
1.059120E+4	-4.299010E-6	1.331800E-7
1.059120E+4	-4.299010E-6	1.331800E-7
1.056050E+4	-4.331610E-6	7.450630E-8
1.053850E+4	-4.283180E-6	1.080340E-7
1.052790E+4	-4.214260E-6	7.450630E-8
1.050810E+4	-4.281320E-6	1.192100E-7
1.050810E+4	-4.281320E-6	1.192100E-7
1.048400E+4	-4.196570E-6	8.754480E-8
1.046460E+4	-4.283180E-6	1.452870E-7
1.046460E+4	-4.283180E-6	1.452870E-7
1.045140E+4	-4.224510E-6	6.519300E-8
1.041860E+4	-4.306460E-6	8.381950E-8
1.041860E+4	-4.306460E-6	8.381950E-8
1.038510E+4	-4.326020E-6	6.426170E-8
1.037480E+4	-4.261760E-6	3.725310E-8
1.036570E+4	-4.259900E-6	6.798700E-8
1.034180E+4	-4.267350E-6	3.725310E-8
1.033270E+4	-4.320430E-6	9.406400E-8
1.031150E+4	-4.309260E-6	7.264360E-8
1.030240E+4	-4.247790E-6	5.774220E-8
1.028950E+4	-4.310190E-6	1.164160E-7
1.026920E+4	-4.255240E-6	9.499540E-8
1.025890E+4	-4.175150E-6	-4.470370E-8
1.023890E+4	-4.114610E-6	-8.381950E-8
1.022810E+4	-3.964670E-6	-1.462190E-7
1.020850E+4	-3.886440E-6	-8.009420E-8
1.019730E+4	-3.800740E-6	-8.381950E-8
1.017790E+4	-3.767210E-6	3.725310E-8
1.016650E+4	-3.656390E-6	4.749770E-8
1.014800E+4	-3.534380E-6	1.797460E-7
1.013680E+4	-3.382580E-6	1.387680E-7
1.011730E+4	-3.186070E-6	-1.024460E-8
1.010610E+4	-2.996080E-6	5.029160E-8
1.008670E+4	-2.711090E-6	-6.612440E-8
1.007560E+4	-2.568600E-6	-1.173470E-7
1.005600E+4	-2.320870E-6	-1.415620E-7
1.004530E+4	-2.092700E-6	-1.154840E-7
1.002500E+4	-2.092700E-6	-1.154840E-7
1.001490E+4	-1.367190E-6	-5.587960E-8
1.000260E+4	-1.114800E-6	4.842900E-8
9.981500E+3	-5.997750E-7	1.220040E-7
9.971800E+3	-3.175830E-7	4.470370E-8
9.951200E+3	1.369050E-7	-5.029160E-8
9.941100E+3	4.256160E-7	-4.749770E-8
9.920800E+3	1.097110E-6	9.313280E-9
9.911200E+3	1.566490E-6	9.220140E-8
9.887700E+3	2.452190E-6	1.844030E-7
9.877800E+3	2.976520E-6	6.053640E-8
9.857400E+3	3.833350E-6	2.887110E-8
9.847000E+3	4.407050E-6	2.793980E-8
9.834000E+3	4.917410E-6	-9.220140E-8
9.814600E+3	5.917650E-6	-1.220040E-7
9.814600E+3	5.917650E-6	-1.220040E-7
9.790900E+3	7.005440E-6	-2.142050E-7
9.769000E+3	8.234810E-6	-1.462190E-7
9.757800E+3	8.790810E-6	-1.816090E-7
9.736300E+3	9.625280E-6	3.632180E-8
9.725100E+3	1.008070E-5	-9.313280E-9
9.715300E+3	1.048400E-5	8.661350E-8
9.715300E+3	1.048400E-5	8.661350E-8
9.682000E+3	1.128210E-5	2.980250E-8
9.669900E+3	1.147670E-5	5.960510E-8
9.648800E+3	1.219670E-5	8.661350E-8
9.636800E+3	1.233920E-5	1.685700E-7
9.615800E+3	1.279360E-5	1.266610E-7
9.615800E+3	1.279360E-5	1.266610E-7
9.596000E+3	1.297250E-5	2.579780E-7
9.573500E+3	1.329100E-5	1.797460E-7
9.563500E+3	1.318850E-5	1.853340E-7
9.540000E+3	1.321090E-5	3.259650E-8
9.530900E+3	1.311870E-5	-4.656640E-8
9.517800E+3	1.300410E-5	-9.499540E-8
9.497600E+3	1.310380E-5	-9.406400E-8
9.486900E+3	1.303390E-5	-1.071030E-7
9.467200E+3	1.283930E-5	1.145530E-7
9.467200E+3	1.283930E-5	1.145530E-7
9.434100E+3	1.257200E-5	1.965100E-7
9.423700E+3	1.261300E-5	1.108280E-7
9.403800E+3	1.246390E-5	1.927850E-7
9.392800E+3	1.242860E-5	6.984960E-8
9.382600E+3	1.226000E-5	3.259650E-8
9.362100E+3	1.203830E-5	1.089650E-7
9.349200E+3	1.205140E-5	-7.730020E-8
9.329200E+3	1.182230E-5	-7.730020E-8
9.318600E+3	1.170490E-5	3.632180E-8
9.309500E+3	1.169470E-5	6.239910E-8
9.285300E+3	1.158660E-5	4.190970E-8
9.266200E+3	1.147210E-5	4.842900E-8
9.255400E+3	1.126250E-5	1.210730E-7
9.243500E+3	1.108470E-5	1.508750E-7
9.243500E+3	1.108470E-5	1.508750E-7
9.213300E+3	1.082580E-5	1.089650E-7
9.192200E+3	1.067390E-5	1.434250E-7
9.192200E+3	1.067390E-5	1.434250E-7
9.161800E+3	1.050720E-5	1.592570E-7
9.152600E+3	1.050720E-5	1.592570E-7
9.131200E+3	1.029770E-5	1.937160E-7
9.121700E+3	1.022230E-5	1.909220E-7
9.107600E+3	1.022690E-5	1.369050E-7
9.088100E+3	1.001920E-5	2.225870E-7
9.076800E+3	9.925160E-6	1.788150E-7
9.058100E+3	9.850660E-6	1.499440E-7
9.046800E+3	9.839480E-6	1.378370E-7
9.046800E+3	9.839480E-6	1.378370E-7
9.013400E+3	9.598270E-6	2.011670E-7
9.003900E+3	9.520040E-6	2.104800E-7
8.980700E+3	9.424110E-6	1.611200E-7
8.970400E+3	9.407350E-6	1.518060E-7
8.948300E+3	9.256470E-6	2.561160E-7
8.937300E+3	9.266720E-6	1.695020E-7
8.928300E+3	9.135400E-6	2.235180E-7
8.904700E+3	9.015260E-6	1.834710E-7
8.895400E+3	8.979870E-6	1.620510E-7
8.883300E+3	8.979870E-6	1.620510E-7
8.883300E+3	8.804780E-6	2.505280E-7
8.853000E+3	8.732140E-6	9.033870E-8
8.853000E+3	8.732140E-6	9.033870E-8
8.819900E+3	8.544940E-6	9.965200E-8
8.798600E+3	8.458330E-6	1.359740E-7
8.789500E+3	8.364270E-6	1.853340E-7
8.768500E+3	8.237610E-6	2.291060E-7
8.759100E+3	8.249710E-6	1.639140E-7
8.738700E+3	8.164030E-6	1.639140E-7
8.728700E+3	8.237610E-6	5.308560E-8
8.708300E+3	8.058790E-6	1.667080E-7
8.697800E+3	8.091390E-6	9.406400E-8
8.686900E+3	8.016880E-6	1.192100E-7
8.664800E+3	7.886500E-6	1.722960E-7
8.653500E+3	7.896740E-6	9.313270E-8
8.631000E+3	7.670430E-6	1.993040E-7
8.619800E+3	7.737490E-6	9.499540E-8
8.610700E+3	7.711410E-6	1.164160E-7
8.587300E+3	7.650870E-6	1.313170E-7
8.577800E+3	7.596830E-6	1.164160E-7
8.554900E+3	7.500900E-6	1.331800E-7
8.544600E+3	7.510210E-6	8.195680E-8
8.532600E+3	7.427330E-6	1.220040E-7
8.522600E+3	7.383550E-6	1.341110E-7
8.522600E+3	7.383550E-6	1.341110E-7
8.490000E+3	7.163760E-6	2.877800E-7
8.466000E+3	7.003570E-6	4.107150E-7
8.456900E+3	6.895540E-6	4.852230E-7
8.445900E+3	6.959800E-6	4.079210E-7
8.423600E+3	6.964460E-6	3.110640E-7
8.413600E+3	7.025000E-6	2.291060E-7
8.393300E+3	6.963530E-6	1.797460E-7
8.380000E+3	6.902990E-6	1.862650E-7
8.360100E+3	6.827550E-6	1.955790E-7
8.349200E+3	6.862950E-6	1.788150E-7
8.338900E+3	6.769810E-6	2.011670E-7
8.318700E+3	6.811720E-6	8.661350E-8
8.299900E+3	6.663640E-6	1.890590E-7
8.289100E+3	6.688790E-6	1.564630E-7
8.278700E+3	6.652470E-6	2.011670E-7
8.257600E+3	6.731630E-6	1.834710E-7
8.245400E+3	6.644080E-6	2.579780E-7
8.224700E+3	6.520220E-6	2.533220E-7
8.215200E+3	6.399150E-6	2.719480E-7
8.215200E+3	6.399150E-6	2.719480E-7
8.184900E+3	6.488550E-6	3.222390E-7
8.174500E+3	6.434540E-6	3.352780E-7
8.151500E+3	6.430810E-6	1.788150E-7
8.142000E+3	6.307880E-6	2.039610E-7
8.118300E+3	6.273420E-6	5.029160E-8
8.109300E+3	6.208230E-6	1.164160E-7
8.096600E+3	6.222200E-6	1.667080E-7
8.096600E+3	6.222200E-6	1.667080E-7
8.076100E+3	6.181220E-6	1.890590E-7
8.042900E+3	6.157000E-6	1.266610E-7
8.033400E+3	6.170970E-6	4.563500E-8
8.012800E+3	5.924170E-6	4.563500E-8
8.002700E+3	6.000540E-6	2.980250E-8
7.982500E+3	5.957700E-6	9.778930E-8
7.971800E+3	5.960490E-6	1.080340E-7
7.952200E+3	5.880400E-6	2.123420E-7
7.941100E+3	5.903680E-6	1.797460E-7
7.930900E+3	5.814280E-6	2.281750E-7
7.908700E+3	5.746290E-6	2.440080E-7
7.897800E+3	5.800310E-6	2.477340E-7
7.875900E+3	5.718350E-6	4.936050E-7
7.864500E+3	5.818000E-6	4.405170E-7
7.855000E+3	5.806830E-6	3.976770E-7
7.830600E+3	5.752810E-6	2.505280E-7
7.821400E+3	5.666200E-6	2.412140E-7
7.809000E+3	5.540470E-6	2.970940E-7
7.788000E+3	5.524630E-6	1.499440E-7
7.776000E+3	5.436160E-6	2.067550E-7
7.765300E+3	5.431500E-6	1.816090E-7
7.742800E+3	5.350480E-6	1.816090E-7
7.733100E+3	5.284350E-6	2.039610E-7
7.709700E+3	5.268520E-6	2.188620E-7
7.700500E+3	5.235920E-6	3.501790E-7
7.700500E+3	5.235920E-6	3.501790E-7
7.667300E+3	5.298320E-6	3.017500E-7
7.656500E+3	5.298320E-6	3.017500E-7
7.656500E+3	5.330920E-6	2.458710E-7
7.625800E+3	5.256410E-6	2.831240E-7
7.603600E+3	5.217300E-6	3.390030E-7
7.603600E+3	5.217300E-6	3.390030E-7
7.579500E+3	5.268520E-6	1.937160E-7
7.559700E+3	5.112060E-6	2.216560E-7
7.546700E+3	5.216370E-6	2.216560E-7
7.546700E+3	5.216370E-6	1.341110E-7
7.514100E+3	5.504150E-6	2.970940E-7
7.503800E+3	5.465030E-6	3.539040E-7
7.503800E+3	5.465030E-6	3.539040E-7
7.483600E+3	5.513460E-6	4.209600E-7
7.453100E+3	5.327190E-6	4.358610E-7
7.443900E+3	5.222890E-6	4.526250E-7
7.431700E+3	5.094360E-6	4.647320E-7
7.431700E+3	5.094360E-6	4.647320E-7
7.398500E+3	5.004960E-6	1.797460E-7
7.387300E+3	5.105540E-6	1.052400E-7
7.365400E+3	4.882950E-6	1.573940E-7
7.354600E+3	4.915550E-6	7.730020E-8
7.332000E+3	4.819620E-6	1.024460E-7
7.321900E+3	4.681790E-6	9.592670E-8
7.301400E+3	4.662230E-6	1.573940E-7
7.290900E+3	4.653850E-6	1.844030E-7
7.290900E+3	4.653850E-6	1.844030E-7
7.259800E+3	4.584930E-6	3.017500E-7
7.240300E+3	4.542090E-6	4.069900E-7
7.240300E+3	4.542090E-6	4.069900E-7
7.229000E+3	4.606350E-6	3.483160E-7
7.196500E+3	4.510420E-6	3.073380E-7
7.183400E+3	4.613800E-6	1.732270E-7
7.163800E+3	4.532780E-6	9.592670E-8
7.152600E+3	4.705070E-6	1.862660E-8
7.143400E+3	4.729290E-6	2.980250E-8
7.143400E+3	4.729290E-6	2.980250E-8
7.109600E+3	4.530910E-6	-5.681090E-8
7.088500E+3	4.532780E-6	-5.681090E-8
7.079300E+3	4.497390E-6	-4.284110E-8
7.067000E+3	4.561650E-6	1.210730E-8
7.067000E+3	4.561650E-6	1.210730E-8
7.045900E+3	4.691100E-6	2.607720E-7
7.012800E+3	4.789820E-6	3.557670E-7
7.003800E+3	4.732080E-6	3.743930E-7
6.982500E+3	4.598900E-6	3.660120E-7
6.982500E+3	4.598900E-6	3.660120E-7
6.952300E+3	4.078290E-6	3.594920E-7
6.942500E+3	4.022410E-6	3.092010E-7
6.928500E+3	4.099710E-6	2.691540E-7
6.909100E+3	4.128580E-6	2.486650E-7
6.909100E+3	4.128580E-6	2.486650E-7
6.897800E+3	4.153730E-6	3.138580E-7
6.867800E+3	4.263620E-6	2.924370E-7
6.848400E+3	4.394940E-6	2.672910E-7
6.848400E+3	4.394940E-6	2.672910E-7
6.814800E+3	4.349310E-6	3.417970E-7
6.803800E+3	4.298080E-6	3.138580E-7
6.803800E+3	4.298080E-6	3.138580E-7
6.770700E+3	4.285980E-6	4.135090E-7
6.770700E+3	4.285980E-6	4.135090E-7
6.740200E+3	4.245000E-6	4.656640E-9
6.731000E+3	4.190980E-6	3.352780E-8
6.718600E+3	4.258040E-6	2.793980E-9
6.697700E+3	4.207740E-6	6.705570E-8
6.697700E+3	4.207740E-6	6.705570E-8
6.667600E+3	4.168630E-6	1.154840E-7
6.667600E+3	4.168630E-6	1.154840E-7
6.637200E+3	4.024270E-6	1.983730E-7
6.626300E+3	4.055940E-6	1.862650E-7
6.626300E+3	4.055940E-6	1.862650E-7
6.595500E+3	4.109020E-6	1.778840E-7
6.595500E+3	4.109020E-6	1.778840E-7
6.575900E+3	4.217990E-6	1.825400E-7
6.544900E+3	4.172350E-6	2.244500E-7
6.544900E+3	4.172350E-6	2.244500E-7
6.531600E+3	4.202160E-6	1.573940E-7
6.500800E+3	4.197500E-6	1.499440E-7
6.491200E+3	4.116470E-6	1.732270E-7
6.470200E+3	4.128580E-6	1.303860E-7
6.461100E+3	3.935800E-6	1.890590E-7
6.437900E+3	3.937660E-6	2.132740E-7
6.428000E+3	3.942320E-6	2.281750E-7
6.407100E+3	3.916240E-6	2.551840E-7
6.394600E+3	3.967460E-6	1.648450E-7
6.385500E+3	3.893890E-6	2.421460E-7
6.364400E+3	3.975850E-6	1.071030E-7
6.352500E+3	3.920900E-6	1.443560E-7
6.331400E+3	3.918100E-6	1.620510E-7
6.322400E+3	3.920900E-6	1.620510E-7
6.322400E+3	3.920900E-6	1.061710E-7
6.289200E+3	3.906930E-6	7.450630E-8
6.278100E+3	3.951630E-6	-5.587960E-9
6.259000E+3	3.832420E-6	8.475080E-8
6.248400E+3	3.806330E-6	1.024460E-7
6.228700E+3	3.775600E-6	1.583260E-7
6.217500E+3	3.759760E-6	2.188620E-7
6.198200E+3	3.692710E-6	2.188620E-7
6.198200E+3	3.692710E-6	2.067550E-7
6.165100E+3	3.520410E-6	1.685700E-7
6.165100E+3	3.520410E-6	1.685700E-7
6.143800E+3	3.531590E-6	1.536690E-7
6.143800E+3	3.531590E-6	1.536690E-7
6.110600E+3	3.312730E-6	2.961620E-7
6.110600E+3	3.312730E-6	2.961620E-7
6.080600E+3	3.191660E-6	3.092010E-7
6.057600E+3	3.037060E-6	2.728790E-7
6.047200E+3	2.935540E-6	2.244500E-7
6.035200E+3	2.816330E-6	2.523900E-7
6.025000E+3	2.756730E-6	2.523900E-7
6.001400E+3	2.464290E-6	2.477340E-7
5.992100E+3	2.346950E-6	2.291060E-7
5.971000E+3	2.056370E-6	1.015150E-7
5.958700E+3	1.826330E-6	1.676390E-7
5.937300E+3	1.397920E-6	1.117590E-7
5.928200E+3	1.165090E-6	4.190970E-8
5.906900E+3	4.908110E-7	1.257290E-7
5.906900E+3	4.908110E-7	1.257290E-7
5.876600E+3	-7.217790E-7	4.004710E-8
5.876600E+3	-7.217790E-7	4.004710E-8
5.845900E+3	-2.321800E-6	7.264360E-8
5.835200E+3	-2.765110E-6	1.862660E-9
5.824500E+3	-3.215870E-6	3.911580E-8
5.802600E+3	-4.136030E-6	-1.816090E-7
5.802600E+3	-4.136030E-6	-1.816090E-7
5.782300E+3	-4.627770E-6	-1.946470E-7
5.755900E+3	-4.837320E-6	-1.154840E-7
5.755900E+3	-4.837320E-6	-1.154840E-7
5.725300E+3	-4.751640E-6	-8.475080E-8
5.715800E+3	-4.729290E-6	2.514580E-8
5.703600E+3	-4.706000E-6	-9.313280E-9
5.682300E+3	-4.576550E-6	-1.639140E-7
5.673100E+3	-4.501110E-6	-1.713640E-7
5.651900E+3	-4.323230E-6	-1.005830E-7
5.651900E+3	-4.323230E-6	-1.005830E-7
5.642200E+3	-4.254310E-6	-4.470370E-8
5.611200E+3	-3.886440E-6	1.210730E-8
5.591000E+3	-3.746730E-6	5.774220E-8
5.580300E+3	-3.614480E-6	-7.450640E-9
5.560800E+3	-3.467330E-6	1.396990E-8
5.547700E+3	-3.389100E-6	-1.583260E-8
5.536600E+3	-3.400270E-6	4.004710E-8
5.536600E+3	-3.400270E-6	4.004710E-8
5.504000E+3	-3.187000E-6	3.352780E-8
5.482200E+3	-3.187000E-6	3.352780E-8
5.471400E+3	-3.047300E-6	-1.676390E-8
5.460800E+3	-2.971860E-6	-5.401690E-8
5.438900E+3	-2.889910E-6	-1.769520E-8
5.438900E+3	-2.889910E-6	-1.769520E-8
5.427500E+3	-2.826580E-6	-1.033770E-7
5.405100E+3	-2.809810E-6	-2.793980E-8
5.381700E+3	-2.629140E-6	-9.313280E-9
5.372300E+3	-2.558360E-6	-2.421450E-8
5.372300E+3	-2.558360E-6	-2.421450E-8
5.339200E+3	-2.577920E-6	-4.656640E-8
5.315100E+3	-2.490370E-6	-2.421450E-8
5.302800E+3	-2.379540E-6	-2.980250E-8
5.292800E+3	-2.418660E-6	4.749770E-8
5.269400E+3	-2.255680E-6	5.215430E-8
5.269400E+3	-2.255680E-6	5.215430E-8
5.248900E+3	-2.267790E-6	1.238670E-7
5.248900E+3	-2.226810E-6	1.108280E-7
5.216500E+3	-2.043340E-6	4.097840E-8
5.197100E+3	-2.001430E-6	9.313280E-9
5.197100E+3	-2.001430E-6	9.313280E-9
5.186000E+3	-1.953930E-6	2.793980E-8
5.153400E+3	-1.879420E-6	1.024460E-8
5.142700E+3	-1.851480E-6	4.097840E-8
5.120800E+3	-1.943680E-6	1.797460E-7
5.120800E+3	-1.943680E-6	1.797460E-7
5.089800E+3	-1.763930E-6	4.656640E-8
5.089800E+3	-1.763930E-6	4.656640E-8
5.059000E+3	-1.666140E-6	-1.862660E-9
5.046000E+3	-1.521790E-6	-2.589090E-7
5.026700E+3	-1.454730E-6	-3.017500E-7
5.015400E+3	-1.494780E-6	-1.126900E-7
5.015400E+3	-1.494780E-6	-1.126900E-7
4.995900E+3	-1.437040E-6	-1.275920E-7
4.976100E+3	-1.480810E-6	-1.620510E-7
4.952200E+3	-1.460320E-6	-1.946470E-7
4.952200E+3	-1.460320E-6	-1.946470E-7
4.932600E+3	-1.451010E-6	-1.406310E-7
4.932600E+3	-1.451010E-6	-1.406310E-7
4.898800E+3	-1.542280E-6	-6.333040E-8
4.879000E+3	-1.489190E-6	-5.401690E-8
4.867900E+3	-1.428660E-6	2.328320E-8
4.848500E+3	-1.329000E-6	1.164160E-7
4.835600E+3	-1.350430E-6	1.844030E-7
4.815600E+3	-1.356940E-6	1.778840E-7
4.815600E+3	-1.356940E-6	1.778840E-7
4.794300E+3	-1.270330E-6	1.871970E-7
4.772400E+3	-1.250770E-6	2.691540E-7
4.761200E+3	-1.187440E-6	1.546000E-7
4.741600E+3	-1.178130E-6	6.984960E-8
4.730800E+3	-1.176270E-6	1.015150E-7
4.730800E+3	-1.176270E-6	1.015150E-7
4.697500E+3	-1.112940E-6	1.527380E-7
4.685100E+3	-1.141810E-6	-9.313300E-10
4.664500E+3	-1.096170E-6	-9.313300E-10
4.654400E+3	-1.077550E-6	1.946470E-7
4.644800E+3	-1.077550E-6	2.346940E-7
4.620700E+3	-8.428510E-7	2.766050E-7
4.611500E+3	-8.456450E-7	2.672910E-7
4.590300E+3	-9.061810E-7	1.778840E-7
4.581000E+3	-7.683450E-7	-1.676390E-8
4.581000E+3	-7.683450E-7	-1.676390E-8
4.560000E+3	-7.366800E-7	-1.396990E-8
4.526800E+3	-8.139800E-7	-2.020980E-7
4.517500E+3	-9.443650E-7	-2.812610E-7
4.503500E+3	-8.856910E-7	-2.821930E-7
4.484100E+3	-9.210820E-7	-5.867350E-8
4.471100E+3	-1.066370E-6	-6.333040E-8
4.471100E+3	-1.066370E-6	-6.333040E-8
4.440100E+3	-1.056130E-6	-7.357490E-8
4.420500E+3	-1.003040E-6	-1.639140E-7
4.409200E+3	-9.387770E-7	-1.518060E-7
4.389500E+3	-1.057060E-6	9.965200E-8
4.378000E+3	-9.983850E-7	1.164160E-7
4.378000E+3	-9.983850E-7	1.164160E-7
4.347300E+3	-7.636880E-7	8.195680E-8
4.338200E+3	-7.394740E-7	1.555320E-7
4.314300E+3	-9.145620E-7	2.477340E-7
4.304900E+3	-1.034710E-6	2.924370E-7
4.284000E+3	-1.162300E-6	1.899910E-7
4.275000E+3	-1.003970E-6	1.471500E-7
4.262800E+3	-9.322580E-7	1.611200E-7
4.241700E+3	-7.115340E-7	1.024460E-8
4.232100E+3	-5.522780E-7	4.656640E-8
4.208000E+3	-7.581000E-7	1.620510E-7
4.198800E+3	-8.801030E-7	1.508750E-7
4.185900E+3	-9.602010E-7	1.443560E-7
4.165400E+3	-1.013290E-6	8.568210E-8
4.155000E+3	-9.555440E-7	5.401690E-8
4.135000E+3	-9.248070E-7	1.769520E-8
4.121400E+3	-8.959360E-7	-8.381960E-9
4.110800E+3	-8.763780E-7	9.313280E-9
4.089000E+3	-9.322580E-7	1.788150E-7
4.077800E+3	-8.400570E-7	7.450630E-8
4.058400E+3	-6.770750E-7	-6.984960E-8
4.047500E+3	-7.320230E-7	-3.725320E-9
4.027500E+3	-6.482040E-7	-2.607710E-8
4.017100E+3	-7.227100E-7	5.587960E-8
4.017100E+3	-7.227100E-7	5.587960E-8
3.983600E+3	-7.217790E-7	3.911580E-8
3.974400E+3	-7.711390E-7	5.681090E-8
3.952800E+3	-7.394740E-7	5.681090E-8
3.943700E+3	-7.348170E-7	1.769520E-7
3.919500E+3	-6.360970E-7	1.862660E-9
3.910300E+3	-7.003580E-7	5.960510E-8
3.889100E+3	-5.355140E-7	-1.024460E-8
3.880100E+3	-4.889480E-7	4.842900E-8
3.858900E+3	-5.029180E-7	6.984960E-8
3.849800E+3	-5.280640E-7	1.098970E-7
3.828600E+3	-5.327200E-7	8.940740E-8
3.819100E+3	-5.299260E-7	8.568210E-8
3.798200E+3	-7.748640E-7	2.775360E-7
3.788000E+3	-7.487870E-7	2.775360E-7
3.767500E+3	-7.078090E-7	1.294550E-7
3.756800E+3	-7.487870E-7	9.592670E-8
3.737000E+3	-8.586830E-7	1.527380E-7
3.725700E+3	-7.888340E-7	1.396990E-7
3.712600E+3	-6.761440E-7	5.587960E-8
3.693200E+3	-6.556550E-7	6.333040E-8
3.682400E+3	-6.929080E-7	1.173470E-7
3.673300E+3	-6.109510E-7	3.166520E-8
3.649300E+3	-6.454100E-7	7.078100E-8
3.640200E+3	-6.761440E-7	5.587960E-8
3.619000E+3	-6.370280E-7	1.676390E-8
3.609700E+3	-5.774240E-7	-5.122300E-8
3.588800E+3	-6.407540E-7	5.122300E-8
3.578800E+3	-6.165390E-7	5.122300E-8
3.558100E+3	-5.820800E-7	1.583260E-8
3.548500E+3	-6.109510E-7	1.396990E-8
3.527400E+3	-6.509980E-7	3.529730E-7
3.516400E+3	-4.861540E-7	2.384200E-7
3.494300E+3	-5.168880E-7	2.384200E-7
3.484100E+3	-4.768410E-7	-4.004710E-8
3.484100E+3	-4.768410E-7	-4.004710E-8
3.464000E+3	-6.547230E-7	-4.936030E-8
3.433700E+3	-7.161910E-7	-1.015150E-7
3.422600E+3	-6.891820E-7	-1.061710E-7
3.403000E+3	-6.975640E-7	-2.887110E-8
3.392800E+3	-6.388910E-7	-6.146770E-8
3.373100E+3	-6.193330E-7	0.000000E+0
3.361700E+3	-5.709040E-7	-6.519290E-9
3.351600E+3	-5.988440E-7	5.774220E-8
3.351600E+3	-5.988440E-7	5.774220E-8
3.321300E+3	-5.783550E-7	9.313270E-8
3.297000E+3	-5.178190E-7	4.563500E-8
3.287600E+3	-5.904620E-7	1.043090E-7
3.266900E+3	-5.904620E-7	1.043090E-7
3.257200E+3	-5.886000E-7	1.452870E-7
3.247400E+3	-5.140940E-7	5.029160E-8
3.223800E+3	-5.941870E-7	7.450640E-9
3.213700E+3	-5.634540E-7	-3.259650E-8
3.213700E+3	-5.634540E-7	-3.259650E-8
3.181000E+3	-5.234070E-7	9.313280E-9
3.169700E+3	-5.587970E-7	5.587960E-8
3.147900E+3	-5.206130E-7	6.984960E-8
3.137100E+3	-4.991930E-7	7.264360E-8
3.137100E+3	-4.991930E-7	7.264360E-8
3.104700E+3	-4.246850E-7	3.725310E-8
3.104700E+3	-4.246850E-7	3.725310E-8
3.093500E+3	-4.572810E-7	1.024460E-7
3.071900E+3	-4.386550E-7	2.980250E-8
3.040800E+3	-5.327200E-7	1.015150E-7
3.026500E+3	-4.908110E-7	1.583260E-8
3.017000E+3	-4.926730E-7	1.024460E-8
2.993600E+3	-5.215440E-7	1.769520E-8
2.983300E+3	-4.870850E-7	-3.725320E-9
2.960900E+3	-5.522780E-7	5.029160E-8
2.949700E+3	-4.936050E-7	6.519290E-9
2.940500E+3	-5.578660E-7	7.543760E-8
2.916600E+3	-4.693880E-7	3.725310E-8
2.907200E+3	-5.280640E-7	6.798700E-8
2.885700E+3	-5.811490E-7	8.381950E-8
2.876600E+3	-5.811490E-7	8.381950E-8
2.855100E+3	-5.215440E-7	-5.308560E-8
2.846200E+3	-4.787030E-7	-9.406400E-8
2.824800E+3	-4.898790E-7	-6.705570E-8
2.815700E+3	-4.768410E-7	-6.426170E-8
2.794700E+3	-5.047800E-7	-7.171230E-8
2.785000E+3	-5.196820E-7	-3.911580E-8
2.772000E+3	-5.215440E-7	-4.563500E-8
2.772000E+3	-5.215440E-7	-4.563500E-8
2.741200E+3	-5.960500E-7	1.182780E-7
2.719300E+3	-4.945360E-7	7.916290E-8
2.708600E+3	-3.846380E-7	-2.142050E-8
2.697600E+3	-3.855690E-7	2.514580E-8
2.674600E+3	-3.660120E-7	3.725310E-8
2.674600E+3	-3.660120E-7	3.725310E-8
2.641800E+3	-3.874320E-7	1.583260E-8
2.630400E+3	-3.343470E-7	-3.725310E-8
2.621200E+3	-4.088520E-7	1.862660E-9
2.597200E+3	-4.861540E-7	-1.862660E-9
2.587400E+3	-5.029180E-7	1.955790E-8
2.587400E+3	-5.029180E-7	1.955790E-8
2.557100E+3	-5.355140E-7	6.612440E-8
2.535800E+3	-5.718360E-7	3.259650E-8
2.535800E+3	-5.718360E-7	3.259650E-8
2.505200E+3	-5.569350E-7	5.587960E-8
2.496100E+3	-5.327200E-7	6.053640E-8
2.474800E+3	-5.327200E-7	6.053640E-8
2.465200E+3	-4.787030E-7	-4.097840E-8
2.452100E+3	-4.302730E-7	-1.015150E-7
2.432200E+3	-3.743930E-7	-6.984960E-8
2.420900E+3	-3.110640E-7	-1.499440E-7
2.420900E+3	-3.110640E-7	-1.499440E-7
2.401200E+3	-3.865010E-7	-9.685800E-8
2.370100E+3	-4.814970E-7	4.842900E-8
2.358600E+3	-3.995390E-7	-5.215430E-8
2.338900E+3	-5.122310E-7	-1.033770E-7
2.328400E+3	-5.746300E-7	-8.102550E-8
2.308800E+3	-5.560030E-7	-7.636890E-8
2.297500E+3	-4.963990E-7	-8.009420E-8
2.297500E+3	-4.963990E-7	-8.009420E-8
2.263700E+3	-4.358610E-7	-3.259650E-8
2.263700E+3	-4.358610E-7	-3.259650E-8
2.233100E+3	-3.566980E-7	2.291060E-7
2.233100E+3	-3.566980E-7	2.291060E-7
2.202700E+3	-2.905740E-7	1.750900E-7
2.183200E+3	-2.700850E-7	6.519300E-8
2.172400E+3	-2.793990E-7	4.004710E-8
2.160400E+3	-4.731140E-7	1.331800E-7
2.149400E+3	-5.401710E-7	1.108280E-7
2.126700E+3	-5.289950E-7	1.182780E-7
2.116600E+3	-5.560030E-7	1.285230E-7
2.093000E+3	-6.118830E-7	1.117590E-7
2.083600E+3	-6.239900E-7	1.247980E-7
2.083600E+3	-6.239900E-7	1.247980E-7
2.052400E+3	-5.606600E-7	-3.352780E-8
2.052400E+3	-5.606600E-7	-3.352780E-8
2.018700E+3	-5.550720E-7	-1.108280E-7
2.007300E+3	-4.870850E-7	-5.494830E-8
1.984900E+3	-4.321350E-7	8.475080E-8
1.984900E+3	-4.321350E-7	8.475080E-8
1.960100E+3	-4.433110E-7	-1.499440E-7
1.939700E+3	-6.724190E-7	-1.117590E-7
1.927800E+3	-6.780060E-7	-2.095480E-7
1.904800E+3	-6.482040E-7	-1.015150E-7
1.892800E+3	-5.364450E-7	-1.434250E-7
1.882200E+3	-5.578660E-7	-5.401690E-8
1.860000E+3	-5.513470E-7	7.450640E-9
1.839200E+3	-5.448270E-7	3.445920E-8
1.827400E+3	-6.305090E-7	4.470370E-8
1.814400E+3	-6.677620E-7	-9.313300E-10
1.792500E+3	-5.792860E-7	-8.940740E-8
1.782500E+3	-5.979130E-7	-2.793980E-9
1.760400E+3	-5.001240E-7	3.725320E-9
1.747500E+3	-4.721820E-7	3.725320E-9
1.737000E+3	-3.334150E-7	5.122300E-8
1.737000E+3	-3.334150E-7	5.122300E-8
1.716000E+3	-3.799810E-7	-2.793980E-9
1.685100E+3	-2.309690E-7	-5.774220E-8
1.672100E+3	-2.468020E-7	-9.313280E-9
1.651700E+3	-3.548360E-7	-6.891830E-8
1.641300E+3	-3.548360E-7	-6.891830E-8
1.621700E+3	-5.001240E-7	-9.592670E-8
1.611000E+3	-5.383080E-7	-1.210730E-7
1.592300E+3	-5.671790E-7	-8.940740E-8
1.581500E+3	-5.774240E-7	-1.341110E-7
1.581500E+3	-5.774240E-7	-1.341110E-7
1.552400E+3	-2.868490E-7	-1.871970E-7
1.552400E+3	-2.868490E-7	-1.871970E-7
1.532300E+3	-4.377230E-7	-7.357490E-8
1.509800E+3	-7.255040E-7	-2.728790E-7
1.501500E+3	-8.177050E-7	-1.443560E-7
1.501500E+3	-8.177050E-7	-1.443560E-7
1.479700E+3	-5.718360E-7	2.607710E-8
1.451400E+3	-4.451740E-7	1.657760E-7
1.451400E+3	-4.451740E-7	1.657760E-7
1.432000E+3	-4.740450E-7	1.583260E-7
1.412600E+3	-4.619380E-7	1.871970E-7
1.401600E+3	-4.414490E-7	1.220040E-7
1.382300E+3	-4.693880E-7	1.350430E-7
1.373600E+3	-3.967450E-7	8.381950E-8
1.373600E+3	-3.967450E-7	8.381950E-8
1.345600E+3	-3.734620E-7	-1.024460E-7
1.345600E+3	-3.734620E-7	-1.024460E-7
1.317400E+3	-3.892950E-7	-1.434250E-7
1.299500E+3	-5.858060E-7	-6.705570E-8
1.289200E+3	-6.193330E-7	-5.681090E-8
1.271400E+3	-5.709040E-7	-2.887110E-8
1.260900E+3	-5.224760E-7	-6.146770E-8
1.252300E+3	-5.140940E-7	-5.215430E-8
1.231100E+3	-4.898790E-7	1.583260E-8
1.221600E+3	-4.693880E-7	-1.955790E-8
1.201500E+3	-4.908110E-7	7.450640E-9
1.191300E+3	-3.846380E-7	-6.705570E-8
1.183300E+3	-3.892950E-7	-6.705570E-8
1.161800E+3	-3.352780E-7	-7.171230E-8
1.153400E+3	-3.641490E-7	-7.823160E-8
1.142600E+3	-4.805660E-7	-9.313280E-9
1.142600E+3	-4.805660E-7	-9.313280E-9
1.123800E+3	-5.122310E-7	-8.381950E-8
1.097200E+3	-5.634540E-7	-2.048920E-8
1.097200E+3	-5.634540E-7	-2.048920E-8
1.071000E+3	-5.327200E-7	-3.911580E-8
1.062200E+3	-4.889480E-7	-9.406400E-8
1.045100E+3	-5.150250E-7	-8.009420E-8
1.045100E+3	-5.150250E-7	-8.009420E-8
1.019100E+3	-4.982610E-7	-2.235190E-8
1.009600E+3	-4.461050E-7	-8.847610E-8
9.935000E+2	-4.768410E-7	-8.847610E-8
9.838000E+2	-4.740450E-7	-8.288820E-8
9.678000E+2	-5.224760E-7	-8.288820E-8
9.678000E+2	-5.224760E-7	-2.887110E-8
9.421000E+2	-4.833600E-7	-1.238670E-7
9.331000E+2	-5.681100E-7	-1.061710E-7
9.167000E+2	-5.597290E-7	-1.546000E-7
9.060000E+2	-5.029180E-7	-1.387680E-7
8.902000E+2	-5.075740E-7	-6.053640E-8
8.811000E+2	-4.638000E-7	-2.607710E-8
8.740000E+2	-5.206130E-7	-1.061710E-7
8.740000E+2	-5.206130E-7	-1.061710E-7
8.467000E+2	-7.441300E-7	-1.881280E-7
8.280000E+2	-5.280640E-7	-1.909220E-7
8.197000E+2	-5.187500E-7	-1.247980E-7
8.124000E+2	-4.507620E-7	-1.760210E-7
7.953000E+2	-4.842910E-7	-1.108280E-7
7.877000E+2	-4.693880E-7	-9.220140E-8
7.712000E+2	-4.842910E-7	-1.154840E-7
7.630000E+2	-4.628690E-7	-1.369050E-7
7.447000E+2	-5.541410E-7	-8.475080E-8
7.447000E+2	-5.541410E-7	-8.475080E-8
7.208000E+2	-6.239900E-7	-9.406400E-8
7.208000E+2	-6.239900E-7	-9.406400E-8
7.015000E+2	-5.494840E-7	-1.387680E-7
6.864000E+2	-5.113000E-7	-4.284110E-8
6.776000E+2	-5.215440E-7	-6.146770E-8
6.622000E+2	-5.215440E-7	-6.146770E-8
6.519000E+2	-5.625220E-7	-6.705570E-8
6.448000E+2	-6.360970E-7	-4.190970E-8
6.267000E+2	-5.969810E-7	-7.264360E-8
6.186000E+2	-6.146770E-7	-7.450630E-8
6.016000E+2	-7.059460E-7	3.725310E-8
5.929000E+2	-6.770750E-7	5.308560E-8
5.862000E+2	-6.919760E-7	7.916290E-8
5.862000E+2	-6.919760E-7	7.916290E-8
5.604000E+2	-7.608940E-7	8.661350E-8
5.506000E+2	-8.000100E-7	9.127010E-8
5.349000E+2	-8.000100E-7	9.127010E-8
5.255000E+2	-8.577520E-7	1.117590E-8
5.255000E+2	-8.577520E-7	1.117590E-8
5.021000E+2	-8.875540E-7	-2.607710E-8
4.862000E+2	-8.717220E-7	-1.024460E-8
4.770000E+2	-8.679960E-7	-3.539050E-8
4.689000E+2	-9.154940E-7	-4.470370E-8
4.317000E+2	-1.014220E-6	-4.936030E-8
4.130000E+2	-1.016080E-6	-6.519300E-8
3.666000E+2	-1.127840E-6	-2.607710E-8
3.436000E+2	-1.097110E-6	-8.009420E-8
3.153000E+2	-1.122250E-6	-9.220140E-8
3.153000E+2	-1.122250E-6	-9.220140E-8
2.332000E+2	-1.138080E-6	-1.862660E-8
2.086000E+2	-1.046810E-6	-4.284110E-8
1.539000E+2	-1.011420E-6	4.842900E-8
1.272000E+2	-9.173560E-7	-9.313280E-9
1.272000E+2	-9.173560E-7	-9.313280E-9
4.370000E+1	-7.040840E-7	7.450640E-9
-1.990000E+1	-5.280640E-7	5.401690E-8
-4.780000E+1	-3.082700E-7	5.774220E-8
-4.780000E+1	-3.082700E-7	5.774220E-8
-8.260000E+1	-1.583260E-7	4.842900E-8
-1.640000E+2	7.636890E-8	1.350430E-7
-2.159000E+2	4.377230E-7	6.239910E-8
-2.427000E+2	5.690420E-7	-2.142050E-8
-2.922000E+2	6.677620E-7	-1.024460E-8
-3.172000E+2	8.279490E-7	-5.215430E-8
-3.688000E+2	8.279490E-7	-5.215430E-8
