Sample Name, AUS25x23_16G
Freq, 16, GHz, Power, 10, dBm
SR850: f = 25 Hz; phase = 96 deg; output = 5 V; sens. = 50 uV; tc = 300 ms; 12dB/oct
Field	X	Y
Oe	V	V
*
-6.550000E+2	-8.108150E-6	-1.601880E-7
-6.550000E+2	-8.108150E-6	-1.601880E-7
-6.550000E+2	-8.108150E-6	-1.601880E-7
-6.551000E+2	-8.240400E-6	2.793980E-8
-6.470000E+2	-8.234810E-6	-3.352780E-8
-6.275000E+2	-7.988940E-6	-1.452870E-7
-6.153000E+2	-8.069040E-6	-1.303860E-7
-6.015000E+2	-8.044820E-6	-1.825400E-7
-5.707000E+2	-8.169620E-6	-1.676390E-7
-5.543000E+2	-8.098840E-6	-2.067550E-7
-5.244000E+2	-8.298140E-6	-2.160680E-7
-5.081000E+2	-8.411760E-6	-1.750900E-7
-4.787000E+2	-8.558910E-6	-2.905740E-7
-4.598000E+2	-8.596170E-6	-2.887120E-7
-4.474000E+2	-8.579400E-6	-4.228220E-7
-4.172000E+2	-8.624110E-6	-2.644970E-7
-4.063000E+2	-8.573810E-6	-2.551840E-7
-3.835000E+2	-8.810370E-6	-1.750900E-7
-3.746000E+2	-9.054380E-6	-7.078100E-8
-3.630000E+2	-9.052510E-6	-1.136220E-7
-3.445000E+2	-8.963110E-6	-2.738110E-7
-3.360000E+2	-9.007810E-6	-2.868490E-7
-3.181000E+2	-8.834580E-6	-4.470370E-7
-3.087000E+2	-8.598030E-6	-3.781190E-7
-2.902000E+2	-7.793370E-6	-3.837070E-7
-2.796000E+2	-7.454330E-6	-3.576300E-7
-2.606000E+2	-6.567720E-6	-3.259650E-7
-2.505000E+2	-6.243620E-6	-1.918530E-7
-2.304000E+2	-5.407290E-6	1.322490E-7
-2.193000E+2	-5.107400E-6	1.899910E-7
-1.966000E+2	-4.444300E-6	1.434250E-7
-1.855000E+2	-4.150000E-6	2.048920E-7
-1.660000E+2	-3.373260E-6	-3.352780E-8
-1.547000E+2	-2.935540E-6	-9.499540E-8
-1.452000E+2	-2.518310E-6	-1.750900E-7
-1.252000E+2	-1.600020E-6	-4.656630E-7
-1.123000E+2	-1.346700E-6	-4.582130E-7
-9.230000E+1	-8.922110E-7	-4.190970E-7
-8.280000E+1	-8.922110E-7	-4.190970E-7
-6.210000E+1	-6.575170E-7	-2.868490E-7
-5.300000E+1	-5.383080E-7	-2.477340E-7
-3.190000E+1	-5.830120E-7	-5.960510E-8
-2.290000E+1	-4.749760E-7	-2.607710E-8
-1.060000E+1	-4.768410E-7	-1.862660E-9
9.900000E+0	-7.133970E-7	-2.384200E-7
1.990000E+1	-8.083920E-7	-2.626350E-7
4.020000E+1	-8.046660E-7	-3.762560E-7
5.070000E+1	-9.182880E-7	-3.818440E-7
7.030000E+1	-8.754470E-7	-2.831240E-7
8.010000E+1	-9.369140E-7	9.313280E-9
1.004000E+2	-8.028040E-7	7.264360E-8
1.132000E+2	-8.028040E-7	7.264360E-8
1.330000E+2	-3.911580E-8	-5.029160E-8
1.436000E+2	2.905740E-7	-1.676390E-8
1.541000E+2	6.351660E-7	-3.539050E-8
1.743000E+2	1.126910E-6	1.098970E-7
1.939000E+2	1.646590E-6	-2.980250E-8
2.052000E+2	1.806770E-6	6.333040E-8
2.052000E+2	1.806770E-6	6.333040E-8
2.351000E+2	2.654280E-6	2.756730E-7
2.351000E+2	2.654280E-6	2.756730E-7
2.658000E+2	3.904130E-6	3.743930E-7
2.752000E+2	4.349310E-6	4.265480E-7
2.965000E+2	5.228470E-6	3.278270E-7
3.084000E+2	5.513460E-6	3.166510E-7
3.296000E+2	6.098330E-6	5.401710E-7
3.419000E+2	6.472720E-6	5.960500E-7
3.513000E+2	6.878780E-6	5.159560E-7
3.752000E+2	7.465510E-6	5.234070E-7
3.843000E+2	7.800820E-6	4.358610E-7
3.955000E+2	8.059720E-6	3.837070E-7
4.180000E+2	8.396860E-6	1.434250E-7
4.282000E+2	8.581260E-6	1.415620E-7
4.514000E+2	8.829000E-6	7.264360E-8
4.608000E+2	8.897910E-6	1.266610E-7
4.813000E+2	9.018990E-6	1.955790E-7
4.913000E+2	8.955660E-6	2.551840E-7
5.116000E+2	8.914680E-6	1.974410E-7
5.222000E+2	8.834580E-6	2.365570E-7
5.330000E+2	8.817820E-6	1.303860E-7
5.532000E+2	8.612930E-6	7.264360E-8
5.634000E+2	8.722830E-6	-4.097840E-8
5.839000E+2	8.687440E-6	2.421450E-8
5.967000E+2	8.691160E-6	2.197930E-7
5.967000E+2	8.691160E-6	2.197930E-7
6.271000E+2	8.547740E-6	3.688060E-7
6.476000E+2	8.441570E-6	4.638000E-7
6.575000E+2	8.445290E-6	3.986080E-7
6.787000E+2	8.385690E-6	2.365570E-7
6.881000E+2	8.456470E-6	8.195680E-8
6.881000E+2	8.456470E-6	8.195680E-8
7.191000E+2	8.445290E-6	-4.284110E-8
7.408000E+2	8.342850E-6	9.313270E-8
7.500000E+2	8.335400E-6	9.685800E-8
7.614000E+2	8.279520E-6	1.359740E-7
7.841000E+2	8.342850E-6	1.266610E-7
7.946000E+2	8.501170E-6	1.098970E-7
8.181000E+2	8.802920E-6	5.960510E-8
8.181000E+2	8.802920E-6	5.960510E-8
8.393000E+2	8.873700E-6	1.080340E-7
8.612000E+2	8.776840E-6	-5.587960E-9
8.725000E+2	8.670670E-6	-3.352780E-8
8.886000E+2	8.238540E-6	-2.235180E-7
9.084000E+2	7.992670E-6	-2.067550E-7
9.199000E+2	8.059720E-6	-8.940740E-8
9.328000E+2	8.169620E-6	1.192100E-7
9.544000E+2	8.255300E-6	2.943000E-7
9.645000E+2	8.244130E-6	1.918530E-7
9.885000E+2	8.333530E-6	1.285230E-7
9.995000E+2	8.437840E-6	2.458710E-7
1.022300E+3	8.659500E-6	2.887120E-7
1.033700E+3	8.802920E-6	6.705570E-8
1.046000E+3	8.842030E-6	-1.117590E-8
1.055500E+3	8.771250E-6	7.450630E-8
1.080200E+3	8.724690E-6	1.918530E-7
1.090000E+3	8.659500E-6	1.918530E-7
1.111300E+3	8.538420E-6	3.185140E-7
1.121500E+3	8.501170E-6	3.650800E-7
1.142400E+3	8.633420E-6	3.296900E-7
1.153400E+3	8.728410E-6	2.365570E-7
1.173600E+3	8.821550E-6	2.402830E-7
1.184000E+3	8.810370E-6	2.849870E-7
1.204800E+3	8.771250E-6	2.402830E-7
1.215600E+3	8.706060E-6	1.173470E-7
1.229600E+3	8.637140E-6	5.960510E-8
1.250100E+3	8.834580E-6	2.235190E-8
1.263400E+3	8.845760E-6	1.341110E-7
1.283300E+3	8.784290E-6	1.639140E-7
1.296900E+3	8.782430E-6	3.539040E-7
1.307300E+3	8.871840E-6	4.507620E-7
1.328500E+3	8.871840E-6	4.507620E-7
1.341500E+3	9.007810E-6	3.799810E-7
1.361900E+3	9.113980E-6	4.973300E-7
1.372400E+3	9.330050E-6	5.066430E-7
1.394600E+3	9.311420E-6	5.532090E-7
1.405800E+3	9.324460E-6	4.842910E-7
1.405800E+3	9.324460E-6	4.842910E-7
1.435800E+3	9.188490E-6	6.891820E-7
1.444700E+3	9.268580E-6	5.792860E-7
1.468500E+3	9.430630E-6	3.315530E-7
1.477500E+3	9.374750E-6	4.321350E-7
1.490300E+3	9.348670E-6	5.066430E-7
1.490300E+3	9.348670E-6	5.066430E-7
1.522500E+3	9.495820E-6	4.433110E-7
1.533700E+3	9.441810E-6	5.066430E-7
1.555100E+3	9.682090E-6	2.868490E-7
1.565900E+3	9.808750E-6	1.359740E-7
1.588000E+3	9.883250E-6	1.993040E-7
1.598000E+3	9.965210E-6	1.899910E-7
1.609000E+3	1.005830E-5	1.061710E-7
1.630300E+3	1.022780E-5	1.732270E-7
1.641500E+3	1.021670E-5	2.793990E-7
1.660500E+3	1.034330E-5	2.644970E-7
1.671700E+3	1.029300E-5	2.216560E-7
1.693000E+3	1.013280E-5	3.017500E-7
1.704200E+3	1.002480E-5	3.799810E-7
1.717000E+3	9.976390E-6	3.762560E-7
1.736500E+3	1.001920E-5	3.129260E-7
1.750000E+3	9.976390E-6	2.235180E-7
1.758900E+3	1.002850E-5	2.030290E-7
1.782700E+3	9.918640E-6	3.576300E-7
1.791800E+3	1.002670E-5	3.781190E-7
1.801800E+3	1.018870E-5	4.898790E-7
1.825000E+3	1.030980E-5	6.184020E-7
1.834300E+3	1.034330E-5	5.196820E-7
1.857900E+3	1.037310E-5	4.638000E-7
1.866800E+3	1.038430E-5	4.619380E-7
1.879400E+3	1.036940E-5	4.675260E-7
1.902800E+3	1.057060E-5	2.328320E-7
1.912700E+3	1.059850E-5	1.713640E-7
1.923000E+3	1.053890E-5	2.793990E-7
1.945100E+3	1.057620E-5	1.750900E-7
1.956400E+3	1.060410E-5	2.477340E-7
1.978200E+3	1.084440E-5	2.253810E-7
1.988800E+3	1.085930E-5	2.756730E-7
2.008200E+3	1.104740E-5	2.756730E-7
2.008200E+3	1.104740E-5	2.328320E-7
2.029500E+3	1.085740E-5	3.203770E-7
2.050200E+3	1.062830E-5	2.644970E-7
2.062800E+3	1.061340E-5	2.924370E-7
2.082900E+3	1.075310E-5	3.203770E-7
2.095800E+3	1.079410E-5	3.352780E-7
2.104900E+3	1.091330E-5	3.110640E-7
2.125900E+3	1.107350E-5	2.011670E-7
2.134800E+3	1.107910E-5	2.048920E-7
2.155700E+3	1.127280E-5	3.092010E-7
2.164600E+3	1.137520E-5	3.781190E-7
2.185500E+3	1.154660E-5	3.017500E-7
2.194700E+3	1.160810E-5	3.557670E-7
2.215400E+3	1.177940E-5	2.644970E-7
2.225400E+3	1.184830E-5	3.073380E-7
2.245700E+3	1.206630E-5	1.583260E-7
2.256200E+3	1.211470E-5	2.421460E-7
2.276100E+3	1.209050E-5	2.216560E-7
2.287200E+3	1.193590E-5	2.682230E-7
2.306600E+3	1.193030E-5	1.806770E-7
2.317800E+3	1.184830E-5	2.533220E-7
2.337000E+3	1.193780E-5	5.010550E-7
2.348100E+3	1.206810E-5	5.103680E-7
2.369000E+3	1.204950E-5	4.414490E-7
2.380100E+3	1.212590E-5	3.650800E-7
2.399200E+3	1.235500E-5	2.365570E-7
2.410300E+3	1.234380E-5	3.445910E-7
2.410300E+3	1.234380E-5	3.445910E-7
2.440500E+3	1.251140E-5	5.681100E-7
2.460000E+3	1.258780E-5	4.060580E-7
2.460000E+3	1.258780E-5	4.060580E-7
2.479600E+3	1.272010E-5	1.303860E-7
2.500800E+3	1.273680E-5	2.626350E-7
2.510000E+3	1.280200E-5	2.626350E-7
2.530700E+3	1.281880E-5	3.110640E-7
2.540400E+3	1.284670E-5	3.445910E-7
2.560600E+3	1.314290E-5	4.135090E-7
2.570700E+3	1.322110E-5	3.781190E-7
2.590400E+3	1.334400E-5	3.296900E-7
2.601200E+3	1.341110E-5	3.632180E-7
2.623400E+3	1.363830E-5	3.501790E-7
2.633300E+3	1.367370E-5	2.943000E-7
2.653400E+3	1.380410E-5	3.278270E-7
2.663900E+3	1.391590E-5	3.948830E-7
2.683400E+3	1.403700E-5	4.712510E-7
2.694400E+3	1.408720E-5	4.880170E-7
2.713600E+3	1.428650E-5	5.047800E-7
2.724800E+3	1.429030E-5	3.799810E-7
2.743300E+3	1.446160E-5	1.024460E-7
2.754400E+3	1.449700E-5	7.078100E-8
2.773700E+3	1.474660E-5	3.539050E-8
2.785000E+3	1.472430E-5	5.029160E-8
2.794600E+3	1.480060E-5	9.499540E-8
2.815500E+3	1.498880E-5	1.229350E-7
2.824500E+3	1.498690E-5	8.195680E-8
2.845600E+3	1.508930E-5	1.676390E-7
2.854500E+3	1.517500E-5	2.495960E-7
2.878100E+3	1.524950E-5	4.135090E-7
2.887300E+3	1.538370E-5	3.650800E-7
2.908400E+3	1.561650E-5	4.563500E-7
2.917300E+3	1.575620E-5	4.004710E-7
2.938300E+3	1.575620E-5	4.004710E-7
2.947300E+3	1.575440E-5	4.284100E-7
2.968600E+3	1.566680E-5	3.222390E-7
2.977900E+3	1.568170E-5	4.116460E-7
2.998900E+3	1.581210E-5	5.438960E-7
3.008700E+3	1.582890E-5	5.010550E-7
3.019900E+3	1.593500E-5	4.265480E-7
3.039300E+3	1.577110E-5	4.433110E-7
3.059200E+3	1.572270E-5	4.377230E-7
3.059200E+3	1.572270E-5	4.377230E-7
3.080200E+3	1.561650E-5	1.639140E-7
3.100300E+3	1.516760E-5	3.185140E-7
3.100300E+3	1.516760E-5	3.185140E-7
3.130800E+3	1.429960E-5	1.769520E-7
3.130800E+3	1.429960E-5	1.769520E-7
3.163300E+3	1.299390E-5	3.743930E-7
3.173300E+3	1.255240E-5	2.197930E-7
3.193600E+3	1.138640E-5	2.365570E-7
3.203000E+3	1.075680E-5	1.620510E-7
3.215000E+3	1.018130E-5	6.891830E-8
3.236000E+3	8.443430E-6	2.682230E-7
3.245000E+3	7.471100E-6	3.296900E-7
3.266000E+3	5.701590E-6	1.750900E-7
3.275400E+3	4.781440E-6	4.842900E-8
3.295800E+3	3.134850E-6	-2.235190E-8
3.305900E+3	1.924130E-6	-1.005830E-7
3.325900E+3	-2.142050E-7	-2.067550E-7
3.336400E+3	-1.303860E-6	-1.918530E-7
3.358900E+3	-2.944860E-6	-3.092010E-7
3.368600E+3	-3.891090E-6	-3.092010E-7
3.368600E+3	-3.891090E-6	-3.092010E-7
3.401200E+3	-6.977500E-6	-4.190970E-7
3.412500E+3	-8.013160E-6	-4.712510E-7
3.434500E+3	-9.594540E-6	-5.085060E-7
3.445800E+3	-1.044390E-5	-4.414490E-7
3.465100E+3	-1.140500E-5	-3.110640E-7
3.476300E+3	-1.192470E-5	-2.235180E-7
3.488500E+3	-1.224140E-5	-2.533220E-7
3.508700E+3	-1.304040E-5	-1.825400E-7
3.518400E+3	-1.334960E-5	-2.384200E-7
3.540900E+3	-1.390660E-5	-4.358610E-7
3.551400E+3	-1.405740E-5	-5.401710E-7
3.560300E+3	-1.427720E-5	-5.457590E-7
3.581300E+3	-1.462740E-5	-7.115340E-7
3.590600E+3	-1.482300E-5	-6.388910E-7
3.611200E+3	-1.507630E-5	-3.185140E-7
3.621000E+3	-1.517880E-5	-2.551840E-7
3.641200E+3	-1.514340E-5	-2.551840E-7
3.641200E+3	-1.514340E-5	-3.501790E-7
3.671400E+3	-1.513220E-5	-6.686930E-7
3.682300E+3	-1.510050E-5	-7.022210E-7
3.704500E+3	-1.532220E-5	-6.984960E-7
3.714800E+3	-1.550660E-5	-6.780060E-7
3.725800E+3	-1.537070E-5	-7.394740E-7
3.747200E+3	-1.527380E-5	-6.090890E-7
3.758500E+3	-1.508930E-5	-7.189850E-7
3.780000E+3	-1.467580E-5	-6.351660E-7
3.790900E+3	-1.456040E-5	-3.967450E-7
3.810200E+3	-1.436290E-5	-3.390030E-7
3.821400E+3	-1.434990E-5	-2.104800E-7
3.831100E+3	-1.420460E-5	-3.427290E-7
3.851800E+3	-1.426980E-5	-3.613550E-7
3.861000E+3	-1.423810E-5	-3.743930E-7
3.884000E+3	-1.411700E-5	-2.719480E-7
3.893900E+3	-1.388420E-5	-4.060580E-7
3.903100E+3	-1.379290E-5	-4.842910E-7
3.926700E+3	-1.376310E-5	-3.855690E-7
3.926700E+3	-1.376310E-5	-3.855690E-7
3.956500E+3	-1.331610E-5	-4.488990E-7
3.965700E+3	-1.325650E-5	-4.600750E-7
3.986700E+3	-1.314290E-5	-5.103680E-7
3.999100E+3	-1.300320E-5	-6.035010E-7
4.019800E+3	-1.300320E-5	-6.035010E-7
4.029800E+3	-1.253570E-5	-5.196820E-7
4.050200E+3	-1.242390E-5	-5.140940E-7
4.060600E+3	-1.253940E-5	-4.693880E-7
4.070900E+3	-1.267160E-5	-3.129260E-7
4.070900E+3	-1.267160E-5	-3.129260E-7
4.104500E+3	-1.224880E-5	-2.700850E-7
4.123900E+3	-1.186880E-5	-2.961620E-7
4.135000E+3	-1.162860E-5	-3.501790E-7
4.154700E+3	-1.174030E-5	-4.544870E-7
4.165200E+3	-1.179990E-5	-5.029180E-7
4.187000E+3	-1.175520E-5	-4.526250E-7
4.198100E+3	-1.185020E-5	-3.129260E-7
4.207200E+3	-1.173840E-5	-3.594920E-7
4.207200E+3	-1.173840E-5	-3.594920E-7
4.237300E+3	-1.142550E-5	-2.775360E-7
4.237300E+3	-1.142550E-5	-2.775360E-7
4.270300E+3	-1.126720E-5	-3.501790E-7
4.282200E+3	-1.116100E-5	-4.768410E-7
4.303300E+3	-1.115920E-5	-3.650800E-7
4.315200E+3	-1.085180E-5	-3.539040E-7
4.336500E+3	-1.060970E-5	-4.135090E-7
4.345400E+3	-1.057620E-5	-4.321350E-7
4.366600E+3	-1.023160E-5	-5.736980E-7
4.375700E+3	-1.025760E-5	-4.563500E-7
4.387000E+3	-1.010680E-5	-4.265480E-7
4.387000E+3	-1.010680E-5	-4.265480E-7
4.420500E+3	-9.872080E-6	9.872060E-8
4.439800E+3	-9.849730E-6	1.695020E-7
4.451000E+3	-9.752870E-6	7.823160E-8
4.472300E+3	-9.484650E-6	-7.450640E-9
4.483600E+3	-9.495820E-6	5.960510E-8
4.496200E+3	-9.518170E-6	7.823160E-8
4.515700E+3	-9.168000E-6	-5.960510E-8
4.528600E+3	-9.266720E-6	8.195680E-8
4.537900E+3	-9.136330E-6	-6.519300E-8
4.560800E+3	-8.978010E-6	-8.568210E-8
4.571000E+3	-8.823410E-6	-1.359740E-7
4.571000E+3	-8.823410E-6	-1.359740E-7
4.603700E+3	-8.419210E-6	-2.253810E-7
4.615800E+3	-8.273930E-6	-2.104800E-7
4.637000E+3	-8.240400E-6	-1.844030E-7
4.645900E+3	-8.236680E-6	-7.823160E-8
4.658500E+3	-8.048550E-6	-8.009420E-8
4.678800E+3	-8.054140E-6	-1.378370E-7
4.691000E+3	-7.951690E-6	-3.334150E-7
4.702100E+3	-7.979630E-6	-2.011670E-7
4.702100E+3	-7.979630E-6	-2.011670E-7
4.734500E+3	-7.739350E-6	-5.215430E-8
4.754200E+3	-7.620110E-6	1.154840E-7
4.754200E+3	-7.620110E-6	1.154840E-7
4.787400E+3	-7.545600E-6	-5.215430E-8
4.797700E+3	-7.655530E-6	-7.450640E-9
4.797700E+3	-7.655530E-6	-7.450640E-9
4.817700E+3	-7.411490E-6	-3.334150E-7
4.839100E+3	-7.409630E-6	-2.272440E-7
4.859400E+3	-7.614520E-6	-4.842900E-8
4.878700E+3	-7.655530E-6	-4.842900E-8
4.890000E+3	-7.644350E-6	-5.029160E-8
4.902500E+3	-7.525120E-6	-1.844030E-7
4.922500E+3	-7.491590E-6	-5.960510E-8
4.932500E+3	-7.491590E-6	-5.960510E-8
4.952900E+3	-7.187980E-6	7.078100E-8
4.962400E+3	-7.011030E-6	-1.862660E-9
4.972000E+3	-6.847110E-6	-1.229350E-7
4.995300E+3	-6.726040E-6	-2.067550E-7
5.004400E+3	-6.670160E-6	-4.153720E-7
5.028500E+3	-6.822900E-6	-2.011670E-7
5.037600E+3	-6.690650E-6	-2.216560E-7
5.037600E+3	-6.690650E-6	-2.216560E-7
5.068100E+3	-6.424290E-6	0.000000E+0
5.068100E+3	-6.424290E-6	0.000000E+0
5.098000E+3	-6.219400E-6	-1.024460E-7
5.112200E+3	-6.254790E-6	-1.154840E-7
5.131700E+3	-6.256650E-6	-2.011670E-7
5.143100E+3	-6.118820E-6	-1.806770E-7
5.164600E+3	-5.792860E-6	-1.955790E-7
5.175700E+3	-5.781680E-6	-9.872060E-8
5.185800E+3	-5.638260E-6	-2.067550E-7
5.207800E+3	-5.658750E-6	-1.527380E-7
5.218600E+3	-5.539540E-6	-2.719480E-7
5.238400E+3	-5.515320E-6	-2.421460E-7
5.248700E+3	-5.511600E-6	-2.421460E-7
5.268800E+3	-5.459440E-6	-1.583260E-7
5.278600E+3	-5.459440E-6	-2.197930E-7
5.288100E+3	-5.558160E-6	-1.620510E-7
5.311800E+3	-5.589830E-6	-5.587960E-9
5.320800E+3	-5.431500E-6	-2.421450E-8
5.344700E+3	-5.416600E-6	-4.656640E-8
5.353800E+3	-5.302980E-6	-1.285230E-7
5.364000E+3	-5.304840E-6	-7.636890E-8
5.386900E+3	-5.146520E-6	-5.401690E-8
5.396300E+3	-5.241510E-6	-1.378370E-7
5.416700E+3	-5.399840E-6	-9.127010E-8
5.426800E+3	-5.479930E-6	-6.519300E-8
5.447000E+3	-5.358860E-6	-1.117590E-7
5.457700E+3	-5.431500E-6	1.061710E-7
5.477300E+3	-5.403560E-6	2.309690E-7
5.488400E+3	-5.444540E-6	2.980250E-7
5.507700E+3	-5.295530E-6	6.891830E-8
5.519000E+3	-5.200530E-6	-5.215430E-8
5.540700E+3	-4.939760E-6	-9.313270E-8
5.551500E+3	-4.924860E-6	2.235190E-8
5.562000E+3	-4.893200E-6	1.434250E-7
5.584100E+3	-4.950940E-6	1.844030E-7
5.595200E+3	-4.878300E-6	1.918530E-7
5.614800E+3	-4.796340E-6	1.210730E-7
5.625400E+3	-4.643600E-6	-5.401690E-8
5.645500E+3	-4.753500E-6	2.235190E-8
5.655500E+3	-4.636150E-6	5.587960E-9
5.675900E+3	-4.578410E-6	3.725310E-8
5.688500E+3	-4.576550E-6	2.048920E-8
5.697400E+3	-4.423810E-6	-3.539050E-8
5.718400E+3	-4.535570E-6	6.333040E-8
5.730400E+3	-4.500180E-6	-2.607710E-8
5.751500E+3	-4.585860E-6	-1.192100E-7
5.760500E+3	-4.598900E-6	-1.750900E-7
5.773900E+3	-4.524390E-6	-2.682230E-7
5.793700E+3	-4.580270E-6	-4.190970E-7
5.804700E+3	-4.606350E-6	-2.570470E-7
5.824000E+3	-4.306460E-6	-1.974410E-7
5.835300E+3	-4.204020E-6	-1.024460E-7
5.853900E+3	-4.133240E-6	-2.216560E-7
5.867500E+3	-4.164900E-6	-1.695020E-7
5.887100E+3	-4.207740E-6	-3.352780E-8
5.898100E+3	-4.248720E-6	6.146770E-8
5.917400E+3	-4.008440E-6	-6.146770E-8
5.928600E+3	-4.023340E-6	5.960510E-8
5.938000E+3	-3.775600E-6	-2.607710E-8
5.961100E+3	-3.634040E-6	3.911580E-8
5.961100E+3	-3.634040E-6	3.911580E-8
5.971400E+3	-3.647070E-6	-1.676390E-8
5.991800E+3	-3.900410E-6	-1.322490E-7
6.013500E+3	-3.773730E-6	-1.862650E-7
6.034500E+3	-3.693640E-6	-1.285230E-7
6.043400E+3	-3.661970E-6	-7.450640E-9
6.064500E+3	-3.471990E-6	-4.097840E-8
6.073800E+3	-3.432870E-6	-3.166520E-8
6.097600E+3	-3.056620E-6	1.676390E-7
6.106600E+3	-3.088280E-6	2.533220E-7
6.106600E+3	-3.088280E-6	2.533220E-7
6.139800E+3	-3.373260E-6	2.849870E-7
6.152800E+3	-3.373260E-6	9.685800E-8
6.152800E+3	-3.373260E-6	9.685800E-8
6.185600E+3	-3.231700E-6	-3.352780E-8
6.196900E+3	-3.339740E-6	-3.352780E-8
6.196900E+3	-3.339740E-6	-4.842900E-8
6.229600E+3	-3.447770E-6	-8.195680E-8
6.240200E+3	-3.485020E-6	-2.607710E-8
6.262200E+3	-3.315520E-6	-8.940740E-8
6.262200E+3	-3.315520E-6	-8.940740E-8
6.292800E+3	-3.095730E-6	-7.450630E-8
6.303600E+3	-2.922500E-6	-9.872060E-8
6.325300E+3	-2.916920E-6	-1.490130E-8
6.336600E+3	-2.944860E-6	-3.352780E-8
6.348900E+3	-3.026810E-6	-1.303860E-8
6.369000E+3	-3.119950E-6	-1.639140E-7
6.369000E+3	-3.119950E-6	-1.639140E-7
6.399400E+3	-2.793980E-6	-1.862660E-8
6.408900E+3	-2.749280E-6	-5.215430E-8
6.421100E+3	-2.706440E-6	-2.328320E-7
6.442300E+3	-2.672910E-6	-9.313270E-8
6.451500E+3	-2.734380E-6	-4.842900E-8
6.475600E+3	-2.812610E-6	1.862660E-8
6.485000E+3	-2.833100E-6	1.639140E-7
6.485000E+3	-2.833100E-6	1.639140E-7
6.515100E+3	-2.672910E-6	1.247980E-7
6.515100E+3	-2.672910E-6	1.247980E-7
6.548700E+3	-2.577920E-6	3.706680E-7
6.548700E+3	-2.577920E-6	3.706680E-7
6.581900E+3	-2.663600E-6	1.955790E-7
6.592700E+3	-2.754870E-6	2.142050E-7
6.603200E+3	-2.706440E-6	8.754480E-8
6.625300E+3	-2.408410E-6	-3.911580E-8
6.636600E+3	-2.264990E-6	1.862660E-8
6.656000E+3	-2.149510E-6	1.564630E-7
6.666700E+3	-2.209110E-6	9.313270E-8
6.688300E+3	-2.408410E-6	1.210730E-7
6.699400E+3	-2.568600E-6	9.872060E-8
6.711800E+3	-2.563010E-6	6.333040E-8
6.720800E+3	-2.488510E-6	0.000000E+0
6.720800E+3	-2.488510E-6	0.000000E+0
6.753700E+3	-2.352540E-6	5.960510E-8
6.774900E+3	-2.279890E-6	-4.842900E-8
6.784100E+3	-2.317150E-6	-1.005830E-7
6.805400E+3	-2.324600E-6	-2.793990E-7
6.814600E+3	-2.181170E-6	-3.539040E-7
6.838600E+3	-2.352540E-6	-1.825400E-7
6.847800E+3	-2.454980E-6	-1.415620E-7
6.861300E+3	-2.432630E-6	-1.825400E-7
6.880900E+3	-2.361850E-6	-1.247980E-7
6.893700E+3	-2.155090E-6	-2.477340E-7
6.913900E+3	-1.912950E-6	-3.222390E-7
6.924100E+3	-1.948340E-6	-2.216560E-7
6.924100E+3	-1.948340E-6	-2.216560E-7
6.956500E+3	-1.968830E-6	-4.451740E-7
6.967700E+3	-2.162550E-6	-4.228220E-7
6.987100E+3	-2.199800E-6	-3.874320E-7
6.998300E+3	-2.190490E-6	-3.278270E-7
7.017800E+3	-2.399100E-6	-2.421450E-8
7.028600E+3	-2.313420E-6	-6.333040E-8
7.050400E+3	-2.231460E-6	-9.685800E-8
7.061600E+3	-2.263130E-6	-8.940740E-8
7.061600E+3	-2.263130E-6	-8.940740E-8
7.094300E+3	-2.160680E-6	-9.313280E-9
7.094300E+3	-2.160680E-6	-9.313280E-9
7.113800E+3	-2.097350E-6	5.774220E-8
7.137800E+3	-2.028440E-6	9.499540E-8
7.146900E+3	-2.030300E-6	2.793980E-8
7.168200E+3	-1.898040E-6	2.793980E-8
7.177500E+3	-1.939030E-6	1.024460E-7
7.201600E+3	-1.873830E-6	8.754480E-8
7.211100E+3	-1.937170E-6	1.266610E-7
7.231800E+3	-1.937170E-6	1.266610E-7
7.241800E+3	-2.006080E-6	-1.024460E-7
7.252900E+3	-2.009810E-6	-5.960510E-8
7.272300E+3	-1.767660E-6	-1.396990E-7
7.285300E+3	-1.810500E-6	-9.872060E-8
7.304600E+3	-1.786280E-6	-1.396990E-7
7.315700E+3	-1.808640E-6	-1.434250E-7
7.315700E+3	-1.808640E-6	-1.434250E-7
7.335200E+3	-1.776970E-6	-1.136220E-7
7.365900E+3	-1.665210E-6	-3.129260E-7
7.376300E+3	-1.735990E-6	-3.464540E-7
7.396600E+3	-1.791870E-6	-3.613550E-7
7.396600E+3	-1.791870E-6	-3.613550E-7
7.427200E+3	-1.806770E-6	-2.495960E-7
7.436600E+3	-1.775110E-6	-1.601880E-7
7.436600E+3	-1.775110E-6	-1.601880E-7
7.466900E+3	-1.521790E-6	-3.725320E-9
7.488200E+3	-1.562770E-6	1.154840E-7
7.500300E+3	-1.635410E-6	1.173470E-7
7.510100E+3	-1.654040E-6	1.173470E-7
7.530400E+3	-1.730400E-6	1.899910E-7
7.540700E+3	-1.795600E-6	2.495960E-7
7.560700E+3	-1.790010E-6	6.333040E-8
7.571600E+3	-1.851480E-6	4.470370E-8
7.591100E+3	-1.786280E-6	5.029160E-8
7.591100E+3	-1.786280E-6	5.029160E-8
7.621800E+3	-1.907360E-6	-1.508750E-7
7.634800E+3	-1.944620E-6	-9.872060E-8
7.654700E+3	-1.814220E-6	-2.607710E-8
7.665800E+3	-1.801190E-6	0.000000E+0
7.676000E+3	-1.642860E-6	-1.117590E-8
7.698600E+3	-1.702460E-6	1.024460E-7
7.709700E+3	-1.685700E-6	9.313270E-8
7.729700E+3	-1.752760E-6	1.955790E-7
7.740100E+3	-1.683840E-6	5.029160E-8
7.760500E+3	-1.676390E-6	1.005830E-7
7.770200E+3	-1.493850E-6	-3.539050E-8
7.791000E+3	-1.462180E-6	3.166520E-8
7.800300E+3	-1.404440E-6	9.127010E-8
7.823200E+3	-1.376500E-6	-2.793980E-8
7.833400E+3	-1.395130E-6	-2.421450E-8
7.842700E+3	-1.367190E-6	3.352780E-8
7.863500E+3	-1.367190E-6	3.352780E-8
7.873400E+3	-1.378360E-6	2.235180E-7
7.893700E+3	-1.534830E-6	2.235180E-7
7.905800E+3	-1.544140E-6	1.154840E-7
7.926800E+3	-1.639140E-6	9.313280E-9
7.936400E+3	-1.635410E-6	-3.539050E-8
7.956800E+3	-1.607470E-6	-1.508750E-7
7.967000E+3	-1.629820E-6	-8.940740E-8
7.987200E+3	-1.672660E-6	0.000000E+0
7.997900E+3	-1.762070E-6	1.117590E-8
8.017400E+3	-1.683840E-6	5.401690E-8
8.028600E+3	-1.670800E-6	4.656640E-8
8.041500E+3	-1.696880E-6	1.713640E-7
8.061000E+3	-1.702460E-6	2.197930E-7
8.071900E+3	-1.585120E-6	7.823160E-8
8.091900E+3	-1.572080E-6	-1.676390E-7
8.102200E+3	-1.510610E-6	-2.905740E-7
8.122700E+3	-1.506890E-6	-2.495960E-7
8.122700E+3	-1.506890E-6	-2.495960E-7
8.153500E+3	-1.538550E-6	-1.303860E-8
8.162800E+3	-1.596290E-6	-3.352780E-8
8.174800E+3	-1.506890E-6	-9.127010E-8
8.174800E+3	-1.506890E-6	-9.127010E-8
8.205100E+3	-1.700600E-6	1.862660E-9
8.228800E+3	-1.695010E-6	-1.676390E-8
8.237900E+3	-1.665210E-6	4.097840E-8
8.259200E+3	-1.562770E-6	7.264360E-8
8.268400E+3	-1.445420E-6	8.754480E-8
8.289300E+3	-1.527380E-6	1.061710E-7
8.299000E+3	-1.534830E-6	1.732270E-7
8.312100E+3	-1.536690E-6	1.415620E-7
8.331800E+3	-1.514340E-6	-3.725320E-9
8.342800E+3	-1.508750E-6	-5.401690E-8
8.362300E+3	-1.283370E-6	-1.080340E-7
8.373500E+3	-1.162300E-6	-1.695020E-7
8.395300E+3	-1.197690E-6	-4.284110E-8
8.406200E+3	-1.395130E-6	1.527380E-7
8.425800E+3	-1.356010E-6	5.774220E-8
8.437100E+3	-1.413750E-6	3.352780E-8
8.449800E+3	-1.277780E-6	-7.450630E-8
8.470600E+3	-1.233080E-6	-3.352780E-8
8.483300E+3	-1.292680E-6	8.754480E-8
8.492400E+3	-1.229350E-6	6.891830E-8
8.516400E+3	-1.344840E-6	1.750900E-7
8.525600E+3	-1.287100E-6	1.825400E-7
8.525600E+3	-1.287100E-6	1.825400E-7
8.556100E+3	-1.329940E-6	2.291060E-7
8.577600E+3	-1.266610E-6	-2.793980E-8
8.586700E+3	-1.251700E-6	-1.266610E-7
8.607900E+3	-1.197690E-6	-1.247980E-7
8.607900E+3	-1.197690E-6	-1.247980E-7
8.617300E+3	-1.147400E-6	-1.490130E-8
8.648100E+3	-1.071030E-6	-5.587960E-9
8.659400E+3	-1.261020E-6	-5.587960E-9
8.680800E+3	-1.199550E-6	-7.823160E-8
8.692000E+3	-1.331800E-6	-9.127010E-8
8.711400E+3	-1.458460E-6	-2.104800E-7
8.711400E+3	-1.458460E-6	-2.104800E-7
8.744400E+3	-1.562770E-6	-4.600750E-7
8.755600E+3	-1.663350E-6	-3.408660E-7
8.765700E+3	-1.568350E-6	-3.408660E-7
8.788400E+3	-1.622370E-6	-1.546000E-7
8.799200E+3	-1.572080E-6	-1.359740E-7
8.819500E+3	-1.600020E-6	6.519300E-8
8.829800E+3	-1.475220E-6	3.725310E-8
8.850400E+3	-1.452870E-6	1.862660E-8
8.850400E+3	-1.452870E-6	1.862660E-8
8.881000E+3	-1.193960E-6	-1.546000E-7
8.890200E+3	-1.078480E-6	-1.955790E-7
8.911300E+3	-1.315030E-6	-2.142050E-7
8.923600E+3	-1.404440E-6	-2.011670E-7
8.933100E+3	-1.423070E-6	-2.235180E-7
8.956900E+3	-1.454730E-6	-5.401690E-8
8.966000E+3	-1.274060E-6	-2.235180E-7
8.977000E+3	-1.249840E-6	-3.222390E-7
8.999400E+3	-1.292680E-6	-1.639140E-7
8.999400E+3	-1.292680E-6	-1.639140E-7
9.030100E+3	-1.110140E-6	-3.017500E-7
9.041000E+3	-1.031910E-6	-3.129260E-7
9.060700E+3	-1.024460E-6	-1.918530E-7
9.074700E+3	-1.067300E-6	-2.738110E-7
9.094300E+3	-1.113870E-6	-2.849870E-7
9.104500E+3	-1.113870E-6	-2.849870E-7
9.124400E+3	-1.020740E-6	-8.009420E-8
9.135500E+3	-1.179060E-6	-4.842900E-8
9.135500E+3	-1.179060E-6	-4.842900E-8
9.169200E+3	-1.283370E-6	-1.285230E-7
9.179100E+3	-1.227490E-6	-9.872060E-8
9.201800E+3	-1.084070E-6	-1.490130E-8
9.212500E+3	-1.022600E-6	-5.960510E-8
9.221600E+3	-9.350520E-7	-1.601880E-7
9.242700E+3	-9.033870E-7	-1.098970E-7
9.254800E+3	-9.834840E-7	-7.823160E-8
9.265000E+3	-9.592700E-7	-9.872060E-8
9.288200E+3	-9.220130E-7	-1.508750E-7
9.288200E+3	-9.220130E-7	-1.508750E-7
9.318200E+3	-1.017010E-6	-2.253810E-7
9.328300E+3	-1.097110E-6	-8.940740E-8
9.348600E+3	-1.033780E-6	-8.754480E-8
9.359100E+3	-1.125040E-6	-1.434250E-7
9.372900E+3	-1.251700E-6	-1.434250E-7
9.394700E+3	-1.218180E-6	-5.587960E-9
9.405900E+3	-1.302000E-6	1.285230E-7
9.405900E+3	-1.302000E-6	1.285230E-7
9.436800E+3	-1.149260E-6	1.490130E-8
9.456600E+3	-1.261020E-6	3.166520E-8
9.467300E+3	-1.063580E-6	-3.352780E-8
9.489200E+3	-9.574070E-7	-8.009420E-8
9.500400E+3	-9.592700E-7	-1.229350E-7
9.509600E+3	-8.773100E-7	-2.142050E-7
9.531800E+3	-8.456450E-7	4.284110E-8
9.542000E+3	-8.437820E-7	1.154840E-7
9.558300E+3	-8.549580E-7	7.823160E-8
9.565600E+3	-9.238760E-7	-1.676390E-8
9.577100E+3	-9.480900E-7	-2.421450E-8
9.582200E+3	-9.369140E-7	-9.499540E-8
9.583900E+3	-9.201500E-7	-1.639140E-7
9.586600E+3	-1.141810E-6	-1.639140E-7
9.584900E+3	-1.000250E-6	-1.955790E-7
9.581800E+3	-9.015240E-7	-5.215430E-8
9.571100E+3	-9.182880E-7	1.490130E-8
9.563900E+3	-9.927970E-7	1.490130E-8
9.545200E+3	-1.043090E-6	-5.401690E-8
9.534400E+3	-1.015150E-6	-5.401690E-8
9.505200E+3	-1.024460E-6	-2.719480E-7
9.490600E+3	-1.039360E-6	-2.793990E-7
9.473000E+3	-1.015150E-6	-1.639140E-7
9.442400E+3	-1.039360E-6	-1.657760E-7
9.428600E+3	-1.138080E-6	-1.750900E-7
9.398800E+3	-1.138080E-6	-1.750900E-7
9.386000E+3	-1.197690E-6	3.911580E-8
9.355300E+3	-1.197690E-6	3.911580E-8
9.343900E+3	-9.741710E-7	2.421450E-8
9.332000E+3	-1.069170E-6	-3.352780E-8
9.307300E+3	-1.100830E-6	3.352780E-8
9.297800E+3	-1.033780E-6	-3.352780E-8
9.278400E+3	-8.512320E-7	-3.092010E-7
9.267500E+3	-8.251550E-7	-2.570470E-7
9.256100E+3	-8.195680E-7	-8.195680E-8
9.237400E+3	-7.972160E-7	-3.352780E-8
9.237400E+3	-7.972160E-7	-3.352780E-8
9.208400E+3	-8.549580E-7	-8.009420E-8
9.197900E+3	-8.456450E-7	-3.352780E-8
9.187300E+3	-8.679960E-7	1.862660E-8
9.165200E+3	-9.685830E-7	1.173470E-7
9.165200E+3	-9.685830E-7	1.173470E-7
9.133700E+3	-1.201410E-6	-4.842900E-8
9.133700E+3	-1.201410E-6	-4.842900E-8
9.102300E+3	-1.156710E-6	-1.676390E-7
9.092000E+3	-1.251700E-6	-1.173470E-7
9.071500E+3	-1.296410E-6	-1.229350E-7
9.061700E+3	-1.434240E-6	-1.043090E-7
9.061700E+3	-1.434240E-6	-1.043090E-7
9.031800E+3	-1.356010E-6	-3.352780E-8
9.008800E+3	-1.454730E-6	1.341110E-7
8.999000E+3	-1.516200E-6	2.738110E-7
8.978600E+3	-1.350430E-6	2.291060E-7
8.969400E+3	-1.404440E-6	1.862650E-7
8.959500E+3	-1.415620E-6	1.862660E-9
8.939300E+3	-1.391400E-6	-7.450640E-9
8.918200E+3	-1.236800E-6	-5.401690E-8
8.909200E+3	-1.242390E-6	6.891830E-8
8.898200E+3	-1.247980E-6	3.352780E-8
8.898200E+3	-1.247980E-6	3.352780E-8
8.865900E+3	-1.028190E-6	-2.589090E-7
8.845900E+3	-1.061720E-6	-4.284110E-8
8.835100E+3	-1.022600E-6	6.705570E-8
8.819200E+3	-1.106420E-6	1.676390E-8
8.799800E+3	-1.223770E-6	2.793980E-8
8.788500E+3	-1.231220E-6	3.725320E-9
8.769200E+3	-1.190240E-6	-4.284110E-8
8.758300E+3	-1.223770E-6	-4.842900E-8
8.746300E+3	-1.292680E-6	-6.519300E-8
8.725700E+3	-1.292680E-6	-6.519300E-8
8.716400E+3	-1.283370E-6	-7.823160E-8
8.695400E+3	-1.190240E-6	-2.253810E-7
8.686400E+3	-1.186510E-6	-1.825400E-7
8.665400E+3	-1.378360E-6	-2.309690E-7
8.656500E+3	-1.437970E-6	-1.601880E-7
8.635400E+3	-1.335520E-6	-1.546000E-7
8.626500E+3	-1.199550E-6	-1.359740E-7
8.602600E+3	-9.927970E-7	-1.583260E-7
8.593700E+3	-1.123180E-6	-1.322490E-7
8.582900E+3	-1.078480E-6	-2.067550E-7
8.563500E+3	-1.171610E-6	-2.179300E-7
8.542500E+3	-1.218180E-6	-1.303860E-7
8.533500E+3	-1.257290E-6	-1.005830E-7
8.522700E+3	-1.311310E-6	-3.352780E-8
8.503400E+3	-1.473360E-6	5.774220E-8
8.492300E+3	-1.432380E-6	5.960510E-8
8.470200E+3	-1.275920E-6	8.568210E-8
8.459100E+3	-1.110140E-6	-8.754480E-8
8.459100E+3	-1.110140E-6	-8.754480E-8
8.429300E+3	-9.201500E-7	3.166520E-8
8.429300E+3	-9.201500E-7	3.166520E-8
8.398800E+3	-1.188370E-6	-3.725320E-9
8.379500E+3	-1.303860E-6	1.862660E-9
8.368300E+3	-1.311310E-6	-5.774220E-8
8.359200E+3	-1.378360E-6	-6.333040E-8
8.347000E+3	-1.361600E-6	-6.333040E-8
8.320200E+3	-1.465910E-6	1.080340E-7
8.311200E+3	-1.445420E-6	1.154840E-7
8.287900E+3	-1.473360E-6	7.450630E-8
8.278200E+3	-1.182790E-6	2.644970E-7
8.268500E+3	-1.002110E-6	3.259650E-7
8.244900E+3	-9.108370E-7	2.663600E-7
8.235100E+3	-1.050540E-6	2.030290E-7
8.211500E+3	-1.126910E-6	2.030290E-7
8.202400E+3	-1.257290E-6	5.401690E-8
8.189500E+3	-1.324350E-6	3.725320E-9
8.169200E+3	-1.505020E-6	3.352780E-8
8.156700E+3	-1.598160E-6	1.080340E-7
8.145300E+3	-1.596290E-6	7.823160E-8
8.123600E+3	-1.691290E-6	1.713640E-7
8.112800E+3	-1.609330E-6	1.452870E-7
8.102500E+3	-1.568350E-6	2.365570E-7
8.080700E+3	-1.816090E-6	2.980250E-7
8.069600E+3	-1.743440E-6	2.253810E-7
8.047400E+3	-1.760210E-6	6.891830E-8
8.036700E+3	-1.722950E-6	6.891830E-8
8.016900E+3	-1.594430E-6	-3.129260E-7
8.006600E+3	-1.633550E-6	-3.129260E-7
7.987400E+3	-1.421210E-6	-3.129260E-7
7.976700E+3	-1.432380E-6	-8.009420E-8
7.967600E+3	-1.339250E-6	-1.620510E-7
7.943600E+3	-1.404440E-6	-6.333040E-8
7.934600E+3	-1.357880E-6	-5.587960E-8
7.913400E+3	-1.255430E-6	6.891830E-8
7.904200E+3	-1.261020E-6	1.899910E-7
7.883600E+3	-1.246120E-6	1.899910E-7
7.873700E+3	-1.214450E-6	1.266610E-7
7.862600E+3	-1.329940E-6	1.117590E-7
7.841300E+3	-1.596290E-6	-5.960510E-8
7.820300E+3	-1.631680E-6	-1.490130E-8
7.810800E+3	-1.644720E-6	3.166520E-8
7.790500E+3	-1.685700E-6	-3.352780E-8
7.780400E+3	-1.648450E-6	5.960510E-8
7.769400E+3	-1.516200E-6	1.676390E-8
7.749800E+3	-1.424930E-6	-1.918530E-7
7.739300E+3	-1.432380E-6	-2.291060E-7
7.718900E+3	-1.413750E-6	-2.626350E-7
7.708900E+3	-1.434240E-6	-1.452870E-7
7.686400E+3	-1.410030E-6	-1.620510E-7
7.675500E+3	-1.478950E-6	-1.117590E-7
7.666600E+3	-1.410030E-6	-1.769520E-7
7.642700E+3	-1.346700E-6	-1.285230E-7
7.642700E+3	-1.346700E-6	-1.285230E-7
7.612200E+3	-1.627960E-6	-1.452870E-7
7.603100E+3	-1.698740E-6	3.725320E-9
7.581900E+3	-1.747170E-6	1.117590E-7
7.572900E+3	-1.696880E-6	1.378370E-7
7.572900E+3	-1.696880E-6	1.378370E-7
7.542300E+3	-1.657760E-6	2.719480E-7
7.518600E+3	-1.735990E-6	9.685800E-8
7.509600E+3	-1.806770E-6	7.823160E-8
7.498700E+3	-1.750890E-6	4.842900E-8
7.476800E+3	-1.771380E-6	3.166520E-8
7.466700E+3	-1.732270E-6	-2.048920E-8
7.446900E+3	-1.708050E-6	7.450630E-8
7.436300E+3	-1.706190E-6	5.774220E-8
7.417000E+3	-1.806770E-6	-3.725310E-8
7.405900E+3	-1.747170E-6	-6.333040E-8
7.386700E+3	-1.799320E-6	1.210730E-7
7.375500E+3	-1.857060E-6	1.359740E-7
7.356100E+3	-1.765790E-6	-1.303860E-7
7.356100E+3	-1.765790E-6	-1.303860E-7
7.325200E+3	-1.739720E-6	-2.067550E-7
7.314500E+3	-1.749030E-6	-1.061710E-7
7.294500E+3	-1.883140E-6	1.452870E-7
7.284400E+3	-1.963240E-6	2.030290E-7
7.264100E+3	-2.020980E-6	5.774220E-8
7.254500E+3	-2.069410E-6	-2.421450E-8
7.242600E+3	-2.043340E-6	-1.415620E-7
7.221500E+3	-2.063830E-6	-2.104800E-7
7.221500E+3	-2.063830E-6	-2.104800E-7
7.201400E+3	-2.000500E-6	-1.173470E-7
7.179600E+3	-1.834710E-6	-5.587960E-9
7.169100E+3	-1.763930E-6	-7.450640E-9
7.169100E+3	-1.763930E-6	-7.450640E-9
7.136700E+3	-1.980010E-6	7.823160E-8
7.136700E+3	-1.980010E-6	7.823160E-8
7.106200E+3	-2.017260E-6	-2.477340E-7
7.083300E+3	-2.250090E-6	-1.564630E-7
7.083300E+3	-2.250090E-6	-1.564630E-7
7.053400E+3	-2.430770E-6	-1.918530E-7
7.043400E+3	-2.272440E-6	-1.452870E-7
7.030300E+3	-2.060100E-6	-2.067550E-7
7.020100E+3	-1.901770E-6	-1.750900E-7
6.996900E+3	-1.739720E-6	-1.564630E-7
6.986900E+3	-1.788150E-6	-2.551840E-7
6.964400E+3	-2.106670E-6	-9.313270E-8
6.953700E+3	-2.104800E-6	-1.136220E-7
6.933800E+3	-2.082450E-6	-1.676390E-8
6.933800E+3	-2.082450E-6	-1.676390E-8
6.923600E+3	-2.207250E-6	3.725320E-9
6.893900E+3	-2.121570E-6	-7.823160E-8
6.873900E+3	-2.114120E-6	-2.123420E-7
6.863800E+3	-2.143920E-6	-2.365570E-7
6.843300E+3	-2.345080E-6	-2.309690E-7
6.833800E+3	-2.468020E-6	-2.216560E-7
6.824100E+3	-2.501550E-6	-2.440080E-7
6.800700E+3	-2.428900E-6	-1.210730E-7
6.790700E+3	-2.328320E-6	-1.024460E-7
6.790700E+3	-2.328320E-6	-1.024460E-7
6.760800E+3	-2.417730E-6	-5.774220E-8
6.737100E+3	-2.417730E-6	-2.440080E-7
6.727200E+3	-2.430770E-6	-3.743930E-7
6.714000E+3	-2.555560E-6	-3.296900E-7
6.691500E+3	-2.533210E-6	-1.490130E-8
6.681500E+3	-2.447530E-6	1.043090E-7
6.670200E+3	-2.432630E-6	2.812610E-7
6.648800E+3	-2.414000E-6	3.129260E-7
6.648800E+3	-2.414000E-6	3.129260E-7
6.618300E+3	-2.559290E-6	7.823160E-8
6.607100E+3	-2.561150E-6	-9.872060E-8
6.607100E+3	-2.561150E-6	-9.872060E-8
6.574700E+3	-2.499680E-6	-3.147890E-7
6.564900E+3	-2.507130E-6	-2.943000E-7
6.542400E+3	-2.702710E-6	-1.862650E-7
6.531900E+3	-2.747420E-6	-1.881280E-7
6.520100E+3	-2.782810E-6	-1.788150E-7
6.498900E+3	-2.756730E-6	-1.210730E-7
6.489900E+3	-2.756730E-6	-1.210730E-7
6.469100E+3	-2.989560E-6	-9.313270E-8
6.460000E+3	-2.989560E-6	-2.216560E-7
6.438800E+3	-2.946720E-6	-5.215430E-8
6.429800E+3	-2.875940E-6	-1.899910E-7
6.429800E+3	-2.875940E-6	-1.899910E-7
6.399200E+3	-2.788390E-6	-2.440080E-7
6.375600E+3	-2.786530E-6	-1.564630E-7
6.366600E+3	-2.788390E-6	-1.657760E-7
6.345400E+3	-2.851720E-6	-1.378370E-7
6.336200E+3	-2.812610E-6	-2.272440E-7
6.324900E+3	-2.810750E-6	-2.272440E-7
6.324900E+3	-2.810750E-6	-2.384200E-7
6.294400E+3	-2.913190E-6	-2.067550E-7
6.294400E+3	-2.913190E-6	-2.067550E-7
6.264100E+3	-2.946720E-6	5.587960E-8
6.264100E+3	-2.946720E-6	5.587960E-8
6.233900E+3	-3.198180E-6	3.352780E-8
6.213700E+3	-3.241020E-6	-5.587960E-8
6.203900E+3	-3.190730E-6	-1.546000E-7
6.181300E+3	-3.151610E-6	-9.685800E-8
6.170800E+3	-3.192590E-6	-4.656640E-8
6.161800E+3	-3.213080E-6	-1.229350E-7
6.137600E+3	-3.404930E-6	1.303860E-8
6.137600E+3	-3.404930E-6	1.303860E-8
6.104700E+3	-3.434730E-6	5.960510E-8
6.095700E+3	-3.578160E-6	1.415620E-7
6.095700E+3	-3.578160E-6	1.415620E-7
6.065500E+3	-3.630310E-6	4.097840E-8
6.054400E+3	-3.591190E-6	9.313280E-9
6.032400E+3	-3.740210E-6	6.891830E-8
6.022100E+3	-3.781180E-6	-1.490130E-8
6.002200E+3	-3.660110E-6	-1.173470E-7
5.989600E+3	-3.729030E-6	-9.499540E-8
5.978200E+3	-3.689910E-6	-1.657760E-7
5.978200E+3	-3.689910E-6	-1.657760E-7
5.945500E+3	-3.904130E-6	-1.769520E-7
5.935500E+3	-3.991680E-6	-7.078100E-8
5.913200E+3	-4.055010E-6	-8.754480E-8
5.913200E+3	-4.055010E-6	-8.754480E-8
5.879600E+3	-4.000990E-6	-1.452870E-7
5.879600E+3	-4.000990E-6	-1.452870E-7
5.859900E+3	-4.101570E-6	-3.445910E-7
5.835800E+3	-4.354890E-6	-3.352780E-7
5.826700E+3	-4.470380E-6	-3.352780E-7
5.805500E+3	-4.349310E-6	-2.514590E-7
5.793500E+3	-4.412640E-6	-9.872060E-8
5.772600E+3	-4.459200E-6	-4.284110E-8
5.763500E+3	-4.529980E-6	1.210730E-7
5.763500E+3	-4.529980E-6	1.210730E-7
5.753500E+3	-4.518810E-6	2.607720E-7
5.721300E+3	-4.543020E-6	2.514590E-7
5.697500E+3	-4.626840E-6	2.589090E-7
5.697500E+3	-4.626840E-6	2.589090E-7
5.677600E+3	-4.658500E-6	9.313270E-8
5.658200E+3	-4.639880E-6	-3.166520E-8
5.645100E+3	-4.656640E-6	-2.421450E-8
5.624900E+3	-4.626840E-6	-1.266610E-7
5.614300E+3	-4.630560E-6	-1.825400E-7
5.614300E+3	-4.630560E-6	-1.825400E-7
5.583600E+3	-4.801930E-6	-2.104800E-7
5.564500E+3	-5.042210E-6	-1.415620E-7
5.553200E+3	-5.094360E-6	-1.937160E-7
5.533900E+3	-5.142790E-6	-2.011670E-7
5.522800E+3	-5.269450E-6	6.333040E-8
5.503400E+3	-5.228470E-6	1.154840E-7
5.503400E+3	-5.228470E-6	1.154840E-7
5.483700E+3	-5.058970E-6	8.754480E-8
5.459300E+3	-5.161420E-6	-1.285230E-7
5.450500E+3	-5.167010E-6	-1.601880E-7
5.429200E+3	-5.194950E-6	-2.738110E-7
5.420200E+3	-5.144660E-6	-3.557670E-7
5.398900E+3	-5.131620E-6	-1.993040E-7
5.398900E+3	-5.131620E-6	-1.993040E-7
5.368900E+3	-5.161420E-6	-9.499540E-8
5.356900E+3	-5.368170E-6	-9.872060E-8
5.345600E+3	-5.479930E-6	-1.229350E-7
5.326600E+3	-5.630810E-6	-1.322490E-7
5.315400E+3	-5.664330E-6	-2.570470E-7
5.294400E+3	-5.733250E-6	-2.123420E-7
5.283400E+3	-5.746290E-6	-3.092010E-7
5.283400E+3	-5.746290E-6	-3.092010E-7
5.252700E+3	-5.828250E-6	-9.127010E-8
5.233400E+3	-5.742560E-6	1.676390E-8
5.222200E+3	-5.593550E-6	-7.823160E-8
5.222200E+3	-5.593550E-6	-7.823160E-8
5.189500E+3	-5.602870E-6	-1.695020E-7
5.189500E+3	-5.602870E-6	-1.695020E-7
5.159000E+3	-5.656880E-6	-1.937160E-7
5.149800E+3	-5.785400E-6	-5.494840E-7
5.126500E+3	-5.979120E-6	-6.202640E-7
5.116600E+3	-6.128130E-6	-5.513470E-7
5.095800E+3	-6.299490E-6	-5.904620E-7
5.086400E+3	-6.444780E-6	-4.526250E-7
5.086400E+3	-6.444780E-6	-4.526250E-7
5.055900E+3	-6.562130E-6	-1.862650E-7
5.043600E+3	-6.591930E-6	-7.264360E-8
5.022600E+3	-6.636630E-6	-1.341110E-7
5.022600E+3	-6.636630E-6	-1.341110E-7
4.999900E+3	-6.767020E-6	-1.192100E-7
4.977600E+3	-6.999850E-6	-1.173470E-7
4.977600E+3	-6.999850E-6	-1.173470E-7
4.944500E+3	-7.120920E-6	-1.881280E-7
4.934300E+3	-7.113470E-6	-1.322490E-7
4.923300E+3	-7.104160E-6	-1.546000E-7
4.901700E+3	-7.241990E-6	-1.285230E-7
4.890400E+3	-7.361200E-6	-5.960510E-8
4.871000E+3	-7.530700E-6	-6.333040E-8
4.859800E+3	-7.521390E-6	-3.352780E-8
4.840300E+3	-7.413360E-6	-6.519300E-8
4.829600E+3	-7.495310E-6	-5.215430E-8
4.817500E+3	-7.538150E-6	-1.862660E-8
4.796600E+3	-7.567960E-6	-8.381950E-8
4.787500E+3	-7.646220E-6	-5.774220E-8
4.766500E+3	-7.735620E-6	-3.296900E-7
4.757500E+3	-7.791500E-6	-3.427290E-7
4.736400E+3	-7.933060E-6	-2.011670E-7
4.727400E+3	-8.076490E-6	-1.508750E-7
4.706500E+3	-8.100700E-6	-1.732270E-7
4.694500E+3	-8.134230E-6	-1.546000E-7
4.684000E+3	-8.104430E-6	-2.291060E-7
4.664200E+3	-8.104430E-6	-2.291060E-7
4.653100E+3	-8.042960E-6	-1.825400E-7
4.630900E+3	-8.354020E-6	-1.154840E-7
4.620500E+3	-8.402450E-6	-1.154840E-7
4.600500E+3	-8.529110E-6	-1.359740E-7
4.589700E+3	-8.614790E-6	-2.067550E-7
4.570300E+3	-8.702340E-6	-1.601880E-7
4.559000E+3	-8.717240E-6	-2.402830E-7
4.546300E+3	-8.706060E-6	-3.278270E-7
4.525000E+3	-8.832720E-6	-2.719480E-7
4.525000E+3	-8.832720E-6	-2.719480E-7
4.513800E+3	-8.912820E-6	-3.688060E-7
4.483300E+3	-9.143780E-6	-4.339980E-7
4.463900E+3	-9.171720E-6	-2.384200E-7
4.453000E+3	-9.309560E-6	-1.862650E-7
4.453000E+3	-9.309560E-6	-1.862650E-7
4.420100E+3	-9.689540E-6	-3.483160E-7
4.420100E+3	-9.689540E-6	-3.483160E-7
4.389600E+3	-9.864630E-6	-4.339980E-7
4.389600E+3	-9.864630E-6	-4.339980E-7
4.356900E+3	-1.000060E-5	-1.173470E-7
4.347300E+3	-1.015150E-5	-2.980250E-8
4.334800E+3	-1.029300E-5	-3.166520E-8
4.314200E+3	-1.050540E-5	-2.943000E-7
4.302000E+3	-1.067490E-5	-3.445910E-7
4.280800E+3	-1.079970E-5	-3.743930E-7
4.280800E+3	-1.079970E-5	-3.743930E-7
4.260300E+3	-1.082020E-5	-4.600750E-7
4.238600E+3	-1.101020E-5	-4.731140E-7
4.227500E+3	-1.107530E-5	-4.488990E-7
4.208000E+3	-1.150560E-5	-3.967450E-7
4.196700E+3	-1.152240E-5	-3.185140E-7
4.177500E+3	-1.154470E-5	-1.825400E-7
4.166200E+3	-1.146650E-5	-2.700850E-7
4.147000E+3	-1.145350E-5	-5.178190E-7
4.135900E+3	-1.146840E-5	-5.122310E-7
4.116300E+3	-1.165650E-5	-5.383080E-7
4.105700E+3	-1.176450E-5	-4.805660E-7
4.085600E+3	-1.196010E-5	-5.681100E-7
4.075600E+3	-1.208300E-5	-6.109510E-7
4.075600E+3	-1.208300E-5	-6.109510E-7
4.056200E+3	-1.231210E-5	-4.917420E-7
4.025200E+3	-1.240150E-5	-4.917420E-7
4.015100E+3	-1.248910E-5	-5.457590E-7
3.994400E+3	-1.268650E-5	-4.544870E-7
3.985000E+3	-1.251140E-5	-3.147890E-7
3.963800E+3	-1.272560E-5	-3.818440E-7
3.963800E+3	-1.272560E-5	-3.818440E-7
3.944400E+3	-1.321550E-5	-4.991930E-7
3.921500E+3	-1.345210E-5	-4.265480E-7
3.910700E+3	-1.345580E-5	-4.172340E-7
3.891300E+3	-1.368120E-5	-4.526250E-7
3.881000E+3	-1.367560E-5	-4.433110E-7
3.860800E+3	-1.358250E-5	-5.103680E-7
3.850100E+3	-1.361790E-5	-4.209600E-7
3.830400E+3	-1.378920E-5	-4.861540E-7
3.819300E+3	-1.376870E-5	-6.053630E-7
3.800100E+3	-1.393080E-5	-5.215440E-7
3.788800E+3	-1.399410E-5	-4.302730E-7
3.769700E+3	-1.416170E-5	-2.626350E-7
3.758500E+3	-1.424740E-5	-2.328320E-7
3.739200E+3	-1.430330E-5	-2.943000E-7
3.728300E+3	-1.442620E-5	-2.533220E-7
3.708300E+3	-1.476900E-5	-1.750900E-7
3.697900E+3	-1.493470E-5	-2.272440E-7
3.677500E+3	-1.516940E-5	-3.296900E-7
3.667700E+3	-1.526080E-5	-3.185140E-7
3.667700E+3	-1.526080E-5	-3.185140E-7
3.637500E+3	-1.553460E-5	-3.129260E-7
3.627400E+3	-1.554760E-5	-3.557670E-7
3.627400E+3	-1.554760E-5	-3.557670E-7
3.595100E+3	-1.547120E-5	-2.775360E-7
3.574500E+3	-1.538000E-5	-3.017500E-7
3.564600E+3	-1.529060E-5	-3.594920E-7
3.564600E+3	-1.529060E-5	-3.594920E-7
3.533800E+3	-1.484910E-5	-4.041960E-7
3.522900E+3	-1.472800E-5	-2.756730E-7
3.501200E+3	-1.424000E-5	-2.365570E-7
3.489800E+3	-1.406120E-5	-2.067550E-7
3.470400E+3	-1.390100E-5	-1.378370E-7
3.459300E+3	-1.378740E-5	-2.011670E-7
3.459300E+3	-1.378740E-5	-2.011670E-7
3.429200E+3	-1.295850E-5	-1.918530E-7
3.409200E+3	-1.218180E-5	-2.682230E-7
3.399300E+3	-1.174400E-5	-2.291060E-7
3.378700E+3	-1.049230E-5	-2.570470E-7
3.378700E+3	-1.049230E-5	-2.570470E-7
3.346300E+3	-7.651800E-6	-2.048920E-7
3.336100E+3	-6.830350E-6	-1.285230E-7
3.315700E+3	-4.949080E-6	-1.341110E-7
3.305900E+3	-3.961880E-6	1.490130E-8
3.284900E+3	-2.006080E-6	-1.043090E-7
3.275600E+3	-1.084070E-6	2.235190E-8
3.275600E+3	-1.084070E-6	2.235190E-8
3.242300E+3	2.218420E-6	1.005830E-7
3.233000E+3	3.170240E-6	1.713640E-7
3.212300E+3	5.120440E-6	2.775360E-7
3.212300E+3	5.120440E-6	2.775360E-7
3.179000E+3	8.063450E-6	1.639140E-7
3.169900E+3	9.089770E-6	1.434250E-7
3.158500E+3	9.885120E-6	1.434250E-7
3.136800E+3	1.090960E-5	3.092010E-7
3.126100E+3	1.166390E-5	3.762560E-7
3.106600E+3	1.286530E-5	5.792860E-7
3.092700E+3	1.332910E-5	5.904620E-7
3.082600E+3	1.364950E-5	5.438960E-7
3.062200E+3	1.449520E-5	3.259650E-7
3.052600E+3	1.479690E-5	4.526250E-7
3.030000E+3	1.531110E-5	3.632180E-7
3.019600E+3	1.532600E-5	4.600750E-7
2.999400E+3	1.573200E-5	4.600750E-7
2.989500E+3	1.570970E-5	4.842910E-7
2.968700E+3	1.569100E-5	3.315530E-7
2.959300E+3	1.560160E-5	3.576300E-7
2.947200E+3	1.544700E-5	3.464540E-7
2.923100E+3	1.552530E-5	3.390030E-7
2.914000E+3	1.551600E-5	4.433110E-7
2.914000E+3	1.551600E-5	4.433110E-7
2.884000E+3	1.573760E-5	4.209600E-7
2.873200E+3	1.568550E-5	4.209600E-7
2.851100E+3	1.569660E-5	5.755610E-7
2.841100E+3	1.570780E-5	4.787030E-7
2.817800E+3	1.551600E-5	6.370280E-7
2.808500E+3	1.542840E-5	7.823150E-7
2.794400E+3	1.531850E-5	8.102540E-7
2.775000E+3	1.499990E-5	7.804520E-7
2.763600E+3	1.499440E-5	7.245730E-7
2.754200E+3	1.515080E-5	6.463420E-7
2.730700E+3	1.512660E-5	5.625220E-7
2.720400E+3	1.491800E-5	6.444790E-7
2.720400E+3	1.491800E-5	6.444790E-7
2.690100E+3	1.466280E-5	6.482040E-7
2.669100E+3	1.454550E-5	5.830120E-7
2.660000E+3	1.436850E-5	6.500670E-7
2.636400E+3	1.438340E-5	4.097840E-7
2.626400E+3	1.438340E-5	4.097840E-7
2.616900E+3	1.402950E-5	5.103680E-7
2.616900E+3	1.402950E-5	5.103680E-7
2.593000E+3	1.394750E-5	2.924370E-7
2.583900E+3	1.378550E-5	2.682230E-7
2.550700E+3	1.344280E-5	1.993040E-7
2.538600E+3	1.326400E-5	3.594920E-7
2.538600E+3	1.326400E-5	3.594920E-7
2.505200E+3	1.309630E-5	5.736980E-7
2.494000E+3	1.309630E-5	5.736980E-7
2.472300E+3	1.322860E-5	5.047800E-7
2.461300E+3	1.324160E-5	5.010550E-7
2.439100E+3	1.313360E-5	5.923250E-7
2.429000E+3	1.307210E-5	5.383080E-7
2.417800E+3	1.296410E-5	3.334150E-7
2.417800E+3	1.296410E-5	3.334150E-7
2.384900E+3	1.257290E-5	3.166510E-7
2.372200E+3	1.258780E-5	2.775360E-7
2.352100E+3	1.226930E-5	4.470370E-7
2.339000E+3	1.227120E-5	3.483160E-7
2.329700E+3	1.217060E-5	4.153720E-7
2.305400E+3	1.200670E-5	3.017500E-7
2.305400E+3	1.200670E-5	3.017500E-7
2.274900E+3	1.194890E-5	3.483160E-7
2.266000E+3	1.185390E-5	3.650800E-7
2.244800E+3	1.192280E-5	2.514590E-7
2.235700E+3	1.186880E-5	3.092010E-7
2.235700E+3	1.186880E-5	3.092010E-7
2.205200E+3	1.185390E-5	3.110640E-7
2.184000E+3	1.160250E-5	6.500670E-7
2.174800E+3	1.151120E-5	7.525120E-7
2.153700E+3	1.146840E-5	6.686930E-7
2.144200E+3	1.163600E-5	5.047800E-7
2.123600E+3	1.144600E-5	3.948830E-7
2.113400E+3	1.152980E-5	2.570470E-7
2.093300E+3	1.152980E-5	2.570470E-7
2.082500E+3	1.118340E-5	2.663600E-7
2.062600E+3	1.116100E-5	4.563500E-7
2.051300E+3	1.121880E-5	4.358610E-7
2.031500E+3	1.103440E-5	6.146770E-7
2.019900E+3	1.109210E-5	4.116460E-7
1.999800E+3	1.116290E-5	5.438960E-7
1.988100E+3	1.112190E-5	4.656630E-7
1.975500E+3	1.097290E-5	3.315530E-7
1.955800E+3	1.082200E-5	2.104800E-7
1.944800E+3	1.069540E-5	2.142050E-7
1.922100E+3	1.047740E-5	6.333040E-8
1.911400E+3	1.038620E-5	1.266610E-7
1.911400E+3	1.038620E-5	1.266610E-7
1.878700E+3	1.073450E-5	2.216560E-7
1.869900E+3	1.073820E-5	3.445910E-7
1.849000E+3	1.071590E-5	5.085060E-7
1.849000E+3	1.071590E-5	5.085060E-7
1.819900E+3	1.043090E-5	7.879030E-7
1.819900E+3	1.043090E-5	7.879030E-7
1.800200E+3	1.032280E-5	5.830120E-7
1.779400E+3	1.019620E-5	3.799810E-7
1.759000E+3	1.002670E-5	3.520420E-7
1.750300E+3	9.974520E-6	3.315530E-7
1.739600E+3	9.967070E-6	2.812610E-7
1.739600E+3	9.967070E-6	2.812610E-7
1.721300E+3	9.916780E-6	3.017500E-7
1.691900E+3	9.844140E-6	5.047800E-7
1.681000E+3	9.872080E-6	4.768410E-7
1.662300E+3	9.762180E-6	3.352780E-7
1.651800E+3	9.529350E-6	4.451740E-7
1.630900E+3	9.384060E-6	3.557670E-7
1.619800E+3	9.499550E-6	2.514590E-7
1.610800E+3	9.499550E-6	3.017500E-7
1.587900E+3	9.540530E-6	2.589090E-7
1.578000E+3	9.641110E-6	1.993040E-7
1.554900E+3	9.674640E-6	1.415620E-7
1.554900E+3	9.674640E-6	1.415620E-7
1.533300E+3	9.583370E-6	1.341110E-7
1.512100E+3	9.536800E-6	2.030290E-7
1.503100E+3	9.609440E-6	1.434250E-7
1.479100E+3	9.689540E-6	2.086170E-7
1.469900E+3	9.443670E-6	2.868490E-7
1.448700E+3	9.341220E-6	2.440080E-7
1.439800E+3	9.292790E-6	3.371410E-7
1.418800E+3	9.404550E-6	4.060580E-7
1.409700E+3	9.436220E-6	3.483160E-7
1.389200E+3	9.423180E-6	8.754480E-8
1.379800E+3	9.434360E-6	-1.452870E-7
1.359800E+3	9.274170E-6	5.215430E-8
1.350000E+3	9.322600E-6	1.303860E-8
1.337300E+3	9.372890E-6	-4.097840E-8
1.318900E+3	9.136330E-6	1.732270E-7
1.308100E+3	9.147510E-6	1.359740E-7
1.290000E+3	9.052510E-6	2.943000E-7
1.279500E+3	8.994770E-6	3.650800E-7
1.261400E+3	8.953790E-6	3.986080E-7
1.251400E+3	8.881150E-6	4.414490E-7
1.233200E+3	9.005950E-6	1.266610E-7
1.223800E+3	8.985460E-6	1.844030E-7
1.205300E+3	8.771250E-6	2.458710E-7
1.196800E+3	8.512350E-6	2.421460E-7
1.196800E+3	8.512350E-6	2.421460E-7
1.170100E+3	8.454600E-6	1.657760E-7
1.151500E+3	8.523520E-6	5.587960E-8
1.143900E+3	8.510480E-6	1.490130E-8
1.125400E+3	8.493720E-6	-1.080340E-7
1.117900E+3	8.491860E-6	-2.533220E-7
1.117900E+3	8.491860E-6	-2.533220E-7
1.091900E+3	8.402450E-6	-2.682230E-7
1.082100E+3	8.482540E-6	-2.160680E-7
1.064200E+3	8.463920E-6	8.195680E-8
1.054800E+3	8.596170E-6	9.313280E-9
1.054800E+3	8.596170E-6	9.313280E-9
1.038800E+3	8.668810E-6	6.891830E-8
1.029200E+3	8.637140E-6	1.136220E-7
1.002300E+3	8.519800E-6	1.322490E-7
1.002300E+3	8.560780E-6	-2.048920E-8
9.769000E+2	8.365200E-6	-4.470370E-8
9.687000E+2	8.339120E-6	3.725320E-9
9.515000E+2	8.296280E-6	0.000000E+0
9.411000E+2	8.314910E-6	5.587960E-9
9.339000E+2	8.184520E-6	1.732270E-7
9.139000E+2	8.184520E-6	2.384200E-7
9.139000E+2	8.184520E-6	2.384200E-7
8.887000E+2	8.147270E-6	1.732270E-7
8.816000E+2	8.244130E-6	1.415620E-7
8.637000E+2	8.210600E-6	1.117590E-7
8.540000E+2	8.152860E-6	1.806770E-7
8.363000E+2	8.085800E-6	1.601880E-7
8.288000E+2	8.098840E-6	1.266610E-7
8.288000E+2	8.098840E-6	1.266610E-7
8.193000E+2	8.309320E-6	3.166520E-8
7.925000E+2	8.344710E-6	-3.352780E-8
7.765000E+2	8.126780E-6	1.061710E-7
7.671000E+2	8.173350E-6	2.235190E-8
7.516000E+2	8.313040E-6	-8.940740E-8
7.516000E+2	8.313040E-6	-8.940740E-8
7.319000E+2	8.385690E-6	8.195680E-8
7.157000E+2	8.316770E-6	5.587960E-8
7.075000E+2	8.311180E-6	1.899910E-7
7.075000E+2	8.311180E-6	1.899910E-7
6.832000E+2	8.495580E-6	1.471500E-7
6.647000E+2	8.290690E-6	1.341110E-7
6.563000E+2	8.205010E-6	1.899910E-7
6.400000E+2	8.205010E-6	1.899910E-7
6.322000E+2	8.255300E-6	2.197930E-7
6.322000E+2	8.255300E-6	2.197930E-7
6.056000E+2	8.335400E-6	3.948830E-7
5.987000E+2	8.296280E-6	4.749760E-7
5.817000E+2	8.331670E-6	6.426160E-7
5.744000E+2	8.387550E-6	7.599630E-7
5.580000E+2	8.387550E-6	7.599630E-7
5.486000E+2	8.378240E-6	3.576300E-7
5.387000E+2	8.368920E-6	3.743930E-7
5.225000E+2	8.469510E-6	4.246850E-7
5.147000E+2	8.590580E-6	3.576300E-7
4.966000E+2	8.590580E-6	3.576300E-7
4.886000E+2	8.659500E-6	2.849870E-7
4.803000E+2	8.687440E-6	2.644970E-7
4.529000E+2	9.112120E-6	5.029160E-8
4.361000E+2	9.082320E-6	1.322490E-7
3.954000E+2	9.106530E-6	1.993040E-7
3.748000E+2	9.141920E-6	2.384200E-7
3.284000E+2	8.752630E-6	5.047800E-7
2.992000E+2	8.437840E-6	6.314400E-7
2.734000E+2	8.087660E-6	6.016380E-7
2.154000E+2	6.478310E-6	2.793990E-7
1.886000E+2	5.487380E-6	2.961620E-7
1.265000E+2	3.522280E-6	2.589090E-7
9.960000E+1	2.659870E-6	4.041960E-7
9.960000E+1	2.659870E-6	4.041960E-7
8.800000E+0	1.123180E-6	5.364450E-7
-1.990000E+1	9.648570E-7	6.835940E-7
-8.260000E+1	6.947700E-7	5.178190E-7
-1.110000E+2	5.196820E-7	4.339980E-7
-1.382000E+2	2.533220E-7	2.924370E-7
-1.978000E+2	-7.562380E-7	2.589090E-7
-2.248000E+2	-1.188370E-6	1.490130E-8
-2.808000E+2	-2.799570E-6	4.470370E-8
-3.067000E+2	-3.548350E-6	-6.519300E-8
-3.300000E+2	-4.611940E-6	-1.601880E-7
-3.300000E+2	-4.611940E-6	-1.601880E-7
