Sample Name, AUS25x23_32G
Freq, 32, GHz, Power, 10, dBm
SR850: f = 25 Hz; phase = 96 deg; output = 5 V; sens. = 50 uV; tc = 300 ms; 12dB/oct
Field	X	Y
Oe	V	V
*
-7.085000E+2	6.407540E-7	-6.891830E-8
-7.085000E+2	6.407540E-7	-6.891830E-8
-7.073000E+2	5.941870E-7	-3.166520E-8
-7.066000E+2	5.811490E-7	-4.097840E-8
-7.006000E+2	4.749760E-7	4.656640E-8
-6.811000E+2	5.085060E-7	5.774220E-8
-6.699000E+2	5.364450E-7	2.421450E-8
-6.420000E+2	6.649680E-7	-4.842900E-8
-6.273000E+2	6.426160E-7	-5.587960E-9
-6.108000E+2	6.761440E-7	3.539050E-8
-5.753000E+2	7.357480E-7	2.235190E-8
-5.584000E+2	7.599630E-7	-5.587960E-9
-5.281000E+2	7.245730E-7	-2.421450E-8
-5.133000E+2	8.568200E-7	-7.823160E-8
-4.862000E+2	8.568200E-7	-1.247980E-7
-4.721000E+2	8.661340E-7	-2.048920E-7
-4.453000E+2	9.350520E-7	7.823160E-8
-4.335000E+2	9.443650E-7	1.769520E-7
-4.243000E+2	1.013290E-6	1.117590E-7
-4.018000E+2	9.499530E-7	1.247980E-7
-3.938000E+2	1.033780E-6	1.601880E-7
-3.737000E+2	1.115730E-6	1.583260E-7
-3.650000E+2	1.184650E-6	7.636890E-8
-3.545000E+2	1.244250E-6	-3.166520E-8
-3.347000E+2	1.290820E-6	0.000000E+0
-3.261000E+2	1.337390E-6	-1.061710E-7
-3.050000E+2	1.356010E-6	-7.078100E-8
-2.959000E+2	1.439830E-6	-1.303860E-7
-2.744000E+2	1.152980E-6	-1.750900E-7
-2.646000E+2	9.760330E-7	-3.539050E-8
-2.435000E+2	1.134360E-6	-7.636890E-8
-2.330000E+2	1.104560E-6	-4.284110E-8
-2.330000E+2	1.104560E-6	-4.284110E-8
-1.974000E+2	9.276010E-7	7.823160E-8
-1.871000E+2	8.400570E-7	7.823160E-8
-1.669000E+2	7.767270E-7	3.166520E-8
-1.558000E+2	6.854570E-7	5.774220E-8
-1.466000E+2	6.742810E-7	2.607710E-8
-1.236000E+2	6.798690E-7	3.725310E-8
-1.137000E+2	5.848740E-7	3.911580E-8
-9.170000E+1	5.923250E-7	-8.940740E-8
-8.100000E+1	6.277150E-7	-6.519300E-8
-6.130000E+1	4.861540E-7	-8.940740E-8
-5.110000E+1	4.898790E-7	-7.450630E-8
-3.100000E+1	5.774240E-7	-7.450640E-9
-2.130000E+1	6.947700E-7	4.656640E-8
-1.180000E+1	6.519290E-7	-2.235190E-8
-1.180000E+1	6.519290E-7	-2.235190E-8
2.070000E+1	5.234070E-7	-4.284110E-8
4.180000E+1	3.352780E-7	-1.490130E-8
5.110000E+1	2.514590E-7	4.284110E-8
7.160000E+1	9.685800E-8	1.750900E-7
8.150000E+1	3.725320E-9	2.644970E-7
1.018000E+2	-7.823160E-8	1.937160E-7
1.123000E+2	-1.937160E-7	2.216560E-7
1.319000E+2	-1.825400E-7	-1.676390E-8
1.429000E+2	-2.440080E-7	-8.940740E-8
1.557000E+2	-4.060580E-7	-7.078100E-8
1.768000E+2	-5.215440E-7	-1.564630E-7
1.880000E+2	-6.388910E-7	-6.146770E-8
2.072000E+2	-5.234070E-7	-1.285230E-7
2.185000E+2	-3.967450E-7	-2.477340E-7
2.376000E+2	-6.556550E-7	-4.377230E-7
2.487000E+2	-7.599630E-7	-3.241020E-7
2.681000E+2	-8.400570E-7	-2.086170E-7
2.789000E+2	-8.903480E-7	-2.421460E-7
2.987000E+2	-1.160440E-6	-2.458710E-7
3.089000E+2	-1.400720E-6	-1.285230E-7
3.182000E+2	-1.441690E-6	-7.078100E-8
3.423000E+2	-1.469630E-6	4.656640E-8
3.423000E+2	-1.469630E-6	4.656640E-8
3.756000E+2	-1.091520E-6	-4.470370E-8
3.851000E+2	-9.499530E-7	-5.774220E-8
3.974000E+2	-8.977990E-7	-3.166520E-8
4.188000E+2	-1.087790E-6	6.705570E-8
4.281000E+2	-1.128770E-6	1.098970E-7
4.521000E+2	-1.022600E-6	3.911580E-8
4.611000E+2	-1.078480E-6	-5.587960E-8
4.823000E+2	-1.104560E-6	-7.078100E-8
4.913000E+2	-1.003970E-6	-9.127010E-8
5.042000E+2	-1.026320E-6	-7.078100E-8
5.242000E+2	-9.592700E-7	-3.725320E-9
5.347000E+2	-1.002110E-6	8.195680E-8
5.454000E+2	-9.518150E-7	4.097840E-8
5.683000E+2	-9.182880E-7	0.000000E+0
5.787000E+2	-7.897650E-7	-4.656640E-8
5.989000E+2	-7.655510E-7	1.862660E-9
6.088000E+2	-6.966330E-7	-3.352780E-8
6.298000E+2	-6.966330E-7	-6.333040E-8
6.423000E+2	-7.431990E-7	-3.166520E-8
6.515000E+2	-7.059460E-7	-6.146770E-8
6.761000E+2	-7.376110E-7	7.264360E-8
6.854000E+2	-6.593800E-7	3.725320E-9
7.071000E+2	-6.500670E-7	3.166520E-8
7.164000E+2	-6.370280E-7	6.146770E-8
7.383000E+2	-6.221270E-7	1.005830E-7
7.476000E+2	-7.022210E-7	1.322490E-7
7.722000E+2	-6.333030E-7	8.009420E-8
7.722000E+2	-6.333030E-7	8.009420E-8
7.950000E+2	-5.662480E-7	-2.421450E-8
8.153000E+2	-6.035010E-7	5.587960E-9
8.264000E+2	-6.239900E-7	4.470370E-8
8.461000E+2	-5.997750E-7	-5.774220E-8
8.567000E+2	-6.668310E-7	-1.490130E-8
8.774000E+2	-6.165390E-7	-3.166520E-8
8.886000E+2	-6.388910E-7	2.421450E-8
8.994000E+2	-5.774240E-7	1.117590E-8
9.235000E+2	-5.029180E-7	1.676390E-8
9.342000E+2	-5.178190E-7	2.607710E-8
9.578000E+2	-5.234070E-7	-4.656640E-8
9.693000E+2	-5.662480E-7	-1.676390E-8
9.819000E+2	-5.364450E-7	-1.490130E-8
1.003600E+3	-4.805660E-7	1.005830E-7
1.003600E+3	-4.805660E-7	1.005830E-7
1.037400E+3	-4.451740E-7	1.024460E-7
1.047900E+3	-4.116460E-7	4.097840E-8
1.068900E+3	-5.532090E-7	5.587960E-8
1.078700E+3	-4.973300E-7	3.725320E-9
1.088900E+3	-4.917420E-7	5.587960E-9
1.113300E+3	-4.936050E-7	-2.235190E-8
1.122800E+3	-5.662480E-7	-2.793980E-8
1.136000E+3	-5.401710E-7	-2.048920E-8
1.156600E+3	-6.090890E-7	4.470370E-8
1.170400E+3	-6.370280E-7	2.980250E-8
1.191200E+3	-7.357480E-7	6.146770E-8
1.201500E+3	-9.182880E-7	1.434250E-7
1.222900E+3	-9.089740E-7	5.774220E-8
1.233800E+3	-8.940730E-7	1.341110E-7
1.254200E+3	-6.686930E-7	1.154840E-7
1.265500E+3	-6.482040E-7	1.527380E-7
1.285500E+3	-5.308580E-7	1.210730E-7
1.297000E+3	-5.643850E-7	1.918530E-7
1.316600E+3	-5.196820E-7	8.195680E-8
1.328100E+3	-6.277150E-7	-9.313280E-9
1.343700E+3	-6.854570E-7	1.303860E-8
1.363900E+3	-6.314400E-7	-5.587960E-9
1.374300E+3	-5.587970E-7	-3.352780E-8
1.394600E+3	-5.662480E-7	2.793980E-8
1.404400E+3	-4.917420E-7	-7.450640E-9
1.424200E+3	-4.339980E-7	6.146770E-8
1.434200E+3	-3.688060E-7	5.029160E-8
1.454500E+3	-4.190970E-7	5.401690E-8
1.464100E+3	-4.433110E-7	-1.676390E-8
1.476500E+3	-4.284100E-7	-1.173470E-7
1.497100E+3	-4.954670E-7	-2.421450E-8
1.509200E+3	-4.190970E-7	-7.450640E-9
1.520100E+3	-3.818440E-7	7.823160E-8
1.539600E+3	-3.539040E-7	8.009420E-8
1.560500E+3	-3.874320E-7	4.842900E-8
1.570000E+3	-4.079210E-7	3.539050E-8
1.583100E+3	-4.414490E-7	3.352780E-8
1.605300E+3	-4.079210E-7	-7.636890E-8
1.615100E+3	-3.855690E-7	-8.381950E-8
1.626300E+3	-3.874320E-7	-3.911580E-8
1.645500E+3	-3.874320E-7	-3.911580E-8
1.656300E+3	-3.185140E-7	-5.215430E-8
1.676200E+3	-3.501790E-7	-8.940740E-8
1.686400E+3	-2.943000E-7	-1.993040E-7
1.706600E+3	-4.544870E-7	-1.527380E-7
1.706600E+3	-4.544870E-7	-1.527380E-7
1.738700E+3	-4.619380E-7	-2.607710E-8
1.749200E+3	-4.768410E-7	-3.725310E-8
1.758000E+3	-4.731140E-7	-7.264360E-8
1.782000E+3	-5.345830E-7	-3.352780E-8
1.790900E+3	-4.563500E-7	1.490130E-8
1.814300E+3	-4.731140E-7	4.842900E-8
1.823900E+3	-4.749760E-7	1.862660E-8
1.836300E+3	-4.321350E-7	-2.607710E-8
1.856900E+3	-4.079210E-7	-2.607710E-8
1.868900E+3	-3.911570E-7	-6.891830E-8
1.879900E+3	-4.265480E-7	-1.490130E-8
1.902000E+3	-4.135090E-7	-2.048920E-8
1.912000E+3	-5.047800E-7	4.470370E-8
1.931800E+3	-5.234070E-7	8.940740E-8
1.942400E+3	-5.103680E-7	9.872060E-8
1.952800E+3	-4.675260E-7	6.891830E-8
1.974300E+3	-4.526250E-7	8.568210E-8
1.985300E+3	-4.339980E-7	8.381950E-8
2.004700E+3	-3.594920E-7	-1.490130E-8
2.015500E+3	-3.036130E-7	-5.960510E-8
2.037200E+3	-4.153720E-7	-3.539050E-8
2.048500E+3	-4.768410E-7	3.911580E-8
2.057600E+3	-4.973300E-7	-9.313280E-9
2.080900E+3	-5.718360E-7	-1.117590E-8
2.090800E+3	-4.842910E-7	-4.284110E-8
2.114100E+3	-4.954670E-7	1.117590E-8
2.123700E+3	-5.438960E-7	2.421450E-8
2.133200E+3	-5.457590E-7	-1.676390E-8
2.156700E+3	-6.314400E-7	2.048920E-8
2.165700E+3	-6.705560E-7	-7.078100E-8
2.189800E+3	-7.506500E-7	-3.166520E-8
2.189800E+3	-7.506500E-7	-3.166520E-8
2.209400E+3	-7.282980E-7	-7.450630E-8
2.229000E+3	-6.370280E-7	-1.136220E-7
2.250300E+3	-6.109510E-7	-5.401690E-8
2.259300E+3	-5.792860E-7	-3.352780E-8
2.270500E+3	-6.146770E-7	2.980250E-8
2.289600E+3	-5.848740E-7	7.078100E-8
2.309900E+3	-5.103680E-7	1.303860E-8
2.320000E+3	-4.805660E-7	-3.911580E-8
2.333100E+3	-5.234070E-7	9.313280E-9
2.342900E+3	-5.420330E-7	9.313280E-9
2.365000E+3	-5.494840E-7	-1.490130E-8
2.375700E+3	-5.196820E-7	-4.470370E-8
2.397300E+3	-5.513470E-7	-8.381950E-8
2.408500E+3	-5.550720E-7	-1.080340E-7
2.427500E+3	-5.886000E-7	-1.508750E-7
2.438400E+3	-6.146770E-7	-8.940740E-8
2.458000E+3	-5.941870E-7	-1.303860E-8
2.468400E+3	-5.699730E-7	3.725320E-9
2.480300E+3	-5.047800E-7	-2.235190E-8
2.501400E+3	-5.457590E-7	-1.862660E-9
2.510300E+3	-5.085060E-7	-6.146770E-8
2.531400E+3	-5.718360E-7	-5.401690E-8
2.540500E+3	-6.500670E-7	-2.793980E-8
2.561700E+3	-6.239900E-7	-1.117590E-8
2.570700E+3	-5.867370E-7	-5.029160E-8
2.591500E+3	-5.960500E-7	-9.872060E-8
2.601200E+3	-6.277150E-7	-8.940740E-8
2.624500E+3	-6.575170E-7	-6.891830E-8
2.633300E+3	-6.035010E-7	-1.173470E-7
2.646100E+3	-6.072260E-7	-1.285230E-7
2.666100E+3	-7.636880E-7	-6.146770E-8
2.678300E+3	-7.618260E-7	-1.173470E-7
2.689600E+3	-8.251550E-7	-1.098970E-7
2.711600E+3	-8.214300E-7	-8.009420E-8
2.722900E+3	-8.437820E-7	-2.793980E-8
2.742100E+3	-7.208470E-7	-6.519300E-8
2.752600E+3	-7.860400E-7	-2.980250E-8
2.762400E+3	-8.065290E-7	-1.117590E-8
2.786100E+3	-7.785890E-7	-6.146770E-8
2.795600E+3	-7.487870E-7	-1.117590E-7
2.816700E+3	-7.618260E-7	-1.061710E-7
2.825800E+3	-7.525120E-7	-1.508750E-7
2.846900E+3	-7.506500E-7	-8.754480E-8
2.855900E+3	-7.338860E-7	-9.499540E-8
2.876800E+3	-7.953530E-7	-1.154840E-7
2.885800E+3	-7.860400E-7	-1.564630E-7
2.906900E+3	-8.307430E-7	-5.401690E-8
2.915700E+3	-8.307430E-7	-5.401690E-8
2.936600E+3	-7.431990E-7	-2.235190E-8
2.945500E+3	-6.854570E-7	1.676390E-8
2.969300E+3	-7.990780E-7	9.499540E-8
2.978300E+3	-8.884850E-7	6.891830E-8
2.978300E+3	-8.884850E-7	6.891830E-8
3.011300E+3	-9.760330E-7	5.401690E-8
3.023900E+3	-8.549580E-7	3.725320E-9
3.035200E+3	-8.437820E-7	7.264360E-8
3.056500E+3	-6.984960E-7	-1.862660E-9
3.067600E+3	-7.487870E-7	1.862660E-9
3.077700E+3	-7.785890E-7	-3.352780E-8
3.100000E+3	-8.922110E-7	2.793980E-8
3.110800E+3	-8.791720E-7	-2.421450E-8
3.130500E+3	-9.778960E-7	2.421450E-8
3.140700E+3	-9.723080E-7	-1.862660E-8
3.161000E+3	-9.872090E-7	3.725320E-9
3.170700E+3	-9.890720E-7	-1.490130E-8
3.191400E+3	-1.018870E-6	8.940740E-8
3.191400E+3	-1.018870E-6	8.940740E-8
3.223700E+3	-1.011420E-6	7.823160E-8
3.233800E+3	-9.667200E-7	-3.725310E-8
3.242900E+3	-1.061720E-6	1.862660E-9
3.266700E+3	-1.186510E-6	7.450640E-9
3.275600E+3	-1.229350E-6	3.166520E-8
3.299800E+3	-1.218180E-6	6.333040E-8
3.308700E+3	-1.180920E-6	3.725320E-9
3.329700E+3	-1.160440E-6	-2.793980E-8
3.338900E+3	-1.098970E-6	-2.980250E-8
3.349000E+3	-1.207000E-6	5.215430E-8
3.368500E+3	-1.305720E-6	-1.117590E-8
3.379700E+3	-1.393270E-6	-2.011670E-7
3.399200E+3	-1.329940E-6	-3.743930E-7
3.410400E+3	-1.290820E-6	-3.501790E-7
3.432600E+3	-1.367190E-6	-2.738110E-7
3.443900E+3	-1.469630E-6	-1.844030E-7
3.462300E+3	-1.413750E-6	-1.750900E-7
3.473500E+3	-1.475220E-6	-8.009420E-8
3.483200E+3	-1.460320E-6	-1.322490E-7
3.506700E+3	-1.473360E-6	-4.284110E-8
3.516000E+3	-1.428660E-6	-2.421450E-8
3.538900E+3	-1.419340E-6	-4.470370E-8
3.538900E+3	-1.419340E-6	-4.470370E-8
3.558300E+3	-1.445420E-6	-1.247980E-7
3.582200E+3	-1.521790E-6	-7.078100E-8
3.591200E+3	-1.521790E-6	-7.078100E-8
3.614800E+3	-1.629820E-6	-6.891830E-8
3.624200E+3	-1.609330E-6	-9.127010E-8
3.634000E+3	-1.620510E-6	5.587960E-9
3.654300E+3	-1.585120E-6	-5.215430E-8
3.664700E+3	-1.654040E-6	-4.284110E-8
3.687600E+3	-1.689430E-6	-1.359740E-7
3.697200E+3	-1.741580E-6	-9.499540E-8
3.717600E+3	-1.817950E-6	-1.117590E-7
3.727700E+3	-1.937170E-6	-6.333040E-8
3.747700E+3	-1.940890E-6	-7.823160E-8
3.758200E+3	-1.939030E-6	-8.381950E-8
3.777600E+3	-1.996770E-6	-3.166520E-8
3.790400E+3	-2.039610E-6	-7.264360E-8
3.803600E+3	-2.153230E-6	-9.685800E-8
3.823000E+3	-2.186760E-6	-1.136220E-7
3.823000E+3	-2.186760E-6	-1.136220E-7
3.844000E+3	-2.218420E-6	-1.098970E-7
3.867700E+3	-2.251950E-6	-4.842900E-8
3.877000E+3	-2.291070E-6	-4.842900E-8
3.900100E+3	-2.296660E-6	-5.401690E-8
3.900100E+3	-2.296660E-6	-5.401690E-8
3.930500E+3	-2.399100E-6	-8.195680E-8
3.940100E+3	-2.382340E-6	-1.434250E-7
3.949600E+3	-2.441940E-6	-2.570470E-7
3.973200E+3	-2.561150E-6	-1.937160E-7
3.982200E+3	-2.598400E-6	-1.732270E-7
4.003200E+3	-2.687810E-6	-1.918530E-7
4.012500E+3	-2.764180E-6	-1.043090E-7
4.033200E+3	-2.678500E-6	-1.918530E-7
4.043200E+3	-2.708300E-6	-1.676390E-7
4.063500E+3	-2.762320E-6	-2.943000E-7
4.075800E+3	-2.833100E-6	-3.166510E-7
4.087100E+3	-2.956030E-6	-2.700850E-7
4.108700E+3	-3.062200E-6	-2.868490E-7
4.108700E+3	-3.062200E-6	-2.868490E-7
4.138700E+3	-3.308070E-6	-5.029160E-8
4.151500E+3	-3.455220E-6	-1.192100E-7
4.162700E+3	-3.581880E-6	-1.639140E-7
4.182300E+3	-3.753240E-6	-2.924370E-7
4.193100E+3	-3.792360E-6	-3.073380E-7
4.213200E+3	-4.047560E-6	-4.079210E-7
4.223400E+3	-4.079220E-6	-3.911570E-7
4.245600E+3	-4.069910E-6	-2.142050E-7
4.256700E+3	-4.174220E-6	-2.495960E-7
4.276400E+3	-4.224510E-6	-2.384200E-7
4.286900E+3	-4.161180E-6	-2.719480E-7
4.295800E+3	-4.120200E-6	-3.445910E-7
4.319900E+3	-4.477830E-6	-2.719480E-7
4.328900E+3	-4.455480E-6	-2.589090E-7
4.352700E+3	-4.816830E-6	-3.725320E-9
4.361600E+3	-4.867120E-6	-6.519300E-8
4.372500E+3	-5.014270E-6	-7.450630E-8
4.395000E+3	-5.159560E-6	-6.891830E-8
4.405000E+3	-5.167010E-6	-5.587960E-8
4.418300E+3	-5.193080E-6	3.166520E-8
4.437700E+3	-4.902510E-6	-5.960510E-8
4.450700E+3	-4.608210E-6	-1.080340E-7
4.470700E+3	-3.833350E-6	-8.009420E-8
4.481500E+3	-3.293170E-6	-9.499540E-8
4.501100E+3	-2.073140E-6	-9.872060E-8
4.512300E+3	-1.441690E-6	-3.725320E-9
4.531400E+3	-4.004710E-7	6.891830E-8
4.542700E+3	4.842900E-8	8.009420E-8
4.561800E+3	8.884850E-7	1.024460E-7
4.573000E+3	1.374640E-6	5.029160E-8
4.585000E+3	1.730400E-6	2.421450E-8
4.605300E+3	2.618890E-6	-1.247980E-7
4.618000E+3	2.915050E-6	-1.862660E-8
4.638700E+3	3.092010E-6	3.650800E-7
4.638700E+3	3.092010E-6	3.650800E-7
4.668300E+3	3.676880E-6	2.272440E-7
4.678200E+3	3.810990E-6	2.384200E-7
4.687600E+3	3.950700E-6	2.030290E-7
4.711300E+3	3.986090E-6	3.166520E-8
4.711300E+3	3.986090E-6	3.166520E-8
4.744700E+3	4.200290E-6	1.564630E-7
4.753700E+3	4.358620E-6	1.378370E-7
4.766600E+3	4.354890E-6	2.533220E-7
4.786900E+3	4.526260E-6	2.682230E-7
4.797300E+3	4.563510E-6	4.507620E-7
4.817100E+3	4.770260E-6	3.483160E-7
4.828100E+3	4.781440E-6	3.743930E-7
4.847500E+3	4.852220E-6	3.483160E-7
4.858600E+3	4.835460E-6	2.291060E-7
4.878100E+3	4.828010E-6	1.713640E-7
4.889300E+3	4.779580E-6	1.005830E-7
4.901700E+3	4.839180E-6	9.499540E-8
4.922100E+3	4.954670E-6	4.284100E-7
4.934900E+3	4.928590E-6	5.718360E-7
4.943900E+3	4.928590E-6	6.109510E-7
4.967400E+3	4.729290E-6	4.302730E-7
4.967400E+3	4.729290E-6	4.302730E-7
4.997800E+3	4.742320E-6	2.030290E-7
5.006900E+3	4.727420E-6	1.266610E-7
5.030400E+3	4.824280E-6	4.656640E-8
5.040100E+3	4.893200E-6	4.656640E-8
5.052400E+3	5.044070E-6	4.656640E-8
5.073000E+3	5.256410E-6	1.005830E-7
5.082900E+3	5.288080E-6	9.313280E-9
5.103400E+3	5.375620E-6	-1.061710E-7
5.103400E+3	5.375620E-6	-1.061710E-7
5.124200E+3	5.461300E-6	-8.009420E-8
5.146500E+3	5.299250E-6	-1.899910E-7
5.157800E+3	5.265730E-6	-1.993040E-7
5.179300E+3	5.159560E-6	-1.061710E-7
5.190400E+3	5.058970E-6	-7.823160E-8
5.209400E+3	5.196810E-6	-4.097840E-8
5.220500E+3	5.245240E-6	-5.587960E-9
5.233200E+3	5.153970E-6	5.587960E-8
5.252900E+3	5.103680E-6	1.043090E-7
5.263200E+3	5.230340E-6	1.806770E-7
5.283400E+3	5.360720E-6	2.961620E-7
5.296200E+3	5.438950E-6	3.725310E-7
5.315600E+3	5.383070E-6	4.638000E-7
5.326300E+3	5.329060E-6	3.948830E-7
5.335300E+3	5.334640E-6	4.377230E-7
5.359500E+3	5.479930E-6	2.197930E-7
5.368500E+3	5.524630E-6	2.179300E-7
5.389600E+3	5.615900E-6	3.129260E-7
5.399200E+3	5.677370E-6	3.427290E-7
5.423000E+3	5.677370E-6	3.427290E-7
5.432000E+3	5.628940E-6	2.570470E-7
5.443100E+3	5.515320E-6	1.639140E-7
5.462400E+3	5.366310E-6	8.568210E-8
5.483000E+3	5.183770E-6	1.993040E-7
5.492800E+3	5.189360E-6	2.011670E-7
5.504000E+3	5.334640E-6	1.452870E-7
5.525400E+3	5.422190E-6	3.278270E-7
5.536500E+3	5.468760E-6	4.041960E-7
5.536500E+3	5.468760E-6	4.041960E-7
5.566800E+3	5.338370E-6	3.818440E-7
5.585900E+3	5.431500E-6	3.818440E-7
5.597000E+3	5.541400E-6	2.458710E-7
5.597000E+3	5.541400E-6	2.458710E-7
5.629600E+3	5.483660E-6	-3.352780E-8
5.639100E+3	5.506010E-6	-1.024460E-7
5.662100E+3	5.627080E-6	8.754480E-8
5.672400E+3	5.682960E-6	1.825400E-7
5.681400E+3	5.675510E-6	3.352780E-7
5.705500E+3	5.608450E-6	3.166510E-7
5.714600E+3	5.621490E-6	3.278270E-7
5.738800E+3	5.601000E-6	3.892950E-7
5.747800E+3	5.632670E-6	3.930200E-7
5.760300E+3	5.658750E-6	3.613550E-7
5.780800E+3	5.671780E-6	2.197930E-7
5.790900E+3	5.655020E-6	1.732270E-7
5.811200E+3	5.748150E-6	-2.421450E-8
5.821800E+3	5.748150E-6	6.146770E-8
5.841400E+3	5.798440E-6	3.315530E-7
5.854200E+3	5.759330E-6	2.048920E-7
5.865500E+3	5.817070E-6	1.154840E-7
5.884900E+3	5.884130E-6	2.551840E-7
5.895700E+3	6.001470E-6	2.626350E-7
5.915600E+3	6.018240E-6	3.371410E-7
5.928600E+3	6.025690E-6	2.626350E-7
5.928600E+3	6.025690E-6	2.626350E-7
5.958800E+3	5.984710E-6	1.266610E-7
5.978600E+3	5.889710E-6	9.499540E-8
5.989100E+3	5.859910E-6	1.154840E-7
6.001000E+3	5.900890E-6	1.434250E-7
6.022100E+3	5.943730E-6	9.499540E-8
6.031100E+3	6.014510E-6	7.264360E-8
6.052400E+3	6.258520E-6	-3.725310E-8
6.061300E+3	6.301360E-6	-1.639140E-7
6.074100E+3	6.308810E-6	-2.943000E-7
6.097900E+3	6.169110E-6	-3.650800E-7
6.097900E+3	6.169110E-6	-3.650800E-7
6.128100E+3	6.176560E-6	-6.891830E-8
6.137300E+3	6.210090E-6	7.078100E-8
6.157900E+3	6.448510E-6	2.458710E-7
6.167800E+3	6.461550E-6	2.346940E-7
6.188000E+3	6.433610E-6	1.490130E-7
6.198400E+3	6.379590E-6	1.639140E-7
6.221300E+3	6.346060E-6	5.774220E-8
6.230900E+3	6.284590E-6	6.891830E-8
6.242200E+3	6.271560E-6	1.750900E-7
6.263700E+3	6.234300E-6	4.265480E-7
6.274800E+3	6.189600E-6	3.986080E-7
6.287900E+3	6.167250E-6	4.116460E-7
6.308300E+3	6.191460E-6	2.123420E-7
6.321000E+3	6.167250E-6	1.955790E-7
6.340800E+3	6.301360E-6	1.303860E-7
6.351200E+3	6.301360E-6	1.303860E-7
6.371300E+3	6.435470E-6	1.490130E-8
6.381200E+3	6.435470E-6	1.490130E-8
6.401800E+3	6.560270E-6	1.583260E-7
6.411300E+3	6.577030E-6	1.490130E-7
6.423400E+3	6.699960E-6	9.127010E-8
6.444600E+3	6.703690E-6	1.359740E-7
6.453900E+3	6.662710E-6	1.806770E-7
6.475000E+3	6.649670E-6	5.029160E-8
6.484800E+3	6.644080E-6	-7.450640E-9
6.505400E+3	6.718590E-6	-1.154840E-7
6.515800E+3	6.683200E-6	-1.341110E-7
6.539200E+3	6.586340E-6	-1.024460E-7
6.548600E+3	6.696240E-6	-2.048920E-8
6.559900E+3	6.735350E-6	1.434250E-7
6.581500E+3	7.001710E-6	2.365570E-7
6.592600E+3	7.115330E-6	2.197930E-7
6.612000E+3	7.228950E-6	1.341110E-7
6.624900E+3	7.176800E-6	1.098970E-7
6.624900E+3	7.176800E-6	1.098970E-7
6.655400E+3	7.219640E-6	5.587960E-8
6.665800E+3	7.243860E-6	3.725310E-8
6.686000E+3	7.128370E-6	1.266610E-7
6.695900E+3	7.163760E-6	1.154840E-7
6.718400E+3	7.217780E-6	4.097840E-8
6.729200E+3	7.309050E-6	1.676390E-8
6.738300E+3	7.361200E-6	-1.862660E-9
6.762400E+3	7.446880E-6	-2.793980E-8
6.771800E+3	7.543740E-6	-1.527380E-7
6.793100E+3	7.642490E-6	-7.264360E-8
6.802100E+3	7.666710E-6	1.303860E-8
6.823400E+3	7.623840E-6	1.620510E-7
6.832400E+3	7.616390E-6	1.247980E-7
6.853400E+3	7.690920E-6	9.499540E-8
6.862800E+3	7.765430E-6	1.266610E-7
6.874100E+3	7.836210E-6	1.229350E-7
6.896300E+3	7.851110E-6	5.587960E-8
6.907600E+3	7.798950E-6	9.685800E-8
6.926100E+3	7.858560E-6	9.313270E-8
6.937400E+3	7.927480E-6	6.891830E-8
6.956800E+3	7.962870E-6	1.266610E-7
6.970900E+3	7.905120E-6	1.620510E-7
6.990400E+3	7.947970E-6	1.527380E-7
7.001600E+3	8.015020E-6	8.754480E-8
7.021200E+3	8.044820E-6	6.333040E-8
7.031400E+3	8.108150E-6	7.636890E-8
7.040700E+3	8.145410E-6	1.341110E-7
7.064900E+3	8.503030E-6	1.546000E-7
7.074200E+3	8.503030E-6	1.955790E-7
7.095600E+3	8.342850E-6	1.508750E-7
7.104600E+3	8.402450E-6	8.381950E-8
7.125900E+3	8.393140E-6	-8.381950E-8
7.135000E+3	8.424800E-6	-7.450630E-8
7.156100E+3	8.454600E-6	3.725320E-9
7.165100E+3	8.512350E-6	5.587960E-9
7.186300E+3	8.672530E-6	1.303860E-8
7.195400E+3	8.702340E-6	4.097840E-8
7.216400E+3	8.834580E-6	1.154840E-7
7.225900E+3	8.914680E-6	1.378370E-7
7.249400E+3	9.125160E-6	8.195680E-8
7.259200E+3	9.134470E-6	6.891830E-8
7.270300E+3	9.119570E-6	8.754480E-8
7.291800E+3	9.145650E-6	1.117590E-7
7.303000E+3	9.151230E-6	1.341110E-7
7.322500E+3	9.255540E-6	9.127010E-8
7.322500E+3	9.255540E-6	9.127010E-8
7.353300E+3	9.354260E-6	5.587960E-8
7.364500E+3	9.406420E-6	5.774220E-8
7.373600E+3	9.493960E-6	2.421450E-8
7.397400E+3	9.596410E-6	3.725320E-9
7.407000E+3	9.639250E-6	-1.490130E-8
7.407000E+3	9.639250E-6	-1.490130E-8
7.440500E+3	9.780810E-6	0.000000E+0
7.452500E+3	9.844140E-6	7.450640E-9
7.473700E+3	9.907470E-6	9.313280E-9
7.482800E+3	9.946580E-6	-1.490130E-8
7.504100E+3	1.006580E-5	0.000000E+0
7.516200E+3	1.014590E-5	-9.313280E-9
7.526000E+3	1.017940E-5	-1.862660E-9
7.549300E+3	1.029860E-5	5.960510E-8
7.559400E+3	1.038620E-5	1.043090E-7
7.582800E+3	1.051100E-5	1.341110E-7
7.592000E+3	1.054080E-5	-1.862660E-8
7.603300E+3	1.058360E-5	-7.823160E-8
7.625100E+3	1.062830E-5	-1.285230E-7
7.636100E+3	1.069720E-5	-1.285230E-7
7.658600E+3	1.086110E-5	-5.587960E-8
7.668800E+3	1.101760E-5	-5.587960E-8
7.682000E+3	1.111260E-5	6.333040E-8
7.682000E+3	1.111260E-5	6.333040E-8
7.714400E+3	1.133980E-5	3.352780E-8
7.725300E+3	1.142920E-5	2.235190E-8
7.745300E+3	1.151870E-5	0.000000E+0
7.755600E+3	1.160620E-5	-5.960510E-8
7.776000E+3	1.167700E-5	-3.725310E-8
7.785700E+3	1.176270E-5	-2.607710E-8
7.806400E+3	1.193220E-5	-5.587960E-9
7.815700E+3	1.201600E-5	2.607710E-8
7.839100E+3	1.219110E-5	3.725320E-9
7.849300E+3	1.230470E-5	-3.911580E-8
7.870000E+3	1.241830E-5	-9.685800E-8
7.879600E+3	1.248350E-5	-1.080340E-7
7.889600E+3	1.252450E-5	-6.146770E-8
7.913200E+3	1.269770E-5	-2.980250E-8
7.913200E+3	1.269770E-5	-2.980250E-8
7.943600E+3	1.293050E-5	-2.793980E-8
7.954200E+3	1.302550E-5	-1.117590E-8
7.973700E+3	1.325460E-5	-1.117590E-8
7.973700E+3	1.325460E-5	2.048920E-8
7.985000E+3	1.331610E-5	5.960510E-8
8.015600E+3	1.352840E-5	4.284110E-8
8.034900E+3	1.371470E-5	3.725320E-9
8.046100E+3	1.382090E-5	-2.421450E-8
8.065800E+3	1.403510E-5	-9.685800E-8
8.076600E+3	1.413190E-5	-9.313270E-8
8.095400E+3	1.431630E-5	-9.313270E-8
8.106700E+3	1.445050E-5	-1.173470E-7
8.126300E+3	1.464980E-5	-9.685800E-8
8.140000E+3	1.474480E-5	-7.264360E-8
8.149200E+3	1.483980E-5	-8.009420E-8
8.170500E+3	1.508000E-5	-5.587960E-8
8.179600E+3	1.518430E-5	-5.960510E-8
8.203700E+3	1.531480E-5	-2.421450E-8
8.212900E+3	1.531480E-5	-2.421450E-8
8.225100E+3	1.540230E-5	-3.725310E-8
8.246100E+3	1.542100E-5	-2.793980E-8
8.255800E+3	1.540050E-5	-5.587960E-9
8.276300E+3	1.527570E-5	-6.333040E-8
8.276300E+3	1.527570E-5	-6.333040E-8
8.306600E+3	1.489190E-5	-1.285230E-7
8.317300E+3	1.475590E-5	-1.173470E-7
8.337000E+3	1.434240E-5	-4.284110E-8
8.350000E+3	1.412640E-5	-3.539050E-8
8.361300E+3	1.380040E-5	3.725320E-9
8.382900E+3	1.319130E-5	2.421450E-8
8.394300E+3	1.286350E-5	0.000000E+0
8.413700E+3	1.202340E-5	-1.676390E-8
8.425000E+3	1.157450E-5	-2.421450E-8
8.444400E+3	1.048490E-5	-3.725320E-9
8.455500E+3	9.954030E-6	-4.097840E-8
8.475400E+3	8.901640E-6	-9.127010E-8
8.486000E+3	8.901640E-6	-9.127010E-8
8.495200E+3	7.605210E-6	-1.173470E-7
8.519300E+3	6.381450E-6	-8.754480E-8
8.528500E+3	5.761190E-6	-1.043090E-7
8.549900E+3	4.479690E-6	-1.546000E-7
8.549900E+3	4.479690E-6	-1.546000E-7
8.583100E+3	2.745550E-6	-9.499540E-8
8.592500E+3	2.216560E-6	-1.341110E-7
8.613900E+3	1.085930E-6	-1.117590E-7
8.623000E+3	5.178190E-7	-6.146770E-8
8.633700E+3	3.911580E-8	-1.862660E-8
8.653300E+3	3.911580E-8	-1.862660E-8
8.664400E+3	-1.139950E-6	-5.215430E-8
8.683900E+3	-1.776970E-6	-1.154840E-7
8.695200E+3	-2.086180E-6	-9.872060E-8
8.714600E+3	-2.678500E-6	-9.499540E-8
8.725800E+3	-3.093870E-6	-3.352780E-8
8.747300E+3	-3.695500E-6	-1.080340E-7
8.761400E+3	-3.935800E-6	-9.685800E-8
8.771500E+3	-4.053140E-6	-1.117590E-7
8.791500E+3	-4.334400E-6	-9.499540E-8
8.805000E+3	-4.526260E-6	-3.166520E-8
8.814100E+3	-4.602630E-6	-9.313270E-8
8.838100E+3	-5.004960E-6	-2.048920E-8
8.847300E+3	-5.068290E-6	-7.450630E-8
8.868500E+3	-5.330920E-6	3.725320E-9
8.877600E+3	-5.455720E-6	9.313280E-9
8.898900E+3	-5.699720E-6	1.136220E-7
8.908100E+3	-5.722080E-6	5.587960E-8
8.932500E+3	-5.874810E-6	4.097840E-8
8.932500E+3	-5.874810E-6	4.097840E-8
8.952300E+3	-5.848730E-6	3.911580E-8
8.975300E+3	-5.858050E-6	-2.980250E-8
8.985100E+3	-5.891580E-6	-4.842900E-8
9.005700E+3	-5.941870E-6	-1.005830E-7
9.017800E+3	-5.871090E-6	-4.842900E-8
9.038800E+3	-5.761190E-6	1.676390E-8
9.048300E+3	-5.772370E-6	5.587960E-9
9.048300E+3	-5.772370E-6	5.587960E-9
9.078800E+3	-5.843150E-6	-5.587960E-9
9.090000E+3	-5.830110E-6	-9.127010E-8
9.090000E+3	-5.830110E-6	-9.127010E-8
9.120300E+3	-5.902750E-6	8.381950E-8
9.142100E+3	-5.772370E-6	2.197930E-7
9.153300E+3	-5.779820E-6	2.700850E-7
9.172800E+3	-5.720210E-6	2.812610E-7
9.183700E+3	-5.684820E-6	2.961620E-7
9.203600E+3	-5.826380E-6	2.607720E-7
9.214100E+3	-5.796580E-6	1.136220E-7
9.226200E+3	-5.690410E-6	0.000000E+0
9.247300E+3	-5.699720E-6	-7.636890E-8
9.259400E+3	-5.736980E-6	-1.136220E-7
9.280600E+3	-5.804030E-6	-1.695020E-7
9.280600E+3	-5.804030E-6	-1.695020E-7
9.311000E+3	-5.517180E-6	-2.458710E-7
9.320200E+3	-5.424050E-6	-3.743930E-7
9.331400E+3	-5.509730E-6	-4.451740E-7
9.350900E+3	-5.509730E-6	-3.576300E-7
9.371500E+3	-5.589830E-6	-1.899910E-7
9.381600E+3	-5.666200E-6	-7.823160E-8
9.394800E+3	-5.632670E-6	-3.352780E-8
9.414400E+3	-5.694140E-6	-2.719480E-7
9.425600E+3	-5.733250E-6	-3.185140E-7
9.445100E+3	-5.694140E-6	-3.278270E-7
9.456300E+3	-5.731390E-6	-2.272440E-7
9.475800E+3	-5.630810E-6	-1.341110E-7
9.486900E+3	-5.580510E-6	-8.940740E-8
9.496000E+3	-5.483660E-6	-8.009420E-8
9.520100E+3	-5.455720E-6	6.146770E-8
9.529700E+3	-5.340230E-6	2.793980E-8
9.553100E+3	-5.383070E-6	6.705570E-8
9.553100E+3	-5.383070E-6	6.705570E-8
9.572900E+3	-5.364450E-6	-3.166520E-8
9.597000E+3	-5.507870E-6	-2.235190E-8
9.606200E+3	-5.465030E-6	-9.313270E-8
9.630500E+3	-5.522770E-6	4.656640E-8
9.639900E+3	-5.457580E-6	-2.048920E-8
9.650100E+3	-5.448270E-6	-7.450640E-9
9.673300E+3	-5.314160E-6	-5.587960E-8
9.683600E+3	-5.340230E-6	4.656640E-8
9.706800E+3	-5.282490E-6	9.499540E-8
9.716300E+3	-5.347680E-6	2.756730E-7
9.727500E+3	-5.358860E-6	3.017500E-7
9.749200E+3	-5.366310E-6	2.589090E-7
9.760200E+3	-5.299250E-6	1.639140E-7
9.770300E+3	-5.245240E-6	6.891830E-8
9.792600E+3	-5.386800E-6	-1.490130E-8
9.803600E+3	-5.304840E-6	-1.285230E-7
9.823700E+3	-5.349550E-6	1.303860E-8
9.834100E+3	-5.360720E-6	1.303860E-8
9.854500E+3	-5.491110E-6	7.450630E-8
9.864400E+3	-5.349550E-6	5.774220E-8
9.887300E+3	-5.215440E-6	1.993040E-7
9.897900E+3	-5.034760E-6	1.452870E-7
9.897900E+3	-5.034760E-6	1.452870E-7
9.928300E+3	-4.954670E-6	1.918530E-7
9.948900E+3	-4.960250E-6	2.030290E-7
9.958500E+3	-4.977020E-6	2.030290E-7
9.979500E+3	-5.118580E-6	3.166520E-8
9.979500E+3	-5.118580E-6	3.166520E-8
9.999200E+3	-5.191220E-6	-1.750900E-7
1.001930E+4	-5.135340E-6	-1.993040E-7
1.004050E+4	-4.883880E-6	-2.216560E-7
1.004970E+4	-4.746050E-6	-1.490130E-7
1.006090E+4	-4.742320E-6	-1.005830E-7
1.008290E+4	-4.582140E-6	-1.266610E-7
1.009350E+4	-4.647330E-6	-4.842900E-8
1.010410E+4	-4.554200E-6	-7.078100E-8
1.012610E+4	-4.557920E-6	-1.676390E-8
1.013730E+4	-4.503910E-6	-7.636890E-8
1.015970E+4	-4.572820E-6	-4.656640E-8
1.017080E+4	-4.544880E-6	-6.519300E-8
1.019050E+4	-4.585860E-6	-1.303860E-8
1.020110E+4	-4.598900E-6	0.000000E+0
1.022140E+4	-4.529980E-6	-8.195680E-8
1.023160E+4	-4.407050E-6	-1.657760E-7
1.025230E+4	-4.388420E-6	-1.303860E-8
1.026190E+4	-4.300880E-6	-2.793980E-8
1.027200E+4	-4.317640E-6	-1.117590E-8
1.029580E+4	-4.291560E-6	-3.725320E-9
1.030510E+4	-4.256170E-6	5.215430E-8
1.032600E+4	-4.170490E-6	4.097840E-8
1.033570E+4	-4.177940E-6	4.470370E-8
1.035620E+4	-4.161180E-6	5.587960E-8
1.036840E+4	-4.109020E-6	-9.313280E-9
1.037960E+4	-4.164900E-6	-9.313280E-9
1.039920E+4	-4.118340E-6	-1.862660E-9
1.042000E+4	-4.077360E-6	2.048920E-8
1.042990E+4	-4.133240E-6	7.450630E-8
1.044120E+4	-4.053140E-6	3.539050E-8
1.046090E+4	-4.110890E-6	-7.636890E-8
1.047190E+4	-4.043830E-6	-1.564630E-7
1.049210E+4	-4.015890E-6	-1.341110E-7
1.050520E+4	-4.015890E-6	-1.378370E-7
1.052490E+4	-4.049420E-6	-3.725320E-9
1.053820E+4	-4.000990E-6	1.061710E-7
1.054830E+4	-3.917170E-6	1.322490E-7
1.056920E+4	-3.857570E-6	1.583260E-7
1.058190E+4	-3.745790E-6	5.401690E-8
1.060200E+4	-3.747660E-6	8.754480E-8
1.061230E+4	-3.678740E-6	4.842900E-8
1.063270E+4	-3.699230E-6	5.587960E-8
1.063270E+4	-3.699230E-6	5.587960E-8
1.066350E+4	-3.742070E-6	1.601880E-7
1.067290E+4	-3.764420E-6	1.341110E-7
1.068510E+4	-3.701090E-6	9.685800E-8
1.070920E+4	-3.715990E-6	1.434250E-7
1.071830E+4	-3.660110E-6	6.146770E-8
1.072850E+4	-3.661970E-6	8.381950E-8
1.075160E+4	-3.520410E-6	-1.303860E-8
1.076230E+4	-3.540900E-6	1.862660E-8
1.078210E+4	-3.498060E-6	1.303860E-8
1.079330E+4	-3.587470E-6	3.166520E-8
1.081550E+4	-3.512960E-6	-1.676390E-8
1.082600E+4	-3.447770E-6	-5.587960E-9
1.082600E+4	-3.447770E-6	-5.587960E-9
1.085890E+4	-3.427280E-6	-7.450630E-8
1.087030E+4	-3.440320E-6	-6.519300E-8
1.088280E+4	-3.445910E-6	-3.352780E-8
1.090320E+4	-3.380720E-6	-7.636890E-8
1.091610E+4	-3.442180E-6	4.656640E-8
1.091610E+4	-3.442180E-6	4.656640E-8
1.094970E+4	-3.416110E-6	8.009420E-8
1.095880E+4	-3.358360E-6	3.166520E-8
1.098270E+4	-3.397480E-6	1.396990E-7
1.098270E+4	-3.397480E-6	1.396990E-7
1.100230E+4	-3.395620E-6	3.911580E-8
1.102590E+4	-3.436590E-6	6.891830E-8
1.102590E+4	-3.436590E-6	6.891830E-8
1.105910E+4	-3.455220E-6	8.381950E-8
1.106820E+4	-3.384440E-6	3.911580E-8
1.108070E+4	-3.356500E-6	-7.450640E-9
1.110140E+4	-3.322970E-6	-2.607710E-8
1.111150E+4	-3.302480E-6	-2.421450E-8
1.113500E+4	-3.414240E-6	4.656640E-8
1.114450E+4	-3.395620E-6	1.490130E-8
1.115610E+4	-3.382580E-6	3.352780E-8
1.117600E+4	-3.308070E-6	2.235190E-8
1.118740E+4	-3.356500E-6	4.470370E-8
1.120720E+4	-3.375130E-6	3.725320E-9
1.121840E+4	-3.326700E-6	0.000000E+0
1.123840E+4	-3.367680E-6	1.303860E-7
1.124900E+4	-3.291310E-6	1.247980E-7
1.126950E+4	-3.280130E-6	1.098970E-7
1.127950E+4	-3.261510E-6	3.725310E-8
1.130030E+4	-3.332290E-6	3.539050E-8
1.130980E+4	-3.388170E-6	8.381950E-8
1.133400E+4	-3.315520E-6	3.166520E-8
1.134350E+4	-3.242880E-6	3.725320E-9
1.135380E+4	-3.194450E-6	3.166520E-8
1.137720E+4	-3.045440E-6	3.352780E-8
1.138930E+4	-2.985830E-6	3.352780E-8
1.139980E+4	-3.010050E-6	8.754480E-8
1.141990E+4	-3.026810E-6	1.303860E-8
1.143090E+4	-3.103180E-6	3.725310E-8
1.145330E+4	-3.110630E-6	-2.421450E-8
1.146360E+4	-3.119950E-6	2.235190E-8
1.148680E+4	-3.041710E-6	-2.980250E-8
1.148680E+4	-3.041710E-6	-2.980250E-8
1.150820E+4	-3.069650E-6	2.607710E-8
1.153020E+4	-3.032400E-6	-5.029160E-8
1.154130E+4	-3.054750E-6	-4.284110E-8
1.156100E+4	-2.998870E-6	-4.097840E-8
1.156100E+4	-2.998870E-6	-4.097840E-8
1.159200E+4	-2.883390E-6	-2.235190E-8
1.160250E+4	-2.890840E-6	-1.676390E-8
1.162300E+4	-3.078970E-6	-3.539050E-8
1.163300E+4	-3.110630E-6	-2.551840E-7
1.164270E+4	-3.112490E-6	-2.328320E-7
1.166660E+4	-3.021220E-6	-9.127010E-8
1.167590E+4	-2.978380E-6	-7.078100E-8
1.169730E+4	-2.982110E-6	1.490130E-8
1.170940E+4	-2.887110E-6	-5.960510E-8
1.171980E+4	-2.868490E-6	-3.725310E-8
1.174310E+4	-2.663600E-6	-8.009420E-8
1.175270E+4	-2.561150E-6	-1.173470E-7
1.177360E+4	-2.505270E-6	-4.842900E-8
1.178370E+4	-2.460570E-6	7.264360E-8
1.180410E+4	-2.264990E-6	6.705570E-8
1.181470E+4	-2.102940E-6	6.705570E-8
1.182780E+4	-2.272440E-6	1.322490E-7
1.184760E+4	-2.363710E-6	1.825400E-7
1.186180E+4	-2.430770E-6	1.844030E-7
1.188080E+4	-2.391650E-6	3.725320E-9
1.188080E+4	-2.391650E-6	3.725320E-9
1.191190E+4	-2.259400E-6	-1.676390E-8
1.192310E+4	-2.371160E-6	5.587960E-8
1.193270E+4	-2.365570E-6	-3.352780E-8
1.195690E+4	-2.400960E-6	9.127010E-8
1.196630E+4	-2.335770E-6	4.656640E-8
1.198700E+4	-2.337630E-6	7.823160E-8
1.199670E+4	-2.289210E-6	6.891830E-8
1.201800E+4	-2.330180E-6	-1.676390E-8
1.202740E+4	-2.330180E-6	-1.676390E-8
1.204880E+4	-2.428900E-6	-1.359740E-7
1.206120E+4	-2.348810E-6	-2.607710E-8
1.208270E+4	-2.104800E-6	7.264360E-8
1.209190E+4	-2.020980E-6	9.685800E-8
1.211320E+4	-2.013530E-6	1.490130E-7
1.211320E+4	-2.013530E-6	1.490130E-7
1.213400E+4	-2.149510E-6	1.341110E-7
1.215590E+4	-2.112250E-6	-7.636890E-8
1.216670E+4	-2.073140E-6	-8.009420E-8
1.218660E+4	-1.881280E-6	-2.235190E-8
1.219970E+4	-1.776970E-6	-1.862660E-8
1.221090E+4	-1.709920E-6	-1.490130E-8
1.221090E+4	-1.709920E-6	-1.490130E-8
1.224430E+4	-1.812360E-6	1.117590E-8
1.226400E+4	-1.708050E-6	-2.607710E-8
1.227530E+4	-1.505020E-6	-1.173470E-7
1.228770E+4	-1.452870E-6	-1.750900E-7
1.230810E+4	-1.512480E-6	-1.583260E-7
1.231790E+4	-1.551590E-6	-1.490130E-8
1.233870E+4	-1.635410E-6	-4.097840E-8
1.235120E+4	-1.581390E-6	-1.750900E-7
1.237240E+4	-1.655900E-6	-1.750900E-7
1.238170E+4	-1.631680E-6	-2.551840E-7
1.240240E+4	-1.674530E-6	-1.955790E-7
1.241220E+4	-1.629820E-6	-1.918530E-7
1.243330E+4	-1.547870E-6	-2.793980E-8
1.244280E+4	-1.441690E-6	-8.195680E-8
1.245610E+4	-1.341110E-6	-1.117590E-7
1.247660E+4	-1.443560E-6	-1.080340E-7
1.247660E+4	-1.443560E-6	-1.080340E-7
1.250040E+4	-1.490120E-6	-9.127010E-8
1.252230E+4	-1.361600E-6	-1.993040E-7
1.253320E+4	-1.430520E-6	-1.359740E-7
1.253320E+4	-1.430520E-6	-1.359740E-7
1.256610E+4	-1.434240E-6	-1.993040E-7
1.256610E+4	-1.434240E-6	-1.993040E-7
1.259900E+4	-1.423070E-6	-1.024460E-7
1.261030E+4	-1.423070E-6	-7.078100E-8
1.263010E+4	-1.465910E-6	8.009420E-8
1.263010E+4	-1.465910E-6	8.009420E-8
1.266110E+4	-1.385820E-6	-1.862660E-9
1.267490E+4	-1.439830E-6	-4.656640E-8
1.268420E+4	-1.363460E-6	-1.285230E-7
1.268420E+4	-1.363460E-6	-1.285230E-7
1.271450E+4	-1.342970E-6	-2.812610E-7
1.273590E+4	-1.376500E-6	-1.620510E-7
1.274520E+4	-1.372780E-6	-1.359740E-7
1.276960E+4	-1.331800E-6	-1.136220E-7
1.277880E+4	-1.268470E-6	-1.341110E-7
1.280010E+4	-1.328070E-6	-8.195680E-8
1.280010E+4	-1.328070E-6	-8.195680E-8
1.282250E+4	-1.339250E-6	-3.911580E-8
1.284610E+4	-1.302000E-6	-1.490130E-8
1.285580E+4	-1.253570E-6	-6.333040E-8
1.285580E+4	-1.253570E-6	-6.333040E-8
1.288670E+4	-1.290820E-6	-1.192100E-7
1.290000E+4	-1.290820E-6	-1.192100E-7
1.291050E+4	-1.233080E-6	-1.713640E-7
1.293300E+4	-1.229350E-6	-9.872060E-8
1.294410E+4	-1.180920E-6	-9.872060E-8
1.296420E+4	-1.210730E-6	-7.450640E-9
1.296420E+4	-1.210730E-6	-7.450640E-9
1.299520E+4	-1.180920E-6	-1.229350E-7
1.300530E+4	-1.125040E-6	-1.247980E-7
1.302610E+4	-1.141810E-6	-1.247980E-7
1.303580E+4	-1.123180E-6	-1.452870E-7
1.305700E+4	-1.087790E-6	-1.359740E-7
1.306630E+4	-1.136220E-6	-1.192100E-7
1.308770E+4	-1.071030E-6	-2.607720E-7
1.309690E+4	-1.112010E-6	-2.104800E-7
1.312110E+4	-1.121320E-6	-1.750900E-7
1.313060E+4	-1.121320E-6	-2.011670E-7
1.315200E+4	-1.138080E-6	-1.676390E-7
1.316140E+4	-1.106420E-6	-1.601880E-7
1.317210E+4	-1.115730E-6	-1.136220E-7
1.319210E+4	-9.983850E-7	-1.564630E-7
1.319210E+4	-9.983850E-7	-1.564630E-7
1.322560E+4	-1.002110E-6	-1.247980E-7
1.322560E+4	-1.002110E-6	-1.247980E-7
1.325640E+4	-9.816210E-7	-5.960510E-8
1.326740E+4	-1.035640E-6	-6.146770E-8
1.328720E+4	-1.056130E-6	-2.235190E-8
1.328720E+4	-1.056130E-6	-2.235190E-8
1.331830E+4	-1.106420E-6	4.097840E-8
1.333170E+4	-1.104560E-6	-5.215430E-8
1.334230E+4	-1.030050E-6	-1.695020E-7
1.336280E+4	-9.965220E-7	-2.495960E-7
1.336280E+4	-9.965220E-7	-2.495960E-7
1.339550E+4	-9.760330E-7	-1.583260E-7
1.340640E+4	-9.331890E-7	-1.955790E-7
1.342660E+4	-1.041230E-6	-6.146770E-8
1.343690E+4	-1.002110E-6	-1.341110E-7
1.345770E+4	-1.130630E-6	-1.546000E-7
1.346760E+4	-1.071030E-6	-2.160680E-7
1.348890E+4	-1.078480E-6	-1.620510E-7
1.349840E+4	-1.030050E-6	-1.490130E-7
1.350880E+4	-1.003970E-6	-1.918530E-7
1.353240E+4	-9.071120E-7	-3.594920E-7
1.354210E+4	-9.425020E-7	-3.278270E-7
1.356290E+4	-8.996610E-7	-3.110640E-7
1.357310E+4	-9.499530E-7	-2.291060E-7
1.357310E+4	-9.499530E-7	-2.291060E-7
1.360420E+4	-8.996610E-7	-2.570470E-7
1.362460E+4	-8.214300E-7	-2.607720E-7
1.363750E+4	-7.785890E-7	-2.086170E-7
1.364890E+4	-8.791720E-7	-1.639140E-7
1.367160E+4	-8.754470E-7	-1.173470E-7
1.367160E+4	-8.754470E-7	-1.173470E-7
1.370200E+4	-1.104560E-6	-4.842900E-8
1.370200E+4	-1.104560E-6	-4.842900E-8
1.373320E+4	-1.098970E-6	-7.078100E-8
1.374440E+4	-1.009560E-6	1.490130E-8
1.376430E+4	-9.033870E-7	5.029160E-8
1.377810E+4	-8.977990E-7	-2.607710E-8
1.377810E+4	-8.977990E-7	-2.607710E-8
1.380850E+4	-8.475070E-7	-8.009420E-8
1.380850E+4	-8.475070E-7	-8.009420E-8
1.381790E+4	-7.916280E-7	-9.685800E-8
1.383930E+4	-8.177050E-7	-3.352780E-8
1.387320E+4	-9.574070E-7	7.078100E-8
1.388260E+4	-9.685830E-7	7.823160E-8
1.389550E+4	-9.182880E-7	1.303860E-8
1.391620E+4	-9.015240E-7	-8.009420E-8
1.392660E+4	-9.536820E-7	-3.911580E-8
1.392660E+4	-9.536820E-7	-3.911580E-8
1.395960E+4	-9.574070E-7	3.166520E-8
1.397090E+4	-9.387770E-7	4.656640E-8
1.399280E+4	-8.251550E-7	6.891830E-8
1.400380E+4	-6.947700E-7	-4.284110E-8
1.401730E+4	-6.668310E-7	-1.024460E-7
1.403780E+4	-7.562380E-7	-1.247980E-7
1.404780E+4	-7.245730E-7	-2.104800E-7
1.406790E+4	-7.879030E-7	-1.396990E-7
1.407840E+4	-7.823150E-7	-1.601880E-7
1.410180E+4	-8.270180E-7	-3.911580E-8
1.411210E+4	-8.530950E-7	-5.774220E-8
1.413280E+4	-8.493700E-7	-1.229350E-7
1.414560E+4	-8.828970E-7	-9.685800E-8
1.415500E+4	-8.251550E-7	-1.452870E-7
1.417650E+4	-6.258520E-7	-2.197930E-7
1.418590E+4	-5.848740E-7	-2.291060E-7
1.420730E+4	-5.886000E-7	-2.216560E-7
1.421960E+4	-6.016380E-7	-1.750900E-7
1.424120E+4	-6.500670E-7	-1.173470E-7
1.424120E+4	-6.500670E-7	-1.173470E-7
1.426340E+4	-7.953530E-7	-8.754480E-8
1.428440E+4	-8.232930E-7	-2.104800E-7
1.428440E+4	-8.232930E-7	-2.104800E-7
1.430820E+4	-8.530950E-7	-1.601880E-7
1.432820E+4	-8.419190E-7	-1.490130E-8
1.434140E+4	-7.934900E-7	-8.009420E-8
1.436160E+4	-6.966330E-7	-1.825400E-7
1.437270E+4	-7.618260E-7	-9.499540E-8
1.437270E+4	-7.618260E-7	-9.499540E-8
1.440650E+4	-8.605460E-7	-1.210730E-7
1.441950E+4	-8.922110E-7	-8.195680E-8
1.443940E+4	-7.823150E-7	-1.247980E-7
1.445020E+4	-7.059460E-7	-1.639140E-7
1.446250E+4	-7.320230E-7	-1.005830E-7
1.448360E+4	-7.525120E-7	1.117590E-8
1.449290E+4	-7.525120E-7	4.656640E-8
1.451410E+4	-7.972160E-7	-6.891830E-8
1.452350E+4	-7.618260E-7	-1.471500E-7
1.454400E+4	-6.817320E-7	-2.775360E-7
1.455210E+4	-7.338860E-7	-2.905740E-7
1.456840E+4	-6.519290E-7	-2.644970E-7
1.457440E+4	-7.152590E-7	-1.695020E-7
1.457440E+4	-7.152590E-7	-1.695020E-7
1.458850E+4	-6.426160E-7	-6.146770E-8
1.459210E+4	-6.482040E-7	-1.601880E-7
1.459100E+4	-7.320230E-7	-1.229350E-7
1.458910E+4	-7.618260E-7	-1.247980E-7
1.458100E+4	-7.785890E-7	-2.291060E-7
1.457360E+4	-7.692760E-7	-3.315530E-7
1.456700E+4	-7.748640E-7	-2.961620E-7
1.454690E+4	-8.381940E-7	-1.918530E-7
1.453610E+4	-7.953530E-7	-2.160680E-7
1.453610E+4	-7.953530E-7	-2.160680E-7
1.450920E+4	-7.879030E-7	-1.564630E-7
1.446220E+4	-8.139800E-7	-1.527380E-7
1.444770E+4	-7.469240E-7	-1.601880E-7
1.444770E+4	-7.469240E-7	-1.601880E-7
1.440190E+4	-8.177050E-7	-1.322490E-7
1.440190E+4	-8.177050E-7	-6.146770E-8
1.436300E+4	-7.599630E-7	-8.940740E-8
1.435010E+4	-7.357480E-7	-1.396990E-7
1.432850E+4	-7.431990E-7	-3.352780E-8
1.431720E+4	-7.133970E-7	-4.470370E-8
1.429640E+4	-7.264350E-7	-8.009420E-8
1.428610E+4	-7.133970E-7	-1.452870E-7
1.428610E+4	-7.133970E-7	-1.452870E-7
1.427750E+4	-7.562380E-7	-1.303860E-7
1.425650E+4	-8.363310E-7	-1.061710E-7
1.422570E+4	-8.456450E-7	-1.825400E-7
1.421500E+4	-9.108370E-7	-1.285230E-7
1.420280E+4	-9.331890E-7	-4.842900E-8
1.418190E+4	-9.797590E-7	-2.607710E-8
1.416920E+4	-9.555440E-7	-5.587960E-8
1.415920E+4	-9.499530E-7	-2.793980E-8
1.413850E+4	-8.791720E-7	-5.587960E-8
1.412820E+4	-8.642710E-7	-3.539050E-8
1.410490E+4	-8.791720E-7	-8.009420E-8
1.409520E+4	-9.611320E-7	-3.911580E-8
1.408420E+4	-1.015150E-6	-5.587960E-8
1.406250E+4	-1.031910E-6	-8.009420E-8
1.405140E+4	-9.760330E-7	-9.872060E-8
1.402910E+4	-9.499530E-7	-7.078100E-8
1.401890E+4	-9.480900E-7	-7.636890E-8
1.401890E+4	-9.480900E-7	-7.636890E-8
1.399910E+4	-8.773100E-7	-8.009420E-8
1.396900E+4	-8.735840E-7	-1.639140E-7
1.396900E+4	-8.735840E-7	-1.639140E-7
1.393850E+4	-9.667200E-7	-1.750900E-7
1.392740E+4	-9.834840E-7	-1.881280E-7
1.391780E+4	-9.648570E-7	-1.285230E-7
1.389450E+4	-9.555440E-7	-1.285230E-7
1.388440E+4	-9.667200E-7	-3.352780E-8
1.386380E+4	-9.201500E-7	-1.247980E-7
1.385420E+4	-8.437820E-7	-1.247980E-7
1.383320E+4	-7.208470E-7	-1.546000E-7
1.382400E+4	-7.581000E-7	-7.450630E-8
1.380290E+4	-7.543750E-7	-5.774220E-8
1.379370E+4	-7.804520E-7	-6.519300E-8
1.377000E+4	-7.245730E-7	-6.519300E-8
1.377000E+4	-7.245730E-7	-1.937160E-7
1.375040E+4	-7.785890E-7	-9.313270E-8
1.375040E+4	-7.785890E-7	-9.313270E-8
1.371810E+4	-9.108370E-7	-1.061710E-7
1.371810E+4	-9.108370E-7	-1.061710E-7
1.368750E+4	-1.030050E-6	-7.823160E-8
1.367640E+4	-1.069170E-6	0.000000E+0
1.365490E+4	-1.059850E-6	9.313280E-9
1.364370E+4	-1.054260E-6	-7.823160E-8
1.362430E+4	-1.085930E-6	-1.061710E-7
1.361310E+4	-9.834840E-7	-1.359740E-7
1.360070E+4	-9.294640E-7	-1.359740E-7
1.358040E+4	-8.977990E-7	-6.705570E-8
1.356730E+4	-8.363310E-7	-8.940740E-8
1.354700E+4	-8.698590E-7	-8.195680E-8
1.354700E+4	-8.698590E-7	-8.195680E-8
1.352500E+4	-9.387770E-7	-3.725310E-8
1.350390E+4	-1.003970E-6	-1.117590E-8
1.350390E+4	-1.003970E-6	-1.117590E-8
1.347380E+4	-1.011420E-6	-7.264360E-8
1.346440E+4	-9.797590E-7	-1.452870E-7
1.344070E+4	-1.050540E-6	-1.285230E-7
1.343150E+4	-9.853470E-7	-1.899910E-7
1.341030E+4	-1.015150E-6	-8.381950E-8
1.341030E+4	-1.015150E-6	-8.381950E-8
1.340100E+4	-1.063580E-6	-1.024460E-7
1.336780E+4	-1.106420E-6	-8.009420E-8
1.335720E+4	-1.089650E-6	-1.173470E-7
1.335720E+4	-1.089650E-6	-1.173470E-7
1.332650E+4	-1.069170E-6	-1.247980E-7
1.330700E+4	-1.098970E-6	-8.009420E-8
1.329590E+4	-1.031910E-6	-1.136220E-7
1.327640E+4	-9.797590E-7	-1.620510E-7
1.326530E+4	-8.791720E-7	-2.402830E-7
1.324580E+4	-9.741710E-7	-2.216560E-7
1.323510E+4	-9.778960E-7	-1.061710E-7
1.321490E+4	-8.996610E-7	5.029160E-8
1.320470E+4	-8.884850E-7	6.146770E-8
1.318260E+4	-8.922110E-7	-1.154840E-7
1.317160E+4	-9.182880E-7	-2.440080E-7
1.316240E+4	-9.499530E-7	-3.390030E-7
1.313880E+4	-9.480900E-7	-3.743930E-7
1.312920E+4	-9.667200E-7	-3.185140E-7
1.310620E+4	-1.011420E-6	-2.104800E-7
1.309610E+4	-1.009560E-6	-1.769520E-7
1.308390E+4	-1.087790E-6	-1.024460E-7
1.308390E+4	-1.087790E-6	-1.024460E-7
1.305080E+4	-1.119460E-6	-9.685800E-8
1.304050E+4	-1.128770E-6	-1.080340E-7
1.302040E+4	-1.171610E-6	-1.043090E-7
1.300950E+4	-1.169750E-6	-1.061710E-7
1.298980E+4	-1.227490E-6	-2.421450E-8
1.297870E+4	-1.266610E-6	1.490130E-8
1.295680E+4	-1.274060E-6	-9.313280E-9
1.294610E+4	-1.227490E-6	-8.009420E-8
1.293560E+4	-1.262880E-6	-1.266610E-7
1.291360E+4	-1.139950E-6	-1.210730E-7
1.290240E+4	-1.188370E-6	-1.173470E-7
1.288090E+4	-1.335520E-6	-2.980250E-8
1.286970E+4	-1.378360E-6	-1.005830E-7
1.285020E+4	-1.365330E-6	-8.195680E-8
1.283910E+4	-1.305720E-6	-1.229350E-7
1.281990E+4	-1.326210E-6	-1.080340E-7
1.280890E+4	-1.298270E-6	-1.266610E-7
1.279990E+4	-1.359740E-6	-5.960510E-8
1.277880E+4	-1.324350E-6	-4.284110E-8
1.275860E+4	-1.283370E-6	-1.471500E-7
1.275860E+4	-1.283370E-6	-1.471500E-7
1.273650E+4	-1.357880E-6	-5.215430E-8
1.271540E+4	-1.346700E-6	-3.725320E-9
1.271540E+4	-1.346700E-6	-3.725320E-9
1.268500E+4	-1.283370E-6	2.235190E-8
1.267570E+4	-1.292680E-6	2.235190E-8
1.265500E+4	-1.320620E-6	-3.725320E-9
1.265500E+4	-1.320620E-6	-3.725320E-9
1.263230E+4	-1.400720E-6	-1.676390E-8
1.261270E+4	-1.445420E-6	-1.434250E-7
1.259990E+4	-1.441690E-6	-1.490130E-7
1.257950E+4	-1.376500E-6	-2.048920E-8
1.256620E+4	-1.423070E-6	6.333040E-8
1.255570E+4	-1.428660E-6	4.842900E-8
1.253600E+4	-1.436110E-6	1.676390E-8
1.252470E+4	-1.437970E-6	-1.490130E-8
1.252470E+4	-1.437970E-6	-1.490130E-8
1.249080E+4	-1.559040E-6	-6.333040E-8
1.248160E+4	-1.564630E-6	-3.725310E-8
1.245810E+4	-1.613060E-6	-4.284110E-8
1.245810E+4	-1.613060E-6	-4.284110E-8
1.242770E+4	-1.695010E-6	-1.676390E-8
1.242770E+4	-1.695010E-6	-1.676390E-8
1.239750E+4	-1.702460E-6	8.381950E-8
1.238540E+4	-1.706190E-6	7.078100E-8
1.237590E+4	-1.745310E-6	5.960510E-8
1.235240E+4	-1.657760E-6	-7.636890E-8
1.234330E+4	-1.657760E-6	-7.636890E-8
1.233230E+4	-1.676390E-6	-2.607710E-8
1.231010E+4	-1.700600E-6	6.146770E-8
1.229980E+4	-1.691290E-6	4.284110E-8
1.227980E+4	-1.646590E-6	4.284110E-8
1.226910E+4	-1.626100E-6	-7.823160E-8
1.224940E+4	-1.598160E-6	9.872060E-8
1.224940E+4	-1.598160E-6	9.872060E-8
1.222550E+4	-1.642860E-6	-3.166520E-8
1.220120E+4	-1.786280E-6	-1.061710E-7
1.220120E+4	-1.786280E-6	-1.061710E-7
1.217060E+4	-1.868240E-6	-6.333040E-8
1.215940E+4	-1.899910E-6	-5.774220E-8
1.214070E+4	-1.888730E-6	-1.862660E-8
1.212960E+4	-1.886870E-6	-1.862660E-8
1.211960E+4	-1.924130E-6	7.450630E-8
1.211960E+4	-1.924130E-6	7.450630E-8
1.208640E+4	-1.888730E-6	8.568210E-8
1.208640E+4	-1.888730E-6	8.568210E-8
1.205310E+4	-2.030300E-6	-4.284110E-8
1.204390E+4	-2.095490E-6	-1.862660E-8
1.201980E+4	-2.020980E-6	-1.359740E-7
1.201060E+4	-2.084310E-6	-1.117590E-7
1.201060E+4	-2.084310E-6	-1.117590E-7
1.200010E+4	-2.048920E-6	-1.359740E-7
1.196760E+4	-2.086180E-6	-6.146770E-8
1.194720E+4	-2.186760E-6	-3.725310E-8
1.193690E+4	-2.205390E-6	-8.754480E-8
1.191680E+4	-2.311560E-6	-8.381950E-8
1.191680E+4	-2.311560E-6	-8.381950E-8
1.190600E+4	-2.352540E-6	-7.078100E-8
1.187520E+4	-2.468020E-6	5.587960E-9
1.185320E+4	-2.518310E-6	1.490130E-8
1.185320E+4	-2.518310E-6	1.490130E-8
1.184290E+4	-2.445670E-6	-4.284110E-8
1.181040E+4	-2.466160E-6	-9.499540E-8
1.179920E+4	-2.462430E-6	-1.098970E-7
1.177980E+4	-2.466160E-6	-1.098970E-7
1.176890E+4	-2.486650E-6	-1.098970E-7
1.175690E+4	-2.605860E-6	-3.539050E-8
1.173330E+4	-2.708300E-6	-7.264360E-8
1.172370E+4	-2.782810E-6	-1.303860E-8
1.170280E+4	-2.779080E-6	-1.862660E-8
1.169360E+4	-2.790260E-6	1.490130E-8
1.169360E+4	-2.790260E-6	1.490130E-8
1.166360E+4	-2.751140E-6	3.725320E-9
1.165270E+4	-2.851720E-6	-2.421450E-8
1.165270E+4	-2.851720E-6	-2.421450E-8
1.162050E+4	-2.851720E-6	-1.266610E-7
1.159720E+4	-2.909470E-6	-6.705570E-8
1.158770E+4	-2.944860E-6	-3.352780E-8
1.156700E+4	-2.900150E-6	1.676390E-8
1.156700E+4	-2.900150E-6	1.676390E-8
1.155700E+4	-2.898290E-6	2.793980E-8
1.152440E+4	-2.969070E-6	-1.676390E-8
1.152440E+4	-2.969070E-6	-1.676390E-8
1.151310E+4	-2.915050E-6	-1.080340E-7
1.148220E+4	-2.885250E-6	-1.341110E-7
1.146280E+4	-2.937410E-6	-1.285230E-7
1.145170E+4	-2.948580E-6	-1.527380E-7
1.143200E+4	-3.037990E-6	-1.024460E-7
1.142140E+4	-3.084550E-6	-9.872060E-8
1.140110E+4	-3.084550E-6	-1.695020E-7
1.139090E+4	-3.127400E-6	-1.061710E-7
1.137040E+4	-3.123670E-6	-1.080340E-7
1.136080E+4	-3.110630E-6	-4.097840E-8
1.133970E+4	-3.110630E-6	-4.097840E-8
1.133050E+4	-3.132980E-6	1.303860E-8
1.130700E+4	-3.183280E-6	1.080340E-7
1.129730E+4	-3.201900E-6	1.266610E-7
1.128770E+4	-3.119950E-6	1.452870E-7
1.126420E+4	-3.017500E-6	2.197930E-7
1.125520E+4	-3.064070E-6	1.341110E-7
1.123420E+4	-3.155340E-6	2.235190E-8
1.122490E+4	-3.226120E-6	2.607710E-8
1.120420E+4	-3.328560E-6	6.146770E-8
1.119410E+4	-3.261510E-6	9.313280E-9
1.117360E+4	-3.295030E-6	9.685800E-8
1.116310E+4	-3.291310E-6	3.911580E-8
1.115210E+4	-3.399340E-6	6.146770E-8
1.113030E+4	-3.421690E-6	-4.284110E-8
1.111910E+4	-3.436590E-6	-4.284110E-8
1.109970E+4	-3.473850E-6	4.284110E-8
1.108660E+4	-3.436590E-6	4.284110E-8
1.107660E+4	-3.557670E-6	-2.235180E-7
1.105440E+4	-3.498060E-6	-2.626350E-7
1.104360E+4	-3.429140E-6	-2.495960E-7
1.102090E+4	-3.483160E-6	3.725320E-9
1.101030E+4	-3.501790E-6	1.471500E-7
1.101030E+4	-3.501790E-6	1.471500E-7
1.097720E+4	-3.328560E-6	4.638000E-7
1.096790E+4	-3.326700E-6	4.004710E-7
1.096790E+4	-3.326700E-6	4.004710E-7
1.093770E+4	-3.427280E-6	2.328320E-7
1.091650E+4	-3.563250E-6	1.080340E-7
1.090730E+4	-3.593060E-6	1.061710E-7
1.088640E+4	-3.667560E-6	3.911580E-8
1.087730E+4	-3.656390E-6	3.911580E-8
1.087730E+4	-3.656390E-6	6.891830E-8
1.084390E+4	-3.742070E-6	-1.210730E-7
1.083100E+4	-3.829630E-6	-9.872060E-8
1.083100E+4	-3.829630E-6	-9.872060E-8
1.081070E+4	-3.758830E-6	-7.078100E-8
1.078720E+4	-3.747660E-6	-1.303860E-8
1.076770E+4	-3.704820E-6	6.333040E-8
1.075470E+4	-3.578160E-6	1.043090E-7
1.074430E+4	-3.514830E-6	2.570470E-7
1.072230E+4	-3.563250E-6	3.948830E-7
1.071120E+4	-3.522280E-6	2.905740E-7
1.068890E+4	-3.526000E-6	1.266610E-7
1.067790E+4	-3.615410E-6	-6.891830E-8
1.066890E+4	-3.701090E-6	-1.434250E-7
1.064500E+4	-3.753240E-6	-2.086170E-7
1.063550E+4	-3.773730E-6	-1.918530E-7
1.063550E+4	-3.773730E-6	-1.918530E-7
1.060200E+4	-3.740210E-6	-4.284110E-8
1.060200E+4	-3.740210E-6	-4.284110E-8
1.057180E+4	-3.935800E-6	6.519300E-8
1.055100E+4	-3.939520E-6	4.656640E-8
1.054180E+4	-3.965600E-6	1.266610E-7
1.054180E+4	-3.965600E-6	1.266610E-7
1.051170E+4	-3.943250E-6	2.235190E-8
1.050100E+4	-3.915310E-6	-7.450630E-8
1.050100E+4	-3.915310E-6	-7.450630E-8
1.046850E+4	-3.946970E-6	1.061710E-7
1.045740E+4	-3.907860E-6	2.048920E-8
1.043570E+4	-4.025210E-6	3.352780E-8
1.042440E+4	-4.045690E-6	-5.587960E-9
1.040490E+4	-4.239410E-6	1.192100E-7
1.039370E+4	-4.306460E-6	1.732270E-7
1.039370E+4	-4.306460E-6	1.732270E-7
1.036350E+4	-4.110890E-6	2.421450E-8
1.034180E+4	-4.086670E-6	7.450640E-9
1.033040E+4	-4.027070E-6	-1.676390E-8
1.031800E+4	-4.049420E-6	-7.450640E-9
1.029770E+4	-4.133240E-6	-4.284110E-8
1.029770E+4	-4.133240E-6	-4.284110E-8
1.026670E+4	-4.252450E-6	-7.450630E-8
1.026670E+4	-4.252450E-6	-7.450630E-8
1.023590E+4	-4.360480E-6	-3.725310E-8
1.022360E+4	-4.399600E-6	-1.341110E-7
1.021450E+4	-4.591450E-6	-2.421460E-7
1.019340E+4	-4.814970E-6	-4.023330E-7
1.018410E+4	-4.733010E-6	-5.494840E-7
1.016050E+4	-4.751640E-6	-4.246850E-7
1.015080E+4	-4.740460E-6	-2.235180E-7
1.013030E+4	-4.699480E-6	-7.078100E-8
1.011800E+4	-4.759090E-6	4.656640E-8
1.011800E+4	-4.759090E-6	4.656640E-8
1.008460E+4	-4.729290E-6	5.587960E-9
1.007390E+4	-4.706930E-6	-4.656640E-8
1.006320E+4	-4.760950E-6	-5.215430E-8
1.004130E+4	-4.878300E-6	-9.685800E-8
1.002810E+4	-4.798200E-6	-1.974410E-7
1.000850E+4	-4.783300E-6	-1.881280E-7
9.997400E+3	-4.723700E-6	-2.868490E-7
9.987500E+3	-4.723700E-6	-2.868490E-7
9.987500E+3	-4.859670E-6	-2.589090E-7
9.954300E+3	-4.999370E-6	-8.940740E-8
9.934100E+3	-4.960250E-6	-6.705570E-8
9.924000E+3	-5.031030E-6	-6.519300E-8
9.901700E+3	-4.891340E-6	-3.427290E-7
9.901700E+3	-4.891340E-6	-3.427290E-7
9.881800E+3	-5.014270E-6	-3.315530E-7
9.860600E+3	-5.150240E-6	-4.265480E-7
9.851400E+3	-5.217300E-6	-2.104800E-7
9.827700E+3	-4.965840E-6	0.000000E+0
9.818300E+3	-5.023580E-6	5.960510E-8
9.818300E+3	-5.023580E-6	5.960510E-8
9.785700E+3	-5.083190E-6	8.940740E-8
9.773000E+3	-5.163280E-6	1.676390E-7
9.752300E+3	-5.304840E-6	1.750900E-7
9.742200E+3	-5.297390E-6	1.192100E-7
9.721800E+3	-5.144660E-6	1.806770E-7
9.709300E+3	-5.273180E-6	1.806770E-7
9.698000E+3	-5.282490E-6	1.601880E-7
9.678500E+3	-5.282490E-6	1.601880E-7
9.667200E+3	-5.396110E-6	1.341110E-7
9.647800E+3	-5.424050E-6	3.185140E-7
9.637000E+3	-5.437090E-6	3.613550E-7
9.617300E+3	-5.453850E-6	2.160680E-7
9.607000E+3	-5.506010E-6	1.862650E-7
9.584900E+3	-5.533950E-6	1.862650E-7
9.584900E+3	-5.533950E-6	8.940740E-8
9.573800E+3	-5.511600E-6	-5.587960E-9
9.540700E+3	-5.587960E-6	-8.009420E-8
9.531100E+3	-5.651290E-6	-4.842900E-8
9.510000E+3	-5.673650E-6	-9.313270E-8
9.500800E+3	-5.710900E-6	-3.352780E-8
9.479500E+3	-5.636390E-6	1.303860E-8
9.467500E+3	-5.669920E-6	9.313280E-9
9.456800E+3	-5.684820E-6	5.587960E-8
9.434300E+3	-5.753740E-6	0.000000E+0
9.434300E+3	-5.753740E-6	0.000000E+0
9.413200E+3	-5.809620E-6	-7.450630E-8
9.391600E+3	-5.854320E-6	-8.754480E-8
9.380400E+3	-5.822660E-6	-1.080340E-7
9.358600E+3	-5.833830E-6	-8.009420E-8
9.348000E+3	-5.820800E-6	-9.127010E-8
9.348000E+3	-5.820800E-6	-9.127010E-8
9.315500E+3	-5.720210E-6	-5.401690E-8
9.304400E+3	-5.731390E-6	-4.470370E-8
9.282200E+3	-5.733250E-6	5.587960E-9
9.271100E+3	-5.720210E-6	1.862660E-9
9.251400E+3	-5.776090E-6	1.117590E-8
9.251400E+3	-5.776090E-6	1.117590E-8
9.241200E+3	-5.807760E-6	-4.284110E-8
9.231900E+3	-5.885990E-6	-5.401690E-8
9.190700E+3	-5.969810E-6	6.333040E-8
9.180100E+3	-5.964220E-6	1.322490E-7
9.171000E+3	-5.908340E-6	1.303860E-7
9.146900E+3	-5.884130E-6	6.519300E-8
9.137800E+3	-5.846870E-6	3.725320E-9
9.116800E+3	-5.833830E-6	-4.284110E-8
9.107200E+3	-5.859910E-6	-6.891830E-8
9.086600E+3	-5.938140E-6	-1.359740E-7
9.076400E+3	-5.930690E-6	-1.490130E-7
9.056300E+3	-5.913930E-6	-1.266610E-7
9.046500E+3	-5.822660E-6	-1.285230E-7
9.025800E+3	-5.887850E-6	-3.539050E-8
9.015500E+3	-5.906480E-6	-5.215430E-8
8.995300E+3	-5.928830E-6	-2.793980E-8
8.995300E+3	-5.928830E-6	-2.793980E-8
8.965000E+3	-5.891580E-6	-1.974410E-7
8.953900E+3	-5.772370E-6	-1.676390E-7
8.934600E+3	-5.776090E-6	-4.470370E-8
8.923400E+3	-5.746290E-6	-9.685800E-8
8.911000E+3	-5.839420E-6	-1.136220E-7
8.890800E+3	-5.871090E-6	-9.313280E-9
8.877600E+3	-5.887850E-6	3.911580E-8
8.868600E+3	-5.971670E-6	9.685800E-8
8.844400E+3	-6.131860E-6	9.685800E-8
8.835200E+3	-6.161660E-6	3.352780E-8
8.835200E+3	-6.161660E-6	3.352780E-8
8.801800E+3	-5.563750E-6	1.359740E-7
8.801800E+3	-5.563750E-6	1.359740E-7
8.792100E+3	-5.349550E-6	8.754480E-8
8.759500E+3	-5.038480E-6	7.264360E-8
8.759500E+3	-5.038480E-6	7.264360E-8
8.726400E+3	-4.394010E-6	1.490130E-8
8.714000E+3	-4.179800E-6	-1.490130E-8
8.702700E+3	-4.015890E-6	-1.285230E-7
8.680500E+3	-3.661970E-6	-1.285230E-7
8.669100E+3	-3.388170E-6	-1.527380E-7
8.647400E+3	-2.970930E-6	-2.980250E-8
8.636300E+3	-2.613310E-6	1.415620E-7
8.616900E+3	-1.901770E-6	3.390030E-7
8.616900E+3	-1.901770E-6	3.390030E-7
8.586400E+3	-7.096710E-7	4.116460E-7
8.575100E+3	-1.192100E-7	3.911570E-7
8.562800E+3	4.284100E-7	2.272440E-7
8.542700E+3	1.443560E-6	6.519300E-8
8.529800E+3	1.940890E-6	7.823160E-8
8.520800E+3	2.447530E-6	9.499540E-8
8.497100E+3	3.969330E-6	4.284110E-8
8.487300E+3	4.624980E-6	5.587960E-8
8.466300E+3	6.010790E-6	-2.235190E-8
8.457100E+3	6.733490E-6	-9.685800E-8
8.435900E+3	7.968450E-6	-7.636890E-8
8.426800E+3	8.622240E-6	-6.146770E-8
8.403100E+3	9.879530E-6	4.097840E-8
8.393700E+3	1.038240E-5	8.754480E-8
8.383700E+3	1.094120E-5	-1.117590E-8
8.363400E+3	1.180180E-5	-2.421450E-8
8.351000E+3	1.215750E-5	0.000000E+0
8.330100E+3	1.321180E-5	-4.284110E-8
8.317500E+3	1.351540E-5	8.940740E-8
8.307100E+3	1.393260E-5	-1.490130E-8
8.287500E+3	1.456970E-5	-1.546000E-7
8.276200E+3	1.478010E-5	-2.533220E-7
8.253900E+3	1.511360E-5	-2.142050E-7
8.242400E+3	1.511360E-5	-2.142050E-7
8.232800E+3	1.559420E-5	-7.078100E-8
8.209900E+3	1.573760E-5	2.160680E-7
8.199500E+3	1.582700E-5	2.384200E-7
8.177500E+3	1.584940E-5	2.328320E-7
8.166400E+3	1.587360E-5	1.396990E-7
8.157300E+3	1.584380E-5	6.891830E-8
8.133700E+3	1.576550E-5	-3.725320E-9
8.124100E+3	1.564630E-5	-3.725320E-9
8.102900E+3	1.552340E-5	-8.009420E-8
8.102900E+3	1.552340E-5	-8.009420E-8
8.072700E+3	1.518620E-5	-9.872060E-8
8.063600E+3	1.497760E-5	-9.872060E-8
8.042300E+3	1.474100E-5	-8.381950E-8
8.033200E+3	1.462550E-5	-9.499540E-8
8.012000E+3	1.441320E-5	1.210730E-7
8.002400E+3	1.437040E-5	1.117590E-7
7.981700E+3	1.403880E-5	2.253810E-7
7.971600E+3	1.400340E-5	1.471500E-7
7.951400E+3	1.394010E-5	1.434250E-7
7.940800E+3	1.384320E-5	1.303860E-7
7.921200E+3	1.342970E-5	2.551840E-7
7.910100E+3	1.342600E-5	1.639140E-7
7.891200E+3	1.335710E-5	7.636890E-8
7.891200E+3	1.335710E-5	7.636890E-8
7.866800E+3	1.324910E-5	3.166520E-8
7.866800E+3	1.324910E-5	3.166520E-8
7.834000E+3	1.318010E-5	-7.450630E-8
7.824600E+3	1.306090E-5	1.490130E-8
7.803400E+3	1.278340E-5	5.401690E-8
7.783800E+3	1.278340E-5	5.401690E-8
7.773100E+3	1.260270E-5	4.284110E-8
7.764000E+3	1.256170E-5	-1.862660E-9
7.764000E+3	1.256170E-5	-1.862660E-9
7.730700E+3	1.241830E-5	-8.754480E-8
7.718300E+3	1.230280E-5	-2.980250E-8
7.697200E+3	1.199180E-5	1.098970E-7
7.687500E+3	1.195270E-5	4.842900E-8
7.666800E+3	1.176080E-5	3.594920E-7
7.656500E+3	1.177200E-5	3.613550E-7
7.633300E+3	1.152420E-5	3.315530E-7
7.624100E+3	1.144600E-5	1.341110E-7
7.603500E+3	1.109400E-5	-7.823160E-8
7.593700E+3	1.110330E-5	-1.546000E-7
7.573400E+3	1.082200E-5	-6.519300E-8
7.563000E+3	1.079590E-5	-8.940740E-8
7.543200E+3	1.070280E-5	2.607710E-8
7.543200E+3	1.070280E-5	2.607710E-8
7.521800E+3	1.071770E-5	-4.842900E-8
7.499600E+3	1.071590E-5	1.154840E-7
7.488500E+3	1.078290E-5	1.676390E-7
7.468900E+3	1.058550E-5	2.030290E-7
7.458300E+3	1.049790E-5	1.806770E-7
7.438100E+3	1.048300E-5	1.303860E-8
7.428200E+3	1.024270E-5	8.195680E-8
7.428200E+3	1.024270E-5	8.195680E-8
7.407800E+3	1.000620E-5	-7.450630E-8
7.375000E+3	9.767770E-6	-9.872060E-8
7.364700E+3	9.641110E-6	-1.005830E-7
7.352700E+3	9.566600E-6	2.235190E-8
7.331500E+3	9.626210E-6	2.793980E-8
7.322500E+3	9.568470E-6	1.266610E-7
7.301000E+3	9.423180E-6	2.570470E-7
7.292000E+3	9.466020E-6	2.514590E-7
7.270800E+3	9.331910E-6	2.421460E-7
7.261500E+3	9.309560E-6	9.685800E-8
7.261500E+3	9.309560E-6	9.685800E-8
7.230900E+3	9.208980E-6	7.823160E-8
7.217800E+3	9.212700E-6	5.215430E-8
7.195300E+3	9.091630E-6	7.078100E-8
7.195300E+3	9.091630E-6	7.078100E-8
7.174000E+3	9.246230E-6	7.823160E-8
7.153200E+3	9.218290E-6	1.322490E-7
7.133700E+3	9.169860E-6	2.253810E-7
7.133700E+3	9.169860E-6	2.253810E-7
7.113500E+3	8.819680E-6	1.341110E-7
7.092200E+3	8.819680E-6	1.341110E-7
7.083100E+3	8.644590E-6	1.918530E-7
7.061600E+3	8.922130E-6	4.079210E-7
7.041100E+3	8.955660E-6	2.849870E-7
7.031300E+3	8.810370E-6	2.905740E-7
7.021800E+3	8.752630E-6	2.142050E-7
6.998000E+3	8.666950E-6	2.011670E-7
6.988900E+3	8.691160E-6	2.291060E-7
6.967700E+3	8.627830E-6	1.434250E-7
6.958300E+3	8.596170E-6	8.940740E-8
6.937400E+3	8.389410E-6	7.823160E-8
6.927500E+3	8.335400E-6	-2.235190E-8
6.927500E+3	8.335400E-6	-2.235190E-8
6.896500E+3	8.052270E-6	8.754480E-8
6.876800E+3	7.959140E-6	1.806770E-7
6.876800E+3	7.959140E-6	1.806770E-7
6.855800E+3	8.070900E-6	1.247980E-7
6.833600E+3	7.931200E-6	1.341110E-7
6.833600E+3	7.931200E-6	1.341110E-7
6.801000E+3	7.662980E-6	2.682230E-7
6.789700E+3	7.754250E-6	1.881280E-7
6.780300E+3	7.769150E-6	1.024460E-7
6.757200E+3	7.789640E-6	1.508750E-7
6.746900E+3	7.789640E-6	1.508750E-7
6.724700E+3	7.884640E-6	1.732270E-7
6.713600E+3	7.880910E-6	4.656640E-8
6.701600E+3	7.754250E-6	1.080340E-7
6.701600E+3	7.754250E-6	1.080340E-7
6.668400E+3	7.603350E-6	3.911580E-8
6.658700E+3	7.564230E-6	1.471500E-7
6.634900E+3	7.661120E-6	6.891830E-8
6.625700E+3	7.556780E-6	4.097840E-8
6.625700E+3	7.556780E-6	4.097840E-8
6.594700E+3	7.418940E-6	-1.564630E-7
6.581600E+3	7.303460E-6	-2.104800E-7
6.561600E+3	6.942110E-6	9.685800E-8
6.550500E+3	6.880640E-6	1.359740E-7
6.531100E+3	6.822900E-6	1.695020E-7
6.519800E+3	6.856430E-6	1.452870E-7
6.500600E+3	6.902990E-6	1.955790E-7
6.489300E+3	7.113470E-6	6.333040E-8
6.467900E+3	6.970050E-6	6.519300E-8
6.456700E+3	7.083670E-6	-6.333040E-8
6.446800E+3	7.102300E-6	-1.117590E-7
6.424400E+3	7.318360E-6	-1.583260E-7
6.413600E+3	7.361200E-6	-1.396990E-7
6.391800E+3	7.130230E-6	-1.601880E-7
6.391800E+3	7.130230E-6	-1.601880E-7
6.368100E+3	6.966320E-6	-3.706680E-7
6.347700E+3	6.843390E-6	-3.762560E-7
6.334900E+3	6.726040E-6	-3.762560E-7
6.326000E+3	6.645950E-6	-2.868490E-7
6.301600E+3	6.727900E-6	-3.017500E-7
6.292700E+3	6.586340E-6	-2.067550E-7
6.271500E+3	6.595660E-6	-1.546000E-7
6.262400E+3	6.536050E-6	-1.546000E-7
6.238300E+3	6.454090E-6	-1.434250E-7
6.229200E+3	6.467130E-6	-1.862660E-9
6.218600E+3	6.569580E-6	-5.215430E-8
6.198800E+3	6.482030E-6	1.303860E-8
6.187800E+3	6.502520E-6	1.303860E-8
6.168200E+3	6.627320E-6	1.546000E-7
6.156900E+3	6.660850E-6	1.844030E-7
6.156900E+3	6.660850E-6	1.844030E-7
6.137500E+3	6.537910E-6	2.384200E-7
6.106700E+3	6.660850E-6	1.303860E-7
6.106700E+3	6.660850E-6	1.303860E-7
6.074000E+3	6.428020E-6	1.415620E-7
6.062700E+3	6.239890E-6	1.266610E-7
6.043300E+3	6.061080E-6	1.732270E-7
6.032100E+3	6.111370E-6	1.154840E-7
6.023100E+3	6.141170E-6	1.359740E-7
6.023100E+3	6.141170E-6	1.359740E-7
5.989700E+3	6.172840E-6	8.940740E-8
5.968700E+3	6.143030E-6	7.078100E-8
5.956300E+3	6.224990E-6	-3.352780E-8
5.947200E+3	6.215680E-6	1.303860E-8
5.926200E+3	6.215680E-6	1.303860E-8
5.914000E+3	6.129990E-6	9.685800E-8
5.892700E+3	6.059210E-6	1.154840E-7
5.883700E+3	6.111370E-6	6.891830E-8
5.870800E+3	6.070390E-6	8.195680E-8
5.870800E+3	6.070390E-6	8.195680E-8
5.840000E+3	6.094600E-6	3.166520E-8
5.820000E+3	6.055490E-6	8.754480E-8
5.809100E+3	6.055490E-6	8.754480E-8
5.786700E+3	6.023820E-6	1.098970E-7
5.775600E+3	6.059210E-6	6.146770E-8
5.756700E+3	5.925100E-6	1.117590E-7
5.756700E+3	5.925100E-6	1.117590E-7
5.732500E+3	5.645710E-6	1.396990E-7
5.712800E+3	5.694140E-6	-2.048920E-8
5.702500E+3	5.729530E-6	-1.490130E-8
5.690600E+3	5.712760E-6	-4.656640E-8
5.667200E+3	5.774230E-6	-2.700850E-7
5.657000E+3	5.731390E-6	-1.750900E-7
5.636200E+3	5.694140E-6	-6.146770E-8
5.636200E+3	5.694140E-6	-6.146770E-8
5.623400E+3	5.675510E-6	-6.891830E-8
5.590600E+3	5.472480E-6	-3.725310E-8
5.581500E+3	5.343960E-6	6.891830E-8
5.557300E+3	5.487380E-6	4.656640E-8
5.548100E+3	5.451990E-6	1.396990E-7
5.537700E+3	5.451990E-6	1.396990E-7
5.517800E+3	5.489240E-6	1.154840E-7
5.506700E+3	5.528360E-6	7.823160E-8
5.484200E+3	5.617770E-6	9.313280E-9
5.473900E+3	5.682960E-6	-6.891830E-8
5.460500E+3	5.710900E-6	-1.285230E-7
5.460500E+3	5.710900E-6	-1.285230E-7
5.429700E+3	5.636390E-6	-5.587960E-8
5.410200E+3	5.615900E-6	-3.725310E-8
5.397000E+3	5.634530E-6	-4.097840E-8
5.377400E+3	5.571200E-6	-9.313280E-9
5.377400E+3	5.571200E-6	-9.313280E-9
5.346500E+3	5.405430E-6	-1.695020E-7
5.335200E+3	5.425910E-6	-1.415620E-7
5.326000E+3	5.431500E-6	-6.705570E-8
5.302600E+3	5.431500E-6	-3.166520E-8
5.292500E+3	5.429640E-6	1.490130E-8
5.270400E+3	5.472480E-6	4.097840E-8
5.259600E+3	5.478070E-6	2.421450E-8
5.250500E+3	5.461300E-6	5.401690E-8
5.229200E+3	5.422190E-6	5.401690E-8
5.220100E+3	5.474340E-6	9.685800E-8
5.220100E+3	5.474340E-6	9.685800E-8
5.196000E+3	5.425910E-6	2.309690E-7
5.187000E+3	5.368170E-6	2.365570E-7
5.156600E+3	5.332780E-6	1.899910E-7
5.135500E+3	5.334640E-6	4.097840E-8
5.135500E+3	5.334640E-6	4.097840E-8
5.126200E+3	5.425910E-6	-3.352780E-8
5.095500E+3	5.394250E-6	5.215430E-8
5.082200E+3	5.424050E-6	3.166520E-8
5.062600E+3	5.334640E-6	1.229350E-7
5.062600E+3	5.334640E-6	1.229350E-7
5.031900E+3	5.163280E-6	1.396990E-7
5.020500E+3	5.207980E-6	4.842900E-8
4.999000E+3	5.116720E-6	1.490130E-8
4.987800E+3	5.155830E-6	-2.235190E-8
4.968400E+3	5.161420E-6	2.607710E-8
4.957100E+3	5.202400E-6	2.235190E-8
4.937700E+3	5.191220E-6	5.960510E-8
4.937700E+3	5.191220E-6	5.960510E-8
4.914300E+3	5.226610E-6	5.401690E-8
4.893600E+3	5.202400E-6	4.842900E-8
4.883700E+3	5.180050E-6	3.725310E-8
4.862700E+3	5.161420E-6	-1.490130E-8
4.862700E+3	5.161420E-6	-1.490130E-8
4.832200E+3	4.850360E-6	1.154840E-7
4.832200E+3	4.850360E-6	1.154840E-7
4.809500E+3	4.796340E-6	-1.415620E-7
4.786700E+3	4.781440E-6	-1.490130E-8
4.777000E+3	4.781440E-6	-1.490130E-8
4.777000E+3	4.814970E-6	3.725320E-9
4.746300E+3	4.695760E-6	7.823160E-8
4.726400E+3	4.630560E-6	9.499540E-8
4.715700E+3	4.636150E-6	2.235190E-8
4.696300E+3	4.511360E-6	3.911580E-8
4.683400E+3	4.444300E-6	3.911580E-8
4.672100E+3	4.369790E-6	9.872060E-8
4.652600E+3	4.237550E-6	6.891830E-8
4.641700E+3	4.112750E-6	9.127010E-8
4.621500E+3	3.751380E-6	1.806770E-7
4.608400E+3	3.704820E-6	1.899910E-7
4.588800E+3	3.440320E-6	2.495960E-7
4.577700E+3	3.254060E-6	1.657760E-7
4.565400E+3	2.922500E-6	1.806770E-7
4.544600E+3	2.466160E-6	2.328320E-7
4.535100E+3	2.250090E-6	2.291060E-7
4.535100E+3	2.250090E-6	2.291060E-7
4.498500E+3	9.089740E-7	1.750900E-7
4.489400E+3	3.483160E-7	1.899910E-7
4.468100E+3	-7.860400E-7	4.097840E-8
4.458600E+3	-1.331800E-6	-6.519300E-8
4.458600E+3	-1.331800E-6	-6.519300E-8
4.427800E+3	-3.045440E-6	-1.098970E-7
4.416600E+3	-3.611680E-6	-1.769520E-7
4.416600E+3	-3.611680E-6	-1.769520E-7
4.383900E+3	-4.753500E-6	-1.471500E-7
4.362100E+3	-4.753500E-6	-1.471500E-7
4.351200E+3	-5.139070E-6	-1.378370E-7
4.331700E+3	-5.213570E-6	-1.676390E-7
4.320300E+3	-5.209850E-6	-2.067550E-7
4.310300E+3	-5.181910E-6	-2.309690E-7
4.287700E+3	-5.034760E-6	-2.197930E-7
4.276900E+3	-4.932310E-6	-1.527380E-7
4.256700E+3	-4.673410E-6	-1.862650E-7
4.256700E+3	-4.673410E-6	-1.862650E-7
4.225800E+3	-4.330680E-6	-2.309690E-7
4.216300E+3	-4.265490E-6	-2.067550E-7
4.195300E+3	-4.071770E-6	-1.769520E-7
4.195300E+3	-4.071770E-6	-1.769520E-7
4.174000E+3	-3.853840E-6	-2.477340E-7
4.149800E+3	-3.788630E-6	-1.546000E-7
4.140700E+3	-3.663840E-6	-1.601880E-7
4.140700E+3	-3.663840E-6	-1.601880E-7
4.107200E+3	-3.376990E-6	-1.247980E-7
4.095000E+3	-3.376990E-6	-1.247980E-7
4.073800E+3	-3.248470E-6	-1.098970E-7
4.073800E+3	-3.248470E-6	-1.098970E-7
4.064600E+3	-3.168370E-6	-1.825400E-7
4.031200E+3	-3.188860E-6	-4.842900E-8
4.019900E+3	-3.088280E-6	-2.421450E-8
4.000600E+3	-2.915050E-6	3.166520E-8
3.987400E+3	-2.851720E-6	1.490130E-8
3.976800E+3	-2.799570E-6	-4.284110E-8
3.954400E+3	-2.654280E-6	-2.551840E-7
3.942900E+3	-2.557430E-6	-3.911570E-7
3.923000E+3	-2.501550E-6	-4.097840E-7
3.912200E+3	-2.492230E-6	-3.334150E-7
3.891900E+3	-2.440080E-6	-1.750900E-7
3.881700E+3	-2.440080E-6	-1.285230E-7
3.861000E+3	-2.412140E-6	-4.284110E-8
3.848300E+3	-2.343220E-6	-7.078100E-8
3.839300E+3	-2.354400E-6	-1.192100E-7
3.815300E+3	-2.210970E-6	-1.862650E-7
3.806000E+3	-2.255680E-6	-1.043090E-7
3.784800E+3	-2.251950E-6	-4.470370E-8
3.775800E+3	-2.268720E-6	-1.676390E-8
3.752100E+3	-2.160680E-6	-1.117590E-7
3.742400E+3	-2.173720E-6	-1.080340E-7
3.732700E+3	-2.142060E-6	-8.009420E-8
3.708900E+3	-2.034020E-6	-1.080340E-7
3.699600E+3	-2.022850E-6	-1.080340E-7
3.688300E+3	-1.980010E-6	-7.264360E-8
3.665800E+3	-1.939030E-6	-8.009420E-8
3.654500E+3	-1.866380E-6	-1.732270E-7
3.635800E+3	-1.758340E-6	-1.471500E-7
3.623700E+3	-1.680110E-6	-1.154840E-7
3.604300E+3	-1.605610E-6	-1.005830E-7
3.593500E+3	-1.631680E-6	-1.490130E-8
3.573600E+3	-1.534830E-6	7.823160E-8
3.563300E+3	-1.551590E-6	7.823160E-8
3.563300E+3	-1.551590E-6	1.154840E-7
3.530100E+3	-1.296410E-6	1.806770E-7
3.521000E+3	-1.311310E-6	2.067550E-7
3.499700E+3	-1.264740E-6	1.434250E-7
3.479400E+3	-1.395130E-6	3.166520E-8
3.469200E+3	-1.490120E-6	5.029160E-8
3.449500E+3	-1.451010E-6	-4.284110E-8
3.438900E+3	-1.506890E-6	-4.842900E-8
3.438900E+3	-1.506890E-6	-4.842900E-8
3.408300E+3	-1.506890E-6	9.313280E-9
3.396100E+3	-1.519930E-6	5.029160E-8
3.374900E+3	-1.525510E-6	3.166520E-8
3.362900E+3	-1.475220E-6	-3.539050E-8
3.362900E+3	-1.475220E-6	-3.539050E-8
3.352100E+3	-1.331800E-6	-1.173470E-7
3.321300E+3	-1.186510E-6	-4.246850E-7
3.321300E+3	-1.186510E-6	-4.246850E-7
3.299100E+3	-1.234940E-6	-4.284100E-7
3.277700E+3	-1.369050E-6	-3.669430E-7
3.255900E+3	-1.363460E-6	-3.669430E-7
3.244500E+3	-1.266610E-6	-3.036130E-7
3.225000E+3	-1.212590E-6	-1.769520E-7
3.225000E+3	-1.212590E-6	-1.769520E-7
3.194200E+3	-1.199550E-6	-1.378370E-7
3.194200E+3	-1.199550E-6	-1.378370E-7
3.171700E+3	-1.251700E-6	-1.024460E-7
3.148400E+3	-1.199550E-6	-1.024460E-7
3.138000E+3	-1.193960E-6	-1.024460E-7
3.114800E+3	-1.216310E-6	5.960510E-8
3.104800E+3	-1.156710E-6	5.587960E-8
3.095700E+3	-1.193960E-6	9.685800E-8
3.071400E+3	-1.152980E-6	5.029160E-8
3.062400E+3	-1.147400E-6	9.313270E-8
3.062400E+3	-1.147400E-6	9.313270E-8
3.029100E+3	-1.205140E-6	1.098970E-7
3.018900E+3	-1.145530E-6	0.000000E+0
3.018900E+3	-1.145530E-6	0.000000E+0
2.987900E+3	-9.443650E-7	-2.067550E-7
2.968200E+3	-8.083920E-7	-1.639140E-7
2.957000E+3	-7.320230E-7	-2.011670E-7
2.937300E+3	-7.525120E-7	-1.285230E-7
2.926000E+3	-6.500670E-7	-8.195680E-8
2.904300E+3	-6.128140E-7	1.061710E-7
2.893000E+3	-5.867370E-7	2.793980E-8
2.879900E+3	-5.476210E-7	-5.215430E-8
2.879900E+3	-5.476210E-7	-5.215430E-8
2.860300E+3	-7.487870E-7	4.097840E-8
2.837000E+3	-6.966330E-7	1.676390E-8
2.814600E+3	-7.245730E-7	-9.872060E-8
2.803600E+3	-8.642710E-7	-2.030290E-7
2.780900E+3	-1.095240E-6	-2.570470E-7
2.770300E+3	-1.046810E-6	-3.054760E-7
2.761300E+3	-9.927970E-7	-2.980250E-7
2.737100E+3	-7.934900E-7	-2.346940E-7
2.737100E+3	-7.934900E-7	-2.346940E-7
2.704400E+3	-7.320230E-7	0.000000E+0
2.694700E+3	-6.724190E-7	2.048920E-8
2.682600E+3	-6.835940E-7	3.166520E-8
2.661300E+3	-6.724190E-7	3.166520E-8
2.652300E+3	-5.606600E-7	-1.210730E-7
2.630800E+3	-5.085060E-7	-5.215430E-8
2.621400E+3	-4.451740E-7	-5.774220E-8
2.610000E+3	-5.066430E-7	-2.980250E-8
2.610000E+3	-5.066430E-7	-2.980250E-8
2.577100E+3	-7.972160E-7	-2.421450E-8
2.577100E+3	-7.972160E-7	-2.421450E-8
2.546200E+3	-7.394740E-7	-4.284110E-8
2.526700E+3	-7.245730E-7	-4.284110E-8
2.513500E+3	-6.500670E-7	-9.313280E-9
2.493800E+3	-6.612430E-7	2.980250E-8
2.482600E+3	-6.724190E-7	3.725320E-9
2.472600E+3	-6.519290E-7	4.470370E-8
2.447600E+3	-3.743930E-7	-2.067550E-7
2.436600E+3	-3.818440E-7	-1.993040E-7
2.427500E+3	-3.036130E-7	-1.173470E-7
2.403700E+3	-4.973300E-7	1.024460E-7
2.394000E+3	-5.755610E-7	1.154840E-7
2.372500E+3	-7.618260E-7	1.788150E-7
2.363100E+3	-7.618260E-7	1.788150E-7
2.363100E+3	-8.326060E-7	3.483160E-7
2.332400E+3	-7.431990E-7	2.291060E-7
2.310900E+3	-7.059460E-7	1.210730E-7
2.301500E+3	-6.984960E-7	1.303860E-7
2.280400E+3	-6.500670E-7	7.264360E-8
2.270600E+3	-5.662480E-7	-3.725310E-8
2.257400E+3	-5.457590E-7	-9.499540E-8
2.237800E+3	-5.122310E-7	-4.470370E-8
2.226500E+3	-4.787030E-7	1.490130E-8
2.204300E+3	-3.892950E-7	-4.470370E-8
2.194100E+3	-4.116460E-7	-2.421450E-8
2.180300E+3	-3.837070E-7	-8.568210E-8
2.160300E+3	-5.736980E-7	-3.725310E-8
2.147000E+3	-5.550720E-7	-4.470370E-8
2.137600E+3	-6.035010E-7	2.793980E-8
2.116100E+3	-4.991930E-7	3.539050E-8
2.096100E+3	-5.271320E-7	-9.313280E-9
2.085200E+3	-5.215440E-7	-1.098970E-7
2.064700E+3	-5.159560E-7	-2.812610E-7
2.054300E+3	-6.500670E-7	-2.663600E-7
2.033200E+3	-5.736980E-7	-2.346940E-7
2.023400E+3	-5.755610E-7	-1.136220E-7
2.013300E+3	-4.861540E-7	-1.043090E-7
1.992200E+3	-5.550720E-7	6.891830E-8
1.982500E+3	-5.718360E-7	5.960510E-8
1.957300E+3	-6.295780E-7	1.527380E-7
1.947500E+3	-6.668310E-7	1.527380E-7
1.924400E+3	-6.780060E-7	-6.333040E-8
1.914400E+3	-6.035010E-7	-1.285230E-7
1.891100E+3	-6.090890E-7	-6.146770E-8
1.891100E+3	-6.090890E-7	-6.146770E-8
1.857300E+3	-5.401710E-7	-3.352780E-8
1.846100E+3	-4.488990E-7	-1.285230E-7
1.823200E+3	-4.582130E-7	-1.005830E-7
1.809200E+3	-4.731140E-7	-3.352780E-8
1.796500E+3	-4.731140E-7	-3.352780E-8
1.796500E+3	-4.451740E-7	-4.284110E-8
1.761900E+3	-3.725310E-7	-2.048920E-8
1.737500E+3	-3.930200E-7	-5.774220E-8
1.725000E+3	-4.097840E-7	-9.872060E-8
1.703300E+3	-5.047800E-7	-2.793980E-8
1.690700E+3	-5.532090E-7	-4.470370E-8
1.669200E+3	-5.178190E-7	-8.940740E-8
1.657100E+3	-4.936050E-7	-9.127010E-8
1.635700E+3	-3.781190E-7	-1.285230E-7
1.635700E+3	-3.781190E-7	-1.285230E-7
1.624200E+3	-3.352780E-7	-1.285230E-7
1.589200E+3	-3.892950E-7	2.235190E-8
1.589200E+3	-3.892950E-7	2.235190E-8
1.579700E+3	-5.178190E-7	1.955790E-7
1.545600E+3	-5.867370E-7	5.029160E-8
1.545600E+3	-5.867370E-7	5.029160E-8
1.512600E+3	-5.103680E-7	-2.421450E-8
1.503800E+3	-5.718360E-7	-1.117590E-8
1.490500E+3	-5.587970E-7	-4.097840E-8
1.490500E+3	-5.587970E-7	-4.097840E-8
1.460200E+3	-4.917420E-7	-1.098970E-7
1.449800E+3	-3.837070E-7	-1.546000E-7
1.430400E+3	-4.339980E-7	-8.754480E-8
1.420200E+3	-4.265480E-7	-8.009420E-8
1.420200E+3	-4.265480E-7	-8.009420E-8
1.401300E+3	-4.991930E-7	-5.215430E-8
1.374800E+3	-5.215440E-7	1.862660E-9
1.364800E+3	-5.662480E-7	6.705570E-8
1.353800E+3	-5.383080E-7	5.774220E-8
1.336100E+3	-4.358610E-7	-1.117590E-8
1.328100E+3	-4.731140E-7	1.117590E-8
1.309900E+3	-5.383080E-7	5.960510E-8
1.302100E+3	-5.383080E-7	8.754480E-8
1.302100E+3	-5.383080E-7	8.754480E-8
1.273200E+3	-5.196820E-7	1.117590E-7
1.265000E+3	-4.600750E-7	5.774220E-8
1.265000E+3	-4.600750E-7	5.774220E-8
1.243900E+3	-4.321350E-7	5.587960E-9
1.224900E+3	-4.451740E-7	2.607710E-8
1.224900E+3	-4.451740E-7	2.607710E-8
1.197600E+3	-4.693880E-7	6.146770E-8
1.179900E+3	-4.805660E-7	5.215430E-8
1.170100E+3	-4.805660E-7	4.284110E-8
1.152800E+3	-4.805660E-7	4.284110E-8
1.142500E+3	-4.153720E-7	9.499540E-8
1.125400E+3	-4.097840E-7	1.061710E-7
1.125400E+3	-4.097840E-7	1.061710E-7
1.097800E+3	-4.600750E-7	1.508750E-7
1.087800E+3	-4.768410E-7	1.415620E-7
1.068800E+3	-4.153720E-7	-1.676390E-8
1.068800E+3	-4.153720E-7	-1.676390E-8
1.041500E+3	-4.880170E-7	-1.266610E-7
1.031500E+3	-5.699730E-7	-9.127010E-8
1.023400E+3	-6.351660E-7	-5.215430E-8
1.004500E+3	-8.270180E-7	-1.490130E-8
9.872000E+2	-7.934900E-7	1.043090E-7
9.872000E+2	-7.934900E-7	1.043090E-7
9.680000E+2	-7.785890E-7	1.415620E-7
9.496000E+2	-7.897650E-7	1.024460E-7
9.421000E+2	-7.171220E-7	1.061710E-7
9.421000E+2	-7.171220E-7	1.061710E-7
9.237000E+2	-3.799810E-7	8.009420E-8
8.984000E+2	-4.097840E-7	3.725320E-9
8.907000E+2	-3.110640E-7	-1.639140E-7
8.733000E+2	-5.252700E-7	-1.117590E-7
8.652000E+2	-5.886000E-7	-1.080340E-7
8.485000E+2	-6.333030E-7	-4.284110E-8
8.400000E+2	-5.681100E-7	-3.539050E-8
8.239000E+2	-5.774240E-7	6.519300E-8
8.239000E+2	-5.774240E-7	6.519300E-8
8.042000E+2	-5.662480E-7	8.754480E-8
7.887000E+2	-5.010550E-7	3.725310E-8
7.798000E+2	-5.085060E-7	5.029160E-8
7.642000E+2	-5.383080E-7	-3.539050E-8
7.557000E+2	-5.606600E-7	-5.215430E-8
7.387000E+2	-5.736980E-7	-4.842900E-8
7.297000E+2	-5.848740E-7	-3.911580E-8
7.297000E+2	-5.848740E-7	-3.911580E-8
7.036000E+2	-5.923250E-7	-1.322490E-7
6.970000E+2	-6.612430E-7	-8.195680E-8
6.802000E+2	-7.767270E-7	-5.960510E-8
6.802000E+2	-7.767270E-7	-5.960510E-8
6.735000E+2	-7.487870E-7	7.450640E-9
6.547000E+2	-4.749760E-7	4.656640E-8
6.387000E+2	-6.016380E-7	1.024460E-7
6.297000E+2	-6.072260E-7	-3.352780E-8
6.134000E+2	-7.767270E-7	-2.048920E-8
6.051000E+2	-7.785890E-7	-9.127010E-8
5.880000E+2	-7.506500E-7	-1.434250E-7
5.805000E+2	-7.413360E-7	-1.285230E-7
5.805000E+2	-7.413360E-7	-1.285230E-7
5.558000E+2	-7.133970E-7	4.097840E-8
5.470000E+2	-6.575170E-7	1.490130E-8
5.306000E+2	-7.506500E-7	2.607710E-8
5.217000E+2	-7.450620E-7	1.303860E-8
5.217000E+2	-7.450620E-7	1.303860E-8
4.993000E+2	-9.723080E-7	1.862660E-8
4.920000E+2	-1.017010E-6	6.891830E-8
4.740000E+2	-9.983850E-7	8.195680E-8
4.740000E+2	-9.983850E-7	8.195680E-8
4.216000E+2	-1.218180E-6	2.402830E-7
4.002000E+2	-1.251700E-6	2.142050E-7
4.002000E+2	-1.251700E-6	2.142050E-7
3.331000E+2	-1.339250E-6	5.401690E-8
2.854000E+2	-1.315030E-6	-4.284110E-8
2.588000E+2	-1.333660E-6	-3.911580E-8
2.067000E+2	-1.076620E-6	-7.823160E-8
1.789000E+2	-1.000250E-6	-4.097840E-8
1.240000E+2	-9.033870E-7	1.490130E-8
8.900000E+1	-8.437820E-7	1.247980E-7
3.350000E+1	-9.909340E-7	2.104800E-7
4.500000E+0	-9.313260E-7	1.415620E-7
-2.240000E+1	-7.897650E-7	7.823160E-8
-8.600000E+1	-4.265480E-7	-4.097840E-8
-1.129000E+2	-2.663600E-7	-7.078100E-8
-1.743000E+2	8.009420E-8	-5.587960E-9
-2.011000E+2	1.974410E-7	-4.097840E-8
-2.266000E+2	2.682230E-7	-2.793980E-8
-2.786000E+2	5.271320E-7	-2.980250E-8
-3.287000E+2	8.232930E-7	-5.587960E-9
-3.287000E+2	8.232930E-7	-5.587960E-9
