Sample Name, AUS25x23_28G
Freq, 28, GHz, Power, 10, dBm
SR850: f = 25 Hz; phase = 96 deg; output = 5 V; sens. = 50 uV; tc = 300 ms; 12dB/oct
Field	X	Y
Oe	V	V
*
-6.300000E+2	2.171860E-6	1.508750E-7
-5.881000E+2	2.367440E-6	1.303860E-7
-5.727000E+2	2.369300E-6	1.676390E-8
-5.393000E+2	2.576050E-6	7.636890E-8
-5.231000E+2	2.617030E-6	1.266610E-7
-5.231000E+2	2.617030E-6	1.266610E-7
-4.761000E+2	3.077100E-6	1.806770E-7
-4.630000E+2	3.194450E-6	1.098970E-7
-4.344000E+2	3.609820E-6	2.738110E-7
-4.223000E+2	3.805400E-6	2.700850E-7
-4.091000E+2	4.019620E-6	1.899910E-7
-3.881000E+2	4.274800E-6	2.570470E-7
-3.769000E+2	4.449890E-6	2.011670E-7
-3.689000E+2	4.611940E-6	2.142050E-7
-3.480000E+2	4.762810E-6	2.123420E-7
-3.480000E+2	4.762810E-6	2.123420E-7
-3.180000E+2	5.198670E-6	1.061710E-7
-3.095000E+2	5.308570E-6	-4.097840E-8
-2.988000E+2	5.338370E-6	1.117590E-8
-2.766000E+2	5.366310E-6	-2.421450E-8
-2.663000E+2	5.386800E-6	-5.029160E-8
-2.427000E+2	5.235920E-6	0.000000E+0
-2.330000E+2	5.235920E-6	0.000000E+0
-2.330000E+2	5.019860E-6	-3.725310E-8
-1.996000E+2	4.364210E-6	1.024460E-7
-1.996000E+2	4.364210E-6	1.024460E-7
-1.689000E+2	3.609820E-6	2.030290E-7
-1.575000E+2	3.306210E-6	1.620510E-7
-1.480000E+2	3.166510E-6	3.166520E-8
-1.254000E+2	2.795840E-6	1.732270E-7
-1.151000E+2	2.615170E-6	6.333040E-8
-9.370000E+1	2.453120E-6	7.078100E-8
-8.270000E+1	2.248230E-6	9.499540E-8
-7.090000E+1	2.207250E-6	4.842900E-8
-5.010000E+1	1.933440E-6	1.415620E-7
-3.810000E+1	1.868240E-6	1.266610E-7
-2.880000E+1	1.778830E-6	1.527380E-7
-5.100000E+0	1.437970E-6	1.899910E-7
3.800000E+0	1.411890E-6	1.546000E-7
2.780000E+1	8.065290E-7	1.192100E-7
3.680000E+1	7.264350E-7	9.499540E-8
4.710000E+1	4.488990E-7	1.806770E-7
6.690000E+1	-8.568210E-8	9.685800E-8
8.800000E+1	-3.967450E-7	1.341110E-7
9.700000E+1	-5.867370E-7	-3.352780E-8
1.082000E+2	-8.139800E-7	-3.725320E-9
1.299000E+2	-1.233080E-6	-1.005830E-7
1.404000E+2	-1.454730E-6	-1.247980E-7
1.599000E+2	-1.734130E-6	-1.210730E-7
1.709000E+2	-1.734130E-6	-1.210730E-7
1.900000E+2	-2.445670E-6	0.000000E+0
2.013000E+2	-2.738100E-6	0.000000E+0
2.206000E+2	-3.183280E-6	1.117590E-7
2.337000E+2	-3.522280E-6	8.381950E-8
2.440000E+2	-3.702950E-6	-6.891830E-8
2.640000E+2	-4.211470E-6	6.333040E-8
2.737000E+2	-4.371660E-6	-6.146770E-8
2.960000E+2	-4.734870E-6	1.359740E-7
3.064000E+2	-4.829870E-6	4.097840E-8
3.153000E+2	-4.909960E-6	-2.793980E-8
3.394000E+2	-5.221020E-6	-1.285230E-7
3.485000E+2	-5.111130E-6	-1.583260E-7
3.728000E+2	-5.042210E-6	-1.285230E-7
3.818000E+2	-4.814970E-6	-1.434250E-7
3.926000E+2	-4.790750E-6	-4.842900E-8
4.154000E+2	-4.477830E-6	-2.048920E-7
4.154000E+2	-4.477830E-6	-2.048920E-7
4.454000E+2	-4.055010E-6	-3.613550E-7
4.558000E+2	-4.043830E-6	-1.825400E-7
4.756000E+2	-3.675010E-6	-1.434250E-7
4.864000E+2	-3.589330E-6	-7.823160E-8
4.994000E+2	-3.419830E-6	-1.341110E-7
4.994000E+2	-3.419830E-6	-1.341110E-7
5.320000E+2	-3.220530E-6	-1.192100E-7
5.514000E+2	-3.183280E-6	-1.192100E-7
5.627000E+2	-3.043580E-6	5.401690E-8
5.822000E+2	-2.933680E-6	6.519300E-8
5.936000E+2	-2.933680E-6	8.195680E-8
6.027000E+2	-2.812610E-6	6.891830E-8
6.265000E+2	-2.622620E-6	5.587960E-9
6.364000E+2	-2.395380E-6	-7.450630E-8
6.574000E+2	-2.287340E-6	-1.490130E-7
6.668000E+2	-2.175580E-6	-1.788150E-7
6.883000E+2	-2.229600E-6	-1.341110E-7
6.974000E+2	-2.171860E-6	-2.589090E-7
7.220000E+2	-2.248230E-6	-1.378370E-7
7.317000E+2	-2.162550E-6	-2.477340E-7
7.419000E+2	-2.112250E-6	-2.663600E-7
7.659000E+2	-2.034020E-6	-1.918530E-7
7.762000E+2	-1.855200E-6	-2.551840E-7
8.002000E+2	-1.857060E-6	-7.078100E-8
8.098000E+2	-1.776970E-6	-1.825400E-7
8.215000E+2	-1.791870E-6	-5.029160E-8
8.414000E+2	-1.695010E-6	5.960510E-8
8.529000E+2	-1.648450E-6	-5.587960E-9
8.748000E+2	-1.633550E-6	-2.421450E-8
8.864000E+2	-1.696880E-6	-1.117590E-8
9.061000E+2	-1.590710E-6	9.313270E-8
9.177000E+2	-1.566490E-6	1.229350E-7
9.376000E+2	-1.406300E-6	1.639140E-7
9.492000E+2	-1.302000E-6	2.440080E-7
9.696000E+2	-1.441690E-6	1.024460E-7
9.805000E+2	-1.376500E-6	6.333040E-8
1.000200E+3	-1.389540E-6	7.823160E-8
1.014600E+3	-1.432380E-6	7.823160E-8
1.024100E+3	-1.283370E-6	1.303860E-8
1.046100E+3	-1.423070E-6	-5.215430E-8
1.058700E+3	-1.339250E-6	-4.656640E-8
1.068600E+3	-1.292680E-6	7.450640E-9
1.093300E+3	-1.421210E-6	-2.607710E-8
1.102700E+3	-1.261020E-6	-6.146770E-8
1.124600E+3	-1.259160E-6	-2.421450E-8
1.134300E+3	-1.227490E-6	1.303860E-8
1.158800E+3	-1.279640E-6	-6.891830E-8
1.168100E+3	-1.225630E-6	-1.881280E-7
1.179300E+3	-1.156710E-6	-1.918530E-7
1.199100E+3	-1.030050E-6	-2.700850E-7
1.210500E+3	-9.667200E-7	-1.508750E-7
1.230200E+3	-9.480900E-7	-2.309690E-7
1.241600E+3	-1.026320E-6	-1.564630E-7
1.263200E+3	-1.063580E-6	-2.272440E-7
1.274700E+3	-1.130630E-6	-1.285230E-7
1.284900E+3	-1.106420E-6	-3.352780E-8
1.307900E+3	-1.009560E-6	-1.359740E-7
1.318900E+3	-8.475070E-7	-1.434250E-7
1.342300E+3	-5.550720E-7	-3.334150E-7
1.353000E+3	-6.798690E-7	-3.650800E-7
1.365200E+3	-7.953530E-7	-2.831240E-7
1.386900E+3	-9.238760E-7	8.940740E-8
1.399300E+3	-1.078480E-6	8.754480E-8
1.419900E+3	-1.147400E-6	6.519300E-8
1.429600E+3	-1.188370E-6	-1.490130E-8
1.450400E+3	-1.188370E-6	2.048920E-8
1.459400E+3	-1.158570E-6	-1.285230E-7
1.469500E+3	-1.154850E-6	-1.173470E-7
1.489100E+3	-1.067300E-6	-1.173470E-7
1.499600E+3	-1.115730E-6	-1.676390E-7
1.518700E+3	-1.030050E-6	-1.080340E-7
1.539700E+3	-9.611320E-7	-2.384200E-7
1.549000E+3	-1.013290E-6	-1.285230E-7
1.560300E+3	-1.136220E-6	-8.009420E-8
1.582000E+3	-1.003970E-6	-8.568210E-8
1.593100E+3	-1.076620E-6	-4.284110E-8
1.612600E+3	-1.013290E-6	-1.620510E-7
1.612600E+3	-1.013290E-6	-1.620510E-7
1.633600E+3	-1.095240E-6	-1.918530E-7
1.656400E+3	-1.139950E-6	-1.285230E-7
1.666700E+3	-1.069170E-6	-1.564630E-7
1.686700E+3	-1.151120E-6	-1.005830E-7
1.686700E+3	-1.151120E-6	-1.005830E-7
1.716900E+3	-1.093380E-6	-1.750900E-7
1.726100E+3	-1.087790E-6	-1.434250E-7
1.747100E+3	-1.218180E-6	-7.078100E-8
1.756000E+3	-1.141810E-6	-7.636890E-8
1.777100E+3	-1.162300E-6	-1.266610E-7
1.786000E+3	-1.169750E-6	-6.333040E-8
1.807200E+3	-1.169750E-6	-1.434250E-7
1.816300E+3	-1.298270E-6	-3.352780E-8
1.840200E+3	-1.214450E-6	-9.685800E-8
1.840200E+3	-1.214450E-6	-9.685800E-8
1.870400E+3	-1.292680E-6	-8.381950E-8
1.879400E+3	-1.246120E-6	-1.825400E-7
1.892200E+3	-1.205140E-6	-8.381950E-8
1.912200E+3	-1.149260E-6	-1.583260E-7
1.922600E+3	-1.234940E-6	-4.284110E-8
1.933300E+3	-1.216310E-6	-1.620510E-7
1.955900E+3	-1.335520E-6	-7.823160E-8
1.966200E+3	-1.227490E-6	-2.067550E-7
1.985300E+3	-1.410030E-6	-1.862650E-7
1.996300E+3	-1.369050E-6	-2.663600E-7
2.016000E+3	-1.424930E-6	-2.123420E-7
2.026400E+3	-1.367190E-6	-2.998880E-7
2.046700E+3	-1.508750E-6	-1.601880E-7
2.056400E+3	-1.480810E-6	-2.551840E-7
2.079800E+3	-1.713640E-6	-1.974410E-7
2.089300E+3	-1.650310E-6	-1.154840E-7
2.101200E+3	-1.590710E-6	-1.695020E-7
2.122300E+3	-1.536690E-6	-2.067550E-7
2.131200E+3	-1.473360E-6	-2.421460E-7
2.152100E+3	-1.441690E-6	-2.700850E-7
2.161600E+3	-1.467770E-6	-2.644970E-7
2.185200E+3	-1.473360E-6	-2.253810E-7
2.194100E+3	-1.490120E-6	-2.440080E-7
2.215200E+3	-1.523650E-6	-2.346940E-7
2.224400E+3	-1.527380E-6	-3.222390E-7
2.235700E+3	-1.505020E-6	-4.209600E-7
2.254700E+3	-1.478950E-6	-3.166510E-7
2.267800E+3	-1.598160E-6	-2.011670E-7
2.287100E+3	-1.510610E-6	-1.825400E-7
2.298300E+3	-1.605610E-6	-2.253810E-7
2.311000E+3	-1.609330E-6	-2.011670E-7
2.330500E+3	-1.559040E-6	-1.490130E-7
2.330500E+3	-1.559040E-6	-1.490130E-7
2.361000E+3	-1.434240E-6	-3.036130E-7
2.371000E+3	-1.540410E-6	-2.719480E-7
2.391500E+3	-1.717370E-6	-1.359740E-7
2.401000E+3	-1.562770E-6	-2.551840E-7
2.422000E+3	-1.907360E-6	-1.918530E-7
2.431100E+3	-1.821670E-6	-3.892950E-7
2.454500E+3	-1.871970E-6	-2.291060E-7
2.464400E+3	-1.790010E-6	-3.092010E-7
2.485100E+3	-1.648450E-6	-2.663600E-7
2.494400E+3	-1.737860E-6	-2.291060E-7
2.515500E+3	-1.870100E-6	-2.943000E-7
2.524400E+3	-1.965110E-6	-3.743930E-7
2.535100E+3	-1.965110E-6	-3.743930E-7
2.535100E+3	-2.216560E-6	-2.570470E-7
2.567200E+3	-2.356260E-6	-1.881280E-7
2.580200E+3	-2.495960E-6	-1.825400E-7
2.599300E+3	-2.097350E-6	-1.059850E-6
2.610400E+3	-1.749030E-6	-9.369140E-7
2.629700E+3	-2.056370E-6	-7.133970E-7
2.641000E+3	-2.069410E-6	-6.966330E-7
2.660200E+3	-2.337630E-6	-3.147890E-7
2.671300E+3	-2.427040E-6	-1.899910E-7
2.692700E+3	-2.307830E-6	8.754480E-8
2.704100E+3	-2.421450E-6	1.676390E-7
2.713600E+3	-2.328320E-6	6.333040E-8
2.736500E+3	-2.678500E-6	-2.030290E-7
2.746900E+3	-2.570460E-6	-3.967450E-7
2.746900E+3	-2.570460E-6	-3.967450E-7
2.767100E+3	-2.784670E-6	-2.235180E-7
2.799100E+3	-3.078970E-6	-2.868490E-7
2.809600E+3	-3.082690E-6	-4.116460E-7
2.818500E+3	-3.064070E-6	-3.688060E-7
2.842600E+3	-3.196310E-6	-2.384200E-7
2.851500E+3	-3.296900E-6	-4.377230E-7
2.872300E+3	-3.308070E-6	-4.936050E-7
2.881900E+3	-3.421690E-6	-3.967450E-7
2.902400E+3	-3.501790E-6	-5.755610E-7
2.911500E+3	-3.602370E-6	-5.029180E-7
2.935600E+3	-3.842670E-6	-4.284100E-7
2.945000E+3	-3.842670E-6	-4.284100E-7
2.957900E+3	-3.764420E-6	-2.924370E-7
2.977700E+3	-3.708540E-6	-3.408660E-7
2.988700E+3	-3.708540E-6	-3.408660E-7
3.010900E+3	-3.661970E-6	-3.501790E-7
3.021000E+3	-3.485020E-6	-4.190970E-7
3.032000E+3	-3.252190E-6	-3.185140E-7
3.053400E+3	-2.682220E-6	-3.948830E-7
3.064600E+3	-2.296660E-6	-2.943000E-7
3.083900E+3	-1.430520E-6	-4.265480E-7
3.095100E+3	-6.817320E-7	-3.930200E-7
3.095100E+3	-6.817320E-7	-3.930200E-7
3.127500E+3	9.536820E-7	-2.756730E-7
3.137100E+3	1.605610E-6	-3.576300E-7
3.157900E+3	2.408410E-6	-4.023330E-7
3.167100E+3	2.758590E-6	-3.390030E-7
3.190400E+3	3.244740E-6	-1.359740E-7
3.200400E+3	3.606100E-6	-1.601880E-7
3.220800E+3	3.816590E-6	1.303860E-8
3.230200E+3	4.041970E-6	-3.166520E-8
3.242200E+3	4.153730E-6	-1.862660E-8
3.263400E+3	4.479690E-6	-1.117590E-7
3.272500E+3	4.507630E-6	0.000000E+0
3.293500E+3	4.606350E-6	1.136220E-7
3.303100E+3	4.569100E-6	8.940740E-8
3.323500E+3	4.850360E-6	1.676390E-8
3.333700E+3	4.876430E-6	-6.146770E-8
3.353700E+3	4.686440E-6	-1.825400E-7
3.364300E+3	4.537430E-6	-2.235180E-7
3.383800E+3	4.537430E-6	-2.235180E-7
3.394900E+3	4.664090E-6	-1.490130E-7
3.404900E+3	4.759090E-6	-1.918530E-7
3.427300E+3	4.796340E-6	3.352780E-8
3.438100E+3	4.896920E-6	-1.862660E-8
3.458000E+3	4.919270E-6	-3.185140E-7
3.471000E+3	4.917410E-6	-3.185140E-7
3.490200E+3	4.919270E-6	-2.421460E-7
3.501200E+3	4.928590E-6	-2.887120E-7
3.510200E+3	4.954670E-6	-2.123420E-7
3.533700E+3	4.980740E-6	-2.663600E-7
3.543100E+3	5.193080E-6	-3.185140E-7
3.564300E+3	5.124170E-6	-2.943000E-7
3.576400E+3	5.267590E-6	-2.868490E-7
3.586600E+3	5.215440E-6	-1.247980E-7
3.606700E+3	5.105540E-6	-1.918530E-7
3.619200E+3	5.010540E-6	-1.173470E-7
3.639700E+3	5.053390E-6	-2.607720E-7
3.649700E+3	4.954670E-6	-1.061710E-7
3.669900E+3	4.859670E-6	-2.998880E-7
3.669900E+3	4.859670E-6	-2.998880E-7
3.693400E+3	4.664090E-6	-2.458710E-7
3.712600E+3	4.772130E-6	-1.955790E-7
3.723800E+3	4.725560E-6	-2.887120E-7
3.743000E+3	4.850360E-6	-2.384200E-7
3.753900E+3	4.854080E-6	-2.142050E-7
3.775200E+3	4.841040E-6	-1.918530E-7
3.786400E+3	4.824280E-6	-2.235180E-7
3.795700E+3	4.759090E-6	-2.030290E-7
3.818800E+3	4.701350E-6	-2.607720E-7
3.828900E+3	4.731150E-6	-3.352780E-8
3.852400E+3	5.008680E-6	-1.210730E-7
3.862300E+3	5.140930E-6	-1.676390E-8
3.874500E+3	5.140930E-6	-1.676390E-8
3.895900E+3	4.950940E-6	-1.862660E-8
3.907900E+3	5.077600E-6	1.490130E-8
3.917500E+3	5.127890E-6	1.154840E-7
3.941100E+3	4.954670E-6	-2.235180E-7
3.950000E+3	4.956530E-6	-2.868490E-7
3.971000E+3	5.096230E-6	-2.533220E-7
3.980300E+3	4.958390E-6	-1.899910E-7
4.000700E+3	5.144660E-6	-1.955790E-7
4.010600E+3	5.088780E-6	-1.005830E-7
4.010600E+3	5.088780E-6	-1.005830E-7
4.041200E+3	4.723700E-6	-2.458710E-7
4.060800E+3	4.999370E-6	-1.844030E-7
4.071800E+3	4.859670E-6	-1.285230E-7
4.091100E+3	4.861530E-6	-3.948830E-7
4.104100E+3	5.023580E-6	-4.116460E-7
4.104100E+3	5.023580E-6	-4.116460E-7
4.134600E+3	4.977020E-6	-1.825400E-7
4.144900E+3	4.911820E-6	-3.483160E-7
4.165100E+3	4.772130E-6	-2.980250E-7
4.178000E+3	4.725560E-6	-3.725310E-7
4.187100E+3	4.826140E-6	-4.805660E-7
4.210800E+3	4.826140E-6	-4.805660E-7
4.220500E+3	4.861530E-6	-4.023330E-7
4.244300E+3	5.012410E-6	-2.756730E-7
4.253800E+3	4.919270E-6	-3.464540E-7
4.262900E+3	4.846630E-6	-3.613550E-7
4.286900E+3	4.828010E-6	-4.004710E-7
4.296100E+3	4.829870E-6	-4.339980E-7
4.316700E+3	5.038480E-6	-5.606600E-7
4.326500E+3	4.949080E-6	-6.631050E-7
4.337800E+3	4.911820E-6	-6.184020E-7
4.359100E+3	4.928590E-6	-4.991930E-7
4.370300E+3	4.911820E-6	-4.321350E-7
4.389600E+3	5.040350E-6	-3.818440E-7
4.401000E+3	4.954670E-6	-3.520420E-7
4.420300E+3	4.977020E-6	-2.644970E-7
4.431500E+3	4.915550E-6	-3.203770E-7
4.431500E+3	4.915550E-6	-3.203770E-7
4.464000E+3	5.021720E-6	-2.160680E-7
4.476600E+3	4.977020E-6	-2.197930E-7
4.496400E+3	5.045930E-6	-3.073380E-7
4.509300E+3	4.973290E-6	-2.998880E-7
4.518600E+3	5.131620E-6	-3.371410E-7
4.541600E+3	5.068290E-6	-3.185140E-7
4.551700E+3	5.193080E-6	-3.166510E-7
4.572200E+3	5.055250E-6	-2.943000E-7
4.581700E+3	5.155830E-6	-3.594920E-7
4.602700E+3	5.135340E-6	-3.185140E-7
4.611900E+3	5.226610E-6	-4.805660E-7
4.635300E+3	4.963980E-6	-2.887120E-7
4.645000E+3	5.003090E-6	-3.669430E-7
4.656800E+3	5.165140E-6	-3.706680E-7
4.677900E+3	5.226610E-6	-3.334150E-7
4.689700E+3	5.347680E-6	-3.855690E-7
4.700600E+3	5.275040E-6	-2.905740E-7
4.719600E+3	5.319740E-6	-4.451740E-7
4.740500E+3	5.293670E-6	-3.967450E-7
4.740500E+3	5.293670E-6	-3.967450E-7
4.761400E+3	5.338370E-6	-3.930200E-7
4.761400E+3	5.338370E-6	-3.930200E-7
4.801200E+3	5.492970E-6	-2.216560E-7
4.811900E+3	5.433370E-6	-2.589090E-7
4.822500E+3	5.433370E-6	-3.054760E-7
4.844200E+3	5.355130E-6	-2.644970E-7
4.855300E+3	5.397970E-6	-3.259650E-7
4.874800E+3	5.435230E-6	-3.594920E-7
4.887900E+3	5.440820E-6	-4.377230E-7
4.897700E+3	5.478070E-6	-4.563500E-7
4.920100E+3	5.401700E-6	-4.619380E-7
4.930800E+3	5.446400E-6	-4.768410E-7
4.939800E+3	5.532090E-6	-4.395860E-7
4.963700E+3	5.444540E-6	-4.190970E-7
4.972700E+3	5.554440E-6	-4.675260E-7
4.996100E+3	5.634530E-6	-3.874320E-7
5.005900E+3	5.619630E-6	-4.190970E-7
5.018300E+3	5.701590E-6	-5.103680E-7
5.039000E+3	5.740700E-6	-4.544870E-7
5.039000E+3	5.740700E-6	-4.544870E-7
5.069300E+3	5.723940E-6	-6.314400E-7
5.081500E+3	5.716490E-6	-6.798690E-7
5.092900E+3	5.602870E-6	-6.295780E-7
5.114800E+3	5.794720E-6	-6.351660E-7
5.125500E+3	5.772370E-6	-6.351660E-7
5.136000E+3	5.809620E-6	-5.904620E-7
5.157800E+3	6.081570E-6	-5.550720E-7
5.157800E+3	6.081570E-6	-5.550720E-7
5.188300E+3	6.049900E-6	-5.718360E-7
5.199100E+3	5.954910E-6	-5.178190E-7
5.218900E+3	5.859910E-6	-5.960500E-7
5.231900E+3	5.906480E-6	-4.712510E-7
5.251200E+3	6.105780E-6	-4.023330E-7
5.264400E+3	6.120680E-6	-2.384200E-7
5.274400E+3	6.185870E-6	-3.129260E-7
5.294900E+3	6.480170E-6	-4.228220E-7
5.304300E+3	6.480170E-6	-4.228220E-7
5.325400E+3	6.519290E-6	-6.314400E-7
5.334400E+3	6.491350E-6	-5.718360E-7
5.355500E+3	6.523010E-6	-6.724190E-7
5.364600E+3	6.597520E-6	-5.941870E-7
5.364600E+3	6.597520E-6	-5.941870E-7
5.400600E+3	6.606830E-6	-7.227100E-7
5.410600E+3	6.562130E-6	-6.109510E-7
5.430900E+3	6.504390E-6	-6.314400E-7
5.443300E+3	6.550950E-6	-5.941870E-7
5.454500E+3	6.411250E-6	-4.991930E-7
5.476300E+3	6.623600E-6	-4.526250E-7
5.476300E+3	6.623600E-6	-4.526250E-7
5.509300E+3	6.772610E-6	-5.420330E-7
5.519200E+3	6.783780E-6	-5.457590E-7
5.530300E+3	6.718590E-6	-4.433110E-7
5.551600E+3	6.662710E-6	-4.991930E-7
5.563000E+3	6.787510E-6	-5.234070E-7
5.575700E+3	6.744670E-6	-4.880170E-7
5.596300E+3	7.081810E-6	-6.035010E-7
5.605800E+3	7.143270E-6	-5.941870E-7
5.626900E+3	7.076220E-6	-6.035010E-7
5.636000E+3	7.212190E-6	-6.593800E-7
5.659700E+3	7.050140E-6	-5.979130E-7
5.669300E+3	7.052000E-6	-6.519290E-7
5.678800E+3	7.102300E-6	-5.383080E-7
5.702200E+3	7.143270E-6	-5.401710E-7
5.711100E+3	7.258760E-6	-5.215440E-7
5.735000E+3	7.234540E-6	-5.234070E-7
5.744000E+3	7.385420E-6	-6.388910E-7
5.744000E+3	7.385420E-6	-6.388910E-7
5.777400E+3	7.491590E-6	-6.128140E-7
5.790000E+3	7.735620E-6	-6.854570E-7
5.801300E+3	7.636900E-6	-5.736980E-7
5.823100E+3	7.683470E-6	-7.003580E-7
5.834300E+3	7.759840E-6	-6.035010E-7
5.856500E+3	7.778460E-6	-6.724190E-7
5.866700E+3	7.802680E-6	-6.798690E-7
5.866700E+3	7.802680E-6	-6.798690E-7
5.897400E+3	7.836210E-6	-6.128140E-7
5.907800E+3	7.912570E-6	-3.557670E-7
5.928100E+3	7.866010E-6	-2.663600E-7
5.938000E+3	7.931200E-6	-3.501790E-7
5.958800E+3	7.936790E-6	-3.874320E-7
5.968300E+3	8.078350E-6	-4.377230E-7
5.991500E+3	8.089530E-6	-5.327200E-7
6.001800E+3	8.169620E-6	-5.271320E-7
6.011000E+3	8.195700E-6	-6.035010E-7
6.034900E+3	8.333530E-6	-7.282980E-7
6.043900E+3	8.264610E-6	-7.245730E-7
6.067900E+3	8.342850E-6	-7.059460E-7
6.077400E+3	8.391270E-6	-7.282980E-7
6.090200E+3	8.510480E-6	-6.966330E-7
6.110800E+3	8.568230E-6	-6.873200E-7
6.121100E+3	8.648320E-6	-6.761440E-7
6.141300E+3	8.763800E-6	-7.301610E-7
6.151100E+3	8.871840E-6	-7.785890E-7
6.171800E+3	8.901640E-6	-7.934900E-7
6.182200E+3	8.940750E-6	-6.742810E-7
6.205300E+3	9.093490E-6	-7.264350E-7
6.215800E+3	9.162410E-6	-7.841770E-7
6.235400E+3	9.181040E-6	-7.301610E-7
6.245300E+3	9.223880E-6	-7.320230E-7
6.256300E+3	9.262990E-6	-6.556550E-7
6.275800E+3	9.445530E-6	-7.823150E-7
6.275800E+3	9.445530E-6	-7.823150E-7
6.298300E+3	9.505140E-6	-7.431990E-7
6.322000E+3	9.639250E-6	-6.817320E-7
6.331400E+3	9.672770E-6	-7.059460E-7
6.354700E+3	9.842280E-6	-6.202640E-7
6.365000E+3	9.922370E-6	-6.798690E-7
6.385500E+3	1.004900E-5	-6.407540E-7
6.385500E+3	1.004900E-5	-6.407540E-7
6.416000E+3	1.023530E-5	-6.817320E-7
6.425200E+3	1.033220E-5	-7.245730E-7
6.435400E+3	1.041410E-5	-7.227100E-7
6.458200E+3	1.037500E-5	-6.351660E-7
6.467700E+3	1.051470E-5	-5.867370E-7
6.488400E+3	1.065250E-5	-5.345830E-7
6.498500E+3	1.069910E-5	-5.196820E-7
6.518900E+3	1.086670E-5	-4.563500E-7
6.529500E+3	1.094680E-5	-4.321350E-7
6.549300E+3	1.103620E-5	-3.930200E-7
6.560400E+3	1.107350E-5	-4.768410E-7
6.579900E+3	1.122060E-5	-5.736980E-7
6.591100E+3	1.139940E-5	-6.798690E-7
6.610500E+3	1.162480E-5	-6.444790E-7
6.621700E+3	1.177940E-5	-6.947700E-7
6.641200E+3	1.193780E-5	-7.133970E-7
6.652200E+3	1.196570E-5	-7.376110E-7
6.672000E+3	1.211840E-5	-5.923250E-7
6.682400E+3	1.217620E-5	-7.227100E-7
6.702600E+3	1.221340E-5	-6.593800E-7
6.712400E+3	1.231770E-5	-6.128140E-7
6.733300E+3	1.263440E-5	-3.986080E-7
6.742700E+3	1.263440E-5	-3.986080E-7
6.763800E+3	1.295100E-5	-6.724190E-7
6.772900E+3	1.301250E-5	-7.096710E-7
6.772900E+3	1.301250E-5	-7.096710E-7
6.803100E+3	1.311310E-5	-7.133970E-7
6.824000E+3	1.311680E-5	-6.742810E-7
6.824000E+3	1.311680E-5	-6.742810E-7
6.854100E+3	1.316520E-5	-5.886000E-7
6.854100E+3	1.316520E-5	-5.886000E-7
6.874000E+3	1.302370E-5	-6.388910E-7
6.893300E+3	1.288210E-5	-6.966330E-7
6.914100E+3	1.284490E-5	-8.083920E-7
6.923900E+3	1.266050E-5	-6.202640E-7
6.935200E+3	1.241090E-5	-6.910450E-7
6.954700E+3	1.199550E-5	-4.936050E-7
6.965600E+3	1.169930E-5	-5.252700E-7
6.987300E+3	1.106980E-5	-5.848740E-7
6.998800E+3	1.071960E-5	-6.239900E-7
6.998800E+3	1.071960E-5	-6.239900E-7
7.029300E+3	9.840410E-6	-7.133970E-7
7.048900E+3	9.102810E-6	-7.543750E-7
7.059500E+3	8.665080E-6	-9.201500E-7
7.068400E+3	8.191970E-6	-8.773100E-7
7.092400E+3	6.886230E-6	-8.437820E-7
7.101400E+3	6.133720E-6	-7.022210E-7
7.124900E+3	5.014270E-6	-6.128140E-7
7.134800E+3	4.364210E-6	-6.165390E-7
7.144500E+3	3.684330E-6	-6.500670E-7
7.168400E+3	2.291070E-6	-7.394740E-7
7.178400E+3	1.622370E-6	-7.618260E-7
7.198800E+3	1.136220E-7	-8.177050E-7
7.211000E+3	-4.693880E-7	-9.350520E-7
7.222300E+3	-1.082200E-6	-8.717220E-7
7.244200E+3	-2.264990E-6	-1.002110E-6
7.254800E+3	-2.877800E-6	-8.866230E-7
7.277400E+3	-3.857570E-6	-8.698590E-7
7.287200E+3	-4.362340E-6	-8.754470E-7
7.298500E+3	-4.896920E-6	-8.400570E-7
7.319900E+3	-5.619630E-6	-8.884850E-7
7.331100E+3	-6.055490E-6	-9.052490E-7
7.331100E+3	-6.055490E-6	-9.052490E-7
7.364500E+3	-6.811720E-6	-9.946600E-7
7.377100E+3	-7.027790E-6	-9.052490E-7
7.397100E+3	-7.433850E-6	-8.717220E-7
7.407600E+3	-7.553060E-6	-8.326060E-7
7.419700E+3	-7.579130E-6	-8.661340E-7
7.441000E+3	-7.942380E-6	-8.307430E-7
7.441000E+3	-7.942380E-6	-8.307430E-7
7.474100E+3	-8.070900E-6	-9.667200E-7
7.483700E+3	-8.121190E-6	-1.018870E-6
7.493700E+3	-8.305590E-6	-9.015240E-7
7.517100E+3	-8.365200E-6	-8.903480E-7
7.526100E+3	-8.473230E-6	-8.996610E-7
7.546900E+3	-8.428530E-6	-9.220130E-7
7.556400E+3	-8.534700E-6	-8.605460E-7
7.556400E+3	-8.534700E-6	-8.605460E-7
7.586800E+3	-8.445290E-6	-8.121170E-7
7.606900E+3	-8.370790E-6	-8.754470E-7
7.620300E+3	-8.337260E-6	-8.158420E-7
7.630700E+3	-8.363330E-6	-7.245730E-7
7.650300E+3	-8.279520E-6	-7.916280E-7
7.661600E+3	-8.167760E-6	-7.953530E-7
7.681500E+3	-8.210600E-6	-7.767270E-7
7.692400E+3	-7.981490E-6	-8.884850E-7
7.712600E+3	-7.994530E-6	-7.320230E-7
7.723000E+3	-7.946100E-6	-7.916280E-7
7.743600E+3	-7.772880E-6	-8.717220E-7
7.743600E+3	-7.772880E-6	-8.717220E-7
7.774500E+3	-7.953550E-6	-8.288810E-7
7.783700E+3	-7.720720E-6	-9.499530E-7
7.807000E+3	-7.808270E-6	-8.456450E-7
7.816900E+3	-7.739350E-6	-8.922110E-7
7.826200E+3	-7.644350E-6	-9.015240E-7
7.850000E+3	-7.743070E-6	-8.344690E-7
7.850000E+3	-7.743070E-6	-8.344690E-7
7.880200E+3	-7.353750E-6	-8.828970E-7
7.889300E+3	-7.387280E-6	-8.270180E-7
7.900600E+3	-7.389140E-6	-8.232930E-7
7.925400E+3	-7.132100E-6	-8.642710E-7
7.925400E+3	-7.132100E-6	-8.642710E-7
7.935800E+3	-7.271800E-6	-7.860400E-7
7.966800E+3	-7.014750E-6	-7.450620E-7
7.989200E+3	-6.984950E-6	-9.592700E-7
7.999500E+3	-6.929070E-6	-9.480900E-7
8.019700E+3	-6.880640E-6	-8.456450E-7
8.030500E+3	-6.968180E-6	-7.320230E-7
8.041000E+3	-6.856430E-6	-8.605460E-7
8.061100E+3	-6.683200E-6	-7.767270E-7
8.074100E+3	-6.727900E-6	-7.469240E-7
8.083200E+3	-6.571440E-6	-8.642710E-7
8.106800E+3	-6.524880E-6	-7.413360E-7
8.116600E+3	-6.541640E-6	-8.326060E-7
8.137600E+3	-6.435470E-6	-9.313260E-7
8.146900E+3	-6.366550E-6	-9.462270E-7
8.168100E+3	-6.441060E-6	-9.462270E-7
8.177200E+3	-6.224990E-6	-1.050540E-6
8.201100E+3	-6.357240E-6	-8.363310E-7
8.210600E+3	-6.292040E-6	-8.195680E-7
8.222800E+3	-6.191460E-6	-8.307430E-7
8.244000E+3	-6.262240E-6	-7.376110E-7
8.256000E+3	-6.128130E-6	-8.214300E-7
8.277300E+3	-6.096470E-6	-8.381940E-7
8.277300E+3	-6.096470E-6	-8.381940E-7
8.297900E+3	-5.964220E-6	-7.841770E-7
8.319700E+3	-5.790990E-6	-9.648570E-7
8.319700E+3	-5.790990E-6	-9.648570E-7
8.353100E+3	-5.710900E-6	-7.879030E-7
8.363300E+3	-5.722080E-6	-7.282980E-7
8.374300E+3	-5.744430E-6	-5.867370E-7
8.396200E+3	-5.861770E-6	-5.643850E-7
8.407500E+3	-5.845010E-6	-5.662480E-7
8.420100E+3	-5.790990E-6	-6.891820E-7
8.440400E+3	-5.617770E-6	-8.177050E-7
8.453600E+3	-5.684820E-6	-7.115340E-7
8.473800E+3	-5.593550E-6	-6.500670E-7
8.483700E+3	-5.433370E-6	-6.500670E-7
8.504500E+3	-5.532090E-6	-6.724190E-7
8.514000E+3	-5.381210E-6	-8.828970E-7
8.535100E+3	-5.412880E-6	-7.562380E-7
8.535100E+3	-5.412880E-6	-7.562380E-7
8.565600E+3	-5.243380E-6	-8.251550E-7
8.574700E+3	-5.293670E-6	-7.823150E-7
8.595700E+3	-5.086910E-6	-8.568200E-7
8.604900E+3	-5.086910E-6	-8.661340E-7
8.615300E+3	-5.273180E-6	-8.810350E-7
8.638100E+3	-5.099950E-6	-1.134360E-6
8.649000E+3	-5.083190E-6	-1.054260E-6
8.668600E+3	-5.045930E-6	-1.031910E-6
8.668600E+3	-5.045930E-6	-1.031910E-6
8.698800E+3	-5.025450E-6	-9.853470E-7
8.709600E+3	-4.919270E-6	-1.020740E-6
8.729300E+3	-4.909960E-6	-9.853470E-7
8.740600E+3	-4.891340E-6	-9.555440E-7
8.760100E+3	-4.882020E-6	-8.903480E-7
8.774200E+3	-4.794480E-6	-8.828970E-7
8.783900E+3	-4.706930E-6	-8.549580E-7
8.804200E+3	-4.760950E-6	-8.400570E-7
8.814400E+3	-4.548610E-6	-9.704450E-7
8.838000E+3	-4.619390E-6	-8.549580E-7
8.847900E+3	-4.524390E-6	-9.052490E-7
8.857500E+3	-4.489000E-6	-8.922110E-7
8.881300E+3	-4.585860E-6	-8.400570E-7
8.890400E+3	-4.438710E-6	-9.387770E-7
8.911700E+3	-4.500180E-6	-9.164250E-7
8.921000E+3	-4.434990E-6	-8.177050E-7
8.944800E+3	-4.399600E-6	-9.294640E-7
8.953900E+3	-4.323230E-6	-1.026320E-6
8.964800E+3	-4.326950E-6	-9.350520E-7
8.984300E+3	-4.375380E-6	-1.033780E-6
9.005400E+3	-4.246860E-6	-9.983850E-7
9.005400E+3	-4.246860E-6	-9.983850E-7
9.026300E+3	-4.341850E-6	-9.033870E-7
9.045800E+3	-4.209610E-6	-8.586830E-7
9.056900E+3	-4.095990E-6	-8.083920E-7
9.076700E+3	-4.040110E-6	-8.568200E-7
9.087500E+3	-4.025210E-6	-8.102540E-7
9.109600E+3	-3.950700E-6	-8.698590E-7
9.109600E+3	-3.950700E-6	-8.698590E-7
9.130300E+3	-3.820310E-6	-8.717220E-7
9.153800E+3	-3.920900E-6	-8.922110E-7
9.163800E+3	-3.876190E-6	-8.400570E-7
9.186500E+3	-3.950700E-6	-8.139800E-7
9.197000E+3	-3.857570E-6	-9.387770E-7
9.209000E+3	-3.838940E-6	-8.121170E-7
9.230000E+3	-3.796090E-6	-8.679960E-7
9.239200E+3	-3.727170E-6	-7.301610E-7
9.260500E+3	-3.611680E-6	-7.711390E-7
9.269600E+3	-3.559530E-6	-7.208470E-7
9.290900E+3	-3.607960E-6	-7.860400E-7
9.300200E+3	-3.561390E-6	-8.568200E-7
9.321300E+3	-3.559530E-6	-8.735840E-7
9.330900E+3	-3.593060E-6	-8.493700E-7
9.342300E+3	-3.587470E-6	-8.158420E-7
9.367000E+3	-3.419830E-6	-9.555440E-7
9.377900E+3	-3.384440E-6	-8.977990E-7
9.400300E+3	-3.429140E-6	-8.903480E-7
9.410500E+3	-3.427280E-6	-8.363310E-7
9.421700E+3	-3.609820E-6	-8.679960E-7
9.443400E+3	-3.485020E-6	-8.437820E-7
9.454700E+3	-3.596780E-6	-8.754470E-7
9.467400E+3	-3.479440E-6	-8.139800E-7
9.487500E+3	-3.427280E-6	-7.916280E-7
9.487500E+3	-3.427280E-6	-7.916280E-7
9.510000E+3	-3.227980E-6	-7.133970E-7
9.534200E+3	-3.183280E-6	-7.431990E-7
9.543500E+3	-3.213080E-6	-7.618260E-7
9.567000E+3	-3.222390E-6	-7.320230E-7
9.576800E+3	-3.255920E-6	-6.537920E-7
9.586400E+3	-3.157200E-6	-7.133970E-7
9.610200E+3	-3.211210E-6	-5.792860E-7
9.619300E+3	-3.211210E-6	-5.792860E-7
9.640700E+3	-3.131120E-6	-6.817320E-7
9.650100E+3	-3.099460E-6	-7.096710E-7
9.671000E+3	-3.190730E-6	-8.344690E-7
9.681000E+3	-3.123670E-6	-8.605460E-7
9.701600E+3	-3.170240E-6	-8.717220E-7
9.712000E+3	-3.147880E-6	-7.655510E-7
9.735100E+3	-3.224250E-6	-8.810350E-7
9.744800E+3	-3.121810E-6	-8.232930E-7
9.756100E+3	-3.231700E-6	-7.934900E-7
9.756100E+3	-3.231700E-6	-7.934900E-7
9.789200E+3	-3.194450E-6	-7.785890E-7
9.808700E+3	-3.037990E-6	-7.059460E-7
9.820100E+3	-3.037990E-6	-7.692760E-7
9.839700E+3	-2.952310E-6	-7.916280E-7
9.839700E+3	-2.952310E-6	-7.916280E-7
9.870700E+3	-2.959760E-6	-7.506500E-7
9.881600E+3	-2.885250E-6	-7.543750E-7
9.881600E+3	-2.885250E-6	-7.543750E-7
9.914800E+3	-2.939270E-6	-7.152590E-7
9.924100E+3	-2.896430E-6	-8.456450E-7
9.924100E+3	-2.896430E-6	-8.456450E-7
9.954200E+3	-2.834960E-6	-9.369140E-7
9.954200E+3	-2.834960E-6	-9.369140E-7
9.987400E+3	-2.654280E-6	-9.071120E-7
9.997200E+3	-2.756730E-6	-8.735840E-7
1.002080E+4	-2.717610E-6	-9.667200E-7
1.003000E+4	-2.859170E-6	-1.063580E-6
1.005420E+4	-2.831240E-6	-1.018870E-6
1.006330E+4	-2.725060E-6	-1.022600E-6
1.008460E+4	-2.713890E-6	-8.828970E-7
1.009390E+4	-2.589090E-6	-7.990780E-7
1.010490E+4	-2.665460E-6	-8.102540E-7
1.012740E+4	-2.505270E-6	-8.363310E-7
1.013870E+4	-2.486650E-6	-9.033870E-7
1.015760E+4	-2.566740E-6	-9.089740E-7
1.016860E+4	-2.499680E-6	-9.611320E-7
1.018830E+4	-2.492230E-6	-1.013290E-6
1.019950E+4	-2.518310E-6	-9.723080E-7
1.020930E+4	-2.438220E-6	-9.574070E-7
1.023320E+4	-2.305970E-6	-9.685830E-7
1.024280E+4	-2.114120E-6	-1.000250E-6
1.026320E+4	-2.229600E-6	-9.089740E-7
1.027330E+4	-2.145780E-6	-8.065290E-7
1.029690E+4	-2.186760E-6	-8.512320E-7
1.030650E+4	-2.164410E-6	-8.810350E-7
1.031860E+4	-2.138330E-6	-8.810350E-7
1.033990E+4	-2.263130E-6	-1.067300E-6
1.033990E+4	-2.263130E-6	-1.067300E-6
1.036200E+4	-2.207250E-6	-1.125040E-6
1.038570E+4	-2.147640E-6	-1.031910E-6
1.039510E+4	-1.961380E-6	-1.084070E-6
1.041950E+4	-2.020980E-6	-9.164250E-7
1.041950E+4	-2.020980E-6	-9.164250E-7
1.043970E+4	-1.961380E-6	-9.480900E-7
1.046230E+4	-1.877550E-6	-9.201500E-7
1.046230E+4	-1.877550E-6	-9.201500E-7
1.048630E+4	-1.987460E-6	-8.083920E-7
1.050780E+4	-1.881280E-6	-8.717220E-7
1.051900E+4	-1.888730E-6	-8.475070E-7
1.053860E+4	-1.829120E-6	-8.437820E-7
1.054980E+4	-1.760210E-6	-8.083920E-7
1.056930E+4	-1.680110E-6	-9.499530E-7
1.058260E+4	-1.689430E-6	-8.139800E-7
1.059310E+4	-1.709920E-6	-8.903480E-7
1.059310E+4	-1.709920E-6	-8.903480E-7
1.062680E+4	-1.806770E-6	-9.127000E-7
1.064690E+4	-1.842160E-6	-9.276010E-7
1.065730E+4	-1.795600E-6	-9.946600E-7
1.067780E+4	-1.795600E-6	-9.276010E-7
1.067780E+4	-1.795600E-6	-9.276010E-7
1.069980E+4	-1.665210E-6	-1.000250E-6
1.069980E+4	-1.665210E-6	-1.000250E-6
1.073310E+4	-1.514340E-6	-1.015150E-6
1.074400E+4	-1.637270E-6	-9.462270E-7
1.076660E+4	-1.484540E-6	-9.071120E-7
1.077670E+4	-1.553450E-6	-9.127000E-7
1.080030E+4	-1.493850E-6	-9.425020E-7
1.080970E+4	-1.495710E-6	-1.009560E-6
1.082110E+4	-1.501300E-6	-8.549580E-7
1.084060E+4	-1.484540E-6	-8.624080E-7
1.085370E+4	-1.519930E-6	-8.717220E-7
1.087340E+4	-1.423070E-6	-9.890720E-7
1.088450E+4	-1.411890E-6	-9.220130E-7
1.090430E+4	-1.274060E-6	-9.667200E-7
1.091740E+4	-1.281510E-6	-9.015240E-7
1.092830E+4	-1.352290E-6	-9.387770E-7
1.095030E+4	-1.315030E-6	-9.741710E-7
1.096150E+4	-1.341110E-6	-1.050540E-6
1.098120E+4	-1.378360E-6	-1.007700E-6
1.098120E+4	-1.378360E-6	-1.007700E-6
1.101230E+4	-1.270330E-6	-9.816210E-7
1.102270E+4	-1.177200E-6	-9.667200E-7
1.103470E+4	-1.115730E-6	-1.061720E-6
1.105580E+4	-1.030050E-6	-8.698590E-7
1.106790E+4	-1.007700E-6	-8.642710E-7
1.107820E+4	-1.091520E-6	-8.214300E-7
1.110140E+4	-1.110140E-6	-8.493700E-7
1.111100E+4	-1.145530E-6	-9.350520E-7
1.113190E+4	-1.119460E-6	-9.294640E-7
1.114210E+4	-1.085930E-6	-1.000250E-6
1.116270E+4	-1.074750E-6	-1.003970E-6
1.116270E+4	-1.074750E-6	-1.003970E-6
1.119320E+4	-1.061720E-6	-9.276010E-7
1.120420E+4	-1.078480E-6	-8.251550E-7
1.122640E+4	-9.890720E-7	-9.294640E-7
1.123670E+4	-1.018870E-6	-9.983850E-7
1.124980E+4	-1.110140E-6	-9.760330E-7
1.125980E+4	-1.091520E-6	-9.294640E-7
1.128250E+4	-1.007700E-6	-8.232930E-7
1.129320E+4	-1.024460E-6	-8.698590E-7
1.131520E+4	-9.778960E-7	-8.549580E-7
1.132660E+4	-8.456450E-7	-8.828970E-7
1.134640E+4	-8.251550E-7	-9.760330E-7
1.135730E+4	-7.357480E-7	-1.024460E-6
1.137750E+4	-8.102540E-7	-8.791720E-7
1.137750E+4	-8.102540E-7	-8.791720E-7
1.140040E+4	-9.052490E-7	-9.816210E-7
1.142470E+4	-9.760330E-7	-8.288810E-7
1.142470E+4	-9.760330E-7	-8.288810E-7
1.145530E+4	-1.059850E-6	-9.667200E-7
1.146450E+4	-8.884850E-7	-9.890720E-7
1.148560E+4	-7.730010E-7	-9.890720E-7
1.148560E+4	-7.730010E-7	-9.909340E-7
1.151630E+4	-9.518150E-7	-8.959360E-7
1.151630E+4	-9.518150E-7	-8.959360E-7
1.153630E+4	-1.160440E-6	-8.214300E-7
1.155590E+4	-9.704450E-7	-7.133970E-7
1.155590E+4	-9.704450E-7	-7.133970E-7
1.156710E+4	-8.847600E-7	-6.593800E-7
1.159970E+4	-7.003580E-7	-7.934900E-7
1.161960E+4	-7.394740E-7	-8.307430E-7
1.163340E+4	-6.910450E-7	-8.139800E-7
1.164390E+4	-6.463420E-7	-8.400570E-7
1.166430E+4	-7.730010E-7	-9.536820E-7
1.167420E+4	-7.133970E-7	-1.030050E-6
1.167420E+4	-7.133970E-7	-1.030050E-6
1.170490E+4	-4.190970E-7	-9.536820E-7
1.172820E+4	-5.364450E-7	-9.145620E-7
1.173840E+4	-5.550720E-7	-1.080340E-6
1.175910E+4	-5.383080E-7	-1.115730E-6
1.175910E+4	-5.383080E-7	-1.115730E-6
1.178990E+4	-5.140940E-7	-1.106420E-6
1.179930E+4	-6.146770E-7	-1.098970E-6
1.182050E+4	-5.066430E-7	-1.141810E-6
1.182990E+4	-5.457590E-7	-1.184650E-6
1.184090E+4	-6.482040E-7	-1.113870E-6
1.186080E+4	-6.146770E-7	-1.067300E-6
1.188210E+4	-6.668310E-7	-1.050540E-6
1.189190E+4	-5.699730E-7	-1.005840E-6
1.190510E+4	-6.500670E-7	-9.145620E-7
1.192500E+4	-5.085060E-7	-9.834840E-7
1.193620E+4	-5.643850E-7	-9.611320E-7
1.195590E+4	-5.215440E-7	-1.097110E-6
1.196720E+4	-4.991930E-7	-1.059850E-6
1.198690E+4	-3.799810E-7	-1.011420E-6
1.199820E+4	-3.166510E-7	-1.134360E-6
1.201810E+4	-3.334150E-7	-1.020740E-6
1.201810E+4	-3.334150E-7	-1.020740E-6
1.202900E+4	-3.445910E-7	-9.518150E-7
1.205940E+4	-3.036130E-7	-9.741710E-7
1.207880E+4	-3.334150E-7	-9.965220E-7
1.208960E+4	-2.551840E-7	-1.028190E-6
1.209890E+4	-3.371410E-7	-9.629950E-7
1.212340E+4	-3.110640E-7	-1.018870E-6
1.213260E+4	-3.073380E-7	-9.629950E-7
1.215400E+4	-3.408660E-7	-9.760330E-7
1.216610E+4	-3.576300E-7	-8.754470E-7
1.216610E+4	-3.576300E-7	-8.754470E-7
1.217860E+4	-3.501790E-7	-1.110140E-6
1.220960E+4	-3.967450E-7	-1.061720E-6
1.222100E+4	-2.868490E-7	-1.100830E-6
1.224270E+4	-2.142050E-7	-1.022600E-6
1.225390E+4	-2.346940E-7	-1.059850E-6
1.227630E+4	-1.043090E-7	-1.031910E-6
1.228680E+4	-2.980250E-7	-1.041230E-6
1.228680E+4	-2.980250E-7	-1.041230E-6
1.231780E+4	-2.738110E-7	-1.009560E-6
1.233750E+4	-2.011670E-7	-9.946600E-7
1.234870E+4	-1.899910E-7	-1.175340E-6
1.236140E+4	-1.359740E-7	-1.145530E-6
1.238430E+4	-2.346940E-7	-1.065440E-6
1.239520E+4	-2.570470E-7	-1.160440E-6
1.241550E+4	-1.285230E-7	-1.240530E-6
1.241550E+4	-1.285230E-7	-1.240530E-6
1.244550E+4	-1.061710E-7	-1.227490E-6
1.245940E+4	-1.918530E-7	-1.110140E-6
1.246870E+4	-1.005830E-7	-1.190240E-6
1.249010E+4	-6.333040E-8	-1.166020E-6
1.249940E+4	-5.960510E-8	-1.139950E-6
1.252070E+4	-9.685800E-8	-1.138080E-6
1.253290E+4	-9.313270E-8	-1.188370E-6
1.254340E+4	-1.750900E-7	-1.246120E-6
1.256650E+4	-4.097840E-8	-1.246120E-6
1.257630E+4	6.333040E-8	-1.370910E-6
1.259990E+4	1.210730E-7	-1.313170E-6
1.260920E+4	2.551840E-7	-1.326210E-6
1.263040E+4	1.899910E-7	-1.311310E-6
1.264000E+4	1.396990E-7	-1.225630E-6
1.265120E+4	2.197930E-7	-1.274060E-6
1.267100E+4	2.346940E-7	-1.261020E-6
1.268420E+4	2.365570E-7	-1.113870E-6
1.270400E+4	1.173470E-7	-1.175340E-6
1.271520E+4	6.333040E-8	-1.003970E-6
1.273490E+4	1.490130E-8	-8.828970E-7
1.273490E+4	1.490130E-8	-8.828970E-7
1.275570E+4	-5.587960E-9	-9.760330E-7
1.275570E+4	-5.587960E-9	-9.760330E-7
1.278950E+4	8.009420E-8	-1.046810E-6
1.281050E+4	8.195680E-8	-9.667200E-7
1.281050E+4	8.195680E-8	-9.667200E-7
1.284150E+4	-5.029160E-8	-1.102690E-6
1.285090E+4	-6.519300E-8	-1.199550E-6
1.287540E+4	-1.024460E-7	-1.221900E-6
1.288460E+4	-1.620510E-7	-1.270330E-6
1.290570E+4	-2.291060E-7	-1.292680E-6
1.291510E+4	-1.788150E-7	-1.313170E-6
1.293650E+4	-1.080340E-7	-1.246120E-6
1.294570E+4	-5.215430E-8	-1.184650E-6
1.296710E+4	5.029160E-8	-1.292680E-6
1.297640E+4	9.499540E-8	-1.229350E-6
1.297640E+4	9.499540E-8	-1.229350E-6
1.300960E+4	1.266610E-7	-1.190240E-6
1.302020E+4	2.607710E-8	-1.125040E-6
1.303110E+4	1.620510E-7	-1.169750E-6
1.305420E+4	5.960510E-8	-1.264740E-6
1.306460E+4	1.899910E-7	-1.264740E-6
1.308500E+4	-5.401690E-8	-1.410030E-6
1.309500E+4	7.078100E-8	-1.387680E-6
1.309500E+4	7.078100E-8	-1.387680E-6
1.312850E+4	-2.235190E-8	-1.126910E-6
1.314890E+4	-6.519300E-8	-1.113870E-6
1.315930E+4	2.235190E-8	-1.009560E-6
1.316870E+4	2.607710E-8	-1.141810E-6
1.319280E+4	1.434250E-7	-1.123180E-6
1.320220E+4	4.284110E-8	-1.188370E-6
1.322640E+4	-3.725320E-9	-1.164160E-6
1.323610E+4	3.725320E-9	-1.333660E-6
1.325760E+4	-1.117590E-8	-1.255430E-6
1.326690E+4	6.333040E-8	-1.406300E-6
1.327750E+4	1.024460E-7	-1.322490E-6
1.327750E+4	1.024460E-7	-1.322490E-6
1.329760E+4	1.490130E-8	-1.333660E-6
1.332850E+4	5.587960E-9	-1.324350E-6
1.333980E+4	1.117590E-7	-1.404440E-6
1.336180E+4	1.378370E-7	-1.404440E-6
1.336180E+4	1.378370E-7	-1.404440E-6
1.339220E+4	8.009420E-8	-1.395130E-6
1.340330E+4	1.862660E-8	-1.328070E-6
1.341340E+4	6.891830E-8	-1.316900E-6
1.343630E+4	3.352780E-8	-1.337390E-6
1.344710E+4	7.823160E-8	-1.244250E-6
1.346930E+4	9.685800E-8	-1.335520E-6
1.348060E+4	6.146770E-8	-1.335520E-6
1.350060E+4	9.872060E-8	-1.298270E-6
1.350060E+4	9.872060E-8	-1.298270E-6
1.353170E+4	7.264360E-8	-1.376500E-6
1.354150E+4	1.173470E-7	-1.331800E-6
1.354150E+4	1.173470E-7	-1.331800E-6
1.356780E+4	2.048920E-7	-1.333660E-6
1.357480E+4	1.098970E-7	-1.389540E-6
1.358380E+4	6.519300E-8	-1.281510E-6
1.358600E+4	3.725310E-8	-1.342970E-6
1.358730E+4	1.750900E-7	-1.400720E-6
1.358700E+4	1.806770E-7	-1.452870E-6
1.358360E+4	1.303860E-7	-1.337390E-6
1.357510E+4	1.434250E-7	-1.449150E-6
1.356800E+4	1.210730E-7	-1.454730E-6
1.355090E+4	6.891830E-8	-1.372780E-6
1.355090E+4	6.891830E-8	-1.372780E-6
1.351500E+4	1.341110E-7	-1.378360E-6
1.350180E+4	1.266610E-7	-1.424930E-6
1.346970E+4	1.378370E-7	-1.385820E-6
1.345470E+4	2.197930E-7	-1.465910E-6
1.345470E+4	2.197930E-7	-1.465910E-6
1.341890E+4	1.527380E-7	-1.346700E-6
1.339110E+4	1.806770E-7	-1.305720E-6
1.337760E+4	2.048920E-7	-1.374640E-6
1.335260E+4	9.685800E-8	-1.385820E-6
1.335260E+4	9.685800E-8	-1.385820E-6
1.331810E+4	1.862650E-7	-1.536690E-6
1.330660E+4	2.943000E-7	-1.467770E-6
1.328770E+4	1.452870E-7	-1.521790E-6
1.327720E+4	1.266610E-7	-1.398850E-6
1.327720E+4	1.266610E-7	-1.398850E-6
1.324590E+4	9.685800E-8	-1.572080E-6
1.323550E+4	1.825400E-7	-1.538550E-6
1.321680E+4	9.872060E-8	-1.562770E-6
1.320390E+4	1.825400E-7	-1.505020E-6
1.319410E+4	-1.862660E-8	-1.488260E-6
1.317040E+4	1.844030E-7	-1.581390E-6
1.317040E+4	1.844030E-7	-1.581390E-6
1.313960E+4	5.587960E-8	-1.605610E-6
1.313020E+4	-5.215430E-8	-1.380230E-6
1.310890E+4	-1.750900E-7	-1.609330E-6
1.309970E+4	-2.067550E-7	-1.613060E-6
1.309970E+4	-2.067550E-7	-1.613060E-6
1.306930E+4	-1.862650E-7	-1.536690E-6
1.305830E+4	2.980250E-8	-1.441690E-6
1.303630E+4	-9.127010E-8	-1.255430E-6
1.302600E+4	-7.636890E-8	-1.292680E-6
1.300320E+4	-1.005830E-7	-1.348560E-6
1.299340E+4	-4.470370E-8	-1.380230E-6
1.298220E+4	6.146770E-8	-1.357880E-6
1.296060E+4	-3.725310E-8	-1.292680E-6
1.294950E+4	-1.862660E-9	-1.369050E-6
1.294950E+4	-1.862660E-9	-1.369050E-6
1.291700E+4	6.333040E-8	-1.387680E-6
1.290390E+4	1.601880E-7	-1.516200E-6
1.288460E+4	3.352780E-8	-1.486400E-6
1.288460E+4	3.352780E-8	-1.486400E-6
1.286120E+4	9.313270E-8	-1.417480E-6
1.284020E+4	-5.774220E-8	-1.441690E-6
1.282050E+4	-4.284110E-8	-1.493850E-6
1.280990E+4	-1.620510E-7	-1.585120E-6
1.280090E+4	-1.676390E-8	-1.763930E-6
1.277720E+4	1.303860E-8	-1.592570E-6
1.276800E+4	-4.842900E-8	-1.553450E-6
1.274460E+4	1.359740E-7	-1.499440E-6
1.273480E+4	-3.352780E-8	-1.516200E-6
1.272520E+4	4.470370E-8	-1.627960E-6
1.270460E+4	-3.725320E-9	-1.629820E-6
1.269450E+4	1.117590E-7	-1.756480E-6
1.267410E+4	2.365570E-7	-1.618650E-6
1.267410E+4	2.365570E-7	-1.618650E-6
1.264100E+4	3.725320E-9	-1.348560E-6
1.263130E+4	-5.401690E-8	-1.460320E-6
1.261120E+4	-4.284110E-8	-1.376500E-6
1.260100E+4	-8.940740E-8	-1.434240E-6
1.258110E+4	-1.825400E-7	-1.451010E-6
1.257040E+4	-3.725320E-9	-1.605610E-6
1.256010E+4	4.097840E-8	-1.475220E-6
1.253710E+4	1.862660E-8	-1.391400E-6
1.252700E+4	4.097840E-8	-1.313170E-6
1.250660E+4	1.620510E-7	-1.229350E-6
1.250660E+4	1.620510E-7	-1.229350E-6
1.247410E+4	2.961620E-7	-1.445420E-6
1.246370E+4	3.036130E-7	-1.320620E-6
1.245450E+4	1.844030E-7	-1.162300E-6
1.243040E+4	2.067550E-7	-1.290820E-6
1.242130E+4	1.154840E-7	-1.380230E-6
1.240020E+4	1.080340E-7	-1.251700E-6
1.238810E+4	9.127010E-8	-1.158570E-6
1.237830E+4	-1.490130E-8	-1.141810E-6
1.235490E+4	-1.452870E-7	-1.333660E-6
1.235490E+4	-1.452870E-7	-1.333660E-6
1.232500E+4	-2.495960E-7	-1.395130E-6
1.231540E+4	-1.899910E-7	-1.469630E-6
1.229500E+4	-3.036130E-7	-1.346700E-6
1.228490E+4	-2.551840E-7	-1.408170E-6
1.228490E+4	-2.551840E-7	-1.408170E-6
1.225410E+4	-3.501790E-7	-1.525510E-6
1.225410E+4	-3.501790E-7	-1.525510E-6
1.222350E+4	-4.507620E-7	-1.497570E-6
1.222350E+4	-4.507620E-7	-1.497570E-6
1.219280E+4	-4.675260E-7	-1.410030E-6
1.217350E+4	-5.289950E-7	-1.395130E-6
1.216240E+4	-5.811490E-7	-1.534830E-6
1.215020E+4	-6.742810E-7	-1.546000E-6
1.212990E+4	-5.587970E-7	-1.609330E-6
1.212010E+4	-5.923250E-7	-1.546000E-6
1.209920E+4	-5.625220E-7	-1.246120E-6
1.208990E+4	-6.258520E-7	-1.320620E-6
1.206670E+4	-3.520420E-7	-1.428660E-6
1.205660E+4	-3.259650E-7	-1.488260E-6
1.205660E+4	-3.259650E-7	-1.488260E-6
1.202330E+4	-2.421450E-8	-1.546000E-6
1.202330E+4	-2.421450E-8	-1.546000E-6
1.201410E+4	7.450640E-9	-1.575810E-6
1.198110E+4	-2.943000E-7	-1.266610E-6
1.196810E+4	-3.501790E-7	-1.205140E-6
1.196810E+4	-3.501790E-7	-1.205140E-6
1.193540E+4	-4.488990E-7	-1.158570E-6
1.192420E+4	-4.842910E-7	-1.281510E-6
1.190230E+4	-5.494840E-7	-1.356010E-6
1.190230E+4	-5.494840E-7	-1.356010E-6
1.187190E+4	-5.047800E-7	-1.363460E-6
1.186060E+4	-4.209600E-7	-1.408170E-6
1.184120E+4	-4.563500E-7	-1.443560E-6
1.183010E+4	-4.265480E-7	-1.419340E-6
1.181770E+4	-5.010550E-7	-1.465910E-6
1.179770E+4	-4.004710E-7	-1.581390E-6
1.178750E+4	-4.507620E-7	-1.495710E-6
1.176710E+4	-4.228220E-7	-1.592570E-6
1.175730E+4	-5.550720E-7	-1.490120E-6
1.173660E+4	-4.600750E-7	-1.579530E-6
1.172730E+4	-4.135090E-7	-1.538550E-6
1.170630E+4	-5.364450E-7	-1.542280E-6
1.169710E+4	-5.327200E-7	-1.467770E-6
1.167600E+4	-6.109510E-7	-1.490120E-6
1.166700E+4	-5.047800E-7	-1.544140E-6
1.164600E+4	-5.215440E-7	-1.471500E-6
1.163660E+4	-5.662480E-7	-1.443560E-6
1.161590E+4	-6.333030E-7	-1.300130E-6
1.160670E+4	-6.593800E-7	-1.387680E-6
1.158560E+4	-7.487870E-7	-1.315030E-6
1.157620E+4	-7.748640E-7	-1.410030E-6
1.156220E+4	-7.376110E-7	-1.490120E-6
1.154270E+4	-7.692760E-7	-1.547870E-6
1.153150E+4	-7.245730E-7	-1.512480E-6
1.151280E+4	-7.897650E-7	-1.411890E-6
1.150150E+4	-7.320230E-7	-1.478950E-6
1.147930E+4	-7.133970E-7	-1.419340E-6
1.146810E+4	-7.357480E-7	-1.538550E-6
1.145870E+4	-6.984960E-7	-1.482670E-6
1.143550E+4	-7.581000E-7	-1.518060E-6
1.142540E+4	-7.711390E-7	-1.490120E-6
1.140490E+4	-7.860400E-7	-1.506890E-6
1.139530E+4	-8.530950E-7	-1.629820E-6
1.137440E+4	-8.549580E-7	-1.633550E-6
1.136530E+4	-9.257380E-7	-1.601880E-6
1.134420E+4	-7.674130E-7	-1.629820E-6
1.133500E+4	-8.996610E-7	-1.469630E-6
1.133500E+4	-8.996610E-7	-1.469630E-6
1.130170E+4	-8.754470E-7	-1.316900E-6
1.129160E+4	-8.624080E-7	-1.383950E-6
1.126820E+4	-8.586830E-7	-1.339250E-6
1.125890E+4	-9.555440E-7	-1.389540E-6
1.123790E+4	-9.592700E-7	-1.367190E-6
1.122810E+4	-1.033780E-6	-1.374640E-6
1.120770E+4	-1.046810E-6	-1.406300E-6
1.120770E+4	-1.046810E-6	-1.406300E-6
1.117750E+4	-1.000250E-6	-1.393270E-6
1.116670E+4	-9.294640E-7	-1.378360E-6
1.114720E+4	-1.011420E-6	-1.383950E-6
1.113610E+4	-9.201500E-7	-1.501300E-6
1.112630E+4	-9.667200E-7	-1.493850E-6
1.110400E+4	-9.853470E-7	-1.572080E-6
1.109330E+4	-1.003970E-6	-1.464050E-6
1.107320E+4	-1.052400E-6	-1.525510E-6
1.106300E+4	-1.041230E-6	-1.527380E-6
1.104070E+4	-1.121320E-6	-1.361600E-6
1.102980E+4	-1.162300E-6	-1.339250E-6
1.102060E+4	-1.143670E-6	-1.367190E-6
1.099640E+4	-1.193960E-6	-1.339250E-6
1.099640E+4	-1.193960E-6	-1.339250E-6
1.096630E+4	-1.031910E-6	-1.428660E-6
1.096630E+4	-1.031910E-6	-1.428660E-6
1.094400E+4	-1.104560E-6	-1.532960E-6
1.092410E+4	-1.063580E-6	-1.460320E-6
1.091310E+4	-1.104560E-6	-1.462180E-6
1.089080E+4	-1.149260E-6	-1.534830E-6
1.088080E+4	-1.106420E-6	-1.490120E-6
1.088080E+4	-1.106420E-6	-1.490120E-6
1.084830E+4	-1.186510E-6	-1.402580E-6
1.083710E+4	-1.199550E-6	-1.376500E-6
1.081770E+4	-1.305720E-6	-1.302000E-6
1.080650E+4	-1.339250E-6	-1.398850E-6
1.080650E+4	-1.339250E-6	-1.398850E-6
1.077620E+4	-1.432380E-6	-1.467770E-6
1.076420E+4	-1.315030E-6	-1.586980E-6
1.074350E+4	-1.199550E-6	-1.469630E-6
1.073110E+4	-1.242390E-6	-1.478950E-6
1.070820E+4	-1.184650E-6	-1.367190E-6
1.070820E+4	-1.184650E-6	-1.367190E-6
1.068850E+4	-1.333660E-6	-1.342970E-6
1.066420E+4	-1.391400E-6	-1.326210E-6
1.065500E+4	-1.391400E-6	-1.326210E-6
1.063120E+4	-1.536690E-6	-1.346700E-6
1.062160E+4	-1.654040E-6	-1.328070E-6
1.061170E+4	-1.620510E-6	-1.387680E-6
1.061170E+4	-1.620510E-6	-1.387680E-6
1.058120E+4	-1.743440E-6	-1.359740E-6
1.055820E+4	-1.793730E-6	-1.244250E-6
1.055820E+4	-1.793730E-6	-1.244250E-6
1.052820E+4	-1.769520E-6	-1.244250E-6
1.051810E+4	-1.747170E-6	-1.311310E-6
1.049800E+4	-1.810500E-6	-1.158570E-6
1.049800E+4	-1.810500E-6	-1.158570E-6
1.046780E+4	-1.708050E-6	-1.335520E-6
1.045670E+4	-1.713640E-6	-1.413750E-6
1.043700E+4	-1.806770E-6	-1.302000E-6
1.043700E+4	-1.806770E-6	-1.302000E-6
1.041630E+4	-1.825400E-6	-1.234940E-6
1.039320E+4	-1.916680E-6	-1.283370E-6
1.038280E+4	-1.965110E-6	-1.376500E-6
1.036080E+4	-2.173720E-6	-1.359740E-6
1.034980E+4	-2.190490E-6	-1.419340E-6
1.034070E+4	-2.212840E-6	-1.469630E-6
1.031710E+4	-2.106670E-6	-1.246120E-6
1.030760E+4	-2.013530E-6	-1.270330E-6
1.028470E+4	-2.056370E-6	-1.315030E-6
1.027440E+4	-2.056370E-6	-1.315030E-6
1.026230E+4	-2.224010E-6	-1.143670E-6
1.026230E+4	-2.224010E-6	-1.143670E-6
1.023200E+4	-2.374890E-6	-1.223770E-6
1.022080E+4	-2.367440E-6	-1.275920E-6
1.019910E+4	-2.358120E-6	-1.173470E-6
1.018820E+4	-2.272440E-6	-1.177200E-6
1.016880E+4	-2.421450E-6	-1.190240E-6
1.015760E+4	-2.356260E-6	-1.134360E-6
1.013820E+4	-2.451260E-6	-1.050540E-6
1.012690E+4	-2.289210E-6	-1.035640E-6
1.010550E+4	-2.246360E-6	-1.013290E-6
1.009440E+4	-2.158820E-6	-1.013290E-6
1.009440E+4	-2.158820E-6	-9.853470E-7
1.006180E+4	-2.374890E-6	-1.015150E-6
1.004850E+4	-2.468020E-6	-1.015150E-6
1.003870E+4	-2.499680E-6	-1.065440E-6
1.001490E+4	-2.568600E-6	-1.156710E-6
1.000540E+4	-2.607720E-6	-1.164160E-6
1.000540E+4	-2.607720E-6	-1.164160E-6
9.975300E+3	-2.665460E-6	-1.175340E-6
9.955000E+3	-2.658010E-6	-1.156710E-6
9.955000E+3	-2.658010E-6	-1.156710E-6
9.924800E+3	-2.719480E-6	-1.149260E-6
9.915700E+3	-2.766040E-6	-1.180920E-6
9.905200E+3	-2.777220E-6	-1.162300E-6
9.882300E+3	-2.887110E-6	-1.205140E-6
9.872600E+3	-2.905740E-6	-1.190240E-6
9.848900E+3	-2.920640E-6	-1.208860E-6
9.848900E+3	-2.920640E-6	-1.208860E-6
9.839100E+3	-2.916920E-6	-1.246120E-6
9.808400E+3	-2.885250E-6	-1.220040E-6
9.788700E+3	-3.062200E-6	-1.188370E-6
9.777900E+3	-3.067790E-6	-1.139950E-6
9.767700E+3	-3.168370E-6	-1.197690E-6
9.745700E+3	-3.164650E-6	-1.104560E-6
9.734800E+3	-3.119950E-6	-1.195830E-6
9.714900E+3	-3.108770E-6	-1.136220E-6
9.704400E+3	-3.203760E-6	-1.044950E-6
9.684200E+3	-3.084550E-6	-1.126910E-6
9.674300E+3	-3.187000E-6	-1.082200E-6
9.653600E+3	-3.131120E-6	-1.152980E-6
9.644100E+3	-3.136710E-6	-1.141810E-6
9.623100E+3	-3.073380E-6	-1.274060E-6
9.613900E+3	-3.078970E-6	-1.149260E-6
9.613900E+3	-3.078970E-6	-1.149260E-6
9.580600E+3	-3.142300E-6	-1.188370E-6
9.580600E+3	-3.142300E-6	-1.188370E-6
9.550400E+3	-3.110630E-6	-1.296410E-6
9.538300E+3	-3.151610E-6	-1.199550E-6
9.517000E+3	-3.214940E-6	-1.152980E-6
9.507600E+3	-3.315520E-6	-1.164160E-6
9.507600E+3	-3.315520E-6	-1.164160E-6
9.474600E+3	-3.447770E-6	-1.201410E-6
9.460900E+3	-3.401200E-6	-1.277780E-6
9.441400E+3	-3.507380E-6	-1.205140E-6
9.431200E+3	-3.488750E-6	-1.270330E-6
9.431200E+3	-3.488750E-6	-1.270330E-6
9.411000E+3	-3.568840E-6	-1.188370E-6
9.400300E+3	-3.488750E-6	-1.274060E-6
9.369600E+3	-3.457080E-6	-1.190240E-6
9.350200E+3	-3.477570E-6	-1.156710E-6
9.339000E+3	-3.468260E-6	-1.221900E-6
9.329600E+3	-3.520410E-6	-1.115730E-6
9.306400E+3	-3.520410E-6	-1.152980E-6
9.296200E+3	-3.645210E-6	-1.084070E-6
9.272800E+3	-3.635900E-6	-1.125040E-6
9.262800E+3	-3.723440E-6	-1.125040E-6
9.253800E+3	-3.745790E-6	-1.100830E-6
9.232600E+3	-3.814730E-6	-9.909340E-7
9.223500E+3	-3.885510E-6	-1.011420E-6
9.202500E+3	-3.848250E-6	-9.760330E-7
9.193100E+3	-3.909720E-6	-1.015150E-6
9.172600E+3	-3.764420E-6	-1.108280E-6
9.159700E+3	-3.941390E-6	-1.179060E-6
9.139300E+3	-3.945110E-6	-1.089650E-6
9.129900E+3	-3.866880E-6	-1.059850E-6
9.108800E+3	-3.783050E-6	-1.030050E-6
9.099200E+3	-3.783050E-6	-1.102690E-6
9.085000E+3	-3.850120E-6	-1.188370E-6
9.065600E+3	-3.786770E-6	-1.126910E-6
9.054400E+3	-3.894820E-6	-1.225630E-6
9.034800E+3	-3.967460E-6	-1.147400E-6
9.024600E+3	-4.062460E-6	-1.257290E-6
9.002200E+3	-4.069910E-6	-1.186510E-6
8.990900E+3	-4.090400E-6	-1.218180E-6
8.981700E+3	-4.101570E-6	-1.218180E-6
8.958300E+3	-4.338130E-6	-1.175340E-6
8.958300E+3	-4.338130E-6	-1.175340E-6
8.936200E+3	-4.038240E-6	-9.499530E-7
8.915100E+3	-3.989820E-6	-9.499530E-7
8.915100E+3	-3.989820E-6	-1.017010E-6
8.881800E+3	-4.373520E-6	-8.903480E-7
8.881800E+3	-4.373520E-6	-8.903480E-7
8.860300E+3	-4.475970E-6	-9.480900E-7
8.860300E+3	-4.475970E-6	-9.480900E-7
8.829400E+3	-4.511360E-6	-1.173470E-6
8.808800E+3	-4.511360E-6	-1.173470E-6
8.798800E+3	-4.636150E-6	-1.151120E-6
8.775600E+3	-4.893200E-6	-1.119460E-6
8.765300E+3	-4.850360E-6	-1.203280E-6
8.765300E+3	-4.850360E-6	-1.203280E-6
8.734500E+3	-4.829870E-6	-1.136220E-6
8.734500E+3	-4.829870E-6	-1.136220E-6
8.704100E+3	-4.828010E-6	-8.735840E-7
8.694300E+3	-4.978880E-6	-8.065290E-7
8.671700E+3	-4.837320E-6	-7.655510E-7
8.661000E+3	-4.919270E-6	-8.977990E-7
8.639200E+3	-4.822420E-6	-9.276010E-7
8.627900E+3	-4.731150E-6	-1.011420E-6
8.608500E+3	-4.837320E-6	-9.704450E-7
8.608500E+3	-4.837320E-6	-9.704450E-7
8.585400E+3	-4.911820E-6	-9.816210E-7
8.564700E+3	-4.911820E-6	-9.816210E-7
8.555400E+3	-5.178180E-6	-9.369140E-7
8.534200E+3	-5.202400E-6	-9.834840E-7
8.525100E+3	-5.217300E-6	-1.190240E-6
8.504000E+3	-5.284350E-6	-1.125040E-6
8.494900E+3	-5.340230E-6	-1.113870E-6
8.494900E+3	-5.340230E-6	-1.113870E-6
8.461500E+3	-5.433370E-6	-1.227490E-6
8.451000E+3	-5.353270E-6	-1.195830E-6
8.430800E+3	-5.498560E-6	-1.030050E-6
8.419900E+3	-5.535810E-6	-9.685830E-7
8.400300E+3	-5.448270E-6	-1.009560E-6
8.400300E+3	-5.448270E-6	-1.009560E-6
8.369700E+3	-5.586100E-6	-1.102690E-6
8.356600E+3	-5.647570E-6	-1.167890E-6
8.346100E+3	-5.647570E-6	-1.167890E-6
8.346100E+3	-5.738840E-6	-1.197690E-6
8.313000E+3	-5.845010E-6	-1.125040E-6
8.291200E+3	-5.874810E-6	-1.112010E-6
8.280100E+3	-5.906480E-6	-1.158570E-6
8.271000E+3	-5.947460E-6	-1.167890E-6
8.247300E+3	-6.001470E-6	-1.244250E-6
8.237800E+3	-5.994020E-6	-1.197690E-6
8.214700E+3	-6.075980E-6	-1.246120E-6
8.214700E+3	-6.075980E-6	-1.246120E-6
8.195100E+3	-6.243620E-6	-1.084070E-6
8.173900E+3	-6.290180E-6	-9.797590E-7
8.164200E+3	-6.385180E-6	-9.406390E-7
8.140500E+3	-6.543500E-6	-1.145530E-6
8.131500E+3	-6.571440E-6	-1.143670E-6
8.120400E+3	-6.526740E-6	-1.283370E-6
8.098300E+3	-6.485760E-6	-1.277780E-6
8.087900E+3	-6.655260E-6	-1.329940E-6
8.065000E+3	-6.616140E-6	-1.221900E-6
8.055500E+3	-6.595660E-6	-1.220040E-6
8.041300E+3	-6.655260E-6	-1.193960E-6
8.022100E+3	-6.757710E-6	-1.216310E-6
8.010700E+3	-6.821040E-6	-1.175340E-6
8.010700E+3	-6.821040E-6	-1.175340E-6
7.980800E+3	-6.847110E-6	-1.234940E-6
7.958600E+3	-7.024060E-6	-1.147400E-6
7.947400E+3	-6.953280E-6	-1.292680E-6
7.938100E+3	-6.893680E-6	-1.190240E-6
7.914800E+3	-7.048280E-6	-1.229350E-6
7.904800E+3	-7.072490E-6	-1.220040E-6
7.884100E+3	-7.158170E-6	-1.171610E-6
7.874700E+3	-7.282970E-6	-1.227490E-6
7.853600E+3	-7.316500E-6	-1.180920E-6
7.844400E+3	-7.391010E-6	-1.143670E-6
7.823200E+3	-7.474820E-6	-1.238670E-6
7.814200E+3	-7.541880E-6	-1.238670E-6
7.803300E+3	-7.631320E-6	-1.078480E-6
7.803300E+3	-7.631320E-6	-1.078480E-6
7.771300E+3	-7.644350E-6	-1.087790E-6
7.748200E+3	-7.800820E-6	-1.195830E-6
7.738900E+3	-7.774740E-6	-1.162300E-6
7.718100E+3	-7.985220E-6	-1.067300E-6
7.718100E+3	-7.985220E-6	-1.067300E-6
7.708100E+3	-7.992670E-6	-1.175340E-6
7.677300E+3	-8.050410E-6	-1.143670E-6
7.657500E+3	-8.117470E-6	-1.149260E-6
7.646500E+3	-8.119330E-6	-1.123180E-6
7.627000E+3	-8.203150E-6	-1.233080E-6
7.615800E+3	-8.236680E-6	-1.199550E-6
7.606100E+3	-8.307460E-6	-1.220040E-6
7.583400E+3	-8.279520E-6	-1.283370E-6
7.583400E+3	-8.279520E-6	-1.283370E-6
7.552800E+3	-8.426660E-6	-1.303860E-6
7.543000E+3	-8.488130E-6	-1.292680E-6
7.543000E+3	-8.488130E-6	-1.292680E-6
7.513100E+3	-8.734000E-6	-1.244250E-6
7.513100E+3	-8.734000E-6	-1.244250E-6
7.492000E+3	-8.704200E-6	-1.095240E-6
7.482900E+3	-8.678120E-6	-1.076620E-6
7.461500E+3	-8.460190E-6	-9.983850E-7
7.428500E+3	-8.266480E-6	-9.350520E-7
7.419300E+3	-8.257160E-6	-9.294640E-7
7.407100E+3	-8.154720E-6	-9.276010E-7
7.407100E+3	-8.154720E-6	-9.276010E-7
7.376500E+3	-7.966590E-6	-9.778960E-7
7.376500E+3	-7.966590E-6	-9.778960E-7
7.345800E+3	-7.728170E-6	-1.052400E-6
7.325200E+3	-7.532570E-6	-1.030050E-6
7.314700E+3	-7.387280E-6	-1.102690E-6
7.294700E+3	-7.111610E-6	-1.089650E-6
7.283600E+3	-6.824760E-6	-1.275920E-6
7.264100E+3	-6.042450E-6	-1.205140E-6
7.252800E+3	-5.675510E-6	-1.184650E-6
7.233500E+3	-4.878300E-6	-1.218180E-6
7.233500E+3	-4.878300E-6	-1.218180E-6
7.210200E+3	-3.822180E-6	-1.162300E-6
7.189900E+3	-2.900150E-6	-9.629950E-7
7.180000E+3	-2.497820E-6	-9.052490E-7
7.180000E+3	-2.497820E-6	-9.052490E-7
7.149800E+3	-6.277150E-7	-8.828970E-7
7.139900E+3	2.738110E-7	-9.983850E-7
7.116400E+3	1.592570E-6	-9.611320E-7
7.107200E+3	2.296660E-6	-1.003970E-6
7.083300E+3	3.596780E-6	-8.568200E-7
7.074300E+3	4.280390E-6	-9.033870E-7
7.053200E+3	5.470620E-6	-6.742810E-7
7.044200E+3	6.016370E-6	-6.128140E-7
7.044200E+3	6.016370E-6	-6.128140E-7
7.011000E+3	7.726310E-6	-5.234070E-7
6.998400E+3	8.177070E-6	-6.519290E-7
6.977100E+3	9.320730E-6	-6.333030E-7
6.964400E+3	9.672770E-6	-6.072260E-7
6.952900E+3	1.014960E-5	-7.301610E-7
6.933400E+3	1.111260E-5	-6.202640E-7
6.922300E+3	1.137900E-5	-7.357480E-7
6.900800E+3	1.194150E-5	-7.581000E-7
6.889500E+3	1.228610E-5	-8.717220E-7
6.870400E+3	1.262320E-5	-9.834840E-7
6.859200E+3	1.270890E-5	-8.679960E-7
6.839900E+3	1.286910E-5	-9.387770E-7
6.829000E+3	1.304600E-5	-8.083920E-7
6.820000E+3	1.307960E-5	-6.631050E-7
6.796100E+3	1.334400E-5	-7.450620E-7
6.796100E+3	1.334400E-5	-7.450620E-7
6.765600E+3	1.305350E-5	-8.624080E-7
6.765600E+3	1.305350E-5	-8.624080E-7
6.735400E+3	1.285420E-5	-8.679960E-7
6.726500E+3	1.299570E-5	-9.406390E-7
6.705300E+3	1.282440E-5	-6.817320E-7
6.696000E+3	1.280020E-5	-6.835940E-7
6.675200E+3	1.281880E-5	-5.755610E-7
6.665400E+3	1.272190E-5	-5.699730E-7
6.665400E+3	1.272190E-5	-5.699730E-7
6.644800E+3	1.250960E-5	-5.848740E-7
6.614300E+3	1.221530E-5	-6.854570E-7
6.604300E+3	1.224510E-5	-7.972160E-7
6.593000E+3	1.215940E-5	-7.748640E-7
6.570500E+3	1.181110E-5	-6.835940E-7
6.559300E+3	1.175710E-5	-7.841770E-7
6.537700E+3	1.155780E-5	-5.941870E-7
6.526500E+3	1.152980E-5	-7.804520E-7
6.517100E+3	1.143860E-5	-6.854570E-7
6.496100E+3	1.138270E-5	-7.301610E-7
6.476600E+3	1.109960E-5	-7.785890E-7
6.476600E+3	1.109960E-5	-7.785890E-7
6.456700E+3	1.088540E-5	-7.096710E-7
6.432800E+3	1.078290E-5	-7.618260E-7
6.423600E+3	1.073630E-5	-7.618260E-7
6.423600E+3	1.073630E-5	-7.133970E-7
6.390100E+3	1.076990E-5	-5.625220E-7
6.378200E+3	1.055190E-5	-5.904620E-7
6.378200E+3	1.055190E-5	-5.904620E-7
6.356900E+3	1.040670E-5	-9.164250E-7
6.335400E+3	1.019250E-5	-8.326060E-7
6.315000E+3	1.018310E-5	-9.555440E-7
6.304900E+3	1.033770E-5	-1.041230E-6
6.284600E+3	1.008440E-5	-9.182880E-7
6.274000E+3	1.006020E-5	-1.106420E-6
6.254400E+3	9.909330E-6	-1.007700E-6
6.241500E+3	9.708160E-6	-9.592700E-7
6.221100E+3	9.546110E-6	-6.891820E-7
6.221100E+3	9.546110E-6	-6.891820E-7
6.196800E+3	9.264860E-6	-6.780060E-7
6.177000E+3	9.169860E-6	-5.681100E-7
6.166200E+3	9.210840E-6	-6.500670E-7
6.144200E+3	9.182900E-6	-7.152590E-7
6.132900E+3	9.093490E-6	-6.202640E-7
6.132900E+3	9.093490E-6	-6.202640E-7
6.123800E+3	9.054380E-6	-8.158420E-7
6.090500E+3	8.827130E-6	-7.730010E-7
6.090500E+3	8.827130E-6	-7.730010E-7
6.067900E+3	8.883010E-6	-7.711390E-7
6.037200E+3	8.743310E-6	-7.282980E-7
6.027100E+3	8.579400E-6	-7.338860E-7
6.017700E+3	8.549600E-6	-6.947700E-7
6.017700E+3	8.549600E-6	-6.947700E-7
5.986900E+3	8.449020E-6	-5.997750E-7
5.966400E+3	8.350300E-6	-5.606600E-7
5.955900E+3	8.406180E-6	-6.891820E-7
5.936100E+3	8.281380E-6	-6.612430E-7
5.923300E+3	8.232950E-6	-6.519290E-7
5.902800E+3	8.126780E-6	-5.904620E-7
5.892600E+3	8.216190E-6	-6.519290E-7
5.872600E+3	8.033650E-6	-4.991930E-7
5.872600E+3	8.033650E-6	-4.991930E-7
5.851300E+3	7.934930E-6	-5.699730E-7
5.829500E+3	7.810130E-6	-5.997750E-7
5.818200E+3	7.730040E-6	-6.686930E-7
5.796800E+3	7.703960E-6	-5.960500E-7
5.785500E+3	7.731900E-6	-6.500670E-7
5.775800E+3	7.661120E-6	-4.656630E-7
5.753000E+3	7.471100E-6	-5.383080E-7
5.742500E+3	7.344440E-6	-4.991930E-7
5.722300E+3	7.472960E-6	-6.910450E-7
5.712300E+3	7.353750E-6	-5.904620E-7
5.690000E+3	7.340710E-6	-6.314400E-7
5.679200E+3	7.277380E-6	-6.351660E-7
5.670100E+3	7.251310E-6	-5.960500E-7
5.648700E+3	7.310910E-6	-5.736980E-7
5.639600E+3	7.297870E-6	-5.178190E-7
5.639600E+3	7.297870E-6	-5.178190E-7
5.608700E+3	7.372380E-6	-6.500670E-7
5.585400E+3	7.161900E-6	-4.731140E-7
5.575500E+3	7.160040E-6	-5.513470E-7
5.555300E+3	7.102300E-6	-5.830120E-7
5.545000E+3	6.981220E-6	-6.109510E-7
5.531900E+3	7.120920E-6	-7.282980E-7
5.512700E+3	7.120920E-6	-7.282980E-7
5.499600E+3	6.917890E-6	-8.251550E-7
5.480200E+3	6.746530E-6	-5.904620E-7
5.480200E+3	6.746530E-6	-5.904620E-7
5.468900E+3	6.727900E-6	-7.152590E-7
5.438200E+3	6.768880E-6	-5.327200E-7
5.438200E+3	6.768880E-6	-5.327200E-7
5.428600E+3	6.601240E-6	-4.619380E-7
5.394600E+3	6.584480E-6	-5.047800E-7
5.374000E+3	6.513700E-6	-5.867370E-7
5.364300E+3	6.439190E-6	-4.991930E-7
5.364300E+3	6.439190E-6	-4.991930E-7
5.333900E+3	6.364690E-6	-4.731140E-7
5.312400E+3	6.316260E-6	-5.196820E-7
5.303300E+3	6.347920E-6	-4.917420E-7
5.281900E+3	6.269690E-6	-5.085060E-7
5.272900E+3	6.409390E-6	-5.736980E-7
5.248800E+3	6.405670E-6	-6.556550E-7
5.239800E+3	6.433610E-6	-6.444790E-7
5.227500E+3	6.342340E-6	-6.444790E-7
5.216200E+3	6.316260E-6	-6.314400E-7
5.194500E+3	6.116960E-6	-5.047800E-7
5.183800E+3	6.103920E-6	-6.277150E-7
5.161300E+3	6.029410E-6	-6.277150E-7
5.151400E+3	6.020100E-6	-6.239900E-7
5.137300E+3	6.048040E-6	-5.699730E-7
5.117900E+3	5.796580E-6	-5.345830E-7
5.106900E+3	5.817070E-6	-4.004710E-7
5.086900E+3	5.887850E-6	-5.830120E-7
5.086900E+3	5.887850E-6	-5.830120E-7
5.056200E+3	5.841280E-6	-5.308580E-7
5.046300E+3	5.746290E-6	-4.768410E-7
5.025400E+3	5.759330E-6	-6.035010E-7
5.012900E+3	5.727660E-6	-5.364450E-7
4.992600E+3	5.772370E-6	-5.066430E-7
4.982400E+3	5.766780E-6	-4.675260E-7
4.961800E+3	5.668060E-6	-4.600750E-7
4.952100E+3	5.533950E-6	-4.451740E-7
4.942300E+3	5.561890E-6	-3.278270E-7
4.942300E+3	5.561890E-6	-3.278270E-7
4.909100E+3	5.548850E-6	-5.178190E-7
4.896000E+3	5.451990E-6	-5.271320E-7
4.875700E+3	5.319740E-6	-5.401710E-7
4.865000E+3	5.414740E-6	-4.917420E-7
4.865000E+3	5.414740E-6	-4.917420E-7
4.834200E+3	5.535810E-6	-4.936050E-7
4.814800E+3	5.468760E-6	-4.544870E-7
4.803400E+3	5.509730E-6	-5.215440E-7
4.781500E+3	5.414740E-6	-4.246850E-7
4.770500E+3	5.340230E-6	-5.830120E-7
4.751100E+3	5.308570E-6	-4.451740E-7
4.739800E+3	5.319740E-6	-5.066430E-7
4.739800E+3	5.319740E-6	-5.066430E-7
4.707200E+3	5.392390E-6	-4.842910E-7
4.696600E+3	5.310430E-6	-5.457590E-7
4.674600E+3	5.450130E-6	-4.991930E-7
4.663400E+3	5.466890E-6	-5.532090E-7
4.654200E+3	5.386800E-6	-5.364450E-7
4.630000E+3	5.461300E-6	-4.619380E-7
4.620900E+3	5.306710E-6	-5.420330E-7
4.597200E+3	5.252690E-6	-5.792860E-7
4.597200E+3	5.252690E-6	-5.792860E-7
4.587600E+3	5.180050E-6	-5.215440E-7
4.557500E+3	5.168870E-6	-3.967450E-7
4.547200E+3	5.096230E-6	-4.488990E-7
4.527300E+3	5.114850E-6	-3.967450E-7
4.516300E+3	5.103680E-6	-4.395860E-7
4.494000E+3	4.991920E-6	-3.855690E-7
4.484000E+3	4.973290E-6	-4.339980E-7
4.463800E+3	4.965840E-6	-3.408660E-7
4.453100E+3	5.049660E-6	-3.147890E-7
4.433300E+3	4.855950E-6	-4.116460E-7
4.422200E+3	5.025450E-6	-4.451740E-7
4.402700E+3	4.826140E-6	-3.315530E-7
4.391400E+3	4.980740E-6	-5.681100E-7
4.372000E+3	4.954670E-6	-5.811490E-7
4.360600E+3	4.936040E-6	-5.271320E-7
4.360600E+3	4.936040E-6	-5.271320E-7
4.351500E+3	4.829870E-6	-4.433110E-7
4.318200E+3	4.872710E-6	-4.451740E-7
4.297300E+3	4.908100E-6	-3.632180E-7
4.284900E+3	4.854080E-6	-4.898790E-7
4.275900E+3	5.019860E-6	-5.606600E-7
4.251900E+3	4.941630E-6	-5.271320E-7
4.242600E+3	4.963980E-6	-3.632180E-7
4.221400E+3	4.934180E-6	-3.147890E-7
4.209400E+3	4.928590E-6	-2.421460E-7
4.209400E+3	4.928590E-6	-2.421460E-7
4.176200E+3	4.882020E-6	-4.433110E-7
4.166500E+3	4.928590E-6	-6.035010E-7
4.166500E+3	4.928590E-6	-6.035010E-7
4.135900E+3	4.854080E-6	-4.041960E-7
4.135900E+3	4.865260E-6	-5.308580E-7
4.105100E+3	4.902510E-6	-4.731140E-7
4.085700E+3	4.902510E-6	-4.731140E-7
4.074400E+3	4.828010E-6	-3.576300E-7
4.074400E+3	4.828010E-6	-3.576300E-7
4.041800E+3	5.004960E-6	-5.699730E-7
4.031200E+3	4.835460E-6	-3.688060E-7
4.010900E+3	4.863400E-6	-4.991930E-7
4.010900E+3	4.863400E-6	-4.991930E-7
3.980000E+3	4.889470E-6	-3.725310E-7
3.970500E+3	4.854080E-6	-3.203770E-7
3.949300E+3	4.807520E-6	-3.036130E-7
3.940200E+3	4.727420E-6	-3.036130E-7
3.916500E+3	4.788890E-6	-3.650800E-7
3.906900E+3	4.811240E-6	-3.632180E-7
3.906900E+3	4.811240E-6	-3.632180E-7
3.897300E+3	4.889470E-6	-3.222390E-7
3.855700E+3	4.967700E-6	-3.986080E-7
3.846700E+3	4.915550E-6	-3.911570E-7
3.834100E+3	4.773990E-6	-3.408660E-7
3.813300E+3	4.928590E-6	-2.812610E-7
3.801000E+3	4.831730E-6	-3.185140E-7
3.790100E+3	4.971430E-6	-3.855690E-7
3.770600E+3	4.969570E-6	-2.570470E-7
3.759300E+3	4.874570E-6	-3.054760E-7
3.759300E+3	4.874570E-6	-3.054760E-7
3.726600E+3	4.861530E-6	-2.738110E-7
3.706800E+3	4.813100E-6	-2.626350E-7
3.695600E+3	4.857810E-6	-3.520420E-7
3.676100E+3	4.705070E-6	-3.036130E-7
3.664700E+3	4.844770E-6	-4.339980E-7
3.645300E+3	4.753500E-6	-3.986080E-7
3.633900E+3	4.753500E-6	-3.967450E-7
3.614400E+3	4.814970E-6	-3.539040E-7
3.614400E+3	4.814970E-6	-3.539040E-7
3.594500E+3	5.023580E-6	-3.445910E-7
3.570400E+3	5.157690E-6	-3.799810E-7
3.561300E+3	5.079460E-6	-2.943000E-7
3.561300E+3	5.079460E-6	-2.943000E-7
3.530900E+3	5.012410E-6	-3.632180E-7
3.509600E+3	5.016130E-6	-3.576300E-7
3.497700E+3	4.965840E-6	-4.153720E-7
3.487600E+3	5.081330E-6	-5.886000E-7
3.487600E+3	5.081330E-6	-5.886000E-7
3.456700E+3	5.152110E-6	-5.606600E-7
3.436800E+3	5.047800E-6	-4.190970E-7
3.425600E+3	5.107400E-6	-4.190970E-7
3.406100E+3	4.954670E-6	-4.638000E-7
3.406100E+3	4.954670E-6	-4.638000E-7
3.375400E+3	4.949080E-6	-3.948830E-7
3.375400E+3	4.949080E-6	-3.948830E-7
3.342000E+3	4.814970E-6	-3.054760E-7
3.342000E+3	4.814970E-6	-3.054760E-7
3.312300E+3	4.448030E-6	-2.421450E-8
3.300900E+3	4.554200E-6	-1.322490E-7
3.300900E+3	4.554200E-6	-1.322490E-7
3.270200E+3	4.563510E-6	-1.005830E-7
3.258000E+3	4.606350E-6	-1.601880E-7
3.236700E+3	4.528120E-6	-1.620510E-7
3.227500E+3	4.623110E-6	-1.620510E-7
3.214900E+3	4.529980E-6	-1.043090E-7
3.194200E+3	4.366070E-6	-2.570470E-7
3.184300E+3	4.336270E-6	-3.799810E-7
3.184300E+3	4.336270E-6	-3.799810E-7
3.164200E+3	3.935800E-6	-2.775360E-7
3.134000E+3	3.354640E-6	-3.222390E-7
3.122900E+3	3.343460E-6	-5.159560E-7
3.103500E+3	2.769770E-6	-4.079210E-7
3.092200E+3	2.166270E-6	-4.470370E-7
3.070200E+3	1.164160E-6	-2.961620E-7
3.059300E+3	3.315530E-7	-3.948830E-7
3.046000E+3	-2.551840E-7	-4.246850E-7
3.026300E+3	-1.389540E-6	-4.153720E-7
3.014900E+3	-1.885000E-6	-4.451740E-7
3.014900E+3	-1.885000E-6	-4.451740E-7
2.984300E+3	-3.073380E-6	-4.954670E-7
2.964000E+3	-3.498060E-6	-4.414490E-7
2.964000E+3	-3.498060E-6	-4.414490E-7
2.953700E+3	-3.660110E-6	-4.135090E-7
2.923500E+3	-3.753240E-6	-4.675260E-7
2.902500E+3	-3.719720E-6	-4.153720E-7
2.890200E+3	-3.719720E-6	-4.153720E-7
2.890200E+3	-3.706680E-6	-5.010550E-7
2.856800E+3	-3.635900E-6	-3.539040E-7
2.847800E+3	-3.546490E-6	-3.520420E-7
2.826400E+3	-3.529730E-6	-3.911570E-7
2.817200E+3	-3.403070E-6	-3.539040E-7
2.795800E+3	-3.343460E-6	-3.147890E-7
2.786600E+3	-3.220530E-6	-2.700850E-7
2.773500E+3	-3.214940E-6	-3.241020E-7
2.753300E+3	-3.222390E-6	-3.334150E-7
2.742400E+3	-3.138570E-6	-3.501790E-7
2.742400E+3	-3.138570E-6	-3.501790E-7
2.711500E+3	-3.024950E-6	-3.315530E-7
2.692000E+3	-2.969070E-6	-2.831240E-7
2.680700E+3	-2.933680E-6	-2.849870E-7
2.659100E+3	-2.877800E-6	-2.943000E-7
2.647900E+3	-2.820060E-6	-2.533220E-7
2.647900E+3	-2.820060E-6	-2.533220E-7
2.616900E+3	-2.663600E-6	-2.756730E-7
2.597500E+3	-2.514590E-6	-1.918530E-7
2.586100E+3	-2.460570E-6	-1.080340E-7
2.566500E+3	-2.412140E-6	-1.918530E-7
2.555400E+3	-2.322730E-6	-2.142050E-7
2.546300E+3	-2.170000E-6	-2.849870E-7
2.522100E+3	-2.272440E-6	-3.147890E-7
2.512700E+3	-2.235190E-6	-2.458710E-7
2.512700E+3	-2.235190E-6	-2.458710E-7
2.491300E+3	-2.250090E-6	-2.309690E-7
2.482300E+3	-2.309690E-6	-2.626350E-7
2.461000E+3	-2.190490E-6	-3.799810E-7
2.430700E+3	-2.063830E-6	-4.284100E-7
2.418700E+3	-2.086180E-6	-3.688060E-7
2.408400E+3	-2.065690E-6	-5.401710E-7
2.408400E+3	-2.065690E-6	-5.401710E-7
2.388300E+3	-2.088040E-6	-5.271320E-7
2.357700E+3	-2.196070E-6	-6.388910E-7
2.346400E+3	-2.145780E-6	-5.345830E-7
2.324500E+3	-2.106670E-6	-5.085060E-7
2.313800E+3	-2.004220E-6	-4.861540E-7
2.300100E+3	-2.011670E-6	-5.271320E-7
2.300100E+3	-2.011670E-6	-5.271320E-7
2.267000E+3	-1.946480E-6	-5.401710E-7
2.257700E+3	-1.946480E-6	-4.787030E-7
2.236300E+3	-1.780700E-6	-4.153720E-7
2.216400E+3	-1.749030E-6	-5.494840E-7
2.205700E+3	-1.810500E-6	-4.917420E-7
2.196500E+3	-1.830990E-6	-5.457590E-7
2.172200E+3	-1.814220E-6	-6.593800E-7
2.172200E+3	-1.814220E-6	-6.593800E-7
2.141500E+3	-1.730400E-6	-6.239900E-7
2.132300E+3	-1.745310E-6	-5.792860E-7
2.110900E+3	-1.842160E-6	-6.947700E-7
2.101800E+3	-1.695010E-6	-7.059460E-7
2.080300E+3	-1.795600E-6	-7.059460E-7
2.070500E+3	-1.726680E-6	-5.178190E-7
2.058900E+3	-1.693150E-6	-5.047800E-7
2.036700E+3	-1.730400E-6	-3.185140E-7
2.025100E+3	-9.462270E-7	8.381950E-8
2.002000E+3	-9.462270E-7	8.381950E-8
2.002000E+3	-1.827260E-6	-9.760330E-7
1.970100E+3	-1.220040E-6	-1.357880E-6
1.958700E+3	-1.629820E-6	-1.357880E-6
1.958700E+3	-1.629820E-6	-2.030300E-6
1.926500E+3	-1.823540E-6	-1.680110E-6
1.906300E+3	-1.395130E-6	-1.754620E-6
1.894600E+3	-1.227490E-6	-1.113870E-6
1.894600E+3	-1.227490E-6	-1.113870E-6
1.863200E+3	-1.080340E-6	-5.215440E-7
1.850800E+3	-1.249840E-6	-4.619380E-7
1.829900E+3	-1.318760E-6	-4.116460E-7
1.820400E+3	-1.614920E-6	-1.844030E-7
1.820400E+3	-1.614920E-6	-1.844030E-7
1.790400E+3	-1.627960E-6	-1.639140E-7
1.767300E+3	-1.395130E-6	-4.284110E-8
1.767300E+3	-1.395130E-6	2.235180E-7
1.757800E+3	-1.063580E-6	-1.601880E-7
1.725700E+3	-1.218180E-6	-6.705570E-8
1.717100E+3	-1.033780E-6	-2.272440E-7
1.717100E+3	-1.033780E-6	-2.272440E-7
1.688100E+3	-1.722950E-6	-4.265480E-7
1.688100E+3	-1.722950E-6	-4.265480E-7
1.656900E+3	-1.462180E-6	-4.135090E-7
1.646600E+3	-1.143670E-6	-2.868490E-7
1.625800E+3	-1.089650E-6	-1.583260E-7
1.615300E+3	-9.406390E-7	-1.471500E-7
1.615300E+3	-9.406390E-7	-1.471500E-7
1.585100E+3	-1.015150E-6	-2.905740E-7
1.574900E+3	-1.015150E-6	-2.905740E-7
1.556200E+3	-9.164250E-7	-1.769520E-7
1.546500E+3	-8.400570E-7	-9.685800E-8
1.527200E+3	-9.220130E-7	-3.688060E-7
1.518000E+3	-9.276010E-7	-3.688060E-7
1.518000E+3	-9.276010E-7	-4.507620E-7
1.496400E+3	-1.052400E-6	-3.650800E-7
1.477600E+3	-1.180920E-6	-4.451740E-7
1.454400E+3	-1.378360E-6	-5.196820E-7
1.445700E+3	-1.302000E-6	-5.532090E-7
1.422900E+3	-1.251700E-6	-5.234070E-7
1.422900E+3	-1.251700E-6	-5.234070E-7
1.401800E+3	-1.199550E-6	-3.464540E-7
1.381100E+3	-1.106420E-6	-3.855690E-7
1.369600E+3	-1.041230E-6	-3.296900E-7
1.360100E+3	-1.041230E-6	-2.402830E-7
1.337600E+3	-1.048680E-6	-2.291060E-7
1.327800E+3	-1.018870E-6	-2.458710E-7
1.308800E+3	-1.056130E-6	-2.663600E-7
1.296800E+3	-1.112010E-6	-1.676390E-7
1.286000E+3	-1.074750E-6	-1.750900E-7
1.268000E+3	-1.246120E-6	-2.197930E-7
1.268000E+3	-1.246120E-6	-2.197930E-7
1.257500E+3	-1.275920E-6	-1.918530E-7
1.239400E+3	-1.331800E-6	-2.086170E-7
1.209800E+3	-1.393270E-6	-2.998880E-7
1.199500E+3	-1.385820E-6	-2.570470E-7
1.191500E+3	-1.359740E-6	-2.086170E-7
1.170600E+3	-1.274060E-6	-2.738110E-7
1.161900E+3	-1.406300E-6	-1.247980E-7
1.143800E+3	-1.145530E-6	-2.346940E-7
1.135800E+3	-1.190240E-6	-1.434250E-7
1.117600E+3	-1.044950E-6	-9.872060E-8
1.110100E+3	-9.909340E-7	-1.546000E-7
1.110100E+3	-9.909340E-7	-1.546000E-7
1.082000E+3	-1.041230E-6	-1.713640E-7
1.074100E+3	-1.102690E-6	-1.806770E-7
1.074100E+3	-1.102690E-6	-1.806770E-7
1.048700E+3	-1.188370E-6	-2.514590E-7
1.029600E+3	-1.117590E-6	-1.359740E-7
1.022000E+3	-1.221900E-6	-1.825400E-7
1.022000E+3	-1.221900E-6	-1.825400E-7
9.969000E+2	-1.300130E-6	-1.862660E-8
9.805000E+2	-1.173470E-6	1.750900E-7
9.718000E+2	-1.059850E-6	2.384200E-7
9.558000E+2	-1.059850E-6	2.384200E-7
9.467000E+2	-9.667200E-7	2.589090E-7
9.384000E+2	-1.128770E-6	2.905740E-7
9.384000E+2	-1.128770E-6	2.905740E-7
9.113000E+2	-1.370910E-6	2.123420E-7
8.953000E+2	-1.460320E-6	2.142050E-7
8.846000E+2	-1.214450E-6	5.774220E-8
8.846000E+2	-1.214450E-6	5.774220E-8
8.596000E+2	-9.723080E-7	-2.067550E-7
8.498000E+2	-9.369140E-7	-2.067550E-7
8.330000E+2	-9.760330E-7	-4.079210E-7
8.252000E+2	-1.059850E-6	-3.501790E-7
8.065000E+2	-1.220040E-6	-3.520420E-7
7.979000E+2	-1.281510E-6	-2.402830E-7
7.979000E+2	-1.281510E-6	-2.402830E-7
7.709000E+2	-1.300130E-6	2.197930E-7
7.636000E+2	-1.300130E-6	3.334150E-7
7.542000E+2	-1.359740E-6	3.483160E-7
7.369000E+2	-1.527380E-6	1.899910E-7
7.280000E+2	-1.540410E-6	2.644970E-7
7.100000E+2	-1.687560E-6	2.644970E-7
7.019000E+2	-1.763930E-6	4.656640E-8
6.913000E+2	-1.858930E-6	-4.842900E-8
6.913000E+2	-1.858930E-6	-4.842900E-8
6.758000E+2	-2.075000E-6	4.097840E-8
6.666000E+2	-2.166270E-6	3.166520E-8
6.421000E+2	-2.304110E-6	7.823160E-8
6.421000E+2	-2.304110E-6	7.823160E-8
6.178000E+2	-2.227740E-6	-1.676390E-8
6.022000E+2	-2.281750E-6	-1.080340E-7
5.938000E+2	-2.281750E-6	-1.080340E-7
5.777000E+2	-2.294790E-6	-1.378370E-7
5.700000E+2	-2.261270E-6	-1.043090E-7
5.521000E+2	-2.402830E-6	-5.215430E-8
5.437000E+2	-2.479200E-6	-1.136220E-7
5.343000E+2	-2.512720E-6	-1.303860E-8
5.177000E+2	-2.903880E-6	-1.303860E-8
5.083000E+2	-3.017500E-6	-5.401690E-8
5.005000E+2	-2.980250E-6	-6.519300E-8
4.822000E+2	-3.093870E-6	-2.551840E-7
4.734000E+2	-2.970930E-6	-2.775360E-7
4.483000E+2	-3.185140E-6	-2.402830E-7
4.294000E+2	-3.257780E-6	-3.278270E-7
4.112000E+2	-3.399340E-6	-3.129260E-7
3.639000E+2	-3.993540E-6	-2.738110E-7
3.416000E+2	-4.306460E-6	-2.384200E-7
2.871000E+2	-5.004960E-6	-4.284110E-8
2.625000E+2	-5.163280E-6	-5.215430E-8
2.375000E+2	-5.055250E-6	-1.229350E-7
1.771000E+2	-4.632430E-6	-2.793980E-8
1.512000E+2	-4.254310E-6	8.940740E-8
9.540000E+1	-3.375130E-6	2.551840E-7
6.860000E+1	-3.060340E-6	3.147890E-7
6.860000E+1	-3.060340E-6	3.147890E-7
-1.480000E+1	-2.039610E-6	3.334150E-7
-1.480000E+1	-2.039610E-6	3.334150E-7
-1.035000E+2	-5.923250E-7	1.993040E-7
-1.316000E+2	-1.098970E-7	7.264360E-8
-1.839000E+2	1.067300E-6	-1.080340E-7
-2.113000E+2	1.581390E-6	-1.639140E-7
-2.672000E+2	2.866630E-6	-1.639140E-7
-2.929000E+2	3.544630E-6	-2.328320E-7
-2.929000E+2	3.544630E-6	-2.328320E-7
-3.643000E+2	4.645470E-6	-9.872060E-8
