Sample Name, AUS25x23_44G
Freq, 44, GHz, Power, 10, dBm
SR850: f = 25 Hz; phase = 96 deg; output = 5 V; sens. = 20 uV; tc = 300 ms; 12dB/oct
Field	X	Y
Oe	V	V
*
-3.798000E+2	5.569350E-7	1.676390E-8
-6.521000E+2	4.190970E-8	4.004710E-8
-6.516000E+2	-7.450640E-9	6.705570E-8
-6.445000E+2	-3.445920E-8	7.450630E-8
-6.364000E+2	2.980250E-8	4.656640E-9
-6.273000E+2	-3.073390E-8	5.867350E-8
-5.988000E+2	4.656640E-8	-2.793980E-9
-5.861000E+2	1.676390E-8	4.377240E-8
-5.556000E+2	9.965200E-8	1.862660E-9
-5.412000E+2	6.146770E-8	4.004710E-8
-5.055000E+2	5.308560E-8	2.700850E-8
-4.916000E+2	5.681090E-8	6.519290E-9
-4.614000E+2	4.377240E-8	3.445920E-8
-4.485000E+2	4.656640E-9	9.313270E-8
-4.213000E+2	2.328320E-8	9.313270E-8
-4.097000E+2	-1.676390E-8	1.443560E-7
-3.866000E+2	9.872060E-8	5.308560E-8
-3.763000E+2	1.061710E-7	2.607710E-8
-3.654000E+2	1.238670E-7	1.396990E-8
-3.459000E+2	1.341110E-7	9.313300E-10
-3.358000E+2	1.313170E-7	1.862660E-9
-3.188000E+2	5.587960E-8	9.685800E-8
-3.085000E+2	7.450630E-8	5.308560E-8
-2.904000E+2	1.117590E-7	1.676390E-8
-2.797000E+2	1.518060E-7	-2.607710E-8
-2.648000E+2	8.568210E-8	2.142050E-8
-2.445000E+2	7.264360E-8	2.328320E-8
-2.349000E+2	8.661350E-8	2.793980E-8
-2.227000E+2	9.592670E-8	4.004710E-8
-2.012000E+2	1.098970E-7	3.073390E-8
-1.920000E+2	1.629820E-7	-2.607710E-8
-1.708000E+2	1.499440E-7	-3.818450E-8
-1.614000E+2	9.406400E-8	4.190970E-8
-1.410000E+2	1.899910E-7	-3.632180E-8
-1.309000E+2	1.825400E-7	-1.303860E-8
-1.110000E+2	2.002350E-7	4.656640E-8
-1.005000E+2	1.797460E-7	6.984960E-8
-8.130000E+1	2.356260E-7	-3.166520E-8
-7.030000E+1	1.834710E-7	2.048920E-8
-5.130000E+1	1.136220E-7	2.980250E-8
-4.010000E+1	7.916290E-8	3.725310E-8
-2.110000E+1	1.341110E-7	-2.980250E-8
-9.900000E+0	1.341110E-7	-3.911580E-8
1.120000E+1	-9.313280E-9	-1.117590E-8
2.240000E+1	-2.700850E-8	-4.284110E-8
3.230000E+1	-3.818450E-8	-5.401690E-8
5.330000E+1	-1.192100E-7	-9.313300E-10
6.250000E+1	-9.313270E-8	-5.215430E-8
8.600000E+1	-1.741580E-7	-2.142050E-8
9.620000E+1	-1.564630E-7	-7.543760E-8
1.185000E+2	-1.704330E-7	-2.142050E-8
1.294000E+2	-2.114110E-7	2.514580E-8
1.382000E+2	-1.508750E-7	-1.490130E-8
1.618000E+2	-1.844030E-7	7.264360E-8
1.710000E+2	-1.462190E-7	4.656640E-9
1.831000E+2	-9.033870E-8	-5.122300E-8
2.041000E+2	-5.215430E-8	-8.102550E-8
2.160000E+2	-1.043090E-7	-6.239910E-8
2.370000E+2	-1.331800E-7	1.024460E-8
2.465000E+2	-1.313170E-7	1.583260E-8
2.670000E+2	-9.499540E-8	5.587960E-8
2.761000E+2	-1.257290E-7	1.108280E-7
2.873000E+2	-1.443560E-7	8.195680E-8
3.092000E+2	-1.313170E-7	3.073390E-8
3.205000E+2	-1.899910E-7	1.052400E-7
3.398000E+2	-1.788150E-7	8.009420E-8
3.511000E+2	-1.480810E-7	2.793980E-8
3.697000E+2	-1.126900E-7	-4.470370E-8
3.812000E+2	-1.527380E-7	-1.024460E-8
4.036000E+2	-1.126900E-7	-6.239910E-8
4.150000E+2	-1.797460E-7	-5.587960E-9
4.243000E+2	-1.369050E-7	-2.048920E-8
4.475000E+2	-1.378370E-7	-1.117590E-8
4.577000E+2	-8.102550E-8	-4.470370E-8
4.784000E+2	-1.462190E-7	1.024460E-8
4.879000E+2	-1.173470E-7	1.024460E-8
5.091000E+2	-9.778930E-8	-3.352780E-8
5.214000E+2	-1.415620E-7	-7.450640E-9
5.305000E+2	-8.754480E-8	-4.004710E-8
5.547000E+2	-1.527380E-7	1.676390E-8
5.637000E+2	-1.275920E-7	-3.073390E-8
5.850000E+2	-1.611200E-7	-1.210730E-8
5.940000E+2	-2.235180E-7	4.656640E-8
6.051000E+2	-2.533220E-7	8.847610E-8
6.270000E+2	-1.396990E-7	-6.519290E-9
6.373000E+2	-1.760210E-7	2.514580E-8
6.570000E+2	-1.071030E-7	-3.632180E-8
6.709000E+2	-1.443560E-7	6.519290E-9
6.709000E+2	-1.443560E-7	6.519290E-9
7.038000E+2	-1.480810E-7	2.793980E-8
7.153000E+2	-1.555320E-7	4.004710E-8
7.372000E+2	-6.426170E-8	-6.705570E-8
7.488000E+2	-9.778930E-8	0.000000E+0
7.687000E+2	1.117590E-8	-6.705570E-8
7.804000E+2	-5.029160E-8	-7.450640E-9
8.005000E+2	-5.401690E-8	-1.024460E-8
8.118000E+2	-1.117590E-8	-7.078100E-8
8.210000E+2	-5.215430E-8	-3.539050E-8
8.425000E+2	-7.171230E-8	-2.421450E-8
8.517000E+2	-8.568210E-8	3.725320E-9
8.763000E+2	-1.015150E-7	6.519290E-9
8.856000E+2	-2.607710E-8	-4.563500E-8
9.074000E+2	-4.936030E-8	-3.818450E-8
9.074000E+2	-4.936030E-8	-3.818450E-8
9.278000E+2	-5.401690E-8	-7.730020E-8
9.505000E+2	-1.229350E-7	-4.284110E-8
9.610000E+2	-1.136220E-7	-4.470370E-8
9.746000E+2	-9.220140E-8	-1.769520E-8
9.971000E+2	-6.612440E-8	-2.142050E-8
1.007900E+3	-1.201420E-7	2.235190E-8
1.028400E+3	-1.518060E-7	1.117590E-8
1.039800E+3	-1.108280E-7	-3.725320E-9
1.060000E+3	-1.033770E-7	0.000000E+0
1.071800E+3	-1.387680E-7	-4.656640E-9
1.094900E+3	-8.475080E-8	-2.607710E-8
1.106600E+3	-1.266610E-7	2.514580E-8
1.116400E+3	-7.450630E-8	-2.887110E-8
1.139900E+3	-9.220140E-8	-2.793980E-9
1.150200E+3	-5.774220E-8	-4.656640E-9
1.171100E+3	-5.681090E-8	-9.313300E-10
1.180800E+3	-5.681090E-8	3.911580E-8
1.193100E+3	-7.264360E-8	6.519300E-8
1.217500E+3	-1.303860E-7	1.117590E-7
1.227100E+3	-5.867350E-8	2.328320E-8
1.248900E+3	-8.754480E-8	3.725310E-8
1.258300E+3	-6.798700E-8	2.793980E-9
1.280200E+3	-6.239910E-8	2.793980E-9
1.289400E+3	-1.313170E-7	1.005830E-7
1.302400E+3	-1.071030E-7	8.381950E-8
1.323300E+3	-5.960510E-8	2.514580E-8
1.333600E+3	-5.494830E-8	2.421450E-8
1.353800E+3	-3.445920E-8	-9.313280E-9
1.364800E+3	-7.450630E-8	2.048920E-8
1.387300E+3	-6.146770E-8	1.396990E-8
1.397400E+3	-9.499540E-8	5.308560E-8
1.408600E+3	-1.322490E-7	8.661350E-8
1.429700E+3	-6.891830E-8	-4.656640E-9
1.440900E+3	-7.823160E-8	2.328320E-8
1.462700E+3	-5.215430E-8	-7.450640E-9
1.473800E+3	-7.078100E-8	1.583260E-8
1.486200E+3	-1.369050E-7	8.195680E-8
1.506100E+3	-7.171230E-8	1.583260E-8
1.518800E+3	-1.294550E-7	6.333040E-8
1.538100E+3	-7.450630E-8	-2.514580E-8
1.549000E+3	-1.173470E-7	1.862660E-8
1.557900E+3	-1.126900E-7	1.024460E-8
1.581700E+3	-1.126900E-7	1.024460E-8
1.590900E+3	-1.173470E-7	8.381960E-9
1.603000E+3	-8.754480E-8	-2.235190E-8
1.624300E+3	-6.519300E-8	-6.426170E-8
1.636400E+3	-9.406400E-8	-3.539050E-8
1.657400E+3	-1.201420E-7	-7.823160E-8
1.657400E+3	-1.201420E-7	-7.823160E-8
1.678100E+3	-1.313170E-7	-9.872060E-8
1.699300E+3	-1.024460E-7	-8.568210E-8
1.710400E+3	-1.443560E-7	-3.911580E-8
1.732300E+3	-8.847610E-8	-7.916290E-8
1.742500E+3	-7.357490E-8	-5.774220E-8
1.753400E+3	-1.015150E-7	-7.450640E-9
1.775100E+3	-9.033870E-8	3.725320E-9
1.775100E+3	-9.033870E-8	3.725320E-9
1.808000E+3	-3.445920E-8	-5.029160E-8
1.808000E+3	-3.445920E-8	-5.029160E-8
1.829100E+3	-5.029160E-8	-3.352780E-8
1.851200E+3	-1.415620E-7	8.381960E-9
1.851200E+3	-1.415620E-7	8.381960E-9
1.881800E+3	-1.285230E-7	-2.793980E-9
1.892100E+3	-6.519300E-8	-6.146770E-8
1.912000E+3	-1.238670E-7	1.862660E-8
1.921800E+3	-1.052400E-7	1.862660E-9
1.944100E+3	-1.331800E-7	4.656640E-9
1.954700E+3	-1.313170E-7	1.583260E-8
1.966600E+3	-4.284110E-8	-5.681090E-8
1.977500E+3	-5.681090E-8	-3.539050E-8
1.999600E+3	-4.470370E-8	-8.381960E-9
2.009500E+3	-2.514580E-8	7.450640E-9
2.032900E+3	-1.071030E-7	3.539050E-8
2.042100E+3	-6.146770E-8	-4.284110E-8
2.062800E+3	-1.024460E-7	-1.862660E-8
2.062800E+3	-1.024460E-7	-1.862660E-8
2.085700E+3	-1.462190E-7	-2.793980E-9
2.104900E+3	-1.564630E-7	3.445920E-8
2.116100E+3	-1.378370E-7	2.235190E-8
2.135300E+3	-1.434250E-7	2.514580E-8
2.146500E+3	-1.313170E-7	4.377240E-8
2.146500E+3	-1.313170E-7	4.377240E-8
2.178600E+3	-1.480810E-7	8.754480E-8
2.188600E+3	-1.378370E-7	5.122300E-8
2.210700E+3	-1.927850E-7	5.587960E-8
2.221600E+3	-1.760210E-7	5.215430E-8
2.243900E+3	-1.415620E-7	2.328320E-8
2.254400E+3	-8.940740E-8	-1.210730E-8
2.266200E+3	-6.146770E-8	-8.381960E-9
2.287200E+3	-4.190970E-8	-3.259650E-8
2.296300E+3	-5.401690E-8	-1.490130E-8
2.317400E+3	-7.078100E-8	-5.494830E-8
2.326200E+3	-7.730020E-8	-1.043090E-7
2.347300E+3	-1.015150E-7	-1.573940E-7
2.359000E+3	-1.350430E-7	-1.462190E-7
2.359000E+3	-1.350430E-7	-1.462190E-7
2.388800E+3	-1.341110E-7	-1.695020E-7
2.399500E+3	-1.555320E-7	-1.406310E-7
2.418700E+3	-8.940740E-8	-1.713640E-7
2.429800E+3	-1.452870E-7	-1.713640E-7
2.449100E+3	-1.452870E-7	4.656640E-9
2.460400E+3	-9.220140E-8	-6.239910E-8
2.481900E+3	-1.294550E-7	-4.284110E-8
2.492800E+3	-1.732270E-7	-6.519290E-9
2.512100E+3	-9.033870E-8	-9.499540E-8
2.523200E+3	-9.685800E-8	-7.823160E-8
2.535900E+3	-1.601880E-7	-2.980250E-8
2.535900E+3	-1.601880E-7	-2.980250E-8
2.555400E+3	-9.872060E-8	-7.823160E-8
2.577700E+3	-1.294550E-7	-6.146770E-8
2.600500E+3	-1.462190E-7	1.769520E-8
2.610700E+3	-1.182780E-7	-2.328320E-8
2.630700E+3	-1.508750E-7	-5.587960E-9
2.640400E+3	-1.126900E-7	-5.681090E-8
2.661100E+3	-1.322490E-7	-3.445920E-8
2.670300E+3	-1.220040E-7	1.862660E-9
2.691400E+3	-1.303860E-7	-1.862660E-9
2.700400E+3	-1.322490E-7	-4.470370E-8
2.721500E+3	-1.471500E-7	1.862660E-9
2.733400E+3	-1.052400E-7	-1.303860E-8
2.743400E+3	-1.071030E-7	5.029160E-8
2.763500E+3	-3.539050E-8	2.421450E-8
2.773800E+3	-4.936030E-8	8.568210E-8
2.796400E+3	1.024460E-8	8.568210E-8
2.796400E+3	1.024460E-8	2.048920E-8
2.817600E+3	-8.009420E-8	6.798700E-8
2.839300E+3	-1.071030E-7	4.842900E-8
2.850500E+3	-1.406310E-7	5.401690E-8
2.869700E+3	-1.182780E-7	2.793980E-9
2.882700E+3	-1.369050E-7	2.421450E-8
2.892400E+3	-1.024460E-7	-1.769520E-8
2.913100E+3	-1.210730E-7	-5.587960E-9
2.932200E+3	-1.126900E-7	-5.587960E-9
2.943100E+3	-6.426170E-8	-2.887110E-8
2.952000E+3	-1.266610E-7	4.842900E-8
2.975700E+3	-1.322490E-7	5.774220E-8
2.985000E+3	-1.098970E-7	6.705570E-8
2.997100E+3	-5.867350E-8	3.725310E-8
3.018400E+3	-2.235190E-8	3.445920E-8
3.027500E+3	-8.009420E-8	8.195680E-8
3.051500E+3	-3.166520E-8	1.490130E-8
3.060600E+3	-1.508750E-7	4.190970E-8
3.071300E+3	-2.058230E-7	6.891830E-8
3.093600E+3	-1.620510E-7	-1.210730E-8
3.104500E+3	-2.067550E-7	3.352780E-8
3.123800E+3	-1.247980E-7	-4.284110E-8
3.135000E+3	-1.480810E-7	-1.210730E-8
3.156500E+3	-6.891830E-8	-4.284110E-8
3.167100E+3	-1.322490E-7	1.396990E-8
3.177500E+3	-1.527380E-7	5.308560E-8
3.199400E+3	-1.601880E-7	1.313170E-7
3.210500E+3	-1.387680E-7	1.229350E-7
3.230000E+3	-6.798700E-8	9.313270E-8
3.243100E+3	-1.005830E-7	1.210730E-7
3.252800E+3	-4.284110E-8	4.749770E-8
3.275600E+3	-1.154840E-7	7.264360E-8
3.286000E+3	-6.333040E-8	5.587960E-9
3.309000E+3	-7.450630E-8	0.000000E+0
3.319000E+3	-3.725310E-8	-3.818450E-8
3.328000E+3	-9.033870E-8	-9.313280E-9
3.328000E+3	-9.033870E-8	-9.313280E-9
3.360700E+3	-1.247980E-7	-2.142050E-8
3.373200E+3	-7.916290E-8	-8.102550E-8
3.397000E+3	-9.313270E-8	9.313300E-10
3.406100E+3	-4.470370E-8	-3.818450E-8
3.427400E+3	-1.098970E-7	4.377240E-8
3.439200E+3	-7.264360E-8	-1.210730E-8
3.449600E+3	-1.192100E-7	1.396990E-8
3.469700E+3	-1.015150E-7	-1.862660E-9
3.480400E+3	-1.601880E-7	2.607710E-8
3.502800E+3	-1.294550E-7	-3.818450E-8
3.512700E+3	-1.285230E-7	-2.700850E-8
3.523800E+3	-1.220040E-7	-2.887110E-8
3.545000E+3	-3.818450E-8	-5.401690E-8
3.556200E+3	-8.102550E-8	2.328320E-8
3.575400E+3	4.656640E-9	4.656640E-9
3.589400E+3	-6.239910E-8	6.984960E-8
3.589400E+3	-6.239910E-8	6.984960E-8
3.619800E+3	-1.704330E-7	-1.210730E-8
3.628900E+3	-1.369050E-7	-6.705570E-8
3.628900E+3	-1.369050E-7	-6.705570E-8
3.662000E+3	-5.867350E-8	-1.164160E-7
3.682900E+3	-3.259650E-8	-1.033770E-7
3.695200E+3	-1.005830E-7	-4.749770E-8
3.704200E+3	-3.073390E-8	-8.195680E-8
3.725300E+3	-3.911580E-8	-4.936030E-8
3.734700E+3	-1.210730E-7	-2.793980E-9
3.755200E+3	-1.257290E-7	-3.445920E-8
3.765200E+3	-1.862650E-7	5.029160E-8
3.785200E+3	-6.053640E-8	-5.029160E-8
3.795800E+3	-7.543760E-8	-3.259650E-8
3.795800E+3	-7.543760E-8	-3.259650E-8
3.818300E+3	-7.171230E-8	-6.146770E-8
3.848100E+3	-1.182780E-7	-6.891830E-8
3.860200E+3	-8.475080E-8	-1.015150E-7
3.871400E+3	-9.499540E-8	-8.195680E-8
3.892900E+3	-8.009420E-8	-8.009420E-8
3.903300E+3	-1.452870E-7	-1.862660E-9
3.922800E+3	-1.601880E-7	1.583260E-8
3.933800E+3	-2.002350E-7	6.612440E-8
3.953100E+3	-2.253810E-7	4.749770E-8
3.964400E+3	-1.601880E-7	1.024460E-8
3.973900E+3	-1.071030E-7	-1.396990E-8
3.995000E+3	-9.872060E-8	-1.210730E-8
4.007200E+3	-5.122300E-8	-3.818450E-8
4.027500E+3	-1.369050E-7	6.239910E-8
4.037300E+3	-7.171230E-8	-1.862660E-9
4.046600E+3	-1.080340E-7	3.073390E-8
4.070200E+3	-1.089650E-7	3.539050E-8
4.079100E+3	-1.387680E-7	5.960510E-8
4.100200E+3	-1.098970E-7	1.862660E-9
4.112400E+3	-8.847610E-8	-4.097840E-8
4.133600E+3	-1.210730E-7	-6.891830E-8
4.143000E+3	-1.396990E-7	-2.328320E-8
4.156100E+3	-9.406400E-8	1.769520E-8
4.175600E+3	-1.676390E-8	-4.936030E-8
4.186700E+3	-4.563500E-8	-2.048920E-8
4.208500E+3	-2.514580E-8	-1.061710E-7
4.218800E+3	-7.730020E-8	-6.146770E-8
4.229800E+3	-4.284110E-8	-9.778930E-8
4.252100E+3	-1.061710E-7	-1.862660E-9
4.262700E+3	-6.984960E-8	-3.818450E-8
4.282600E+3	-1.555320E-7	6.891830E-8
4.292600E+3	-9.220140E-8	2.048920E-8
4.313100E+3	-1.592570E-7	8.102550E-8
4.325600E+3	-1.508750E-7	1.145530E-7
4.334600E+3	-6.426170E-8	2.328320E-8
4.358500E+3	-8.102550E-8	2.793980E-8
4.367800E+3	-2.421450E-8	-2.235190E-8
4.377800E+3	-1.117590E-8	-4.563500E-8
4.401000E+3	-4.656640E-8	-4.284110E-8
4.401000E+3	-4.656640E-8	-4.284110E-8
4.434100E+3	-1.043090E-7	3.911580E-8
4.442900E+3	-4.656640E-8	-2.514580E-8
4.464000E+3	-6.239910E-8	-2.142050E-8
4.473000E+3	-1.043090E-7	-1.862660E-9
4.473000E+3	-1.043090E-7	-1.862660E-9
4.506000E+3	-1.760210E-7	-2.793980E-8
4.516500E+3	-2.458710E-7	2.328320E-8
4.536000E+3	-2.095480E-7	6.519290E-9
4.547200E+3	-1.564630E-7	-1.955790E-8
4.566600E+3	-1.853340E-7	2.328320E-8
4.577900E+3	-1.611200E-7	1.583260E-8
4.600000E+3	-5.401690E-8	-6.891830E-8
4.610400E+3	-1.164160E-7	9.313300E-10
4.620700E+3	-4.749770E-8	-6.519300E-8
4.641200E+3	-8.754480E-8	-2.793980E-9
4.660500E+3	-9.313270E-8	-1.769520E-8
4.660500E+3	-9.313270E-8	-1.769520E-8
4.681000E+3	-1.285230E-7	4.656640E-9
4.705100E+3	-1.359740E-7	4.656640E-9
4.714300E+3	-7.357490E-8	-2.607710E-8
4.737500E+3	-8.288820E-8	6.519290E-9
4.747200E+3	-8.475080E-8	1.676390E-8
4.759300E+3	-3.725320E-9	-4.470370E-8
4.780400E+3	-4.470370E-8	-7.450640E-9
4.792300E+3	-3.818450E-8	-5.401690E-8
4.802200E+3	-6.612440E-8	-3.725310E-8
4.825600E+3	-6.891830E-8	-4.097840E-8
4.834600E+3	-9.778930E-8	1.862660E-9
4.845700E+3	-8.288820E-8	-1.303860E-8
4.845700E+3	-8.288820E-8	-1.303860E-8
4.877900E+3	-1.182780E-7	-7.450640E-9
4.897300E+3	-4.749770E-8	-8.568210E-8
4.908500E+3	-1.154840E-7	-1.490130E-8
4.927800E+3	-5.215430E-8	-7.543760E-8
4.939100E+3	-1.294550E-7	4.656640E-9
4.958500E+3	-7.730020E-8	-4.563500E-8
4.972600E+3	-1.462190E-7	4.004710E-8
4.990900E+3	-7.264360E-8	-3.539050E-8
5.002200E+3	-1.154840E-7	5.587960E-9
5.021500E+3	-9.872060E-8	-4.190970E-8
5.032800E+3	-1.117590E-7	-2.607710E-8
5.052100E+3	-9.592670E-8	-6.612440E-8
5.063200E+3	-1.015150E-7	-8.381950E-8
5.075200E+3	-1.387680E-7	-1.126900E-7
5.096000E+3	-1.974410E-7	-1.341110E-7
5.105400E+3	-2.151360E-7	-1.136220E-7
5.126400E+3	-2.468020E-7	-1.071030E-7
5.135400E+3	-1.927850E-7	-1.015150E-7
5.156600E+3	-2.058230E-7	-1.490130E-8
5.168700E+3	-1.266610E-7	-5.215430E-8
5.179500E+3	-1.527380E-7	-2.887110E-8
5.199200E+3	-9.592670E-8	-1.145530E-7
5.210300E+3	-1.033770E-7	-1.145530E-7
5.229800E+3	-3.911580E-8	-7.916290E-8
5.242800E+3	-8.288820E-8	-5.587960E-9
5.253600E+3	-1.182780E-7	7.450630E-8
5.275300E+3	-8.009420E-8	2.048920E-8
5.286500E+3	-1.108280E-7	4.936030E-8
5.307700E+3	-5.774220E-8	3.259650E-8
5.318900E+3	-9.685800E-8	7.078100E-8
5.338100E+3	-6.891830E-8	-1.117590E-8
5.349400E+3	-2.076860E-7	6.984960E-8
5.358700E+3	-1.806770E-7	2.980250E-8
5.379900E+3	-1.722960E-7	9.313280E-9
5.379900E+3	-1.722960E-7	9.313280E-9
5.412900E+3	-1.974410E-7	3.073390E-8
5.422700E+3	-1.443560E-7	-1.862660E-8
5.443900E+3	-1.871970E-7	4.377240E-8
5.456400E+3	-1.480810E-7	1.676390E-8
5.465500E+3	-8.102550E-8	-1.303860E-8
5.486500E+3	-6.891830E-8	-3.911580E-8
5.495800E+3	-1.154840E-7	1.396990E-8
5.519500E+3	-4.936030E-8	-6.519300E-8
5.529100E+3	-1.350430E-7	2.235190E-8
5.549400E+3	-6.426170E-8	-4.004710E-8
5.559600E+3	-1.033770E-7	-8.381960E-9
5.579500E+3	-1.303860E-7	1.210730E-8
5.590200E+3	-1.760210E-7	4.563500E-8
5.609500E+3	-8.475080E-8	9.313280E-9
5.619800E+3	-1.201420E-7	4.004710E-8
5.630900E+3	-1.490130E-7	2.793980E-8
5.630900E+3	-1.490130E-7	2.793980E-8
5.664300E+3	-1.126900E-7	-1.862660E-8
5.685900E+3	-4.749770E-8	-2.887110E-8
5.697100E+3	-1.443560E-7	5.867350E-8
5.706200E+3	-1.480810E-7	8.288820E-8
5.729400E+3	-1.173470E-7	6.798700E-8
5.739400E+3	-8.288820E-8	1.396990E-8
5.761900E+3	-7.264360E-8	3.632180E-8
5.772700E+3	-1.071030E-7	5.774220E-8
5.781700E+3	-7.078100E-8	3.259650E-8
5.803100E+3	-7.078100E-8	3.259650E-8
5.812300E+3	1.862660E-8	-2.048920E-8
5.833100E+3	-2.887110E-8	-1.024460E-8
5.842900E+3	-8.288820E-8	4.190970E-8
5.866300E+3	-3.445920E-8	-1.303860E-8
5.875300E+3	-1.061710E-7	5.494830E-8
5.886500E+3	-1.462190E-7	5.774220E-8
5.908100E+3	-7.357490E-8	-4.004710E-8
5.918600E+3	-1.089650E-7	5.029160E-8
5.929100E+3	-1.043090E-7	7.730020E-8
5.953500E+3	-7.264360E-8	4.284110E-8
5.964800E+3	-1.089650E-7	7.078100E-8
5.964800E+3	-1.089650E-7	7.078100E-8
5.986300E+3	-3.632180E-8	-3.352780E-8
6.007400E+3	-8.847610E-8	5.587960E-9
6.029600E+3	-6.798700E-8	-3.539050E-8
6.040500E+3	-1.108280E-7	1.303860E-8
6.060200E+3	-1.005830E-7	-4.563500E-8
6.073100E+3	-1.546000E-7	4.656640E-9
6.082500E+3	-1.117590E-7	-4.004710E-8
6.106600E+3	-1.713640E-7	3.911580E-8
6.106600E+3	-1.713640E-7	3.911580E-8
6.139200E+3	-9.965200E-8	1.583260E-8
6.139200E+3	-9.965200E-8	1.583260E-8
6.158600E+3	-3.632180E-8	-4.936030E-8
6.182300E+3	-7.543760E-8	-1.862660E-8
6.191400E+3	-3.073390E-8	-7.823160E-8
6.204000E+3	-5.867350E-8	-5.587960E-8
6.224500E+3	-8.754480E-8	-4.004710E-8
6.236600E+3	-6.053640E-8	-3.539050E-8
6.247700E+3	-1.294550E-7	8.475080E-8
6.269400E+3	-5.401690E-8	0.000000E+0
6.279900E+3	-1.108280E-7	4.656640E-8
6.279900E+3	-1.108280E-7	4.656640E-8
6.313400E+3	-1.080340E-7	-1.676390E-8
6.323900E+3	-1.322490E-7	1.583260E-8
6.345800E+3	-7.730020E-8	0.000000E+0
6.356900E+3	-1.126900E-7	5.494830E-8
6.376700E+3	-1.164160E-7	5.681090E-8
6.387400E+3	-7.450630E-8	1.862660E-8
6.407600E+3	-1.061710E-7	1.862660E-8
6.417500E+3	-1.322490E-7	2.700850E-8
6.439800E+3	-1.462190E-7	1.676390E-8
6.450600E+3	-1.853340E-7	4.284110E-8
6.450600E+3	-1.853340E-7	4.284110E-8
6.483300E+3	-1.518060E-7	2.887110E-8
6.492600E+3	-6.333040E-8	-3.539050E-8
6.513800E+3	-1.424930E-7	4.377240E-8
6.523000E+3	-6.891830E-8	3.352780E-8
6.546600E+3	-1.201420E-7	1.639140E-7
6.556200E+3	-7.078100E-8	1.229350E-7
6.566100E+3	-8.102550E-8	1.285230E-7
6.586500E+3	-2.048920E-8	3.166520E-8
6.597000E+3	-1.108280E-7	8.381950E-8
6.619900E+3	-4.842900E-8	-7.450640E-9
6.629400E+3	-3.259650E-8	-1.490130E-8
6.650000E+3	-1.862660E-8	-4.284110E-8
6.660200E+3	-7.171230E-8	5.587960E-9
6.660200E+3	-7.171230E-8	5.587960E-9
6.692800E+3	-1.117590E-7	1.396990E-8
6.704100E+3	-7.264360E-8	-4.377240E-8
6.723600E+3	-6.426170E-8	-4.563500E-8
6.736800E+3	-1.052400E-7	1.117590E-8
6.756300E+3	-3.259650E-8	-4.284110E-8
6.767500E+3	-1.220040E-7	5.029160E-8
6.777300E+3	-1.415620E-7	5.587960E-8
6.799900E+3	-1.527380E-7	2.887110E-8
6.810500E+3	-8.754480E-8	-3.352780E-8
6.830800E+3	-1.201420E-7	5.867350E-8
6.843900E+3	-6.891830E-8	2.048920E-8
6.853100E+3	-7.636890E-8	1.862660E-8
6.874000E+3	-1.247980E-7	4.284110E-8
6.874000E+3	-1.247980E-7	4.284110E-8
6.907200E+3	-1.285230E-7	3.073390E-8
6.916200E+3	-1.601880E-7	7.078100E-8
6.937400E+3	-7.730020E-8	1.396990E-8
6.946800E+3	-1.080340E-7	2.514580E-8
6.967400E+3	-5.867350E-8	-4.563500E-8
6.977400E+3	-2.980250E-8	-4.563500E-8
6.997600E+3	-8.381950E-8	-5.587960E-9
7.009900E+3	-4.563500E-8	-5.308560E-8
7.021100E+3	-8.475080E-8	5.587960E-9
7.021100E+3	-8.475080E-8	5.587960E-9
7.051700E+3	-6.798700E-8	-7.730020E-8
7.073100E+3	-4.470370E-8	-6.612440E-8
7.084300E+3	-1.145530E-7	1.583260E-8
7.094500E+3	-1.098970E-7	2.235190E-8
7.116900E+3	-7.823160E-8	2.048920E-8
7.127900E+3	-1.220040E-7	7.171230E-8
7.150900E+3	-5.774220E-8	1.955790E-8
7.161600E+3	-9.965200E-8	2.700850E-8
7.173400E+3	-5.308560E-8	-2.700850E-8
7.194600E+3	-3.539050E-8	-5.122300E-8
7.194600E+3	-3.539050E-8	-5.122300E-8
7.216100E+3	-9.220140E-8	-2.421450E-8
7.237000E+3	-1.480810E-7	1.583260E-8
7.246700E+3	-1.639140E-7	6.519290E-9
7.267000E+3	-1.769520E-7	-9.313280E-9
7.277100E+3	-2.728790E-7	7.916290E-8
7.300300E+3	-2.458710E-7	7.730020E-8
7.309600E+3	-1.965100E-7	7.730020E-8
7.309600E+3	-1.965100E-7	5.215430E-8
7.340400E+3	-1.834710E-7	7.357490E-8
7.360700E+3	-1.713640E-7	2.421450E-8
7.371200E+3	-2.142050E-7	4.749770E-8
7.391100E+3	-1.471500E-7	-3.259650E-8
7.402200E+3	-1.853340E-7	1.769520E-8
7.412600E+3	-1.247980E-7	-1.024460E-8
7.435000E+3	-1.862650E-7	6.239910E-8
7.446300E+3	-1.434250E-7	2.980250E-8
7.466200E+3	-1.378370E-7	1.583260E-8
7.476700E+3	-1.648450E-7	2.328320E-8
7.498900E+3	-1.322490E-7	-5.587960E-9
7.510000E+3	-2.020980E-7	4.284110E-8
7.519100E+3	-2.169990E-7	4.284110E-8
7.542700E+3	-2.356260E-7	5.308560E-8
7.552200E+3	-1.853340E-7	-4.656640E-9
7.573200E+3	-2.933680E-7	6.053640E-8
7.582400E+3	-2.514590E-7	-1.396990E-8
7.603500E+3	-3.166510E-7	3.725310E-8
7.612500E+3	-2.617030E-7	-7.450640E-9
7.624900E+3	-2.421460E-7	-1.210730E-8
7.645500E+3	-3.250330E-7	8.475080E-8
7.658300E+3	-2.617030E-7	7.171230E-8
7.679000E+3	-1.918530E-7	1.862660E-9
7.688300E+3	-2.430770E-7	5.122300E-8
7.709600E+3	-2.067550E-7	-1.955790E-8
7.719500E+3	-2.235180E-7	-1.955790E-8
7.719500E+3	-2.235180E-7	-5.122300E-8
7.753400E+3	-1.769520E-7	4.656640E-9
7.753400E+3	-1.769520E-7	4.656640E-9
7.783300E+3	-2.635660E-7	4.377240E-8
7.794500E+3	-2.868490E-7	5.774220E-8
7.816600E+3	-2.430770E-7	-1.117590E-8
7.827900E+3	-2.859180E-7	4.842900E-8
7.837100E+3	-2.030290E-7	-2.514580E-8
7.858200E+3	-2.160680E-7	-1.862660E-8
7.870400E+3	-2.644970E-7	4.470370E-8
7.891100E+3	-3.110640E-7	7.543760E-8
7.900600E+3	-3.175830E-7	6.519300E-8
7.923800E+3	-2.970940E-7	3.259650E-8
7.934100E+3	-3.073380E-7	4.656640E-8
7.943400E+3	-3.483160E-7	5.122300E-8
7.967200E+3	-3.362090E-7	6.239910E-8
7.976200E+3	-3.101320E-7	9.313280E-9
7.997300E+3	-2.589090E-7	-2.793980E-8
8.006300E+3	-3.054760E-7	1.303860E-8
8.019100E+3	-3.669430E-7	5.681090E-8
8.039300E+3	-3.846380E-7	6.984960E-8
8.052600E+3	-3.771870E-7	6.333040E-8
8.072700E+3	-3.585610E-7	4.004710E-8
8.072700E+3	-3.585610E-7	4.004710E-8
8.103500E+3	-3.399350E-7	1.862660E-9
8.113800E+3	-3.939510E-7	5.681090E-8
8.134100E+3	-4.190970E-7	7.357490E-8
8.145000E+3	-4.321350E-7	8.102550E-8
8.164600E+3	-3.650800E-7	2.980250E-8
8.175600E+3	-4.107150E-7	8.940740E-8
8.188400E+3	-4.274790E-7	8.381950E-8
8.188400E+3	-4.274790E-7	8.381950E-8
8.221500E+3	-4.787030E-7	9.778930E-8
8.230500E+3	-4.274790E-7	3.725310E-8
8.254300E+3	-4.768410E-7	4.470370E-8
8.263600E+3	-4.246850E-7	-1.769520E-8
8.284800E+3	-4.535560E-7	1.862660E-8
8.294000E+3	-4.619380E-7	3.073390E-8
8.315300E+3	-4.237540E-7	0.000000E+0
8.324400E+3	-3.976770E-7	-1.676390E-8
8.345600E+3	-3.827750E-7	-6.333040E-8
8.354800E+3	-4.088520E-7	-2.887110E-8
8.375700E+3	-3.688060E-7	-6.891830E-8
8.385500E+3	-3.688060E-7	-6.891830E-8
8.406000E+3	-4.284100E-7	-3.539050E-8
8.416400E+3	-4.479680E-7	-6.519290E-9
8.416400E+3	-4.479680E-7	-6.519290E-9
8.447300E+3	-4.507620E-7	-1.769520E-8
8.447300E+3	-4.507620E-7	-1.769520E-8
8.478000E+3	-4.963990E-7	5.122300E-8
8.487800E+3	-5.001240E-7	3.073390E-8
8.510600E+3	-5.643850E-7	6.705570E-8
8.510600E+3	-5.643850E-7	6.705570E-8
8.541600E+3	-5.774240E-7	5.587960E-8
8.551900E+3	-5.308580E-7	1.862660E-8
8.572800E+3	-5.923250E-7	5.774220E-8
8.582500E+3	-5.923250E-7	5.774220E-8
8.594700E+3	-5.662480E-7	-1.117590E-8
8.616200E+3	-5.699730E-7	0.000000E+0
8.625300E+3	-5.941870E-7	4.656640E-8
8.646300E+3	-5.727670E-7	6.053640E-8
8.656000E+3	-5.094370E-7	-2.793980E-9
8.676600E+3	-5.094370E-7	-2.793980E-9
8.688800E+3	-4.274790E-7	-1.676390E-8
8.709900E+3	-3.324840E-7	2.793980E-8
8.719200E+3	-2.412140E-7	1.583260E-8
8.732200E+3	-1.881280E-7	2.142050E-8
8.752100E+3	-3.725310E-8	-2.607710E-8
8.762900E+3	4.656640E-8	-6.612440E-8
8.762900E+3	4.656640E-8	-6.612440E-8
8.795400E+3	1.005830E-7	-2.142050E-8
8.815600E+3	2.654290E-7	-4.842900E-8
8.826300E+3	2.337630E-7	1.862660E-9
8.836800E+3	2.859180E-7	-3.725310E-8
8.859000E+3	2.654290E-7	6.519300E-8
8.870200E+3	3.278270E-7	3.725310E-8
8.889800E+3	3.818440E-7	6.053640E-8
8.900900E+3	4.600750E-7	4.656640E-8
8.920900E+3	5.345830E-7	5.774220E-8
8.920900E+3	5.345830E-7	5.774220E-8
8.951600E+3	5.504150E-7	1.005830E-7
8.951600E+3	5.504150E-7	1.005830E-7
8.982200E+3	6.416850E-7	-1.024460E-8
8.994600E+3	6.286460E-7	9.313280E-9
9.004500E+3	6.482040E-7	-7.450640E-9
9.024900E+3	6.686930E-7	1.024460E-8
9.024900E+3	6.686930E-7	1.024460E-8
9.058500E+3	6.752130E-7	4.097840E-8
9.068200E+3	7.059460E-7	9.313280E-9
9.079500E+3	6.454100E-7	6.891830E-8
9.101200E+3	7.497180E-7	-7.450640E-9
9.112400E+3	7.785890E-7	8.381960E-9
9.134500E+3	7.785890E-7	8.381960E-9
9.144900E+3	8.065290E-7	4.377240E-8
9.144900E+3	8.065290E-7	4.377240E-8
9.177600E+3	7.851090E-7	7.264360E-8
9.188800E+3	8.037350E-7	4.749770E-8
9.208200E+3	8.102540E-7	3.445920E-8
9.219300E+3	8.372630E-7	1.117590E-8
9.239000E+3	7.888340E-7	4.749770E-8
9.249600E+3	8.279490E-7	5.587960E-9
9.269900E+3	7.832460E-7	5.494830E-8
9.280000E+3	7.832460E-7	5.494830E-8
9.300700E+3	7.916280E-7	3.073390E-8
9.310200E+3	8.540260E-7	-1.769520E-8
9.331400E+3	8.866230E-7	4.656640E-9
9.343800E+3	8.931420E-7	9.313300E-10
9.352900E+3	8.977990E-7	2.980250E-8
9.376800E+3	8.670650E-7	2.142050E-8
9.385800E+3	9.257380E-7	-1.117590E-8
9.396500E+3	9.434330E-7	-6.239910E-8
9.419000E+3	8.335370E-7	3.911580E-8
9.431200E+3	8.940730E-7	3.911580E-8
9.431200E+3	8.940730E-7	3.911580E-8
9.461800E+3	9.341200E-7	2.793980E-8
9.475900E+3	8.987300E-7	4.749770E-8
9.498200E+3	9.145620E-7	-2.142050E-8
9.508600E+3	8.707900E-7	5.587960E-9
9.528500E+3	8.838290E-7	5.308560E-8
9.539600E+3	8.726530E-7	7.916290E-8
9.559100E+3	9.546130E-7	2.887110E-8
9.570200E+3	9.145620E-7	9.127010E-8
9.580000E+3	9.602010E-7	6.798700E-8
9.602800E+3	9.518150E-7	6.333040E-8
9.613300E+3	1.003040E-6	-6.519290E-9
9.613300E+3	1.003040E-6	-6.519290E-9
9.635400E+3	9.518150E-7	4.656640E-9
9.655800E+3	9.844150E-7	-6.146770E-8
9.677300E+3	9.443650E-7	-6.146770E-8
9.689500E+3	9.704450E-7	-1.676390E-8
9.710600E+3	8.959360E-7	7.264360E-8
9.720000E+3	9.052490E-7	6.891830E-8
9.732200E+3	9.713770E-7	-3.725320E-9
9.753400E+3	9.806900E-7	9.313280E-9
9.762800E+3	9.350520E-7	8.195680E-8
9.783500E+3	9.918660E-7	-9.313280E-9
9.793400E+3	9.117680E-7	5.774220E-8
9.813600E+3	9.471590E-7	1.676390E-8
9.824100E+3	9.257380E-7	3.445920E-8
9.844200E+3	1.038430E-6	-5.215430E-8
9.844200E+3	1.038430E-6	-5.215430E-8
9.877700E+3	9.723080E-7	-7.450640E-9
9.888000E+3	9.583380E-7	1.490130E-8
9.888000E+3	9.583380E-7	1.490130E-8
9.908300E+3	1.043090E-6	-6.333040E-8
9.932300E+3	9.713770E-7	2.048920E-8
9.951900E+3	1.021670E-6	-2.793980E-8
9.966100E+3	9.462270E-7	4.097840E-8
9.975500E+3	9.993160E-7	1.210730E-8
9.999000E+3	9.955910E-7	2.980250E-8
9.999000E+3	9.955910E-7	2.980250E-8
1.000900E+4	9.685830E-7	1.024460E-8
1.003150E+4	9.760330E-7	-9.499540E-8
1.005130E+4	9.089740E-7	-9.406400E-8
1.007530E+4	9.909340E-7	-1.015150E-7
1.008470E+4	1.051470E-6	-1.108280E-7
1.009490E+4	1.103620E-6	-1.061710E-7
1.011800E+4	1.159500E-6	-7.730020E-8
1.012740E+4	1.099900E-6	1.117590E-8
1.014820E+4	1.197690E-6	-3.632180E-8
1.014820E+4	1.197690E-6	-3.632180E-8
1.017870E+4	9.993160E-7	-1.676390E-8
1.018920E+4	9.331890E-7	4.377240E-8
1.021230E+4	1.025390E-6	4.656640E-9
1.022210E+4	9.853470E-7	6.239910E-8
1.023340E+4	1.087790E-6	-5.587960E-9
1.025500E+4	1.121320E-6	-5.587960E-9
1.025500E+4	1.121320E-6	-2.793980E-8
1.028550E+4	1.057060E-6	3.259650E-8
1.029670E+4	1.067300E-6	3.725310E-8
1.031890E+4	1.080340E-6	-3.259650E-8
1.033020E+4	1.038430E-6	1.862660E-8
1.033950E+4	1.117590E-6	-4.284110E-8
1.036070E+4	1.067300E-6	9.313280E-9
1.036990E+4	1.113870E-6	-1.490130E-8
1.036990E+4	1.113870E-6	-1.490130E-8
1.040350E+4	1.149260E-6	9.313300E-10
1.042710E+4	1.146470E-6	9.313280E-9
1.043750E+4	1.149260E-6	-2.142050E-8
1.044710E+4	1.161370E-6	-5.494830E-8
1.047120E+4	1.067300E-6	-7.450640E-9
1.048040E+4	1.104560E-6	-4.936030E-8
1.049290E+4	1.120390E-6	-6.333040E-8
1.051350E+4	1.149260E-6	-9.033870E-8
1.052640E+4	1.081270E-6	-2.421450E-8
1.052640E+4	1.081270E-6	-2.421450E-8
1.055920E+4	1.252640E-6	-7.543760E-8
1.057050E+4	1.185580E-6	-4.656640E-9
1.059260E+4	1.250770E-6	-7.078100E-8
1.060320E+4	1.197690E-6	-2.235190E-8
1.061380E+4	1.219110E-6	-6.798700E-8
1.063590E+4	1.203280E-6	-7.636890E-8
1.064710E+4	1.231220E-6	-9.872060E-8
1.066690E+4	1.223770E-6	-2.142050E-8
1.068080E+4	1.189310E-6	-2.142050E-8
1.070050E+4	1.237730E-6	-2.887110E-8
1.071100E+4	1.207930E-6	1.862660E-9
1.072010E+4	1.263810E-6	-3.725310E-8
1.074400E+4	1.226560E-6	1.583260E-8
1.075330E+4	1.288030E-6	-2.793980E-8
1.077460E+4	1.247980E-6	1.676390E-8
1.078690E+4	1.295480E-6	-4.749770E-8
1.079660E+4	1.244250E-6	-1.769520E-8
1.081740E+4	1.291750E-6	-1.108280E-7
1.082770E+4	1.306650E-6	-1.415620E-7
1.085120E+4	1.291750E-6	-8.661350E-8
1.086060E+4	1.327140E-6	-1.331800E-7
1.087370E+4	1.327140E-6	-1.331800E-7
1.089400E+4	1.385820E-6	-7.823160E-8
1.090480E+4	1.316900E-6	1.583260E-8
1.092450E+4	1.385820E-6	-4.563500E-8
1.093570E+4	1.324350E-6	9.313280E-9
1.095790E+4	1.400720E-6	-7.450630E-8
1.096850E+4	1.356010E-6	-9.313280E-9
1.097920E+4	1.320620E-6	1.396990E-8
1.100120E+4	1.307580E-6	-4.749770E-8
1.100120E+4	1.307580E-6	-4.749770E-8
1.101250E+4	1.285230E-6	7.450640E-9
1.103240E+4	1.333660E-6	8.381960E-9
1.106340E+4	1.388610E-6	3.259650E-8
1.107370E+4	1.431450E-6	1.210730E-8
1.109420E+4	1.436110E-6	2.328320E-8
1.110410E+4	1.473360E-6	-5.587960E-9
1.110410E+4	1.473360E-6	-5.587960E-9
1.113440E+4	1.455660E-6	-7.450640E-9
1.115590E+4	1.467770E-6	-4.284110E-8
1.116820E+4	1.468700E-6	-3.911580E-8
1.117770E+4	1.490120E-6	-6.426170E-8
1.119860E+4	1.410030E-6	1.396990E-8
1.121090E+4	1.481740E-6	-4.749770E-8
1.122180E+4	1.481740E-6	-4.749770E-8
1.124450E+4	1.533900E-6	-1.005830E-7
1.124450E+4	1.533900E-6	-1.005830E-7
1.127770E+4	1.518990E-6	-5.681090E-8
1.128810E+4	1.486400E-6	-3.445920E-8
1.130830E+4	1.557180E-6	-9.685800E-8
1.131930E+4	1.522720E-6	-3.166520E-8
1.133910E+4	1.571150E-6	-2.235190E-8
1.135030E+4	1.571150E-6	-2.235190E-8
1.137000E+4	1.589770E-6	-2.328320E-8
1.137000E+4	1.589770E-6	-2.328320E-8
1.139080E+4	1.614920E-6	-4.936030E-8
1.139080E+4	1.614920E-6	-4.936030E-8
1.142440E+4	1.585120E-6	-3.166520E-8
1.144510E+4	1.629820E-6	-6.519300E-8
1.145790E+4	1.629820E-6	-6.519300E-8
1.147820E+4	1.647520E-6	1.862660E-9
1.148870E+4	1.657760E-6	-4.004710E-8
1.149810E+4	1.668940E-6	-6.612440E-8
1.151930E+4	1.604680E-6	-5.401690E-8
1.152910E+4	1.602810E-6	-1.583260E-8
1.154970E+4	1.734130E-6	-1.583260E-8
1.154970E+4	1.734130E-6	-9.220140E-8
1.158310E+4	1.727610E-6	-3.352780E-8
1.159250E+4	1.704330E-6	6.519290E-9
1.160360E+4	1.773250E-6	-4.842900E-8
1.162610E+4	1.803050E-6	-3.073390E-8
1.163650E+4	1.798390E-6	-2.142050E-8
1.165910E+4	1.827260E-6	-5.215430E-8
1.167050E+4	1.773250E-6	1.117590E-8
1.169060E+4	1.851480E-6	-4.097840E-8
1.170200E+4	1.817950E-6	-2.142050E-8
1.171180E+4	1.886870E-6	-8.195680E-8
1.173340E+4	1.940890E-6	-1.015150E-7
1.175330E+4	1.899910E-6	-6.612440E-8
1.176420E+4	1.899910E-6	-6.612440E-8
1.177330E+4	1.879420E-6	-8.661350E-8
1.179720E+4	1.932510E-6	-2.607710E-8
1.179720E+4	1.932510E-6	-2.607710E-8
1.182980E+4	1.932510E-6	8.381960E-9
1.183980E+4	1.965110E-6	-3.632180E-8
1.184940E+4	1.925990E-6	3.725320E-9
1.187040E+4	1.998630E-6	-8.475080E-8
1.187040E+4	1.998630E-6	-8.475080E-8
1.190120E+4	2.070340E-6	-9.313270E-8
1.191180E+4	2.055440E-6	-6.705570E-8
1.193190E+4	2.102010E-6	-1.080340E-7
1.194300E+4	2.048920E-6	-3.911580E-8
1.196260E+4	2.051720E-6	-2.421450E-8
1.197560E+4	2.038680E-6	-1.396990E-8
1.198670E+4	2.071280E-6	-4.470370E-8
1.200840E+4	2.113190E-6	-7.450630E-8
1.201980E+4	2.090830E-6	-4.190970E-8
1.203950E+4	2.187690E-6	-9.872060E-8
1.205270E+4	2.132740E-6	-3.725310E-8
1.207230E+4	2.211910E-6	-9.313270E-8
1.207230E+4	2.211910E-6	-9.313270E-8
1.209340E+4	2.229600E-6	-5.774220E-8
1.211650E+4	2.191420E-6	-1.210730E-8
1.212710E+4	2.286410E-6	-8.661350E-8
1.214750E+4	2.258470E-6	-4.377240E-8
1.215760E+4	2.304110E-6	-1.247980E-7
1.217840E+4	2.279890E-6	-1.341110E-7
1.219100E+4	2.246360E-6	-1.015150E-7
1.220090E+4	2.287340E-6	-1.369050E-7
1.222160E+4	2.322730E-6	-1.508750E-7
1.223180E+4	2.311560E-6	-1.341110E-7
1.225520E+4	2.331110E-6	-1.322490E-7
1.226480E+4	2.404690E-6	-1.508750E-7
1.228570E+4	2.458710E-6	-1.443560E-7
1.229580E+4	2.391650E-6	-9.220140E-8
1.231620E+4	2.443800E-6	-1.434250E-7
1.232680E+4	2.453120E-6	-1.620510E-7
1.233990E+4	2.394440E-6	-1.620510E-7
1.235950E+4	2.431700E-6	-1.443560E-7
1.237070E+4	2.431700E-6	-1.443560E-7
1.239040E+4	2.307830E-6	-1.089650E-7
1.240140E+4	2.307830E-6	-1.089650E-7
1.242150E+4	2.293860E-6	-1.313170E-7
1.243210E+4	2.298520E-6	-1.713640E-7
1.245430E+4	2.167200E-6	-1.061710E-7
1.246550E+4	2.194210E-6	-1.546000E-7
1.248540E+4	2.091770E-6	-4.470370E-8
1.249620E+4	2.102010E-6	-3.818450E-8
1.250530E+4	2.165340E-6	-7.636890E-8
1.252930E+4	2.017260E-6	-1.676390E-8
1.253870E+4	2.029370E-6	-7.636890E-8
1.255990E+4	1.853340E-6	-7.823160E-8
1.255990E+4	1.853340E-6	-7.823160E-8
1.259060E+4	1.596290E-6	-6.239910E-8
1.260000E+4	1.515270E-6	-9.872060E-8
1.262140E+4	1.396060E-6	-1.108280E-7
1.263380E+4	1.351360E-6	-1.462190E-7
1.264450E+4	1.254500E-6	-8.009420E-8
1.266470E+4	1.142740E-6	-6.239910E-8
1.267590E+4	1.066370E-6	-2.793980E-9
1.269830E+4	9.350520E-7	-5.867350E-8
1.270860E+4	7.925590E-7	-7.450640E-9
1.272870E+4	7.143280E-7	0.000000E+0
1.273950E+4	6.230580E-7	3.911580E-8
1.275930E+4	5.457590E-7	4.656640E-9
1.277040E+4	4.665940E-7	2.328320E-8
1.278050E+4	4.274790E-7	1.862660E-9
1.280150E+4	3.594920E-7	-4.563500E-8
1.281110E+4	3.548360E-7	-5.774220E-8
1.283240E+4	2.579780E-7	-5.587960E-8
1.283240E+4	2.579780E-7	-5.587960E-8
1.286850E+4	8.102550E-8	9.313300E-10
1.287840E+4	1.005830E-7	-3.539050E-8
1.288810E+4	1.583260E-8	1.024460E-8
1.288810E+4	1.583260E-8	1.024460E-8
1.291920E+4	-8.009420E-8	-1.024460E-8
1.293970E+4	-1.806770E-7	-1.676390E-8
1.295230E+4	-1.508750E-7	-8.381950E-8
1.297330E+4	-2.663600E-7	-4.190970E-8
1.298330E+4	-2.933680E-7	-5.215430E-8
1.299660E+4	-3.585610E-7	1.862660E-9
1.301640E+4	-3.343470E-7	-3.539050E-8
1.301640E+4	-3.343470E-7	-3.539050E-8
1.304990E+4	-3.669430E-7	-1.303860E-8
1.306050E+4	-4.181660E-7	4.377240E-8
1.307110E+4	-4.060580E-7	-1.490130E-8
1.309330E+4	-4.414490E-7	1.583260E-8
1.310450E+4	-4.954670E-7	6.891830E-8
1.312430E+4	-4.386550E-7	4.842900E-8
1.313750E+4	-4.600750E-7	4.842900E-8
1.315700E+4	-4.386550E-7	-5.587960E-9
1.316830E+4	-5.094370E-7	4.936030E-8
1.318080E+4	-4.936050E-7	1.303860E-8
1.318080E+4	-4.936050E-7	1.303860E-8
1.320120E+4	-5.327200E-7	-1.024460E-8
1.322390E+4	-5.271320E-7	-5.867350E-8
1.324810E+4	-6.118830E-7	6.519290E-9
1.325740E+4	-5.727670E-7	-1.490130E-8
1.327890E+4	-5.224760E-7	0.000000E+0
1.328820E+4	-5.671790E-7	2.887110E-8
1.328820E+4	-5.671790E-7	2.887110E-8
1.332190E+4	-5.671790E-7	-3.166520E-8
1.333240E+4	-6.035010E-7	2.142050E-8
1.335560E+4	-5.979130E-7	1.862660E-9
1.336540E+4	-6.277150E-7	4.936030E-8
1.337850E+4	-6.472730E-7	7.730020E-8
1.339840E+4	-5.681100E-7	2.793980E-9
1.339840E+4	-5.681100E-7	2.793980E-9
1.342950E+4	-5.802180E-7	7.636890E-8
1.344090E+4	-6.342340E-7	6.239910E-8
1.346310E+4	-6.575170E-7	2.980250E-8
1.346310E+4	-6.575170E-7	2.980250E-8
1.349400E+4	-6.742810E-7	5.122300E-8
1.350530E+4	-6.575170E-7	2.793980E-8
1.352530E+4	-6.407540E-7	1.583260E-8
1.353660E+4	-6.360970E-7	-8.381960E-9
1.354600E+4	-6.090890E-7	-1.583260E-8
1.357030E+4	-6.733500E-7	3.259650E-8
1.357950E+4	-6.724190E-7	1.583260E-8
1.360020E+4	-6.640370E-7	-1.210730E-8
1.360980E+4	-6.435480E-7	-1.490130E-8
1.360980E+4	-6.435480E-7	-1.490130E-8
1.364320E+4	-7.171220E-7	1.303860E-8
1.365360E+4	-7.096710E-7	0.000000E+0
1.365360E+4	-7.096710E-7	0.000000E+0
1.368680E+4	-6.705560E-7	2.514580E-8
1.370000E+4	-6.631050E-7	3.352780E-8
1.372050E+4	-6.221270E-7	8.381960E-9
1.373330E+4	-6.323720E-7	4.470370E-8
1.374480E+4	-7.106030E-7	1.164160E-7
1.376680E+4	-6.342340E-7	-2.793980E-9
1.376680E+4	-6.342340E-7	-2.793980E-9
1.379760E+4	-7.152590E-7	7.171230E-8
1.380880E+4	-6.407540E-7	-1.117590E-8
1.382840E+4	-7.366800E-7	4.470370E-8
1.383960E+4	-7.618260E-7	5.867350E-8
1.385960E+4	-6.994270E-7	2.328320E-8
1.387350E+4	-7.338860E-7	8.288820E-8
1.388280E+4	-6.686930E-7	0.000000E+0
1.390400E+4	-7.133970E-7	8.381960E-9
1.392390E+4	-6.901140E-7	1.396990E-8
1.393510E+4	-6.901140E-7	1.396990E-8
1.394450E+4	-6.826630E-7	6.333040E-8
1.396890E+4	-6.482040E-7	1.862660E-8
1.397810E+4	-6.882510E-7	2.514580E-8
1.397810E+4	-6.882510E-7	2.514580E-8
1.400850E+4	-7.133970E-7	2.048920E-8
1.401900E+4	-6.714870E-7	-1.396990E-8
1.404210E+4	-6.910450E-7	-1.490130E-8
1.404210E+4	-6.910450E-7	-1.490130E-8
1.407580E+4	-7.208470E-7	-8.195680E-8
1.407580E+4	-7.208470E-7	-8.195680E-8
1.409690E+4	-7.031520E-7	-8.102550E-8
1.411880E+4	-6.891820E-7	-6.239910E-8
1.413000E+4	-7.050150E-7	-2.980250E-8
1.414970E+4	-6.901140E-7	-1.024460E-8
1.416100E+4	-7.115340E-7	3.539050E-8
1.418080E+4	-6.379600E-7	2.235190E-8
1.419410E+4	-6.742810E-7	6.984960E-8
1.420440E+4	-6.435480E-7	4.563500E-8
1.422720E+4	-6.798690E-7	5.308560E-8
1.423820E+4	-6.798690E-7	5.308560E-8
1.423820E+4	-6.929080E-7	6.333040E-8
1.427160E+4	-7.310920E-7	6.333040E-8
1.428110E+4	-6.556550E-7	-1.955790E-8
1.428110E+4	-6.556550E-7	-1.955790E-8
1.432250E+4	-7.376110E-7	3.725310E-8
1.433320E+4	-6.994270E-7	1.769520E-8
1.434270E+4	-7.376110E-7	4.842900E-8
1.436700E+4	-7.376110E-7	4.842900E-8
1.436700E+4	-7.348170E-7	3.911580E-8
1.438710E+4	-7.040840E-7	-1.024460E-8
1.441050E+4	-6.435480E-7	-3.166520E-8
1.441050E+4	-6.435480E-7	-3.166520E-8
1.444410E+4	-6.323720E-7	-1.955790E-8
1.445420E+4	-6.407540E-7	0.000000E+0
1.446750E+4	-7.012900E-7	4.656640E-8
1.448730E+4	-7.059460E-7	3.352780E-8
1.450040E+4	-7.115340E-7	5.122300E-8
1.452050E+4	-6.817320E-7	3.259650E-8
1.453140E+4	-7.171220E-7	6.519290E-9
1.455130E+4	-6.966330E-7	-4.097840E-8
1.456260E+4	-7.590320E-7	2.048920E-8
1.457270E+4	-7.469240E-7	4.656640E-9
1.459560E+4	-7.906970E-7	2.048920E-8
1.460650E+4	-7.348170E-7	-4.190970E-8
1.462880E+4	-7.478560E-7	-5.122300E-8
1.464010E+4	-7.273670E-7	-4.097840E-8
1.466010E+4	-7.273670E-7	-4.097840E-8
1.467110E+4	-6.668310E-7	-1.303860E-8
1.468350E+4	-6.398220E-7	-7.916290E-8
1.468350E+4	-6.398220E-7	-7.916290E-8
1.471410E+4	-5.886000E-7	-6.426170E-8
1.472420E+4	-6.202640E-7	-2.142050E-8
1.474780E+4	-5.383080E-7	-7.450640E-9
1.475810E+4	-5.988440E-7	6.239910E-8
1.477850E+4	-5.392390E-7	-5.587960E-9
1.478930E+4	-6.174710E-7	5.774220E-8
1.480930E+4	-6.360970E-7	3.725310E-8
1.482230E+4	-6.035010E-7	0.000000E+0
1.484300E+4	-6.509980E-7	-2.793980E-9
1.485360E+4	-7.012900E-7	3.539050E-8
1.487400E+4	-6.286460E-7	-1.955790E-8
1.487400E+4	-6.286460E-7	-1.955790E-8
1.488520E+4	-6.416850E-7	-2.793980E-9
1.491830E+4	-6.658990E-7	-1.210730E-8
1.492930E+4	-5.960500E-7	-7.264360E-8
1.494940E+4	-6.686930E-7	3.911580E-8
1.496010E+4	-5.951190E-7	2.887110E-8
1.498250E+4	-5.755610E-7	-1.955790E-8
1.499370E+4	-6.211960E-7	2.048920E-8
1.500620E+4	-5.941870E-7	-2.793980E-9
1.501580E+4	-6.463420E-7	2.142050E-8
1.504010E+4	-6.193330E-7	-7.450640E-9
1.506040E+4	-6.435480E-7	1.862660E-8
1.507100E+4	-5.867370E-7	-3.445920E-8
1.508040E+4	-6.724190E-7	4.656640E-8
1.508040E+4	-6.724190E-7	4.656640E-8
1.511430E+4	-6.686930E-7	7.078100E-8
1.513540E+4	-6.128140E-7	-1.862660E-8
1.514480E+4	-6.752130E-7	3.725310E-8
1.516620E+4	-6.267840E-7	9.313280E-9
1.517570E+4	-6.808000E-7	4.097840E-8
1.519680E+4	-6.165390E-7	-3.073390E-8
1.519680E+4	-6.165390E-7	-3.073390E-8
1.522750E+4	-6.565860E-7	1.862660E-8
1.523800E+4	-6.808000E-7	5.122300E-8
1.524910E+4	-6.221270E-7	-2.421450E-8
1.527200E+4	-6.267840E-7	-1.024460E-8
1.528280E+4	-6.882510E-7	5.494830E-8
1.530500E+4	-6.118830E-7	-2.980250E-8
1.531620E+4	-6.658990E-7	2.328320E-8
1.532870E+4	-5.895310E-7	-3.632180E-8
1.534920E+4	-6.388910E-7	0.000000E+0
1.536220E+4	-6.528610E-7	2.514580E-8
1.537170E+4	-5.513470E-7	-4.284110E-8
1.537170E+4	-5.513470E-7	-4.284110E-8
1.539560E+4	-6.081570E-7	2.607710E-8
1.542950E+4	-6.537920E-7	5.122300E-8
1.543910E+4	-6.537920E-7	5.122300E-8
1.544850E+4	-5.895310E-7	-1.490130E-8
1.546980E+4	-6.631050E-7	6.426170E-8
1.548240E+4	-6.128140E-7	-2.793980E-9
1.550360E+4	-6.007070E-7	-1.024460E-8
1.551370E+4	-6.509980E-7	3.539050E-8
1.553460E+4	-5.876680E-7	-1.769520E-8
1.554520E+4	-5.876680E-7	-1.769520E-8
1.555560E+4	-5.560030E-7	-4.004710E-8
1.557840E+4	-5.569350E-7	-4.004710E-8
1.558990E+4	-5.569350E-7	-2.607710E-8
1.561210E+4	-5.634540E-7	-3.259650E-8
1.562330E+4	-6.426160E-7	3.911580E-8
1.564310E+4	-5.923250E-7	2.328320E-8
1.565440E+4	-5.234070E-7	-2.142050E-8
1.566710E+4	-5.988440E-7	6.333040E-8
1.568730E+4	-5.373770E-7	7.450640E-9
1.570040E+4	-6.081570E-7	7.357490E-8
1.571000E+4	-5.587970E-7	1.862660E-8
1.573330E+4	-6.044320E-7	6.984960E-8
1.574360E+4	-5.606600E-7	1.862660E-8
1.576440E+4	-6.053630E-7	2.235190E-8
1.577430E+4	-5.690420E-7	-3.539050E-8
1.578440E+4	-6.435480E-7	9.313280E-9
1.580840E+4	-5.681100E-7	-3.725310E-8
1.581790E+4	-6.007070E-7	-3.725320E-9
1.584230E+4	-6.146770E-7	3.725320E-9
1.585180E+4	-5.727670E-7	-5.867350E-8
1.587290E+4	-5.941870E-7	-2.235190E-8
1.588290E+4	-6.379600E-7	2.328320E-8
1.590360E+4	-5.606600E-7	-7.450640E-9
1.591330E+4	-6.500670E-7	7.730020E-8
1.591330E+4	-6.500670E-7	7.730020E-8
1.594750E+4	-5.811490E-7	4.656640E-9
1.596070E+4	-5.848740E-7	1.490130E-8
1.598080E+4	-5.820800E-7	-1.490130E-8
1.599210E+4	-5.560030E-7	-4.470370E-8
1.600520E+4	-5.867370E-7	1.396990E-8
1.602520E+4	-5.448270E-7	0.000000E+0
1.603610E+4	-5.234070E-7	-4.563500E-8
1.605640E+4	-5.736980E-7	3.725320E-9
1.605640E+4	-5.736980E-7	3.725320E-9
1.608750E+4	-5.606600E-7	2.235190E-8
1.609750E+4	-5.029180E-7	-2.980250E-8
1.610740E+4	-5.811490E-7	1.490130E-8
1.610740E+4	-5.811490E-7	1.490130E-8
1.614080E+4	-4.833600E-7	-3.166520E-8
1.616240E+4	-4.498310E-7	-3.073390E-8
1.617210E+4	-4.908110E-7	-1.862660E-9
1.619340E+4	-4.442430E-7	-5.029160E-8
1.620360E+4	-4.582130E-7	-1.862660E-8
1.621490E+4	-4.814970E-7	-3.539050E-8
1.624000E+4	-4.889480E-7	-4.563500E-8
1.624000E+4	-4.889480E-7	-4.563500E-8
1.627350E+4	-4.796350E-7	7.543760E-8
1.628410E+4	-4.153720E-7	4.470370E-8
1.629720E+4	-5.122310E-7	1.098970E-7
1.631700E+4	-4.451740E-7	-2.048920E-8
1.633020E+4	-4.982610E-7	2.980250E-8
1.634090E+4	-5.122310E-7	3.911580E-8
1.634090E+4	-5.122310E-7	3.911580E-8
1.637460E+4	-5.140940E-7	2.421450E-8
1.639470E+4	-4.926730E-7	2.793980E-8
1.640560E+4	-4.200280E-7	-3.445920E-8
1.642810E+4	-4.507620E-7	9.313280E-9
1.643950E+4	-4.787030E-7	9.778930E-8
1.645220E+4	-4.256160E-7	7.730020E-8
1.647350E+4	-3.716000E-7	-2.793980E-9
1.648610E+4	-4.181660E-7	0.000000E+0
1.649570E+4	-3.846380E-7	-4.749770E-8
1.651680E+4	-3.883630E-7	-2.048920E-8
1.652670E+4	-4.349290E-7	1.210730E-8
1.655060E+4	-4.507620E-7	4.377240E-8
1.656000E+4	-4.488990E-7	9.033870E-8
1.658130E+4	-3.287590E-7	1.303860E-8
1.659110E+4	-3.660120E-7	4.842900E-8
1.661220E+4	-3.241020E-7	-9.313300E-10
1.662240E+4	-3.082700E-7	1.955790E-8
1.664310E+4	-3.920890E-7	2.514580E-8
1.665570E+4	-3.892950E-7	5.587960E-9
1.666700E+4	-4.274790E-7	2.980250E-8
1.668960E+4	-3.119950E-7	-1.071030E-7
1.670030E+4	-3.734620E-7	-1.769520E-8
1.671100E+4	-3.380720E-7	-2.142050E-8
1.673450E+4	-3.064070E-7	3.911580E-8
1.673450E+4	-3.064070E-7	3.911580E-8
1.675710E+4	-3.399350E-7	1.098970E-7
1.675710E+4	-3.399350E-7	1.098970E-7
1.679090E+4	-2.980250E-7	8.661350E-8
1.681190E+4	-2.719480E-7	3.911580E-8
1.682170E+4	-3.194450E-7	7.450630E-8
1.684340E+4	-3.799810E-7	6.519300E-8
1.685290E+4	-3.520420E-7	-1.955790E-8
1.686370E+4	-4.097840E-7	1.210730E-8
1.688730E+4	-3.650800E-7	6.239910E-8
1.689730E+4	-4.079210E-7	1.238670E-7
1.692140E+4	-3.101320E-7	1.490130E-8
1.693160E+4	-3.362090E-7	5.215430E-8
1.695230E+4	-2.682230E-7	1.583260E-8
1.696290E+4	-2.784670E-7	2.980250E-8
1.697610E+4	-3.483160E-7	2.980250E-8
1.699600E+4	-3.566980E-7	5.029160E-8
1.700920E+4	-3.408660E-7	3.725310E-8
1.702940E+4	-3.576300E-7	3.725310E-8
1.704050E+4	-3.753250E-7	4.656640E-8
1.706060E+4	-2.933680E-7	-4.004710E-8
1.707190E+4	-3.734620E-7	1.862660E-8
1.708170E+4	-3.594920E-7	1.117590E-8
1.710540E+4	-3.594920E-7	1.117590E-8
1.711590E+4	-2.598410E-7	-6.798700E-8
1.713690E+4	-2.672910E-7	-6.053640E-8
1.714980E+4	-3.054760E-7	-1.676390E-8
1.714980E+4	-3.054760E-7	-1.676390E-8
1.717000E+4	-3.138580E-7	-6.519290E-9
1.719290E+4	-2.607720E-7	-3.352780E-8
1.720300E+4	-2.626350E-7	-3.073390E-8
1.722690E+4	-2.328320E-7	-6.053640E-8
1.723640E+4	-2.346940E-7	-5.401690E-8
1.723640E+4	-2.346940E-7	-5.401690E-8
1.727050E+4	-2.197930E-7	-7.543760E-8
1.728190E+4	-2.840550E-7	-2.793980E-9
1.730420E+4	-2.086170E-7	-5.774220E-8
1.731530E+4	-2.086170E-7	-5.774220E-8
1.733820E+4	-2.374880E-7	-4.004710E-8
1.733820E+4	-2.374880E-7	-4.004710E-8
1.736210E+4	-3.315530E-7	4.470370E-8
1.738200E+4	-2.961620E-7	1.862660E-8
1.738200E+4	-2.961620E-7	1.862660E-8
1.741330E+4	-2.961620E-7	1.303860E-8
1.742450E+4	-2.384200E-7	-3.632180E-8
1.742450E+4	-2.384200E-7	-3.632180E-8
1.745550E+4	-2.086170E-7	-5.401690E-8
1.747510E+4	-1.909220E-7	-1.024460E-8
1.748400E+4	-1.881280E-7	1.676390E-8
1.749640E+4	-2.486650E-7	8.847610E-8
1.750230E+4	-2.579780E-7	1.182780E-7
1.750550E+4	-1.909220E-7	1.182780E-7
1.751150E+4	-1.853340E-7	5.215430E-8
1.751190E+4	-1.620510E-7	-7.450640E-9
1.751030E+4	-2.468020E-7	4.097840E-8
1.750640E+4	-2.468020E-7	4.097840E-8
1.749590E+4	-2.542530E-7	2.142050E-8
1.748830E+4	-1.965100E-7	-2.048920E-8
1.747940E+4	-2.346940E-7	2.328320E-8
1.745870E+4	-2.440080E-7	6.519290E-9
1.744670E+4	-2.840550E-7	1.210730E-8
1.744670E+4	-2.840550E-7	1.210730E-8
1.740240E+4	-3.082700E-7	-5.681090E-8
1.738890E+4	-3.734620E-7	2.980250E-8
1.735570E+4	-2.514590E-7	-2.887110E-8
1.735570E+4	-2.514590E-7	-2.887110E-8
1.731060E+4	-2.253810E-7	-3.818450E-8
1.729870E+4	-2.868490E-7	3.259650E-8
1.727420E+4	-2.700850E-7	3.725320E-9
1.726330E+4	-3.250330E-7	6.333040E-8
1.726330E+4	-3.250330E-7	6.333040E-8
1.723210E+4	-3.241020E-7	6.426170E-8
1.721950E+4	-2.980250E-7	-3.725320E-9
1.720090E+4	-2.821930E-7	-6.612440E-8
1.718940E+4	-3.390030E-7	-1.210730E-8
1.717900E+4	-2.747420E-7	-7.078100E-8
1.716050E+4	-2.793990E-7	-4.004710E-8
1.716050E+4	-2.793990E-7	-4.004710E-8
1.714980E+4	-2.468020E-7	-7.543760E-8
1.712840E+4	-3.306210E-7	4.656640E-9
1.709740E+4	-2.533220E-7	-6.891830E-8
1.708610E+4	-3.045440E-7	-1.769520E-8
1.706630E+4	-2.998880E-7	-3.539050E-8
1.705530E+4	-3.101320E-7	-4.656640E-8
1.703510E+4	-2.961620E-7	-6.891830E-8
1.703510E+4	-2.961620E-7	-6.891830E-8
1.702460E+4	-3.399350E-7	-8.381960E-9
1.699430E+4	-2.440080E-7	-4.097840E-8
1.699430E+4	-2.440080E-7	-4.097840E-8
1.696400E+4	-2.933680E-7	2.048920E-8
1.696400E+4	-2.933680E-7	2.048920E-8
1.695400E+4	-2.933680E-7	-6.519290E-9
1.693080E+4	-2.710170E-7	-5.587960E-8
1.689740E+4	-3.110640E-7	1.490130E-8
1.688810E+4	-3.473850E-7	-4.936030E-8
1.688810E+4	-3.473850E-7	-4.936030E-8
1.687540E+4	-3.762560E-7	-5.587960E-9
1.684250E+4	-3.920890E-7	6.239910E-8
1.684250E+4	-3.920890E-7	6.239910E-8
1.681210E+4	-3.743930E-7	5.122300E-8
1.680090E+4	-3.548360E-7	4.563500E-8
1.678140E+4	-3.613550E-7	3.818450E-8
1.677040E+4	-4.014020E-7	6.333040E-8
1.674870E+4	-2.961620E-7	-4.097840E-8
1.673590E+4	-3.334150E-7	0.000000E+0
1.672490E+4	-3.706680E-7	2.048920E-8
1.672490E+4	-3.706680E-7	2.048920E-8
1.669470E+4	-4.246850E-7	3.445920E-8
1.669470E+4	-4.246850E-7	3.445920E-8
1.666440E+4	-3.846380E-7	1.210730E-8
1.664390E+4	-4.358610E-7	2.980250E-8
1.663120E+4	-3.734620E-7	-2.421450E-8
1.661130E+4	-2.915060E-7	-4.470370E-8
1.660090E+4	-3.566980E-7	2.700850E-8
1.660090E+4	-3.566980E-7	2.700850E-8
1.656740E+4	-3.492480E-7	-5.308560E-8
1.655790E+4	-4.330670E-7	6.519290E-9
1.655790E+4	-4.330670E-7	6.519290E-9
1.652490E+4	-4.675260E-7	3.445920E-8
1.651410E+4	-4.135090E-7	-3.818450E-8
1.649460E+4	-4.237540E-7	-3.818450E-8
1.648350E+4	-4.163030E-7	-6.239910E-8
1.648350E+4	-4.163030E-7	-6.239910E-8
1.645080E+4	-4.386550E-7	4.563500E-8
1.643080E+4	-4.526250E-7	5.867350E-8
1.641980E+4	-4.479680E-7	1.303860E-8
1.640000E+4	-5.681100E-7	4.656640E-8
1.638880E+4	-5.681100E-7	4.656640E-8
1.636930E+4	-4.917420E-7	-2.607710E-8
1.635630E+4	-4.293420E-7	-7.450640E-9
1.634590E+4	-4.330670E-7	3.445920E-8
1.632550E+4	-4.041960E-7	-1.955790E-8
1.631570E+4	-4.908110E-7	9.313280E-9
1.629490E+4	-5.522780E-7	-8.661350E-8
1.628550E+4	-6.128140E-7	-6.612440E-8
1.626440E+4	-5.373770E-7	-6.984960E-8
1.625510E+4	-5.820800E-7	1.303860E-8
1.623400E+4	-5.848740E-7	6.798700E-8
1.622490E+4	-5.587970E-7	6.053640E-8
1.622490E+4	-5.587970E-7	6.053640E-8
1.619490E+4	-5.019870E-7	3.725310E-8
1.617080E+4	-4.582130E-7	-3.725320E-9
1.616170E+4	-5.075740E-7	5.308560E-8
1.614080E+4	-4.861540E-7	1.396990E-8
1.613150E+4	-5.457590E-7	6.984960E-8
1.612040E+4	-4.963990E-7	8.381960E-9
1.609850E+4	-5.783550E-7	8.381960E-9
1.608780E+4	-5.345830E-7	4.749770E-8
1.606800E+4	-5.960500E-7	2.607710E-8
1.605700E+4	-5.960500E-7	1.583260E-8
1.605700E+4	-5.960500E-7	1.583260E-8
1.602650E+4	-5.848740E-7	-5.587960E-9
1.601690E+4	-5.504150E-7	-4.284110E-8
1.601690E+4	-5.504150E-7	-4.284110E-8
1.598370E+4	-5.811490E-7	4.656640E-9
1.596160E+4	-5.718360E-7	-3.725320E-9
1.595070E+4	-6.826630E-7	6.333040E-8
1.593860E+4	-6.640370E-7	7.543760E-8
1.591820E+4	-6.454100E-7	4.284110E-8
1.590560E+4	-6.295780E-7	4.004710E-8
1.589600E+4	-6.845260E-7	8.847610E-8
1.587240E+4	-5.783550E-7	8.847610E-8
1.586310E+4	-6.314400E-7	3.539050E-8
1.583910E+4	-5.280640E-7	-4.749770E-8
1.582980E+4	-5.774240E-7	-4.563500E-8
1.581750E+4	-6.696250E-7	3.352780E-8
1.579650E+4	-6.305090E-7	1.862660E-9
1.578670E+4	-6.202640E-7	-7.823160E-8
1.576320E+4	-6.584490E-7	-7.823160E-8
1.575380E+4	-6.342340E-7	-5.960510E-8
1.573290E+4	-6.882510E-7	4.656640E-9
1.572350E+4	-7.478560E-7	4.842900E-8
1.570950E+4	-6.910450E-7	4.842900E-8
1.569050E+4	-7.133970E-7	6.984960E-8
1.567690E+4	-6.686930E-7	6.333040E-8
1.566630E+4	-6.863880E-7	7.264360E-8
1.566630E+4	-6.863880E-7	7.264360E-8
1.563310E+4	-5.262010E-7	-7.357490E-8
1.563310E+4	-5.262010E-7	-7.357490E-8
1.560040E+4	-5.578660E-7	8.381960E-9
1.559050E+4	-5.625220E-7	2.793980E-9
1.556770E+4	-5.932560E-7	1.396990E-8
1.555730E+4	-5.923250E-7	-1.490130E-8
1.554520E+4	-6.435480E-7	-9.313280E-9
1.552420E+4	-6.221270E-7	-1.247980E-7
1.552420E+4	-6.221270E-7	-1.247980E-7
1.550170E+4	-6.854570E-7	-7.171230E-8
1.550170E+4	-6.854570E-7	-7.171230E-8
1.546900E+4	-6.919760E-7	-9.313280E-9
1.544500E+4	-6.221270E-7	-9.313280E-9
1.543580E+4	-6.407540E-7	-6.519290E-9
1.541460E+4	-5.913930E-7	3.725310E-8
1.540530E+4	-6.146770E-7	5.494830E-8
1.540530E+4	-6.146770E-7	5.494830E-8
1.537470E+4	-5.941870E-7	1.117590E-8
1.535420E+4	-6.435480E-7	2.514580E-8
1.534400E+4	-6.267840E-7	-7.450640E-9
1.533310E+4	-5.895310E-7	-5.401690E-8
1.531140E+4	-6.919760E-7	5.587960E-8
1.531140E+4	-6.919760E-7	5.587960E-8
1.529070E+4	-6.640370E-7	1.024460E-8
1.526750E+4	-6.612430E-7	1.862660E-8
1.525720E+4	-6.761440E-7	5.681090E-8
1.523500E+4	-6.454100E-7	-3.725320E-9
1.522410E+4	-6.472730E-7	-3.725320E-9
1.520420E+4	-7.571690E-7	-2.887110E-8
1.519120E+4	-7.459930E-7	-3.725310E-8
1.518160E+4	-7.748640E-7	-3.725310E-8
1.516050E+4	-7.879030E-7	-3.911580E-8
1.515120E+4	-7.944220E-7	-1.676390E-8
1.513000E+4	-7.366800E-7	-4.656640E-9
1.512090E+4	-6.435480E-7	-6.984960E-8
1.512090E+4	-6.435480E-7	-6.984960E-8
1.508760E+4	-6.770750E-7	-3.166520E-8
1.507450E+4	-7.199160E-7	1.862660E-9
1.505410E+4	-7.469240E-7	1.862660E-8
1.504360E+4	-7.087400E-7	-1.490130E-8
1.502400E+4	-7.255040E-7	1.862660E-8
1.501120E+4	-7.152590E-7	3.725320E-9
1.500010E+4	-6.146770E-7	-9.220140E-8
1.497860E+4	-5.373770E-7	-1.015150E-7
1.497860E+4	-5.373770E-7	-1.015150E-7
1.494810E+4	-5.215440E-7	-9.313270E-8
1.493700E+4	-5.215440E-7	-9.313270E-8
1.491750E+4	-6.230580E-7	-4.097840E-8
1.490650E+4	-7.152590E-7	6.705570E-8
1.490650E+4	-7.152590E-7	6.705570E-8
1.487610E+4	-6.528610E-7	-6.519290E-9
1.485590E+4	-6.519290E-7	-1.862660E-9
1.484570E+4	-6.137450E-7	-4.190970E-8
1.483360E+4	-6.891820E-7	2.887110E-8
1.481250E+4	-6.193330E-7	-1.955790E-8
1.480330E+4	-6.193330E-7	-1.955790E-8
1.477970E+4	-6.230580E-7	-2.793980E-9
1.477030E+4	-6.379600E-7	-1.396990E-8
1.475810E+4	-6.780060E-7	1.862660E-9
1.473680E+4	-7.301610E-7	2.887110E-8
1.472770E+4	-7.133970E-7	2.700850E-8
1.470370E+4	-6.780060E-7	2.700850E-8
1.469450E+4	-7.310920E-7	4.656640E-8
1.468380E+4	-6.696250E-7	-1.303860E-8
1.468380E+4	-6.696250E-7	-1.303860E-8
1.465300E+4	-6.808000E-7	-4.563500E-8
1.463080E+4	-7.562380E-7	4.004710E-8
1.461980E+4	-6.845260E-7	-3.352780E-8
1.461980E+4	-6.845260E-7	-3.352780E-8
1.458720E+4	-7.804520E-7	2.421450E-8
1.458720E+4	-7.208470E-7	-1.210730E-8
1.455460E+4	-7.087400E-7	-1.490130E-8
1.455460E+4	-7.087400E-7	-1.490130E-8
1.454360E+4	-6.556550E-7	-1.117590E-8
1.451280E+4	-7.217790E-7	4.284110E-8
1.449260E+4	-6.444790E-7	-4.004710E-8
1.448230E+4	-7.161910E-7	0.000000E+0
1.446180E+4	-6.612430E-7	-9.685800E-8
1.445220E+4	-6.808000E-7	-5.587960E-8
1.443130E+4	-6.463420E-7	-2.700850E-8
1.442220E+4	-7.133970E-7	2.887110E-8
1.440100E+4	-7.133970E-7	3.911580E-8
1.440100E+4	-7.133970E-7	3.911580E-8
1.437080E+4	-7.534440E-7	2.328320E-8
1.436170E+4	-7.823150E-7	4.656640E-8
1.434080E+4	-7.534440E-7	2.048920E-8
1.433160E+4	-7.245730E-7	2.048920E-8
1.431040E+4	-7.152590E-7	-5.867350E-8
1.430110E+4	-6.761440E-7	-1.005830E-7
1.428710E+4	-7.394740E-7	-8.847610E-8
1.426490E+4	-7.376110E-7	-5.587960E-8
1.425460E+4	-6.863880E-7	-8.568210E-8
1.424380E+4	-7.227100E-7	-3.911580E-8
1.424380E+4	-7.227100E-7	-3.911580E-8
1.421100E+4	-7.422680E-7	-5.587960E-9
1.420160E+4	-7.040840E-7	-4.190970E-8
1.417850E+4	-7.338860E-7	-2.048920E-8
1.416830E+4	-7.469240E-7	-3.725310E-8
1.416830E+4	-7.469240E-7	-3.725310E-8
1.413530E+4	-7.916280E-7	-1.210730E-8
1.413530E+4	-7.916280E-7	-1.210730E-8
1.410220E+4	-7.953530E-7	1.955790E-8
1.409280E+4	-7.748640E-7	1.862660E-8
1.407160E+4	-7.301610E-7	-7.450640E-9
1.406250E+4	-8.111860E-7	5.308560E-8
1.406250E+4	-8.111860E-7	5.308560E-8
1.402920E+4	-7.757950E-7	5.774220E-8
1.401940E+4	-7.152590E-7	2.421450E-8
1.399570E+4	-7.757950E-7	6.333040E-8
1.398560E+4	-7.115340E-7	-1.117590E-8
1.396530E+4	-7.702070E-7	1.396990E-8
1.395460E+4	-7.497180E-7	-4.749770E-8
1.393510E+4	-8.242240E-7	-3.725320E-9
1.392500E+4	-7.366800E-7	-5.401690E-8
1.390180E+4	-8.186360E-7	6.333040E-8
1.389140E+4	-8.028040E-7	2.700850E-8
1.388080E+4	-8.633400E-7	5.587960E-8
1.386090E+4	-7.571690E-7	-3.818450E-8
1.385070E+4	-7.776580E-7	9.313300E-10
1.382870E+4	-7.161910E-7	1.862660E-9
1.381770E+4	-6.957020E-7	-1.210730E-8
1.380860E+4	-7.217790E-7	1.955790E-8
1.378470E+4	-6.603110E-7	-2.887110E-8
1.377520E+4	-7.441300E-7	3.725310E-8
1.375210E+4	-6.854570E-7	-4.842900E-8
1.374170E+4	-7.050150E-7	-1.024460E-8
1.372960E+4	-7.450620E-7	3.539050E-8
1.370830E+4	-7.450620E-7	5.774220E-8
1.370830E+4	-7.450620E-7	5.774220E-8
1.367810E+4	-7.385420E-7	1.490130E-8
1.366900E+4	-7.906970E-7	3.725310E-8
1.364810E+4	-7.860400E-7	-4.004710E-8
1.363880E+4	-7.301610E-7	-6.146770E-8
1.363880E+4	-7.301610E-7	-6.146770E-8
1.360820E+4	-7.748640E-7	2.328320E-8
1.358780E+4	-8.288810E-7	1.089650E-7
1.357740E+4	-7.813830E-7	7.916290E-8
1.355750E+4	-7.636880E-7	1.238670E-7
1.354660E+4	-6.826630E-7	6.612440E-8
1.352700E+4	-6.314400E-7	5.122300E-8
1.351410E+4	-6.360970E-7	5.122300E-8
1.350300E+4	-6.267840E-7	3.725310E-8
1.348320E+4	-6.323720E-7	1.862660E-9
1.347280E+4	-6.929080E-7	3.725310E-8
1.347280E+4	-6.929080E-7	3.725310E-8
1.344260E+4	-6.388910E-7	-3.911580E-8
1.344260E+4	-6.575170E-7	-4.004710E-8
1.340920E+4	-6.174710E-7	-3.259650E-8
1.339700E+4	-6.174710E-7	-3.259650E-8
1.337590E+4	-6.016380E-7	-1.676390E-8
1.336350E+4	-6.407540E-7	1.024460E-8
1.335330E+4	-6.640370E-7	2.514580E-8
1.332990E+4	-6.342340E-7	2.514580E-8
1.332060E+4	-6.388910E-7	5.122300E-8
1.332060E+4	-6.388910E-7	5.122300E-8
1.329000E+4	-5.522780E-7	4.470370E-8
1.329000E+4	-5.522780E-7	4.470370E-8
1.325940E+4	-5.308580E-7	-2.514580E-8
1.323930E+4	-5.308580E-7	-2.514580E-8
1.322970E+4	-5.187500E-7	2.048920E-8
1.320910E+4	-4.824290E-7	-1.862660E-8
1.319890E+4	-5.308580E-7	3.166520E-8
1.318500E+4	-5.736980E-7	4.656640E-8
1.318500E+4	-5.736980E-7	4.656640E-8
1.315210E+4	-6.053630E-7	4.656640E-8
1.313260E+4	-5.504150E-7	6.519290E-9
1.312140E+4	-5.289950E-7	-2.328320E-8
1.310190E+4	-5.466900E-7	6.519290E-9
1.309100E+4	-5.401710E-7	4.377240E-8
1.307120E+4	-4.293420E-7	-8.381960E-9
1.307120E+4	-4.293420E-7	-8.381960E-9
1.304040E+4	-4.367920E-7	4.749770E-8
1.303040E+4	-4.367920E-7	4.749770E-8
1.300940E+4	-4.135090E-7	2.328320E-8
1.300000E+4	-4.824290E-7	9.592670E-8
1.300000E+4	-4.824290E-7	9.592670E-8
1.296640E+4	-4.125780E-7	5.308560E-8
1.295700E+4	-4.461050E-7	1.145530E-7
1.293330E+4	-2.756730E-7	3.166520E-8
1.293330E+4	-2.756730E-7	3.166520E-8
1.292430E+4	-2.738110E-7	4.377240E-8
1.289120E+4	-1.583260E-7	9.313300E-10
1.287910E+4	-1.778840E-7	4.004710E-8
1.285800E+4	-6.891830E-8	-5.401690E-8
1.284870E+4	-6.053640E-8	-2.142050E-8
1.283740E+4	6.053640E-8	-8.661350E-8
1.281570E+4	8.195680E-8	-3.445920E-8
1.281570E+4	8.195680E-8	-3.445920E-8
1.278530E+4	2.291060E-7	-8.940740E-8
1.278530E+4	2.291060E-7	-8.940740E-8
1.275480E+4	2.775360E-7	-7.078100E-8
1.274370E+4	3.138580E-7	-9.313270E-8
1.274370E+4	3.138580E-7	-9.313270E-8
1.271310E+4	4.507620E-7	-9.685800E-8
1.269330E+4	5.951190E-7	-1.015150E-7
1.269330E+4	5.951190E-7	-1.015150E-7
1.267350E+4	6.901140E-7	-8.568210E-8
1.264950E+4	8.298120E-7	-7.078100E-8
1.264950E+4	8.298120E-7	-7.078100E-8
1.261890E+4	1.031910E-6	-1.126900E-7
1.260980E+4	1.014220E-6	-5.867350E-8
1.260980E+4	1.014220E-6	-5.867350E-8
1.257940E+4	1.287100E-6	-1.918530E-7
1.255540E+4	1.287100E-6	-1.918530E-7
1.254630E+4	1.509680E-6	-7.543760E-8
1.253570E+4	1.611200E-6	-7.636890E-8
1.251300E+4	1.742510E-6	-6.612440E-8
1.250210E+4	1.820740E-6	-5.215430E-8
1.250210E+4	1.820740E-6	-5.215430E-8
1.247980E+4	2.004220E-6	-4.470370E-8
1.245860E+4	2.199800E-6	-6.798700E-8
1.243900E+4	2.303180E-6	-1.015150E-7
1.241930E+4	2.284550E-6	-6.426170E-8
1.241930E+4	2.284550E-6	-6.426170E-8
1.239830E+4	2.281750E-6	3.259650E-8
1.239830E+4	2.281750E-6	3.259650E-8
1.236810E+4	2.373020E-6	5.774220E-8
1.234530E+4	2.398170E-6	5.587960E-9
1.233490E+4	2.441940E-6	-5.867350E-8
1.231460E+4	2.420520E-6	-4.749770E-8
1.230480E+4	2.386990E-6	-1.862660E-8
1.228470E+4	2.386990E-6	-1.862660E-8
1.227440E+4	2.474540E-6	-6.984960E-8
1.225390E+4	2.495960E-6	-1.210730E-8
1.224410E+4	2.476400E-6	1.117590E-8
1.222280E+4	2.493170E-6	-1.490130E-8
1.221370E+4	2.509930E-6	-6.705570E-8
1.220390E+4	2.400960E-6	-5.587960E-9
1.218070E+4	2.384200E-6	-2.328320E-8
1.218070E+4	2.384200E-6	-2.328320E-8
1.215060E+4	2.400960E-6	-9.872060E-8
1.213970E+4	2.447530E-6	-1.555320E-7
1.212040E+4	2.332980E-6	-5.867350E-8
1.210940E+4	2.386990E-6	-1.080340E-7
1.210940E+4	2.386990E-6	-1.080340E-7
1.207890E+4	2.332980E-6	-4.749770E-8
1.205950E+4	2.279890E-6	-3.259650E-8
1.204840E+4	2.301310E-6	-8.102550E-8
1.202850E+4	2.277100E-6	-8.661350E-8
1.201540E+4	2.207250E-6	-5.029160E-8
1.201540E+4	2.207250E-6	-5.029160E-8
1.198250E+4	2.223080E-6	-4.004710E-8
1.197210E+4	2.148580E-6	2.793980E-9
1.196290E+4	2.223080E-6	-8.009420E-8
1.193890E+4	2.132740E-6	-3.632180E-8
1.192990E+4	2.206320E-6	-3.632180E-8
1.192990E+4	2.206320E-6	-1.164160E-7
1.189740E+4	2.178380E-6	-9.313280E-9
1.187660E+4	2.139260E-6	-5.867350E-8
1.187660E+4	2.139260E-6	-5.867350E-8
1.185720E+4	2.178380E-6	-1.648450E-7
1.185720E+4	2.178380E-6	-1.648450E-7
1.181610E+4	2.035890E-6	-1.927850E-7
1.180670E+4	2.030300E-6	-1.136220E-7
1.180670E+4	2.030300E-6	-1.136220E-7
1.177340E+4	1.971620E-6	1.583260E-8
1.176270E+4	1.960450E-6	-2.793980E-9
1.174000E+4	1.930650E-6	-1.490130E-8
1.172900E+4	1.894320E-6	1.862660E-9
1.171620E+4	1.969760E-6	-9.872060E-8
1.169680E+4	1.841230E-6	-3.352780E-8
1.168380E+4	1.910160E-6	-9.872060E-8
1.167380E+4	1.889660E-6	-9.872060E-8
1.165130E+4	1.909230E-6	-1.164160E-7
1.165130E+4	1.909230E-6	-1.164160E-7
1.162050E+4	1.878480E-6	-1.015150E-7
1.161020E+4	1.840300E-6	-4.470370E-8
1.158960E+4	1.919470E-6	-1.033770E-7
1.157980E+4	1.859860E-6	-5.774220E-8
1.157980E+4	1.859860E-6	-5.774220E-8
1.154640E+4	1.755550E-6	-3.352780E-8
1.153730E+4	1.772310E-6	-1.052400E-7
1.151620E+4	1.690360E-6	-1.108280E-7
1.150690E+4	1.668940E-6	-8.568210E-8
1.148620E+4	1.659620E-6	-6.146770E-8
1.147630E+4	1.728540E-6	-9.778930E-8
1.146520E+4	1.674530E-6	-2.700850E-8
1.144100E+4	1.708050E-6	-6.053640E-8
1.143090E+4	1.693150E-6	-3.166520E-8
1.141020E+4	1.676390E-6	6.519290E-9
1.139900E+4	1.758340E-6	-5.029160E-8
1.138020E+4	1.757410E-6	-5.401690E-8
1.138020E+4	1.757410E-6	-5.401690E-8
1.135600E+4	1.658690E-6	-6.146770E-8
1.133550E+4	1.646590E-6	9.313280E-9
1.132280E+4	1.688500E-6	-2.887110E-8
1.130280E+4	1.625170E-6	1.955790E-8
1.130280E+4	1.625170E-6	1.955790E-8
1.127190E+4	1.620510E-6	3.445920E-8
1.126190E+4	1.553450E-6	6.891830E-8
1.124110E+4	1.588840E-6	1.862660E-8
1.123160E+4	1.599090E-6	1.862660E-8
1.123160E+4	1.599090E-6	1.862660E-8
1.119830E+4	1.601880E-6	3.725320E-9
1.118910E+4	1.549730E-6	4.377240E-8
1.116820E+4	1.524580E-6	1.396990E-8
1.115850E+4	1.544140E-6	1.396990E-8
1.115850E+4	1.544140E-6	-2.980250E-8
1.112820E+4	1.553450E-6	2.421450E-8
1.110820E+4	1.443560E-6	8.195680E-8
1.109740E+4	1.484540E-6	2.793980E-9
1.109740E+4	1.484540E-6	2.793980E-9
1.106680E+4	1.466840E-6	-1.108280E-7
1.106680E+4	1.466840E-6	-1.108280E-7
1.103580E+4	1.456600E-6	-1.033770E-7
1.103580E+4	1.456600E-6	-1.033770E-7
1.100570E+4	1.410960E-6	-2.793980E-9
1.099250E+4	1.461250E-6	-5.774220E-8
1.097180E+4	1.470570E-6	-8.009420E-8
1.096210E+4	1.460320E-6	-7.636890E-8
1.093890E+4	1.451010E-6	-9.127010E-8
1.092850E+4	1.404440E-6	-4.842900E-8
1.091650E+4	1.402580E-6	-1.024460E-8
1.089320E+4	1.433310E-6	-1.024460E-8
1.088300E+4	1.382090E-6	2.328320E-8
1.088300E+4	1.382090E-6	2.328320E-8
1.084960E+4	1.366260E-6	1.490130E-8
1.084000E+4	1.395130E-6	-2.514580E-8
1.081630E+4	1.365330E-6	-3.259650E-8
1.081630E+4	1.365330E-6	-3.259650E-8
1.080730E+4	1.289890E-6	2.514580E-8
1.077430E+4	1.285230E-6	-1.490130E-8
1.076410E+4	1.261020E-6	1.396990E-8
1.074100E+4	1.258220E-6	-1.024460E-8
1.073150E+4	1.233080E-6	4.004710E-8
1.071840E+4	1.292680E-6	-1.676390E-8
1.069850E+4	1.235870E-6	-9.313300E-10
1.068460E+4	1.275920E-6	-3.166520E-8
1.068460E+4	1.275920E-6	-3.166520E-8
1.065200E+4	1.256360E-6	6.519300E-8
1.064080E+4	1.329940E-6	-2.142050E-8
1.063170E+4	1.312240E-6	-1.490130E-8
1.060800E+4	1.295480E-6	-3.818450E-8
1.059840E+4	1.294550E-6	-4.284110E-8
1.057390E+4	1.251700E-6	-4.284110E-8
1.057390E+4	1.251700E-6	1.210730E-8
1.055340E+4	1.268470E-6	-1.210730E-8
1.053220E+4	1.261020E-6	-3.725320E-9
1.052310E+4	1.261020E-6	-3.725320E-9
1.052310E+4	1.245190E-6	-1.210730E-8
1.048990E+4	1.185580E-6	2.235190E-8
1.048010E+4	1.272190E-6	-5.867350E-8
1.045650E+4	1.254500E-6	-4.842900E-8
1.044720E+4	1.300130E-6	-6.705570E-8
1.042300E+4	1.300130E-6	-6.705570E-8
1.041370E+4	1.273130E-6	-4.749770E-8
1.041370E+4	1.273130E-6	-4.749770E-8
1.038320E+4	1.165090E-6	1.396990E-8
1.037190E+4	1.228420E-6	-5.587960E-8
1.035240E+4	1.149260E-6	-3.539050E-8
1.035240E+4	1.149260E-6	-3.539050E-8
1.031970E+4	1.099900E-6	9.313280E-9
1.030650E+4	1.129700E-6	-3.445920E-8
1.029570E+4	1.188370E-6	-7.264360E-8
1.027350E+4	1.119460E-6	7.450640E-9
1.026220E+4	1.182790E-6	-6.146770E-8
1.025290E+4	1.095240E-6	2.421450E-8
1.022960E+4	1.196760E-6	-6.891830E-8
1.021980E+4	1.175340E-6	-5.401690E-8
1.019730E+4	1.133430E-6	-1.303860E-8
1.018680E+4	1.172540E-6	2.607710E-8
1.017780E+4	1.146470E-6	8.847610E-8
1.017780E+4	1.146470E-6	8.847610E-8
1.015360E+4	1.165090E-6	4.656640E-8
1.012050E+4	1.205140E-6	-6.519300E-8
1.011150E+4	1.118530E-6	1.676390E-8
1.010090E+4	1.083140E-6	2.328320E-8
1.007820E+4	1.057990E-6	1.490130E-8
1.006830E+4	1.049610E-6	2.607710E-8
1.004480E+4	1.081270E-6	-6.519290E-9
1.003560E+4	1.046810E-6	3.352780E-8
1.003560E+4	1.046810E-6	3.352780E-8
1.000480E+4	1.035640E-6	2.142050E-8
9.984200E+3	1.035640E-6	2.142050E-8
9.974000E+3	9.983850E-7	1.024460E-8
9.953900E+3	9.397080E-7	4.656640E-9
9.943300E+3	9.946600E-7	-3.539050E-8
9.932500E+3	1.040290E-6	-6.333040E-8
9.910700E+3	9.602010E-7	1.396990E-8
9.910700E+3	9.602010E-7	1.396990E-8
9.879900E+3	9.890720E-7	1.769520E-8
9.869100E+3	9.499530E-7	6.333040E-8
9.849100E+3	1.024460E-6	-2.793980E-9
9.838800E+3	1.003970E-6	1.862660E-9
9.826800E+3	9.536820E-7	4.470370E-8
9.805700E+3	9.713770E-7	2.793980E-9
9.805700E+3	9.713770E-7	2.793980E-9
9.775300E+3	9.508840E-7	7.357490E-8
9.766400E+3	9.303950E-7	1.033770E-7
9.745100E+3	9.257380E-7	5.308560E-8
9.735700E+3	9.695140E-7	-4.749770E-8
9.715000E+3	9.108370E-7	-2.235190E-8
9.705000E+3	9.024550E-7	-4.656640E-9
9.684500E+3	9.369140E-7	-2.142050E-8
9.674100E+3	9.806900E-7	-5.681090E-8
9.674100E+3	9.806900E-7	-5.681090E-8
9.643400E+3	9.592700E-7	6.519290E-9
9.643400E+3	9.592700E-7	6.519290E-9
9.623900E+3	9.471590E-7	4.190970E-8
9.593300E+3	9.741710E-7	9.406400E-8
9.580100E+3	1.022600E-6	6.053640E-8
9.569500E+3	1.045880E-6	4.004710E-8
9.560500E+3	1.023530E-6	3.352780E-8
9.560500E+3	1.023530E-6	3.352780E-8
9.524000E+3	9.285320E-7	4.749770E-8
9.501700E+3	9.443650E-7	2.421450E-8
9.490700E+3	9.089740E-7	4.190970E-8
9.470700E+3	9.220130E-7	7.450640E-9
9.460100E+3	9.173560E-7	4.656640E-9
9.448000E+3	8.437820E-7	7.730020E-8
9.426800E+3	8.838290E-7	-1.676390E-8
9.414900E+3	9.005930E-7	-7.450640E-9
9.404700E+3	9.397080E-7	-3.818450E-8
9.381400E+3	8.894170E-7	3.352780E-8
9.372000E+3	8.558890E-7	4.097840E-8
9.351300E+3	7.478560E-7	3.352780E-8
9.341200E+3	8.121170E-7	-2.793980E-9
9.320800E+3	7.450620E-7	8.475080E-8
9.310200E+3	8.195680E-7	-7.450640E-9
9.290400E+3	7.459930E-7	3.259650E-8
9.290400E+3	7.459930E-7	3.259650E-8
9.257200E+3	8.083920E-7	2.048920E-8
9.247000E+3	7.730010E-7	6.333040E-8
9.247000E+3	7.730010E-7	6.333040E-8
9.214400E+3	7.273670E-7	6.984960E-8
9.214400E+3	7.273670E-7	6.984960E-8
9.190500E+3	7.953530E-7	-7.450640E-9
9.168500E+3	7.692760E-7	1.862660E-9
9.157000E+3	8.214300E-7	-6.146770E-8
9.147700E+3	7.832460E-7	-3.632180E-8
9.123300E+3	8.251550E-7	-5.774220E-8
9.114000E+3	7.413360E-7	2.887110E-8
9.090400E+3	8.158420E-7	-3.352780E-8
9.080700E+3	8.111860E-7	-6.984960E-8
9.068700E+3	7.199160E-7	-4.004710E-8
9.047500E+3	7.897650E-7	-1.350430E-7
9.038400E+3	7.413360E-7	-9.872060E-8
9.017400E+3	6.891820E-7	-2.142050E-8
9.008100E+3	7.245730E-7	-3.818450E-8
8.987400E+3	6.668310E-7	2.607710E-8
8.977500E+3	7.124650E-7	-2.980250E-8
8.977500E+3	7.124650E-7	-2.980250E-8
8.944700E+3	7.171220E-7	-3.073390E-8
8.923700E+3	6.491350E-7	4.656640E-9
8.913900E+3	6.686930E-7	-4.470370E-8
8.902600E+3	5.960500E-7	1.117590E-8
8.881000E+3	5.047800E-7	5.029160E-8
8.869600E+3	5.401710E-7	-2.142050E-8
8.850100E+3	4.963990E-7	-5.681090E-8
8.838600E+3	4.619380E-7	-4.470370E-8
8.819200E+3	4.330670E-7	-3.911580E-8
8.819200E+3	4.330670E-7	-3.911580E-8
8.788000E+3	3.101320E-7	5.029160E-8
8.788000E+3	3.092010E-7	-2.793980E-8
8.757000E+3	1.546000E-7	-1.396990E-8
8.746800E+3	9.499540E-8	3.259650E-8
8.726100E+3	7.916290E-8	3.259650E-8
8.716600E+3	-3.632180E-8	7.450640E-9
8.716600E+3	-3.632180E-8	7.450640E-9
8.706600E+3	-8.568210E-8	-1.210730E-8
8.673900E+3	-2.710170E-7	-7.543760E-8
8.649700E+3	-4.237540E-7	-6.612440E-8
8.649700E+3	-4.237540E-7	-6.612440E-8
8.619300E+3	-5.560030E-7	-1.955790E-8
8.610300E+3	-5.681100E-7	-9.313280E-9
8.596400E+3	-5.513470E-7	-3.632180E-8
8.577000E+3	-6.146770E-7	-2.793980E-9
8.564200E+3	-5.867370E-7	-3.259650E-8
8.553100E+3	-5.485530E-7	-6.146770E-8
8.531600E+3	-6.025690E-7	5.587960E-9
8.531600E+3	-6.025690E-7	5.587960E-9
8.520300E+3	-5.420330E-7	-5.215430E-8
8.489600E+3	-6.398220E-7	-2.887110E-8
8.480500E+3	-6.277150E-7	-3.073390E-8
8.480500E+3	-6.277150E-7	-3.073390E-8
8.457000E+3	-5.494840E-7	-9.872060E-8
8.426100E+3	-5.895310E-7	-3.632180E-8
8.413500E+3	-5.504150E-7	-5.774220E-8
8.393200E+3	-5.709040E-7	2.048920E-8
8.380200E+3	-5.047800E-7	-4.004710E-8
8.371100E+3	-5.653160E-7	1.210730E-8
8.371100E+3	-5.653160E-7	1.210730E-8
8.337700E+3	-5.289950E-7	-1.955790E-8
8.327000E+3	-4.917420E-7	-1.303860E-8
8.304300E+3	-4.703200E-7	-1.210730E-8
8.294500E+3	-4.582130E-7	-1.024460E-8
8.274300E+3	-4.768410E-7	0.000000E+0
8.263900E+3	-4.423800E-7	-5.215430E-8
8.244200E+3	-5.131620E-7	4.656640E-9
8.244200E+3	-5.131620E-7	4.656640E-9
8.213800E+3	-4.330670E-7	-3.073390E-8
8.202700E+3	-4.200280E-7	-4.284110E-8
8.183700E+3	-4.787030E-7	2.980250E-8
8.172800E+3	-4.507620E-7	-2.793980E-9
8.159400E+3	-4.107150E-7	-3.725310E-8
8.139200E+3	-4.638000E-7	2.793980E-8
8.139200E+3	-4.638000E-7	2.793980E-8
8.106700E+3	-3.557670E-7	-5.774220E-8
8.095900E+3	-4.181660E-7	3.725320E-9
8.086800E+3	-4.069900E-7	1.117590E-8
8.062700E+3	-3.110640E-7	-3.352780E-8
8.053400E+3	-3.734620E-7	2.793980E-8
8.053400E+3	-3.734620E-7	2.793980E-8
8.020000E+3	-3.753250E-7	6.519290E-9
7.999400E+3	-3.520420E-7	-2.607710E-8
7.999400E+3	-3.520420E-7	-2.607710E-8
7.968700E+3	-3.241020E-7	-7.543760E-8
7.959600E+3	-3.948830E-7	-1.303860E-8
7.949100E+3	-3.222390E-7	-6.891830E-8
7.929100E+3	-3.296900E-7	-5.681090E-8
7.929100E+3	-3.296900E-7	-5.681090E-8
7.895700E+3	-3.492480E-7	-1.210730E-8
7.885600E+3	-2.887120E-7	-7.543760E-8
7.865400E+3	-3.501790E-7	-2.887110E-8
7.854700E+3	-3.371410E-7	-3.166520E-8
7.841300E+3	-2.477340E-7	-9.685800E-8
7.822300E+3	-2.868490E-7	7.450640E-9
7.808300E+3	-2.319000E-7	-4.749770E-8
7.808300E+3	-2.319000E-7	-4.749770E-8
7.778000E+3	-2.691540E-7	2.793980E-8
7.758300E+3	-2.300380E-7	0.000000E+0
7.747600E+3	-2.840550E-7	3.725310E-8
7.727200E+3	-2.784670E-7	-5.122300E-8
7.717100E+3	-3.213080E-7	-1.490130E-8
7.717100E+3	-3.213080E-7	-1.490130E-8
7.686700E+3	-3.222390E-7	-4.377240E-8
7.676600E+3	-2.682230E-7	-1.033770E-7
7.653100E+3	-2.989560E-7	-6.426170E-8
7.643900E+3	-2.915060E-7	-5.867350E-8
7.619900E+3	-2.626350E-7	-1.294550E-7
7.610900E+3	-3.073380E-7	-1.294550E-7
7.589700E+3	-2.235180E-7	-1.527380E-7
7.580600E+3	-2.831240E-7	-6.426170E-8
7.559300E+3	-2.728790E-7	-2.700850E-8
7.549900E+3	-2.468020E-7	-3.632180E-8
7.529100E+3	-2.579780E-7	-1.303860E-8
7.519200E+3	-2.244500E-7	-5.867350E-8
7.505800E+3	-2.142050E-7	-4.284110E-8
7.486300E+3	-1.620510E-7	-7.171230E-8
7.473300E+3	-1.834710E-7	-6.426170E-8
7.462400E+3	-2.095480E-7	-4.749770E-8
7.442800E+3	-1.573940E-7	-1.005830E-7
7.432400E+3	-2.207240E-7	-6.519300E-8
7.432400E+3	-2.207240E-7	-6.519300E-8
7.399200E+3	-1.480810E-7	-1.071030E-7
7.377700E+3	-2.328320E-7	8.381960E-9
7.366200E+3	-1.760210E-7	-5.867350E-8
7.356500E+3	-2.700850E-7	1.676390E-8
7.332400E+3	-2.048920E-7	-7.078100E-8
7.322900E+3	-2.337630E-7	-7.078100E-8
7.302400E+3	-1.806770E-7	-4.563500E-8
7.292300E+3	-2.048920E-7	-3.818450E-8
7.292300E+3	-2.048920E-7	-3.818450E-8
7.262100E+3	-1.527380E-7	-9.965200E-8
7.240800E+3	-2.374880E-7	7.450640E-9
7.231700E+3	-2.309690E-7	6.519290E-9
7.210500E+3	-1.927850E-7	-2.607710E-8
7.201400E+3	-1.611200E-7	-2.887110E-8
7.188700E+3	-2.095480E-7	3.259650E-8
7.168100E+3	-1.443560E-7	-1.862660E-9
7.157900E+3	-1.145530E-7	-2.793980E-8
7.137800E+3	-1.760210E-7	5.122300E-8
7.127100E+3	-9.499540E-8	5.122300E-8
7.104700E+3	-1.806770E-7	1.396990E-8
7.094800E+3	-1.480810E-7	-3.073390E-8
7.083600E+3	-1.937160E-7	1.862660E-9
7.064000E+3	-1.173470E-7	-6.798700E-8
7.053200E+3	-1.667080E-7	-8.381960E-9
7.053200E+3	-1.667080E-7	-8.381960E-9
7.019800E+3	-1.294550E-7	-4.377240E-8
6.999600E+3	-1.480810E-7	-2.421450E-8
6.989600E+3	-1.937160E-7	1.955790E-8
6.989600E+3	-1.937160E-7	1.955790E-8
6.959200E+3	-1.788150E-7	2.980250E-8
6.959200E+3	-1.788150E-7	2.980250E-8
6.928900E+3	-1.806770E-7	2.514580E-8
6.908400E+3	-1.294550E-7	1.862660E-8
6.899000E+3	-9.406400E-8	-2.514580E-8
6.899000E+3	-9.406400E-8	-2.514580E-8
6.868700E+3	-1.657760E-7	9.313280E-9
6.847300E+3	-9.965200E-8	-4.842900E-8
6.838100E+3	-1.518060E-7	1.676390E-8
6.838100E+3	-1.518060E-7	1.676390E-8
6.807400E+3	-1.266610E-7	3.725320E-9
6.796000E+3	-1.229350E-7	-1.676390E-8
6.774000E+3	-1.210730E-7	-1.955790E-8
6.763100E+3	-8.847610E-8	-5.681090E-8
6.743600E+3	-1.331800E-7	-1.490130E-8
6.729500E+3	-1.098970E-7	-2.235190E-8
6.729500E+3	-1.098970E-7	-2.235190E-8
6.719400E+3	-1.098970E-7	-3.445920E-8
6.684200E+3	-8.475080E-8	-5.122300E-8
6.674200E+3	-1.229350E-7	1.396990E-8
6.653300E+3	-1.294550E-7	4.563500E-8
6.643800E+3	-6.612440E-8	-2.142050E-8
6.620200E+3	-1.043090E-7	-1.303860E-8
6.610000E+3	-1.043090E-7	-1.303860E-8
6.598000E+3	-1.909220E-7	5.215430E-8
6.576600E+3	-2.048920E-7	2.980250E-8
6.567500E+3	-1.415620E-7	-3.166520E-8
6.543300E+3	-1.080340E-7	7.450640E-9
6.534300E+3	-1.285230E-7	6.053640E-8
6.523200E+3	-8.847610E-8	2.607710E-8
6.523200E+3	-8.847610E-8	2.607710E-8
6.491100E+3	-9.965200E-8	-3.725320E-9
6.468000E+3	-7.450630E-8	-5.587960E-9
6.458400E+3	-3.818450E-8	-4.097840E-8
6.446800E+3	-6.146770E-8	-1.955790E-8
6.425200E+3	-1.089650E-7	5.681090E-8
6.413900E+3	-4.749770E-8	-2.142050E-8
6.394500E+3	-3.818450E-8	-2.700850E-8
6.381400E+3	-5.122300E-8	-3.539050E-8
6.370400E+3	-2.421450E-8	-2.607710E-8
6.350400E+3	-2.235190E-8	-3.818450E-8
6.340000E+3	-5.867350E-8	4.656640E-9
6.316900E+3	-5.401690E-8	8.381960E-9
6.306700E+3	-1.350430E-7	2.980250E-8
6.297500E+3	-5.774220E-8	-8.754480E-8
6.273600E+3	-7.078100E-8	-7.730020E-8
6.273600E+3	-7.078100E-8	-7.730020E-8
6.240400E+3	-4.563500E-8	-6.519300E-8
6.231000E+3	-8.847610E-8	3.725320E-9
6.209500E+3	-1.173470E-7	2.793980E-8
6.197200E+3	-1.406310E-7	2.328320E-8
6.187800E+3	-1.341110E-7	-1.676390E-8
6.167000E+3	-1.387680E-7	-4.097840E-8
6.154900E+3	-2.197930E-7	-2.048920E-8
6.143900E+3	-1.434250E-7	-1.173470E-7
6.121600E+3	-1.387680E-7	1.583260E-8
6.110400E+3	-7.078100E-8	-2.887110E-8
6.100300E+3	-1.015150E-7	-8.381960E-9
6.076200E+3	-1.257290E-7	6.519290E-9
6.064800E+3	-5.867350E-8	-6.798700E-8
6.064800E+3	-5.867350E-8	-6.798700E-8
6.045500E+3	-5.401690E-8	-1.955790E-8
6.034100E+3	-9.406400E-8	4.563500E-8
6.003500E+3	-2.700850E-8	-1.210730E-8
5.983800E+3	-3.539050E-8	1.583260E-8
5.970600E+3	-2.793980E-9	-4.749770E-8
5.961100E+3	-2.421450E-8	-2.887110E-8
5.937100E+3	-3.259650E-8	-6.146770E-8
5.927700E+3	-6.612440E-8	-1.955790E-8
5.918500E+3	-4.097840E-8	-4.190970E-8
5.894400E+3	-1.024460E-8	-3.539050E-8
5.894400E+3	-1.024460E-8	-3.539050E-8
5.864200E+3	-5.122300E-8	1.676390E-8
5.854200E+3	4.656640E-9	-2.514580E-8
5.833700E+3	-2.700850E-8	2.793980E-8
5.823100E+3	-2.700850E-8	2.793980E-8
5.803200E+3	-5.867350E-8	7.264360E-8
5.793400E+3	2.700850E-8	0.000000E+0
5.770100E+3	-8.475080E-8	7.730020E-8
5.760000E+3	-9.033870E-8	3.911580E-8
5.748900E+3	-2.700850E-8	3.911580E-8
5.727300E+3	-7.543760E-8	-6.519290E-9
5.716100E+3	-3.073390E-8	-5.587960E-8
5.696500E+3	-3.352780E-8	-5.960510E-8
5.685300E+3	-8.847610E-8	-5.960510E-8
5.665700E+3	-8.847610E-8	-2.235190E-8
5.654700E+3	-4.656640E-8	-6.612440E-8
5.642500E+3	-5.681090E-8	-6.146770E-8
5.621500E+3	-5.401690E-8	-2.887110E-8
5.612200E+3	-4.284110E-8	-4.656640E-8
5.588900E+3	-4.284110E-8	-4.656640E-8
5.588900E+3	-7.916290E-8	-7.543760E-8
5.566800E+3	-1.396990E-7	9.313300E-10
5.545500E+3	-1.396990E-7	9.313300E-10
5.536500E+3	-1.322490E-7	-3.259650E-8
5.515200E+3	-1.592570E-7	4.656640E-9
5.515200E+3	-1.592570E-7	4.656640E-9
5.482000E+3	-1.490130E-7	-1.769520E-8
5.472600E+3	-1.247980E-7	-3.818450E-8
5.461300E+3	-1.490130E-7	-2.142050E-8
5.461300E+3	-1.490130E-7	-2.142050E-8
5.428600E+3	-8.009420E-8	-5.587960E-9
5.406400E+3	-9.685800E-8	2.235190E-8
5.406400E+3	-9.685800E-8	2.235190E-8
5.385200E+3	-4.936030E-8	-2.514580E-8
5.363700E+3	-6.984960E-8	6.519290E-9
5.352200E+3	-2.421450E-8	-1.862660E-8
5.332700E+3	-6.519300E-8	6.053640E-8
5.319400E+3	-2.887110E-8	4.656640E-9
5.309100E+3	-3.539050E-8	2.421450E-8
5.286800E+3	-6.333040E-8	2.048920E-8
5.275600E+3	-2.328320E-8	-9.313280E-9
5.255800E+3	-1.769520E-8	-4.004710E-8
5.245300E+3	-9.313300E-10	-4.936030E-8
5.233200E+3	-7.636890E-8	3.632180E-8
5.212100E+3	-5.960510E-8	-5.215430E-8
5.200100E+3	-1.331800E-7	9.313280E-9
5.178900E+3	-7.823160E-8	-1.015150E-7
5.169800E+3	-1.583260E-7	2.793980E-8
5.148300E+3	-1.657760E-7	2.421450E-8
5.139300E+3	-2.114110E-7	2.514580E-8
5.139300E+3	-2.114110E-7	2.514580E-8
5.108900E+3	-1.546000E-7	-5.122300E-8
5.095300E+3	-1.788150E-7	-1.955790E-8
5.075400E+3	-2.030290E-7	3.445920E-8
5.064300E+3	-2.030290E-7	3.445920E-8
5.054100E+3	-1.713640E-7	2.142050E-8
5.032000E+3	-1.322490E-7	5.029160E-8
5.032000E+3	-1.322490E-7	5.029160E-8
5.012000E+3	-1.713640E-7	1.098970E-7
4.990800E+3	-1.946470E-7	8.847610E-8
4.990800E+3	-1.946470E-7	8.847610E-8
4.957500E+3	-1.518060E-7	8.661350E-8
4.937600E+3	-3.352780E-8	3.725310E-8
4.926800E+3	-6.239910E-8	6.798700E-8
4.906600E+3	-7.916290E-8	6.612440E-8
4.896200E+3	-1.005830E-7	9.033870E-8
4.875500E+3	-4.656640E-9	-2.607710E-8
4.865700E+3	-7.078100E-8	3.445920E-8
4.856000E+3	-3.539050E-8	-1.024460E-8
4.832500E+3	-8.754480E-8	6.519290E-9
4.822500E+3	-8.754480E-8	6.519290E-9
4.799200E+3	-7.078100E-8	-1.490130E-8
4.790000E+3	-1.220040E-7	6.053640E-8
4.769400E+3	-1.192100E-7	7.264360E-8
4.759700E+3	-1.033770E-7	4.842900E-8
4.739300E+3	-1.015150E-7	1.396990E-8
4.729100E+3	-1.089650E-7	4.190970E-8
4.718100E+3	-1.154840E-7	4.284110E-8
4.698100E+3	-9.685800E-8	-4.190970E-8
4.678500E+3	-1.806770E-7	6.519290E-9
4.667100E+3	-1.490130E-7	-1.955790E-8
4.654100E+3	-4.190970E-8	-1.005830E-7
4.634200E+3	-5.215430E-8	-5.681090E-8
4.621000E+3	-8.568210E-8	-1.676390E-8
4.621000E+3	-8.568210E-8	-1.676390E-8
4.590200E+3	-1.126900E-7	-1.210730E-8
4.577800E+3	-1.043090E-7	-5.587960E-9
4.577800E+3	-1.043090E-7	-5.587960E-9
4.547700E+3	-5.029160E-8	1.387680E-7
4.527000E+3	1.955790E-8	6.984960E-8
4.517800E+3	9.313300E-10	3.539050E-8
4.505600E+3	-8.940740E-8	8.195680E-8
4.505600E+3	-8.940740E-8	8.195680E-8
4.469100E+3	-7.264360E-8	9.313300E-10
4.459000E+3	-1.341110E-7	-2.048920E-8
4.438700E+3	-2.216560E-7	4.936030E-8
4.428000E+3	-1.573940E-7	6.519290E-9
4.405200E+3	-1.722960E-7	4.842900E-8
4.395300E+3	-1.341110E-7	3.259650E-8
4.384000E+3	-5.494830E-8	-2.793980E-8
4.384000E+3	-5.494830E-8	-2.793980E-8
4.351300E+3	-3.073390E-8	-1.303860E-8
4.351300E+3	-3.073390E-8	-1.303860E-8
4.318800E+3	-4.842900E-8	-2.421450E-8
4.308200E+3	-5.587960E-8	-1.862660E-9
4.285200E+3	-3.352780E-8	-4.004710E-8
4.274800E+3	-8.475080E-8	1.862660E-9
4.255600E+3	-9.778930E-8	-3.073390E-8
4.255600E+3	-9.778930E-8	-3.073390E-8
4.244500E+3	-1.518060E-7	0.000000E+0
4.213900E+3	-1.108280E-7	-1.490130E-8
4.193500E+3	-1.788150E-7	2.328320E-8
4.183700E+3	-1.760210E-7	1.769520E-8
4.174200E+3	-1.471500E-7	-1.303860E-8
4.150400E+3	-1.760210E-7	1.396990E-8
4.150400E+3	-1.760210E-7	1.396990E-8
4.119800E+3	-9.406400E-8	-2.142050E-8
4.110600E+3	-1.462190E-7	1.396990E-8
4.086500E+3	-1.136220E-7	-2.607710E-8
4.077000E+3	-1.555320E-7	3.352780E-8
4.063800E+3	-1.201420E-7	-2.793980E-9
4.044100E+3	-1.071030E-7	-1.024460E-8
4.031200E+3	-1.108280E-7	-7.450640E-9
4.019900E+3	-7.078100E-8	-3.352780E-8
3.998500E+3	-9.499540E-8	2.048920E-8
3.987100E+3	-5.681090E-8	-1.955790E-8
3.967700E+3	-4.097840E-8	-1.396990E-8
3.956300E+3	-9.592670E-8	2.328320E-8
3.936800E+3	-8.661350E-8	-5.308560E-8
3.922700E+3	-6.705570E-8	-1.126900E-7
3.922700E+3	-6.705570E-8	-1.126900E-7
3.892600E+3	-1.480810E-7	1.396990E-8
3.883000E+3	-1.117590E-7	-6.519290E-9
3.858900E+3	-7.078100E-8	-5.401690E-8
3.849700E+3	-1.117590E-7	-5.401690E-8
3.828400E+3	-2.887110E-8	-7.357490E-8
3.819300E+3	-9.965200E-8	-2.887110E-8
3.808600E+3	-7.636890E-8	-6.426170E-8
3.808600E+3	-7.636890E-8	-6.426170E-8
3.776000E+3	-7.543760E-8	-7.823160E-8
3.776000E+3	-7.543760E-8	-7.823160E-8
3.743000E+3	-1.033770E-7	-5.122300E-8
3.743000E+3	-1.033770E-7	-5.122300E-8
3.709500E+3	-1.462190E-7	5.122300E-8
3.698800E+3	-1.518060E-7	6.984960E-8
3.685600E+3	-5.681090E-8	-1.490130E-8
3.666200E+3	-1.210730E-8	1.955790E-8
3.645600E+3	-7.636890E-8	6.519300E-8
3.645600E+3	-7.636890E-8	6.519300E-8
3.635100E+3	-9.872060E-8	5.122300E-8
3.602500E+3	-8.754480E-8	1.583260E-8
3.591200E+3	-7.450630E-8	3.166520E-8
3.569800E+3	-1.126900E-7	3.725320E-9
3.558500E+3	-4.842900E-8	-4.842900E-8
3.548400E+3	-9.965200E-8	9.313280E-9
3.527900E+3	-4.470370E-8	-4.749770E-8
3.515300E+3	-9.499540E-8	2.048920E-8
3.515300E+3	-9.499540E-8	2.048920E-8
3.505600E+3	-1.275920E-7	5.308560E-8
3.472600E+3	-6.053640E-8	-1.769520E-8
3.448100E+3	-8.940740E-8	-1.955790E-8
3.438900E+3	-1.303860E-7	2.048920E-8
3.417400E+3	-7.636890E-8	-1.769520E-8
3.408200E+3	-1.322490E-7	3.725310E-8
3.395400E+3	-1.611200E-7	9.406400E-8
3.374900E+3	-1.145530E-7	7.636890E-8
3.362600E+3	-1.657760E-7	1.043090E-7
3.362600E+3	-1.657760E-7	1.043090E-7
3.329200E+3	-1.518060E-7	6.146770E-8
3.318700E+3	-1.024460E-7	-9.313280E-9
3.295700E+3	-1.387680E-7	5.960510E-8
3.286000E+3	-1.136220E-7	1.955790E-8
3.274700E+3	-1.387680E-7	5.774220E-8
3.252200E+3	-1.369050E-7	7.078100E-8
3.252200E+3	-1.369050E-7	7.078100E-8
3.221200E+3	-1.760210E-7	4.656640E-8
3.210300E+3	-1.275920E-7	-1.024460E-8
3.190300E+3	-1.564630E-7	-7.450640E-9
3.180100E+3	-1.955790E-7	2.048920E-8
3.159700E+3	-1.676390E-7	-9.220140E-8
3.159700E+3	-1.676390E-7	-9.220140E-8
3.150200E+3	-2.486650E-7	-3.352780E-8
3.119800E+3	-2.058230E-7	7.916290E-8
3.098400E+3	-1.322490E-7	4.377240E-8
3.089300E+3	-1.573940E-7	2.607710E-8
3.067800E+3	-1.806770E-7	1.024460E-8
3.058800E+3	-2.160680E-7	3.445920E-8
3.047500E+3	-1.266610E-7	-6.705570E-8
3.028400E+3	-1.089650E-7	-5.215430E-8
3.007200E+3	-1.145530E-7	-3.352780E-8
2.997400E+3	-1.108280E-7	-1.490130E-8
2.986100E+3	-1.126900E-7	2.793980E-9
2.964800E+3	-1.126900E-7	8.381960E-9
2.964800E+3	-1.126900E-7	8.381960E-9
2.931900E+3	-1.173470E-7	6.519290E-9
2.921100E+3	-5.215430E-8	-4.749770E-8
2.910600E+3	-1.108280E-7	-2.793980E-9
2.890200E+3	-1.108280E-7	-2.793980E-9
2.880000E+3	-7.450630E-8	-4.190970E-8
2.880000E+3	-7.450630E-8	-4.190970E-8
2.843900E+3	-4.284110E-8	-1.145530E-7
2.834100E+3	-1.015150E-7	-5.215430E-8
2.813100E+3	-1.033770E-7	-1.955790E-8
2.803900E+3	-6.146770E-8	-6.612440E-8
2.803900E+3	-6.146770E-8	-6.612440E-8
2.770200E+3	-1.471500E-7	2.887110E-8
2.749400E+3	-1.527380E-7	1.210730E-8
2.740100E+3	-1.583260E-7	8.381960E-9
2.740100E+3	-1.583260E-7	8.381960E-9
2.709600E+3	-1.313170E-7	-2.887110E-8
2.709600E+3	-1.313170E-7	-2.887110E-8
2.675900E+3	-9.778930E-8	-3.166520E-8
2.675900E+3	-9.778930E-8	-3.166520E-8
2.645400E+3	-1.033770E-7	-8.847610E-8
2.645400E+3	-1.033770E-7	-5.867350E-8
2.614500E+3	-7.543760E-8	-1.620510E-7
2.603600E+3	-9.406400E-8	-1.471500E-7
2.583800E+3	-1.881280E-7	-7.636890E-8
2.572400E+3	-1.192100E-7	-1.462190E-7
2.552900E+3	-7.916290E-8	-1.555320E-7
2.541500E+3	-8.754480E-8	-1.033770E-7
2.532000E+3	-1.275920E-7	-2.328320E-8
2.508500E+3	-9.220140E-8	-8.288820E-8
2.498200E+3	-1.704330E-7	1.862660E-8
2.473100E+3	-1.620510E-7	2.980250E-8
2.473100E+3	-1.620510E-7	2.980250E-8
2.449600E+3	-1.043090E-7	-2.514580E-8
2.428900E+3	-8.754480E-8	-1.955790E-8
2.428900E+3	-8.754480E-8	-1.955790E-8
2.409400E+3	-7.357490E-8	4.842900E-8
2.385600E+3	-6.891830E-8	7.916290E-8
2.385600E+3	-6.891830E-8	7.916290E-8
2.352100E+3	-1.089650E-7	1.024460E-8
2.343000E+3	-7.823160E-8	-3.818450E-8
2.321600E+3	-1.154840E-7	-2.980250E-8
2.312500E+3	-1.266610E-7	-2.793980E-9
2.312500E+3	-1.266610E-7	-2.793980E-9
2.279200E+3	-1.434250E-7	2.980250E-8
2.268800E+3	-1.331800E-7	4.190970E-8
2.245700E+3	-1.229350E-7	9.313280E-9
2.235000E+3	-6.426170E-8	-5.029160E-8
2.224200E+3	-1.369050E-7	1.862660E-8
2.203800E+3	-3.352780E-8	-8.195680E-8
2.193600E+3	-5.681090E-8	-5.960510E-8
2.193600E+3	-5.681090E-8	-5.960510E-8
2.160200E+3	-7.823160E-8	-3.911580E-8
2.160200E+3	-7.823160E-8	-3.911580E-8
2.126900E+3	-1.294550E-7	2.793980E-8
2.114300E+3	-1.294550E-7	2.793980E-8
2.094000E+3	-1.275920E-7	4.656640E-8
2.083600E+3	-1.136220E-7	4.377240E-8
2.071400E+3	-1.797460E-7	1.117590E-7
2.049600E+3	-1.154840E-7	1.136220E-7
2.040300E+3	-5.122300E-8	5.122300E-8
2.018400E+3	-1.303860E-8	5.867350E-8
2.008900E+3	-1.303860E-8	5.867350E-8
1.987100E+3	-5.401690E-8	5.029160E-8
1.974600E+3	-1.629820E-7	9.127010E-8
1.952200E+3	-1.424930E-7	5.587960E-8
1.952200E+3	-1.424930E-7	5.587960E-8
1.942600E+3	-8.195680E-8	-2.793980E-8
1.910500E+3	-6.519300E-8	2.421450E-8
1.898600E+3	-3.073390E-8	-1.210730E-8
1.875700E+3	-1.154840E-7	5.587960E-8
1.875700E+3	-1.154840E-7	5.587960E-8
1.841100E+3	-1.210730E-7	9.127010E-8
1.830600E+3	-2.607710E-8	-1.862660E-9
1.819100E+3	-5.867350E-8	3.445920E-8
1.796100E+3	-4.936030E-8	-3.632180E-8
1.782600E+3	-6.891830E-8	-3.632180E-8
1.763100E+3	-1.462190E-7	3.725320E-9
1.763100E+3	-1.462190E-7	3.725320E-9
1.751600E+3	-1.033770E-7	-6.146770E-8
1.719300E+3	-9.220140E-8	-1.154840E-7
1.709400E+3	-1.080340E-7	-1.257290E-7
1.697700E+3	-1.871970E-7	-5.308560E-8
1.677100E+3	-1.247980E-7	-1.331800E-7
1.677100E+3	-1.247980E-7	-1.331800E-7
1.665700E+3	-1.676390E-7	-7.078100E-8
1.636900E+3	-1.657760E-7	-4.284110E-8
1.636900E+3	-1.657760E-7	-4.284110E-8
1.605700E+3	-8.940740E-8	-1.275920E-7
1.594200E+3	-1.881280E-7	-5.494830E-8
1.574600E+3	-2.235180E-7	-2.421450E-8
1.565700E+3	-1.499440E-7	-2.421450E-8
1.546600E+3	-1.760210E-7	-1.117590E-8
1.546600E+3	-1.760210E-7	-1.117590E-8
1.537200E+3	-1.098970E-7	-7.636890E-8
1.506900E+3	-1.061710E-7	-4.936030E-8
1.496300E+3	-1.089650E-7	-1.303860E-8
1.496300E+3	-1.089650E-7	-1.303860E-8
1.465900E+3	-2.328320E-8	-2.142050E-8
1.465900E+3	-2.328320E-8	-2.142050E-8
1.434700E+3	-4.563500E-8	-3.445920E-8
1.425400E+3	-1.015150E-7	-1.676390E-8
1.425400E+3	-1.015150E-7	-1.676390E-8
1.397000E+3	-6.612440E-8	-1.359740E-7
1.378200E+3	-8.661350E-8	-6.891830E-8
1.366100E+3	-4.936030E-8	-6.705570E-8
1.357700E+3	-7.357490E-8	-4.470370E-8
1.357700E+3	-7.357490E-8	-4.470370E-8
1.335200E+3	-6.239910E-8	-7.730020E-8
1.317000E+3	-3.073390E-8	-6.891830E-8
1.317000E+3	-3.073390E-8	-6.891830E-8
1.287100E+3	-2.607710E-8	-1.359740E-7
1.287100E+3	-2.607710E-8	-1.359740E-7
1.257200E+3	-4.563500E-8	-9.872060E-8
1.245300E+3	-6.333040E-8	-6.891830E-8
1.226900E+3	-6.612440E-8	-5.122300E-8
1.217200E+3	-2.607710E-8	-6.333040E-8
1.217200E+3	-2.607710E-8	-6.333040E-8
1.189200E+3	-1.145530E-7	-6.426170E-8
1.180200E+3	-1.126900E-7	-7.636890E-8
1.159300E+3	-1.387680E-7	-2.607710E-8
1.159300E+3	-1.387680E-7	-2.607710E-8
1.130600E+3	-1.564630E-7	5.774220E-8
1.121300E+3	-2.114110E-7	6.612440E-8
1.103700E+3	-1.834710E-7	3.911580E-8
1.092500E+3	-1.285230E-7	1.676390E-8
1.075900E+3	-1.583260E-7	7.916290E-8
1.075900E+3	-1.583260E-7	7.916290E-8
1.056500E+3	-1.033770E-7	2.048920E-8
1.038700E+3	-1.192100E-7	2.142050E-8
1.028200E+3	-6.891830E-8	-3.445920E-8
1.028200E+3	-6.891830E-8	-3.445920E-8
1.020800E+3	-1.294550E-7	-9.313300E-10
9.930000E+2	-1.164160E-7	8.381960E-9
9.754000E+2	-1.713640E-7	4.656640E-9
9.683000E+2	-1.806770E-7	4.656640E-9
9.506000E+2	-1.760210E-7	-5.587960E-9
9.432000E+2	-1.555320E-7	0.000000E+0
9.314000E+2	-1.341110E-7	2.048920E-8
9.157000E+2	-1.387680E-7	-1.676390E-8
9.063000E+2	-1.564630E-7	0.000000E+0
8.988000E+2	-1.909220E-7	2.142050E-8
8.798000E+2	-7.543760E-8	-1.024460E-8
8.640000E+2	-1.341110E-7	4.749770E-8
8.546000E+2	-8.009420E-8	-7.450640E-9
8.546000E+2	-8.009420E-8	-7.450640E-9
8.296000E+2	-7.543760E-8	-3.445920E-8
8.196000E+2	-1.201420E-7	1.117590E-8
8.196000E+2	-1.201420E-7	1.117590E-8
7.951000E+2	-1.154840E-7	2.793980E-8
7.876000E+2	-1.331800E-7	5.308560E-8
7.679000E+2	-3.539050E-8	-4.749770E-8
7.607000E+2	-5.774220E-8	4.190970E-8
7.433000E+2	-6.984960E-8	1.583260E-8
7.359000E+2	-2.793980E-9	-5.681090E-8
7.188000E+2	-1.275920E-7	1.862660E-8
7.110000E+2	-9.220140E-8	-5.215430E-8
6.943000E+2	-1.778840E-7	3.725320E-9
6.859000E+2	-9.872060E-8	-7.823160E-8
6.698000E+2	-1.238670E-7	6.519290E-9
6.609000E+2	-7.636890E-8	-4.749770E-8
6.452000E+2	-7.636890E-8	-4.749770E-8
6.452000E+2	-1.350430E-7	3.259650E-8
6.184000E+2	-1.015150E-7	1.862660E-8
6.097000E+2	-3.818450E-8	-7.078100E-8
6.010000E+2	-9.313270E-8	-1.862660E-8
5.836000E+2	-9.220140E-8	-6.333040E-8
5.836000E+2	-9.220140E-8	-6.333040E-8
5.588000E+2	-1.089650E-7	7.450640E-9
5.588000E+2	-1.089650E-7	7.450640E-9
5.429000E+2	-5.029160E-8	-4.656640E-8
5.235000E+2	-9.499540E-8	-5.681090E-8
5.161000E+2	-1.313170E-7	-3.445920E-8
4.976000E+2	-1.406310E-7	-2.887110E-8
4.895000E+2	-1.508750E-7	1.583260E-8
4.800000E+2	-2.263120E-7	1.145530E-7
4.506000E+2	-1.294550E-7	8.661350E-8
4.312000E+2	-6.426170E-8	6.984960E-8
3.921000E+2	-1.406310E-7	1.294550E-7
3.693000E+2	-6.239910E-8	3.818450E-8
3.243000E+2	-9.685800E-8	1.676390E-8
2.994000E+2	-8.754480E-8	-9.313280E-9
2.497000E+2	-1.331800E-7	-6.519290E-9
2.233000E+2	-1.955790E-7	6.426170E-8
1.698000E+2	-1.145530E-7	-8.381960E-9
1.428000E+2	-1.406310E-7	-5.587960E-9
8.890000E+1	-2.169990E-7	3.911580E-8
6.100000E+1	-2.486650E-7	6.519300E-8
5.300000E+0	-1.015150E-7	-1.676390E-8
-2.200000E+1	-1.359740E-7	6.984960E-8
-7.760000E+1	2.793980E-8	-4.656640E-8
-7.760000E+1	2.793980E-8	-4.656640E-8
-1.587000E+2	1.769520E-8	1.117590E-8
-1.840000E+2	1.769520E-8	1.117590E-8
-2.369000E+2	6.519300E-8	-3.818450E-8
-2.610000E+2	6.333040E-8	-9.313280E-9
-2.868000E+2	4.842900E-8	2.235190E-8
-3.398000E+2	3.259650E-8	1.955790E-8
