Sample Name, Varga_5_4_44G
Freq, 44, GHz, Power, 10, dBm
SR850: f = 25 Hz; phase = 95.5 deg; output = 5 V; sens. = 10 uV; tc = 300 ms; 12dB/oct
Field	X	Y
Oe	V	V
*
-6.439000E+2	1.657760E-7	5.587960E-9
-6.444000E+2	2.114110E-7	-3.213090E-8
-6.443000E+2	1.732270E-7	6.984950E-9
-6.349000E+2	1.359740E-7	4.563500E-8
-6.273000E+2	2.016320E-7	-3.073390E-8
-6.048000E+2	1.122250E-7	5.262000E-8
-5.891000E+2	2.086170E-7	-3.445920E-8
-5.743000E+2	1.792810E-7	3.259640E-9
-5.412000E+2	2.197930E-7	-3.539050E-8
-5.259000E+2	1.937160E-7	-1.210730E-8
-4.951000E+2	1.993040E-7	-2.607710E-8
-4.795000E+2	2.062890E-7	-3.911580E-8
-4.469000E+2	1.904560E-7	-2.328320E-8
-4.337000E+2	1.508750E-7	2.188620E-8
-4.194000E+2	2.016320E-7	-1.396990E-8
-3.958000E+2	1.788150E-7	5.727660E-8
-3.783000E+2	1.993040E-7	4.190970E-8
-3.677000E+2	2.458710E-7	-1.583260E-8
-3.479000E+2	1.830060E-7	1.816090E-8
-3.391000E+2	2.509930E-7	-3.771880E-8
-3.202000E+2	2.156020E-7	2.142050E-8
-3.120000E+2	2.370230E-7	-9.313280E-9
-2.926000E+2	2.426110E-7	0.000000E+0
-2.842000E+2	2.803300E-7	-2.840550E-8
-2.638000E+2	3.217740E-7	-2.328320E-8
-2.552000E+2	2.956970E-7	1.396990E-9
-2.343000E+2	2.742760E-7	5.122300E-8
-2.252000E+2	2.929030E-7	4.470370E-8
-2.008000E+2	3.036130E-7	6.146770E-8
-1.917000E+2	3.753250E-7	-9.778940E-9
-1.704000E+2	3.408660E-7	3.259650E-8
-1.612000E+2	4.069900E-7	-4.004710E-8
-1.509000E+2	3.394690E-7	4.330670E-8
-1.282000E+2	4.302730E-7	-2.002350E-8
-1.173000E+2	3.613550E-7	5.448260E-8
-9.810000E+1	3.557670E-7	6.612440E-8
-8.700000E+1	3.739280E-7	5.774220E-8
-7.730000E+1	4.405170E-7	4.656640E-9
-5.500000E+1	4.335320E-7	5.075730E-8
-4.450000E+1	4.200280E-7	7.962850E-8
-2.290000E+1	5.005900E-7	7.916300E-9
-1.180000E+1	4.302730E-7	5.401690E-8
7.500000E+0	3.105980E-7	-3.911580E-8
1.830000E+1	1.778840E-7	-6.100210E-8
3.030000E+1	1.862660E-8	-6.100210E-8
5.110000E+1	-2.053580E-7	-4.144410E-8
6.030000E+1	-2.593750E-7	-7.171230E-8
8.140000E+1	-4.372580E-7	0.000000E+0
9.340000E+1	-3.981420E-7	-5.494830E-8
1.037000E+2	-4.153720E-7	-5.634520E-8
1.265000E+2	-3.916230E-7	-7.404060E-8
1.359000E+2	-4.023330E-7	-4.889470E-8
1.563000E+2	-3.720650E-7	-5.075730E-8
1.664000E+2	-4.614720E-7	3.725310E-8
1.864000E+2	-3.827750E-7	-3.445920E-8
1.970000E+2	-3.692710E-7	-4.377240E-8
2.166000E+2	-3.930200E-7	3.725320E-9
2.293000E+2	-4.135090E-7	-1.769520E-7
2.405000E+2	-4.847570E-7	-1.429590E-7
2.596000E+2	-4.642660E-7	-1.043090E-7
2.706000E+2	-4.246850E-7	-1.019800E-7
2.906000E+2	-3.767220E-7	-3.306220E-8
3.008000E+2	-2.705510E-7	-9.778930E-8
3.228000E+2	-2.542530E-7	-6.938400E-8
3.339000E+2	-3.068730E-7	1.862660E-8
3.460000E+2	-2.323660E-7	-5.075730E-8
3.665000E+2	-3.036130E-7	2.654280E-8
3.761000E+2	-2.081520E-7	-6.239910E-8
3.974000E+2	-1.727610E-7	-6.239910E-8
4.065000E+2	-2.370230E-7	-1.071030E-8
4.301000E+2	-2.449400E-7	1.536690E-8
4.399000E+2	-1.625170E-7	-6.146770E-8
4.495000E+2	-1.685700E-7	-2.933680E-8
4.732000E+2	-2.020980E-7	8.381960E-9
4.823000E+2	-2.370230E-7	3.259650E-8
5.067000E+2	-1.881280E-7	7.916300E-9
5.159000E+2	-1.955790E-7	1.396990E-8
5.272000E+2	-1.359740E-7	-5.168860E-8
5.491000E+2	-1.434250E-7	-4.377240E-8
5.599000E+2	-1.960440E-7	8.381960E-9
5.795000E+2	-2.076860E-7	1.396990E-8
5.925000E+2	-1.713640E-7	-1.909220E-8
6.038000E+2	-1.387680E-7	-2.840550E-8
6.234000E+2	-2.123420E-7	3.445920E-8
6.344000E+2	-1.676390E-7	-7.450640E-9
6.545000E+2	-1.913880E-7	3.119950E-8
6.651000E+2	-1.173470E-7	-4.470370E-8
6.858000E+2	-1.657760E-7	1.955790E-8
6.958000E+2	-1.033770E-7	-5.029160E-8
7.173000E+2	-1.704330E-7	3.492480E-8
7.268000E+2	-9.173570E-8	-4.004710E-8
7.486000E+2	-1.215390E-7	-1.303860E-8
7.579000E+2	-7.636890E-8	-5.960510E-8
7.796000E+2	-1.690360E-7	2.700850E-8
7.889000E+2	-1.294550E-7	-1.955790E-8
8.135000E+2	-1.951130E-7	4.656640E-8
8.228000E+2	-1.136220E-7	-3.678750E-8
8.335000E+2	-1.504100E-7	-1.909220E-8
8.537000E+2	-1.438900E-7	-2.142050E-8
8.756000E+2	-1.322490E-7	-3.352780E-8
8.851000E+2	-8.288820E-8	-7.171230E-8
8.968000E+2	-9.872060E-8	-6.053630E-9
9.194000E+2	-4.610070E-8	-6.239910E-8
9.306000E+2	-1.485470E-7	3.958140E-8
9.443000E+2	-9.872060E-8	-3.259640E-9
9.645000E+2	-1.536690E-7	5.541390E-8
9.760000E+2	-1.094310E-7	7.450640E-9
9.979000E+2	-1.196760E-7	-1.862660E-9
1.009300E+3	-1.546000E-7	6.333040E-8
1.029000E+3	-1.434250E-7	5.960510E-8
1.040600E+3	-9.406400E-8	4.656640E-9
1.060400E+3	-7.730020E-8	0.000000E+0
1.071800E+3	-4.656640E-8	-4.144410E-8
1.084200E+3	-5.355130E-8	-3.445920E-8
1.105300E+3	-3.306220E-8	-4.377240E-8
1.115000E+3	-4.237540E-8	-4.749770E-8
1.136600E+3	-1.401650E-7	2.700850E-8
1.149000E+3	-6.984960E-8	-4.563500E-8
1.159400E+3	-1.327140E-7	8.381960E-9
1.183300E+3	-1.052400E-7	2.188620E-8
1.193100E+3	-4.610070E-8	-2.840550E-8
1.214700E+3	-4.516940E-8	-3.725320E-9
1.224900E+3	-1.420280E-7	7.357490E-8
1.249000E+3	-1.280580E-7	3.492480E-8
1.258500E+3	-1.573940E-7	6.100210E-8
1.271800E+3	-1.140870E-7	1.769520E-8
1.285400E+3	-1.429590E-7	4.563500E-8
1.304900E+3	-8.521650E-8	-2.887110E-8
1.316400E+3	-8.894180E-8	-3.818450E-8
1.338800E+3	-8.335380E-8	-2.468020E-8
1.350200E+3	-1.378370E-7	3.539050E-8
1.359500E+3	-1.345770E-7	6.984950E-9
1.383100E+3	-1.420280E-7	-1.862660E-9
1.393100E+3	-1.145530E-7	-6.053630E-9
1.415500E+3	-1.466840E-7	3.818450E-8
1.426200E+3	-1.196760E-7	1.629830E-8
1.438200E+3	-5.308560E-8	-6.705570E-8
1.459000E+3	-4.377240E-8	-6.193340E-8
1.471000E+3	-3.771880E-8	-5.262000E-8
1.480800E+3	-9.406400E-8	2.793980E-9
1.500900E+3	-1.443560E-8	-7.078100E-8
1.521800E+3	-1.164160E-7	2.654280E-8
1.530800E+3	-7.590320E-8	-3.259640E-9
1.541700E+3	-1.085000E-7	1.024460E-8
1.560600E+3	-9.220140E-8	-3.445920E-8
1.571100E+3	-1.527380E-7	3.259650E-8
1.593700E+3	-6.705570E-8	-3.725310E-8
1.604600E+3	-1.033770E-7	1.769520E-8
1.624000E+3	-1.341110E-7	5.215430E-8
1.635200E+3	-1.196760E-7	4.516940E-8
1.654500E+3	-5.168860E-8	1.396990E-9
1.665700E+3	-1.103620E-7	3.632180E-8
1.675000E+3	-8.102550E-8	3.213090E-8
1.698100E+3	-1.192100E-7	3.865010E-8
1.708300E+3	-3.632180E-8	-6.379610E-8
1.728600E+3	-1.420280E-7	2.514580E-8
1.738000E+3	-1.164160E-7	-1.769520E-8
1.759000E+3	-1.001180E-7	-2.607710E-8
1.768000E+3	-5.867350E-8	-5.820790E-8
1.789100E+3	-1.257290E-7	7.078100E-8
1.798100E+3	-4.703200E-8	-1.955790E-8
1.819100E+3	-7.916290E-8	-2.142050E-8
1.828200E+3	-5.634520E-8	-3.678750E-8
1.849300E+3	-9.220140E-8	-1.210730E-8
1.861200E+3	-5.448260E-8	-4.516940E-8
1.882300E+3	-1.527380E-7	5.355130E-8
1.891200E+3	-7.171230E-8	-3.352780E-8
1.912200E+3	-1.546000E-7	2.281750E-8
1.921000E+3	-7.683460E-8	-8.055990E-8
1.931500E+3	-1.317830E-7	-3.539050E-8
1.954100E+3	-9.546100E-8	-6.659000E-8
1.965000E+3	-1.383020E-7	-3.259640E-9
1.984100E+3	-9.546100E-8	-1.862660E-8
1.995200E+3	-1.508750E-7	2.468020E-8
2.014400E+3	-1.415620E-7	2.980250E-8
2.025600E+3	-5.168860E-8	-5.168860E-8
2.038100E+3	-1.015150E-7	-3.725320E-9
2.058200E+3	-1.187440E-7	2.421450E-8
2.068300E+3	-4.237540E-8	-4.470370E-8
2.088900E+3	-1.364400E-7	4.097840E-8
2.098300E+3	-7.636890E-8	-1.024460E-8
2.119100E+3	-1.196760E-7	4.330670E-8
2.128100E+3	-9.080440E-8	1.257290E-8
2.151400E+3	-1.094310E-7	2.933680E-8
2.161100E+3	-9.546100E-8	1.490130E-8
2.170500E+3	-1.220040E-7	3.632180E-8
2.190800E+3	-6.565870E-8	-4.237540E-8
2.211900E+3	-1.736930E-7	3.213090E-8
2.220900E+3	-1.834710E-7	4.051280E-8
2.233200E+3	-8.242250E-8	-4.842900E-8
2.253800E+3	-9.406400E-8	-1.676390E-8
2.263500E+3	-1.392340E-7	2.793980E-8
2.283600E+3	-5.122300E-8	-7.031530E-8
2.293900E+3	-9.033870E-8	-2.654280E-8
2.313700E+3	-1.024460E-7	-1.769520E-8
2.326200E+3	-5.215430E-8	-5.820790E-8
2.337600E+3	-1.303860E-7	2.747410E-8
2.358900E+3	-3.399350E-8	-5.587960E-8
2.370000E+3	-1.196760E-7	1.816090E-8
2.380000E+3	-1.243320E-7	1.257290E-8
2.402000E+3	-9.406400E-8	4.656640E-9
2.412900E+3	-9.313270E-8	-5.122300E-9
2.435200E+3	-1.383020E-7	1.629830E-8
2.445800E+3	-1.341110E-7	8.847620E-9
2.464600E+3	-1.550660E-7	2.887110E-8
2.475700E+3	-1.327140E-7	1.024460E-8
2.495200E+3	-1.559970E-7	3.073390E-8
2.505700E+3	-1.215390E-7	-6.053630E-9
2.525700E+3	-1.080340E-7	4.377240E-8
2.535600E+3	-4.097840E-8	-3.026820E-8
2.556000E+3	-1.238670E-7	4.796330E-8
2.565400E+3	-1.094310E-7	1.583260E-8
2.577400E+3	-5.448260E-8	-4.377240E-8
2.588200E+3	-1.303860E-7	2.421450E-8
2.610300E+3	-6.705570E-8	-6.007080E-8
2.621500E+3	-1.271260E-7	-9.313280E-9
2.643300E+3	-9.685800E-8	-5.308560E-8
2.643300E+3	-9.685800E-8	-5.308560E-8
2.664400E+3	-1.643790E-7	1.722960E-8
2.664400E+3	-1.643790E-7	1.722960E-8
2.706200E+3	-1.038430E-7	-4.470370E-8
2.716300E+3	-1.629820E-7	1.816090E-8
2.727300E+3	-1.271260E-7	-1.303860E-8
2.746900E+3	-1.350430E-7	-6.519290E-9
2.757400E+3	-1.578600E-7	2.700850E-8
2.779000E+3	-8.987310E-8	-4.237540E-8
2.790300E+3	-1.513410E-7	3.166520E-8
2.809800E+3	-1.294550E-7	1.443560E-8
2.820700E+3	-1.415620E-7	4.097840E-8
2.829700E+3	-9.173570E-8	-7.450640E-9
2.853600E+3	-1.457530E-7	5.401690E-8
2.862700E+3	-6.938400E-8	-3.771880E-8
2.886100E+3	-1.639140E-7	3.678750E-8
2.896100E+3	-1.122250E-7	-2.235190E-8
2.905300E+3	-1.797460E-7	2.142050E-8
2.925800E+3	-1.331800E-7	-3.306220E-8
2.935600E+3	-9.173570E-8	-5.867350E-8
2.958600E+3	-9.918630E-8	-3.213090E-8
2.967800E+3	-6.705570E-8	-3.771880E-8
2.991800E+3	-1.373710E-7	6.519290E-9
3.001100E+3	-7.404060E-8	-6.565870E-8
3.012300E+3	-1.746240E-7	1.629830E-8
3.033900E+3	-1.071030E-7	-7.730020E-8
3.045000E+3	-1.727610E-7	-7.450640E-9
3.064400E+3	-1.778840E-7	2.561150E-8
3.077300E+3	-1.271260E-7	-2.002350E-8
3.088400E+3	-1.611200E-7	2.840550E-8
3.109900E+3	-6.379610E-8	-4.144410E-8
3.121200E+3	-1.401650E-7	4.097840E-8
3.130700E+3	-1.154840E-7	1.117590E-8
3.153900E+3	-1.396990E-7	2.561150E-8
3.164000E+3	-6.100210E-8	-3.911580E-8
3.184300E+3	-1.387680E-7	9.313280E-9
3.197000E+3	-8.242250E-8	-4.982600E-8
3.206000E+3	-1.098970E-7	-1.443560E-8
3.232500E+3	-1.606540E-7	5.774220E-8
3.242100E+3	-1.103620E-7	2.328320E-9
3.254000E+3	-7.543760E-8	-4.330670E-8
3.274900E+3	-1.550660E-7	5.168860E-8
3.283800E+3	-1.727610E-7	7.264360E-8
3.304900E+3	-7.636890E-8	-1.583260E-8
3.314200E+3	-1.229350E-7	2.421450E-8
3.334800E+3	-1.559970E-7	4.423800E-8
3.346900E+3	-7.310930E-8	-3.399350E-8
3.368100E+3	-1.280580E-7	2.468020E-8
3.377300E+3	-1.317830E-7	1.071030E-8
3.388600E+3	-1.033770E-7	-2.933680E-8
3.408200E+3	-1.732270E-7	3.865010E-8
3.419400E+3	-1.760210E-7	2.468020E-8
3.438700E+3	-1.499440E-7	-2.793980E-8
3.451800E+3	-2.020980E-7	3.492480E-8
3.471100E+3	-1.909220E-7	4.190970E-8
3.482400E+3	-1.420280E-7	1.257290E-8
3.491800E+3	-9.872060E-8	-2.700850E-8
3.514900E+3	-9.266710E-8	-3.585610E-8
3.528000E+3	-1.150190E-7	-1.210730E-8
3.548200E+3	-1.345770E-7	4.563500E-8
3.558200E+3	-1.164160E-7	3.725310E-8
3.567600E+3	-1.117590E-7	1.955790E-8
3.591400E+3	-1.094310E-7	2.421450E-8
3.600400E+3	-7.497190E-8	-1.490130E-8
3.621600E+3	-8.242250E-8	-1.071030E-8
3.630800E+3	-1.229350E-7	1.024460E-8
3.651600E+3	-1.168810E-7	1.164160E-8
3.661300E+3	-1.778840E-7	8.055990E-8
3.684700E+3	-1.108280E-7	2.235190E-8
3.693700E+3	-7.543760E-8	-1.490130E-8
3.704700E+3	-8.614780E-8	-1.629830E-8
3.726500E+3	-1.639140E-7	4.237540E-8
3.738800E+3	-1.639140E-7	2.654280E-8
3.750000E+3	-1.811430E-7	4.144410E-8
3.771700E+3	-1.168810E-7	-3.818450E-8
3.782500E+3	-1.629820E-7	2.142050E-8
3.802000E+3	-1.699670E-7	7.450640E-9
3.813200E+3	-1.736930E-7	1.164160E-8
3.832500E+3	-1.615850E-7	1.396990E-8
3.846500E+3	-1.830060E-7	2.887110E-8
3.856000E+3	-8.987310E-8	-6.472740E-8
3.876900E+3	-1.713640E-7	4.097840E-8
3.886000E+3	-9.872060E-8	-4.004710E-8
3.907200E+3	-1.979070E-7	4.610070E-8
3.916100E+3	-1.126900E-7	-4.470370E-8
3.937000E+3	-2.007010E-7	5.587960E-8
3.949100E+3	-1.620510E-7	1.490130E-8
3.959000E+3	-1.317830E-7	-1.210730E-8
3.982300E+3	-1.164160E-7	-1.816090E-8
3.991400E+3	-1.126900E-7	-2.980250E-8
4.015100E+3	-1.317830E-7	-8.381960E-9
4.024100E+3	-1.019800E-7	-4.284110E-8
4.034800E+3	-1.280580E-7	-1.071030E-8
4.057100E+3	-1.261950E-7	-3.259650E-8
4.067000E+3	-1.238670E-7	-3.445920E-8
4.090400E+3	-1.485470E-7	-2.142050E-8
4.099500E+3	-1.839370E-7	8.381960E-9
4.113700E+3	-1.806770E-7	3.259640E-9
4.133000E+3	-2.095480E-7	1.164160E-8
4.144200E+3	-2.277090E-7	2.793980E-8
4.163500E+3	-1.499440E-7	-3.445920E-8
4.174700E+3	-1.839370E-7	1.629830E-8
4.183700E+3	-2.114110E-7	4.377240E-8
4.207200E+3	-1.708990E-7	6.100210E-8
4.216700E+3	-1.634480E-7	3.073390E-8
4.239500E+3	-1.760210E-7	3.073390E-8
4.249700E+3	-1.001180E-7	-2.374880E-8
4.261500E+3	-8.801040E-8	-4.190970E-8
4.282500E+3	-8.754480E-8	-2.980250E-8
4.291400E+3	-7.869720E-8	-3.539050E-8
4.312600E+3	-1.550660E-7	4.423800E-8
4.321600E+3	-1.457530E-7	2.328320E-8
4.342800E+3	-1.410960E-7	-3.259640E-9
4.352000E+3	-1.117590E-7	-4.516940E-8
4.372900E+3	-1.308520E-7	-4.144410E-8
4.382600E+3	-2.020980E-7	3.958140E-8
4.406200E+3	-1.844030E-7	1.909220E-8
4.415300E+3	-2.314350E-7	5.122300E-8
4.426500E+3	-2.346940E-7	5.029160E-8
4.445600E+3	-1.518060E-7	-1.769520E-8
4.456700E+3	-1.527380E-7	-3.725320E-9
4.476000E+3	-2.207240E-7	6.333040E-8
4.487300E+3	-1.988380E-7	3.865010E-8
4.506900E+3	-1.443560E-7	-1.862660E-9
4.517600E+3	-1.029120E-7	-3.539050E-8
4.539200E+3	-1.946470E-7	4.423800E-8
4.550500E+3	-1.019800E-7	-4.656640E-8
4.569900E+3	-1.830060E-7	5.215430E-8
4.580700E+3	-1.825400E-7	5.448260E-8
4.600500E+3	-1.755550E-7	3.492480E-8
4.610700E+3	-1.257290E-7	-2.328320E-8
4.631100E+3	-1.541350E-7	1.769520E-8
4.641000E+3	-1.238670E-7	-3.213090E-8
4.650600E+3	-1.904560E-7	3.865010E-8
4.674200E+3	-1.336460E-7	-1.071030E-8
4.683300E+3	-2.062890E-7	5.448260E-8
4.704300E+3	-1.303860E-7	-1.909220E-8
4.713600E+3	-1.220040E-7	-4.004710E-8
4.737200E+3	-1.830060E-7	1.629830E-8
4.746300E+3	-1.341110E-7	-3.213090E-8
4.757200E+3	-1.937160E-7	4.423800E-8
4.776500E+3	-2.346940E-7	8.288820E-8
4.788400E+3	-2.114110E-7	5.448260E-8
4.807900E+3	-2.007010E-7	1.955790E-8
4.818300E+3	-2.146710E-7	9.778940E-9
4.839900E+3	-2.738110E-7	5.122300E-8
4.851100E+3	-2.640320E-7	4.656640E-8
4.863400E+3	-2.291060E-7	1.490130E-8
4.883700E+3	-2.277090E-7	1.722960E-8
4.896400E+3	-2.607720E-7	4.749770E-8
4.916000E+3	-1.904560E-7	-2.142050E-8
4.926500E+3	-1.559970E-7	-5.867350E-8
4.946600E+3	-2.421460E-7	3.166520E-8
4.956600E+3	-1.718300E-7	-1.816090E-8
4.977200E+3	-2.286410E-7	3.771880E-8
4.986600E+3	-2.351600E-7	2.700850E-8
4.998700E+3	-2.556500E-7	3.725310E-8
5.020000E+3	-2.188620E-7	-2.188620E-8
5.032000E+3	-1.797460E-7	-6.612440E-8
5.042100E+3	-2.286410E-7	4.656640E-9
5.062300E+3	-2.016320E-7	-3.119950E-8
5.075700E+3	-1.750900E-7	-4.470370E-8
5.095500E+3	-2.044260E-7	-1.117590E-8
5.106400E+3	-2.509930E-7	4.889470E-8
5.116600E+3	-1.569290E-7	-3.399350E-8
5.138400E+3	-2.412140E-7	1.490130E-8
5.149300E+3	-1.643790E-7	-6.333040E-8
5.168900E+3	-2.514590E-7	4.190970E-8
5.179400E+3	-2.575130E-7	4.190970E-8
5.199600E+3	-2.649630E-7	1.257290E-8
5.209700E+3	-2.030290E-7	-5.308560E-8
5.230500E+3	-2.626350E-7	-6.519290E-9
5.240000E+3	-1.927850E-7	-6.984960E-8
5.261300E+3	-1.760210E-7	-5.075730E-8
5.273600E+3	-2.319000E-7	2.374880E-8
5.294000E+3	-2.575130E-7	4.004710E-8
5.303700E+3	-1.741580E-7	-4.004710E-8
5.313200E+3	-2.114110E-7	-1.024460E-8
5.336600E+3	-2.612380E-7	5.587960E-8
5.345600E+3	-2.509930E-7	6.845270E-8
5.369500E+3	-1.806770E-7	9.778940E-9
5.378600E+3	-2.710170E-7	6.053640E-8
5.390900E+3	-1.960440E-7	-2.281750E-8
5.411800E+3	-1.918530E-7	-2.514580E-8
5.421500E+3	-2.831240E-7	5.075730E-8
5.442100E+3	-2.020980E-7	-2.840550E-8
5.452300E+3	-2.761390E-7	3.958140E-8
5.463300E+3	-1.881280E-7	-4.284110E-8
5.486000E+3	-1.974410E-7	-1.862660E-8
5.496700E+3	-1.871970E-7	-3.771880E-8
5.518200E+3	-2.426110E-7	1.024460E-8
5.529400E+3	-2.346940E-7	9.313300E-10
5.548500E+3	-2.090830E-7	-1.024460E-8
5.559500E+3	-2.793990E-7	5.262000E-8
5.579100E+3	-2.523900E-7	2.235190E-8
5.589600E+3	-2.570470E-7	3.166520E-8
5.601400E+3	-1.890590E-7	-2.374880E-8
5.622800E+3	-2.323660E-7	-1.164160E-8
5.631700E+3	-1.923190E-7	-6.472740E-8
5.653100E+3	-2.812610E-7	3.399350E-8
5.662100E+3	-2.319000E-7	-2.235190E-8
5.686000E+3	-2.840550E-7	3.213090E-8
5.695200E+3	-2.030290E-7	-4.004710E-8
5.707400E+3	-2.700850E-7	3.445920E-8
5.728300E+3	-2.211900E-7	3.259640E-9
5.737800E+3	-2.817270E-7	5.541390E-8
5.758400E+3	-2.789330E-7	4.516940E-8
5.771200E+3	-2.183960E-7	-2.607710E-8
5.781500E+3	-2.677570E-7	2.887110E-8
5.801200E+3	-2.398170E-7	-3.352780E-8
5.812600E+3	-2.980250E-7	4.004710E-8
5.835100E+3	-2.430770E-7	-4.656640E-8
5.846600E+3	-3.119950E-7	3.399350E-8
5.866000E+3	-3.394690E-7	4.190970E-8
5.877100E+3	-3.054760E-7	-3.259640E-9
5.895700E+3	-2.793990E-7	-2.328320E-8
5.906800E+3	-2.705510E-7	-2.700850E-8
5.926100E+3	-3.445910E-7	6.984960E-8
5.937200E+3	-3.073380E-7	3.259650E-8
5.956700E+3	-3.334150E-7	5.168860E-8
5.967400E+3	-2.388860E-7	-5.075730E-8
5.987400E+3	-3.296900E-7	3.399350E-8
5.997500E+3	-3.082700E-7	2.514580E-8
6.009500E+3	-2.323660E-7	-4.703200E-8
6.030600E+3	-3.068730E-7	3.026820E-8
6.039600E+3	-2.724140E-7	-7.450640E-9
6.060700E+3	-2.514590E-7	-1.396990E-8
6.069800E+3	-3.357440E-7	6.100210E-8
6.090800E+3	-2.915060E-7	-2.700850E-8
6.100300E+3	-3.562330E-7	4.004710E-8
6.124000E+3	-2.835900E-7	-5.448260E-8
6.133100E+3	-2.565810E-7	-6.379610E-8
6.144200E+3	-2.821930E-7	-2.561150E-8
6.163500E+3	-3.092010E-7	-1.350420E-8
6.184400E+3	-2.789330E-7	-4.190970E-8
6.194200E+3	-3.003530E-7	-4.703200E-8
6.205400E+3	-2.756730E-7	-8.894180E-8
6.226900E+3	-2.961620E-7	-7.869720E-8
6.238200E+3	-3.310870E-7	-4.004710E-8
6.248100E+3	-3.846380E-7	1.862660E-9
6.271700E+3	-3.981420E-7	3.073390E-8
6.281300E+3	-3.431940E-7	-2.281750E-8
6.302400E+3	-3.473850E-7	1.117590E-8
6.314700E+3	-3.711340E-7	3.818450E-8
6.335000E+3	-3.576300E-7	1.350420E-8
6.344900E+3	-2.915060E-7	-5.634520E-8
6.365700E+3	-3.636830E-7	-2.793980E-9
6.375000E+3	-2.980250E-7	-6.705570E-8
6.396200E+3	-3.776530E-7	1.909220E-8
6.405400E+3	-3.650800E-7	1.024460E-8
6.417700E+3	-3.026820E-7	-5.215430E-8
6.438400E+3	-3.059410E-7	-3.306220E-8
6.448000E+3	-3.599580E-7	2.188620E-8
6.468100E+3	-3.241020E-7	9.313300E-10
6.480200E+3	-3.147890E-7	-9.778940E-9
6.491400E+3	-3.972110E-7	6.519300E-8
6.513700E+3	-3.273620E-7	-3.213090E-8
6.524300E+3	-3.813780E-7	1.490130E-8
6.535000E+3	-3.548360E-7	-2.933680E-8
6.557200E+3	-3.734620E-7	4.656650E-10
6.568500E+3	-3.133920E-7	-4.842900E-8
6.588200E+3	-3.189800E-7	-5.075730E-8
6.602000E+3	-3.422630E-7	-2.048920E-8
6.621700E+3	-3.580950E-7	-7.916300E-9
6.632200E+3	-4.246850E-7	3.166520E-8
6.644200E+3	-3.892950E-7	-1.117590E-8
6.665200E+3	-4.479680E-7	4.516940E-8
6.674300E+3	-4.656630E-7	5.075730E-8
6.697700E+3	-4.465710E-7	3.352780E-8
6.707500E+3	-3.706680E-7	-3.585610E-8
6.728300E+3	-4.796350E-7	4.423800E-8
6.737500E+3	-4.307390E-7	-7.450640E-9
6.758600E+3	-4.791690E-7	5.215430E-8
6.767700E+3	-4.409830E-7	2.095490E-8
6.780100E+3	-3.678740E-7	-5.122300E-8
6.801100E+3	-4.647320E-7	1.210730E-8
6.801100E+3	-4.647320E-7	1.210730E-8
6.834300E+3	-4.633350E-7	3.725310E-8
6.843500E+3	-4.363260E-7	-1.862660E-9
6.856400E+3	-4.703200E-7	4.889470E-8
6.876600E+3	-3.855690E-7	-2.747410E-8
6.887200E+3	-4.493650E-7	2.887110E-8
6.906800E+3	-4.079210E-7	-4.377240E-8
6.917900E+3	-4.591440E-7	1.396990E-8
6.937200E+3	-4.428460E-7	-5.122300E-9
6.951400E+3	-4.773060E-7	2.793980E-8
6.961000E+3	-4.475020E-7	2.095490E-8
6.983700E+3	-4.111810E-7	-1.117590E-8
6.994300E+3	-4.987270E-7	3.958140E-8
7.003300E+3	-4.190970E-7	-6.379610E-8
7.027200E+3	-5.262010E-7	2.328320E-8
7.036300E+3	-4.926730E-7	-1.024460E-8
7.059800E+3	-5.378420E-7	2.607710E-8
7.069600E+3	-4.507620E-7	-5.774220E-8
7.081800E+3	-4.996580E-7	-1.164160E-8
7.103300E+3	-4.866200E-7	-2.654280E-8
7.115400E+3	-4.451740E-7	-7.078100E-8
7.125400E+3	-4.870850E-7	-3.771880E-8
7.145900E+3	-4.945360E-7	-3.445920E-8
7.156400E+3	-4.912760E-7	-4.610070E-8
7.179300E+3	-4.773060E-7	-4.703200E-8
7.189000E+3	-5.215440E-7	1.629830E-8
7.212500E+3	-5.001240E-7	9.313300E-10
7.222400E+3	-5.010550E-7	-5.122300E-9
7.233600E+3	-5.676450E-7	5.122300E-8
7.252900E+3	-5.569350E-7	4.656640E-9
7.263600E+3	-5.834770E-7	2.561150E-8
7.283800E+3	-5.718360E-7	1.164160E-8
7.294000E+3	-5.820800E-7	2.188620E-8
7.316300E+3	-5.383080E-7	-8.381960E-9
7.327300E+3	-5.965160E-7	6.333040E-8
7.336400E+3	-5.639190E-7	2.980250E-8
7.360100E+3	-6.239900E-7	7.404060E-8
7.369400E+3	-5.741640E-7	1.257290E-8
7.390700E+3	-5.322540E-7	-3.771880E-8
7.403100E+3	-5.452930E-7	-4.237540E-8
7.423600E+3	-5.983780E-7	-2.002350E-8
7.433400E+3	-5.713700E-7	-6.193340E-8
7.454300E+3	-6.593800E-7	4.889470E-8
7.463600E+3	-5.899960E-7	-1.443560E-8
7.473800E+3	-6.202640E-7	3.865010E-8
7.497000E+3	-6.486700E-7	2.561150E-8
7.509200E+3	-5.806830E-7	-6.612440E-8
7.520300E+3	-6.724190E-7	8.381960E-9
7.539500E+3	-6.924420E-7	-5.122300E-9
7.550700E+3	-6.286460E-7	-5.774220E-8
7.569900E+3	-6.542580E-7	-4.563500E-8
7.580900E+3	-7.129310E-7	1.396990E-9
7.600900E+3	-7.241070E-7	6.519290E-9
7.611300E+3	-6.337690E-7	-9.778930E-8
7.631800E+3	-7.553060E-7	4.656640E-9
7.641800E+3	-6.617080E-7	-8.521650E-8
7.661600E+3	-6.626400E-7	-7.776590E-8
7.675300E+3	-7.115340E-7	-2.700850E-8
7.684500E+3	-6.733500E-7	-6.472740E-8
7.708600E+3	-7.753300E-7	4.470370E-8
7.717900E+3	-7.064120E-7	-2.281750E-8
7.741300E+3	-7.757950E-7	4.563500E-8
7.751300E+3	-7.497180E-7	-4.190980E-9
7.760700E+3	-7.129310E-7	-3.771880E-8
7.784400E+3	-8.083920E-7	4.097840E-8
7.793500E+3	-7.636880E-7	-2.468020E-8
7.817600E+3	-8.409880E-7	4.516940E-8
7.826800E+3	-7.683450E-7	-4.470370E-8
7.837000E+3	-7.427330E-7	-6.472740E-8
7.860200E+3	-7.711390E-7	-4.610070E-8
7.869700E+3	-8.703250E-7	4.423800E-8
7.890400E+3	-7.809180E-7	-3.911580E-8
7.900400E+3	-8.600800E-7	3.585610E-8
7.920600E+3	-8.456450E-7	1.536690E-8
7.931200E+3	-8.749810E-7	3.539050E-8
7.951200E+3	-8.000100E-7	-3.352780E-8
7.962300E+3	-8.787060E-7	3.492480E-8
7.972600E+3	-8.801030E-7	2.328320E-8
7.994900E+3	-9.010580E-7	7.916300E-9
8.006000E+3	-8.451790E-7	-6.426170E-8
8.026000E+3	-9.546130E-7	3.306220E-8
8.036500E+3	-9.257380E-7	5.587960E-9
8.056700E+3	-9.168910E-7	6.984950E-9
8.066600E+3	-8.773100E-7	-4.004710E-8
8.087200E+3	-9.676510E-7	3.958140E-8
8.096600E+3	-9.187530E-7	-1.909220E-8
8.117800E+3	-9.602010E-7	-6.984950E-9
8.126900E+3	-9.103710E-7	-6.659000E-8
8.148200E+3	-9.480900E-7	-2.607710E-8
8.157300E+3	-9.173560E-7	-6.472740E-8
8.178600E+3	-9.867440E-7	2.700850E-8
8.187900E+3	-1.030050E-6	5.681090E-8
8.211900E+3	-9.946600E-7	-4.656650E-10
8.221000E+3	-1.000250E-6	9.313300E-10
8.231700E+3	-9.755680E-7	-3.678750E-8
8.254200E+3	-8.880200E-7	-2.747410E-8
8.265100E+3	-7.851090E-7	9.639230E-8
8.284000E+3	-8.228270E-7	1.615850E-7
8.297200E+3	-8.433160E-7	1.187440E-7
8.308000E+3	-9.127000E-7	1.266610E-7
8.329800E+3	-9.336550E-7	3.026820E-8
8.341000E+3	-1.007700E-6	7.823160E-8
8.360700E+3	-1.011890E-6	4.470370E-8
8.371800E+3	-9.602010E-7	-1.722960E-8
8.384100E+3	-9.769650E-7	-1.629830E-8
8.404700E+3	-9.946600E-7	2.980250E-8
8.414500E+3	-1.042160E-6	8.614780E-8
8.437500E+3	-1.023070E-6	5.960510E-8
8.447900E+3	-9.993160E-7	1.816090E-8
8.459800E+3	-1.008630E-6	3.958140E-8
8.481000E+3	-9.415710E-7	-4.330670E-8
8.490200E+3	-1.018410E-6	3.771880E-8
8.511600E+3	-9.914000E-7	7.450640E-9
8.520800E+3	-1.034710E-6	3.818450E-8
8.542200E+3	-9.900030E-7	6.053630E-9
8.554400E+3	-9.322580E-7	-4.936030E-8
8.565700E+3	-9.257380E-7	-3.119950E-8
8.587700E+3	-8.842940E-7	-3.771880E-8
8.598400E+3	-9.331890E-7	2.887110E-8
8.618100E+3	-7.976810E-7	-5.355130E-8
8.629200E+3	-8.293460E-7	1.443560E-8
8.648800E+3	-8.400570E-7	5.448260E-8
8.660100E+3	-8.060630E-7	2.468020E-8
8.679800E+3	-7.357480E-7	-4.004710E-8
8.691000E+3	-8.083920E-7	4.936030E-8
8.700300E+3	-7.697420E-7	3.445920E-8
8.723800E+3	-7.120000E-7	2.328320E-8
8.733800E+3	-7.185190E-7	7.730020E-8
8.756300E+3	-6.612430E-7	8.195680E-8
8.767000E+3	-6.058290E-7	4.144410E-8
8.779100E+3	-5.173530E-7	-3.213090E-8
8.800200E+3	-5.872030E-7	5.867350E-8
8.809400E+3	-4.768410E-7	-2.561150E-8
8.830700E+3	-5.029180E-7	2.561150E-8
8.839700E+3	-4.088520E-7	-4.330670E-8
8.863500E+3	-4.563500E-7	6.472740E-8
8.872700E+3	-3.641490E-7	3.725320E-9
8.882900E+3	-3.101320E-7	-1.676390E-8
8.906200E+3	-3.348120E-7	3.958140E-8
8.915500E+3	-2.756730E-7	9.313300E-10
8.939600E+3	-2.994220E-7	4.796330E-8
8.948700E+3	-2.100140E-7	-2.188620E-8
8.962400E+3	-2.752080E-7	6.659000E-8
8.982200E+3	-1.536690E-7	-2.421450E-8
8.993300E+3	-1.704330E-7	1.862660E-8
9.015400E+3	-9.313270E-8	-3.399350E-8
9.025800E+3	-1.094310E-7	5.122300E-9
9.036700E+3	-1.271260E-7	2.654280E-8
9.056700E+3	-7.404060E-8	-4.656640E-9
9.067100E+3	-7.124660E-8	8.847620E-9
9.087500E+3	1.769520E-8	-5.075730E-8
9.100300E+3	-3.539050E-8	2.468020E-8
9.120100E+3	2.700850E-8	-9.313300E-10
9.130600E+3	1.015150E-7	-4.749770E-8
9.150700E+3	7.497190E-8	3.119950E-8
9.160900E+3	1.629820E-7	-2.142050E-8
9.170400E+3	1.415620E-7	4.097840E-8
9.194400E+3	1.755550E-7	3.958140E-8
9.203500E+3	1.941820E-7	1.676390E-8
9.224700E+3	2.635660E-7	-2.700850E-8
9.233900E+3	2.272440E-7	3.213090E-8
9.255100E+3	2.766050E-7	3.259650E-8
9.267200E+3	3.259650E-7	-1.396990E-8
9.288800E+3	2.649630E-7	5.634520E-8
9.298100E+3	3.012850E-7	2.607710E-8
9.309400E+3	3.478510E-7	4.190980E-9
9.329000E+3	3.259650E-7	2.095490E-8
9.349900E+3	3.580950E-7	4.656640E-9
9.359900E+3	3.143230E-7	4.377240E-8
9.371100E+3	3.781190E-7	-6.053630E-9
9.390900E+3	3.669430E-7	1.862660E-8
9.401700E+3	3.585610E-7	3.865010E-8
9.423700E+3	4.088520E-7	3.119950E-8
9.434900E+3	4.149060E-7	4.656640E-8
9.454500E+3	4.544870E-7	2.887110E-8
9.465500E+3	5.462240E-7	-3.865010E-8
9.474600E+3	4.773060E-7	6.426170E-8
9.498900E+3	5.806830E-7	-1.164160E-8
9.508000E+3	5.895310E-7	-2.374880E-8
9.529200E+3	5.401710E-7	5.075730E-8
9.538400E+3	6.048980E-7	-8.381960E-9
9.559400E+3	5.778890E-7	2.421450E-8
9.569000E+3	6.612430E-7	-3.678750E-8
9.592900E+3	6.095540E-7	6.239910E-8
9.602000E+3	7.129310E-7	-2.933680E-8
9.613200E+3	6.989610E-7	-7.450640E-9
9.635400E+3	7.483210E-7	-4.796330E-8
9.645900E+3	7.753300E-7	-5.308560E-8
9.669000E+3	7.543750E-7	2.793980E-9
9.678800E+3	8.177050E-7	-4.796330E-8
9.692000E+3	7.515810E-7	2.468020E-8
9.711800E+3	8.512320E-7	-3.492480E-8
9.723000E+3	8.898820E-7	-3.445920E-8
9.736200E+3	8.256210E-7	4.330670E-8
9.756700E+3	8.465760E-7	2.421450E-8
9.766500E+3	9.369140E-7	-5.308560E-8
9.786700E+3	8.917450E-7	2.654280E-8
9.796900E+3	9.685830E-7	-3.119950E-8
9.817600E+3	9.634600E-7	1.862660E-8
9.830600E+3	9.695140E-7	2.933680E-8
9.840400E+3	1.065440E-6	-5.122300E-8
9.864500E+3	1.022600E-6	5.401690E-8
9.873700E+3	1.126910E-6	-4.144410E-8
9.897900E+3	1.076620E-6	4.190970E-8
9.907200E+3	1.149260E-6	-1.303860E-8
9.917400E+3	1.207930E-6	-5.075730E-8
9.940700E+3	1.243790E-6	-2.002350E-8
9.950100E+3	1.275920E-6	-2.561150E-8
9.974000E+3	1.256830E-6	2.793980E-8
9.983200E+3	1.352750E-6	-3.585610E-8
9.995900E+3	1.357880E-6	-2.654280E-8
1.001640E+4	1.430520E-6	-4.237540E-8
1.002670E+4	1.384880E-6	4.889470E-8
1.005010E+4	1.533430E-6	-1.350420E-8
1.006050E+4	1.543670E-6	3.725320E-9
1.007130E+4	1.598160E-6	-2.188620E-8
1.009030E+4	1.568820E-6	1.769520E-8
1.010150E+4	1.589310E-6	1.862660E-8
1.012110E+4	1.682440E-6	-3.865010E-8
1.013190E+4	1.734130E-6	-7.357490E-8
1.015200E+4	1.713640E-6	1.955790E-8
1.016220E+4	1.828190E-6	-6.286470E-8
1.018290E+4	1.888260E-6	-5.308560E-8
1.019570E+4	1.892450E-6	-2.002350E-8
1.021660E+4	1.905960E-6	3.352780E-8
1.022620E+4	1.985590E-6	-1.024460E-8
1.023840E+4	2.082450E-6	-1.252640E-7
1.025970E+4	2.094090E-6	-1.364400E-7
1.026900E+4	2.118770E-6	-7.869720E-8
1.028400E+4	2.245430E-6	-1.261950E-7
1.030540E+4	2.354860E-6	-1.131560E-7
1.031490E+4	2.361850E-6	-5.774220E-8
1.033870E+4	2.484780E-6	-4.051280E-8
1.034860E+4	2.555100E-6	-5.168860E-8
1.035890E+4	2.520170E-6	1.955790E-8
1.038160E+4	2.704110E-6	-6.845270E-8
1.039300E+4	2.681760E-6	9.313300E-10
1.041280E+4	2.793980E-6	-3.026820E-8
1.042610E+4	2.819130E-6	-1.071030E-8
1.043690E+4	2.849400E-6	1.024460E-8
1.045730E+4	2.966740E-6	-1.396990E-9
1.046760E+4	3.089680E-6	-6.193340E-8
1.048830E+4	3.114360E-6	8.847620E-9
1.049810E+4	3.175820E-6	-2.793980E-9
1.051920E+4	3.300160E-6	6.519290E-9
1.052860E+4	3.400740E-6	-3.911580E-8
1.054990E+4	3.469660E-6	9.313300E-10
1.055910E+4	3.551150E-6	-4.237540E-8
1.058020E+4	3.571640E-6	4.889470E-8
1.058960E+4	3.695040E-6	-2.421450E-8
1.061100E+4	3.766280E-6	9.778940E-9
1.062310E+4	3.847790E-6	-2.980250E-8
1.063370E+4	3.865020E-6	-9.778940E-9
1.065640E+4	4.045690E-6	-5.541390E-8
1.066620E+4	4.094120E-6	-6.007080E-8
1.068660E+4	4.133240E-6	9.778940E-9
1.069890E+4	4.244070E-6	-4.097840E-8
1.072000E+4	4.338130E-6	-3.771880E-8
1.072960E+4	4.342790E-6	9.313280E-9
1.074080E+4	4.408910E-6	-1.862660E-8
1.076060E+4	4.489470E-6	2.793980E-9
1.077170E+4	4.554200E-6	-1.443560E-8
1.079360E+4	4.658500E-6	-5.727660E-8
1.080500E+4	4.651520E-6	-1.164160E-8
1.082470E+4	4.689240E-6	1.257290E-8
1.083600E+4	4.715780E-6	4.190980E-9
1.085560E+4	4.748380E-6	-5.587960E-9
1.086650E+4	4.797740E-6	-2.607710E-8
1.088660E+4	4.821020E-6	-1.350420E-8
1.089700E+4	4.873170E-6	-5.029160E-8
1.091750E+4	4.933710E-6	-2.840550E-8
1.092740E+4	5.015670E-6	-8.475080E-8
1.092740E+4	5.015670E-6	-8.475080E-8
1.095760E+4	5.019390E-6	-6.193340E-8
1.097300E+4	5.012410E-6	-4.377240E-8
1.099420E+4	5.013340E-6	-4.237540E-8
1.100350E+4	5.045000E-6	-6.612440E-8
1.101400E+4	4.995640E-6	-3.678750E-8
1.103720E+4	5.072010E-6	-1.024460E-7
1.104700E+4	5.031500E-6	-6.612440E-8
1.106760E+4	5.053850E-6	-9.499540E-8
1.107770E+4	4.980740E-6	-3.166520E-8
1.109800E+4	5.060840E-6	-1.080340E-7
1.110870E+4	5.001700E-6	-5.448260E-8
1.112860E+4	4.945350E-6	-2.700850E-8
1.113980E+4	4.935110E-6	-2.607710E-8
1.115000E+4	4.954200E-6	-5.541390E-8
1.117380E+4	4.883880E-6	-2.980250E-8
1.118370E+4	4.869910E-6	-4.004710E-8
1.120640E+4	4.862000E-6	-6.984960E-8
1.121710E+4	4.819160E-6	-2.468020E-8
1.122630E+4	4.882950E-6	-1.126900E-7
1.125030E+4	4.770730E-6	-2.048920E-8
1.125970E+4	4.821020E-6	-8.475080E-8
1.128120E+4	4.782370E-6	-8.009420E-8
1.129040E+4	4.747910E-6	-7.404060E-8
1.131190E+4	4.629630E-6	-4.842900E-8
1.132120E+4	4.606820E-6	-8.242250E-8
1.134240E+4	4.583530E-6	-1.434250E-7
1.135210E+4	4.520670E-6	-1.108280E-7
1.137270E+4	4.447090E-6	-1.089650E-7
1.138300E+4	4.357690E-6	-6.472740E-8
1.140330E+4	4.362340E-6	-1.206070E-7
1.141400E+4	4.299950E-6	-1.015150E-7
1.143380E+4	4.168160E-6	-4.470370E-8
1.144400E+4	4.129510E-6	-3.539050E-8
1.146430E+4	4.125790E-6	-1.192100E-7
1.147500E+4	4.032660E-6	-6.146770E-8
1.148580E+4	3.976780E-6	-6.333040E-8
1.150900E+4	3.899010E-6	-8.521650E-8
1.151930E+4	3.789570E-6	-4.284110E-8
1.154140E+4	3.749050E-6	-9.359840E-8
1.155250E+4	3.620070E-6	-1.071030E-8
1.157250E+4	3.498060E-6	-3.445920E-8
1.158310E+4	3.491080E-6	-6.984960E-8
1.159240E+4	3.432870E-6	-8.475080E-8
1.161650E+4	3.241950E-6	-1.117590E-8
1.162580E+4	3.173960E-6	-2.281750E-8
1.164950E+4	3.064530E-6	-5.541390E-8
1.165950E+4	2.944390E-6	-2.607710E-8
1.167180E+4	2.961620E-6	-1.103620E-7
1.169310E+4	2.848460E-6	-1.178130E-7
1.170230E+4	2.689670E-6	-2.700850E-8
1.172360E+4	2.599800E-6	-7.497190E-8
1.173580E+4	2.503880E-6	-4.982600E-8
1.175730E+4	2.365110E-6	-4.237540E-8
1.176650E+4	2.335770E-6	-9.918630E-8
1.177930E+4	2.221680E-6	-6.752130E-8
1.180000E+4	2.130880E-6	-8.102550E-8
1.181030E+4	2.047530E-6	-6.565870E-8
1.183370E+4	1.893390E-6	-3.678750E-8
1.184440E+4	1.747630E-6	1.443560E-8
1.185530E+4	1.751830E-6	-7.171230E-8
1.187540E+4	1.546470E-6	4.656640E-9
1.188580E+4	1.490590E-6	-2.793980E-9
1.190620E+4	1.362530E-6	-2.048920E-8
1.191600E+4	1.350890E-6	-6.938400E-8
1.193700E+4	1.129240E-6	1.536690E-8
1.194640E+4	1.135290E-6	-7.031530E-8
1.196710E+4	9.760330E-7	-3.213090E-8
1.197700E+4	9.490210E-7	-6.426170E-8
1.199800E+4	7.604290E-7	-2.514580E-8
1.201050E+4	7.338860E-7	-6.612440E-8
1.203190E+4	5.308580E-7	2.793980E-9
1.204120E+4	5.215440E-7	-6.239910E-8
1.206260E+4	3.580950E-7	-4.656650E-10
1.207190E+4	3.669430E-7	-4.936030E-8
1.208280E+4	2.770700E-7	-7.450640E-9
1.210540E+4	1.583260E-7	-1.210730E-8
1.211570E+4	3.259650E-8	6.659000E-8
1.213590E+4	2.095490E-8	-9.778940E-9
1.214660E+4	-9.033870E-8	4.330670E-8
1.216670E+4	-1.699670E-7	5.587960E-9
1.217780E+4	-2.142050E-7	-9.313300E-10
1.219090E+4	-3.385380E-7	5.867350E-8
1.221090E+4	-4.475020E-7	7.031530E-8
1.222190E+4	-4.442430E-7	6.519290E-9
1.224230E+4	-5.513470E-7	-6.519290E-9
1.225540E+4	-6.686930E-7	6.007080E-8
1.226490E+4	-6.347000E-7	-1.769520E-8
1.228850E+4	-8.097890E-7	8.381950E-8
1.229850E+4	-7.893000E-7	2.235190E-8
1.231930E+4	-8.968670E-7	5.960510E-8
1.232880E+4	-8.647370E-7	-1.071030E-8
1.235000E+4	-1.014680E-6	8.242250E-8
1.235940E+4	-9.471590E-7	-1.071030E-8
1.238080E+4	-1.016080E-6	8.381960E-9
1.239320E+4	-1.044020E-6	-1.583260E-8
1.240310E+4	-1.118990E-6	2.561150E-8
1.242400E+4	-1.252640E-6	5.262000E-8
1.244550E+4	-1.283370E-6	2.700850E-8
1.245480E+4	-1.243320E-6	-6.519290E-9
1.246560E+4	-1.268000E-6	1.350420E-8
1.248820E+4	-1.307580E-6	1.769520E-8
1.249910E+4	-1.411430E-6	8.894180E-8
1.250940E+4	-1.462650E-6	9.546100E-8
1.253160E+4	-1.499440E-6	9.406400E-8
1.254260E+4	-1.522720E-6	1.005830E-7
1.256260E+4	-1.525510E-6	1.029120E-7
1.257320E+4	-1.523190E-6	1.043090E-7
1.259380E+4	-1.556710E-6	1.178130E-7
1.260400E+4	-1.525050E-6	7.543760E-8
1.262700E+4	-1.568350E-6	9.825500E-8
1.263780E+4	-1.512010E-6	3.539050E-8
1.265830E+4	-1.642390E-6	1.313170E-7
1.266870E+4	-1.590710E-6	5.587960E-8
1.268950E+4	-1.663820E-6	1.075680E-7
1.269930E+4	-1.626560E-6	8.381950E-8
1.271140E+4	-1.592100E-6	5.215430E-8
1.273280E+4	-1.578600E-6	2.793980E-8
1.274190E+4	-1.644260E-6	7.730020E-8
1.276310E+4	-1.580000E-6	-4.190970E-8
1.277270E+4	-1.642860E-6	5.587960E-9
1.279350E+4	-1.580930E-6	-4.377240E-8
1.280370E+4	-1.646120E-6	4.284110E-8
1.282440E+4	-1.590240E-6	2.095490E-8
1.283500E+4	-1.624700E-6	6.891830E-8
1.284830E+4	-1.660560E-6	1.289890E-7
1.286820E+4	-1.645190E-6	1.336460E-7
1.288890E+4	-1.532960E-6	3.539050E-8
1.289930E+4	-1.578130E-6	7.357490E-8
1.291030E+4	-1.568820E-6	9.127010E-8
1.293230E+4	-1.539020E-6	7.124660E-8
1.294360E+4	-1.598620E-6	1.345770E-7
1.296330E+4	-1.576740E-6	1.052400E-7
1.297450E+4	-1.557640E-6	9.918630E-8
1.298380E+4	-1.427720E-6	4.097840E-8
1.300770E+4	-1.417010E-6	2.202590E-7
1.301750E+4	-1.346700E-6	1.327140E-7
1.303880E+4	-1.349030E-6	9.685800E-8
1.304820E+4	-1.362070E-6	7.962850E-8
1.306960E+4	-1.375110E-6	3.632180E-8
1.307880E+4	-1.399320E-6	3.445920E-8
1.310320E+4	-1.449610E-6	8.195680E-8
1.311250E+4	-1.354620E-6	9.313300E-10
1.313370E+4	-1.408630E-6	2.700850E-8
1.314310E+4	-1.420270E-6	4.889470E-8
1.316410E+4	-1.391400E-6	5.168860E-8
1.317400E+4	-1.388610E-6	6.146770E-8
1.318530E+4	-1.412820E-6	8.987310E-8
1.320420E+4	-1.313640E-6	1.490130E-8
1.321840E+4	-1.365330E-6	8.847610E-8
1.322840E+4	-1.278710E-6	1.490130E-8
1.325140E+4	-1.281970E-6	4.144410E-8
1.326230E+4	-1.257290E-6	2.793980E-8
1.328280E+4	-1.298740E-6	8.521650E-8
1.329320E+4	-1.231680E-6	2.887110E-8
1.331580E+4	-1.268930E-6	8.149120E-8
1.332670E+4	-1.189310E-6	2.421450E-8
1.334680E+4	-1.196290E-6	4.516940E-8
1.336020E+4	-1.223300E-6	6.007080E-8
1.336930E+4	-1.191170E-6	1.629830E-8
1.339040E+4	-1.191630E-6	3.213090E-8
1.339950E+4	-1.160440E-6	-5.122300E-9
1.342090E+4	-1.174870E-6	1.816090E-8
1.343010E+4	-1.149260E-6	-2.793980E-9
1.345140E+4	-1.172540E-6	4.097840E-8
1.346090E+4	-1.111080E-6	-1.443560E-8
1.348510E+4	-1.169280E-6	6.333040E-8
1.349450E+4	-1.085000E-6	-8.381960E-9
1.350560E+4	-1.147400E-6	6.705570E-8
1.352850E+4	-1.030980E-6	6.519290E-9
1.353960E+4	-1.062180E-6	5.820790E-8
1.354990E+4	-1.027720E-6	3.865010E-8
1.357260E+4	-1.053330E-6	6.100210E-8
1.358350E+4	-9.918660E-7	-1.536690E-8
1.360570E+4	-1.035640E-6	-7.450640E-9
1.361690E+4	-1.095710E-6	5.075730E-8
1.363660E+4	-9.993160E-7	-4.656650E-10
1.364760E+4	-1.064040E-6	8.707910E-8
1.365980E+4	-1.002580E-6	5.681090E-8
1.368040E+4	-9.588040E-7	2.793980E-8
1.369330E+4	-9.411050E-7	1.862660E-8
1.371360E+4	-9.792930E-7	6.053640E-8
1.372410E+4	-9.234100E-7	1.024460E-8
1.374490E+4	-1.001640E-6	1.150190E-7
1.375500E+4	-9.336550E-7	6.286470E-8
1.376470E+4	-9.257380E-7	6.193340E-8
1.378860E+4	-9.401740E-7	8.801040E-8
1.379800E+4	-9.657890E-7	1.052400E-7
1.381940E+4	-8.721870E-7	1.862660E-8
1.382890E+4	-8.647370E-7	3.166520E-8
1.384990E+4	-9.220130E-7	8.801040E-8
1.386230E+4	-8.363310E-7	2.793980E-9
1.387330E+4	-9.136310E-7	8.754480E-8
1.389610E+4	-8.191020E-7	-1.909220E-8
1.390720E+4	-8.945390E-7	7.031530E-8
1.392700E+4	-8.167740E-7	8.847620E-9
1.393820E+4	-8.046660E-7	-2.793980E-9
1.395100E+4	-8.298120E-7	2.887110E-8
1.397140E+4	-8.894170E-7	8.335380E-8
1.398180E+4	-8.163080E-7	9.313280E-9
1.400460E+4	-8.577520E-7	6.007080E-8
1.401570E+4	-7.757950E-7	-3.725320E-9
1.403590E+4	-8.116510E-7	4.423800E-8
1.404660E+4	-8.256210E-7	7.497190E-8
1.405610E+4	-7.730010E-7	3.539050E-8
1.408010E+4	-7.790550E-7	6.426170E-8
1.409250E+4	-7.380770E-7	2.654280E-8
1.411320E+4	-8.102540E-7	1.117590E-7
1.412310E+4	-7.515810E-7	5.029160E-8
1.414420E+4	-7.823150E-7	8.381950E-8
1.415380E+4	-6.984960E-7	1.536690E-8
1.416400E+4	-7.213130E-7	3.259650E-8
1.418760E+4	-7.189850E-7	4.330670E-8
1.420010E+4	-6.705560E-7	-8.381960E-9
1.422130E+4	-7.143280E-7	3.911580E-8
1.423110E+4	-6.612430E-7	-1.676390E-8
1.424150E+4	-7.320230E-7	5.308560E-8
1.426430E+4	-6.570520E-7	-2.468020E-8
1.427560E+4	-7.064120E-7	2.002350E-8
1.429550E+4	-7.427330E-7	7.404060E-8
1.430680E+4	-6.957020E-7	3.399350E-8
1.432670E+4	-6.412190E-7	1.071030E-8
1.433790E+4	-7.180530E-7	1.019800E-7
1.434730E+4	-7.026870E-7	9.685800E-8
1.437110E+4	-6.672960E-7	9.965200E-8
1.438110E+4	-5.918590E-7	1.396990E-8
1.440230E+4	-6.794030E-7	1.033770E-7
1.441180E+4	-6.007070E-7	3.492480E-8
1.443320E+4	-5.513470E-7	2.188620E-8
1.444560E+4	-5.704390E-7	7.264360E-8
1.446660E+4	-5.606600E-7	3.958140E-8
1.447620E+4	-6.253870E-7	9.452970E-8
1.448860E+4	-5.299260E-7	2.328320E-9
1.450990E+4	-5.574000E-7	3.865010E-8
1.451930E+4	-5.303920E-7	-6.519290E-9
1.454350E+4	-6.067600E-7	7.217800E-8
1.455300E+4	-5.154910E-7	-2.374880E-8
1.456380E+4	-5.522780E-7	2.048920E-8
1.458680E+4	-5.099030E-7	-1.909220E-8
1.459690E+4	-5.420330E-7	2.002350E-8
1.462080E+4	-5.350480E-7	1.164160E-8
1.463120E+4	-6.048980E-7	6.565870E-8
1.464230E+4	-5.294610E-7	9.313300E-10
1.466150E+4	-5.364450E-7	8.847620E-9
1.467270E+4	-4.922080E-7	-3.259650E-8
1.469270E+4	-5.844090E-7	4.889470E-8
1.470370E+4	-5.294610E-7	-4.656640E-9
1.472390E+4	-5.620570E-7	6.426170E-8
1.473450E+4	-4.870850E-7	-7.450640E-9
1.475510E+4	-5.690420E-7	8.801040E-8
1.476520E+4	-5.061770E-7	2.328320E-8
1.478610E+4	-4.554190E-7	-1.490130E-8
1.479880E+4	-4.875510E-7	1.862660E-8
1.480880E+4	-5.383080E-7	7.217800E-8
1.482970E+4	-4.540220E-7	-8.847620E-9
1.485120E+4	-5.434300E-7	7.357490E-8
1.486080E+4	-4.787030E-7	7.450640E-9
1.487170E+4	-4.926730E-7	3.399350E-8
1.489460E+4	-4.684570E-7	3.073390E-8
1.490480E+4	-5.005900E-7	6.286470E-8
1.492860E+4	-4.801000E-7	7.078100E-8
1.493810E+4	-5.196820E-7	1.112940E-7
1.494950E+4	-4.600750E-7	7.357490E-8
1.496930E+4	-4.577470E-7	4.516940E-8
1.498050E+4	-5.164220E-7	1.159500E-7
1.500240E+4	-4.223570E-7	1.722960E-8
1.501360E+4	-5.066430E-7	1.038430E-7
1.502370E+4	-4.749760E-7	6.845270E-8
1.504660E+4	-4.614720E-7	7.031530E-8
1.505740E+4	-4.591440E-7	6.333040E-8
1.507790E+4	-4.079210E-7	4.656640E-9
1.508840E+4	-3.832410E-7	-1.443560E-8
1.510930E+4	-4.679910E-7	8.894180E-8
1.511930E+4	-3.930200E-7	3.073390E-8
1.514270E+4	-4.069900E-7	5.960510E-8
1.515330E+4	-4.037300E-7	6.333040E-8
1.516280E+4	-4.204940E-7	7.823160E-8
1.518690E+4	-3.990740E-7	4.470370E-8
1.519620E+4	-4.684570E-7	1.047740E-7
1.522070E+4	-4.642660E-7	1.168810E-7
1.523010E+4	-4.437770E-7	9.033870E-8
1.525150E+4	-4.121120E-7	7.031530E-8
1.526100E+4	-3.520420E-7	9.313280E-9
1.527210E+4	-4.223570E-7	8.987310E-8
1.529450E+4	-3.115290E-7	-8.847620E-9
1.530520E+4	-3.883630E-7	7.776590E-8
1.532540E+4	-3.483160E-7	3.213090E-8
1.533650E+4	-4.060580E-7	8.428510E-8
1.535660E+4	-3.790500E-7	6.333040E-8
1.536790E+4	-3.250330E-7	2.747410E-8
1.538780E+4	-3.655460E-7	5.960510E-8
1.539910E+4	-3.962800E-7	9.173570E-8
1.541820E+4	-3.180480E-7	5.587960E-9
1.542940E+4	-3.534390E-7	4.796330E-8
1.544930E+4	-4.009360E-7	7.450630E-8
1.546050E+4	-3.767220E-7	5.029160E-8
1.548050E+4	-3.590270E-7	5.401690E-8
1.549160E+4	-2.943000E-7	2.793980E-9
1.551200E+4	-3.688060E-7	8.055990E-8
1.552260E+4	-3.133920E-7	2.933680E-8
1.553210E+4	-3.366750E-7	7.031530E-8
1.555650E+4	-3.427290E-7	9.266710E-8
1.556610E+4	-3.338810E-7	7.683460E-8
1.558750E+4	-2.831240E-7	-4.190980E-9
1.559700E+4	-2.952310E-7	1.490130E-8
1.561840E+4	-3.306210E-7	6.333040E-8
1.562790E+4	-2.584440E-7	7.450640E-9
1.565200E+4	-3.376060E-7	7.730020E-8
1.566130E+4	-2.700850E-7	4.656650E-10
1.567220E+4	-2.854520E-7	4.656640E-9
1.569520E+4	-2.793990E-7	-1.396990E-9
1.570630E+4	-3.194450E-7	3.818450E-8
1.572570E+4	-3.408660E-7	9.359840E-8
1.573630E+4	-2.803300E-7	4.237540E-8
1.574720E+4	-3.320180E-7	7.823160E-8
1.577060E+4	-3.250330E-7	8.661350E-8
1.578110E+4	-2.793990E-7	3.865010E-8
1.580380E+4	-2.821930E-7	4.237540E-8
1.581500E+4	-2.314350E-7	-1.071030E-8
1.583510E+4	-3.250330E-7	7.078100E-8
1.584600E+4	-3.152550E-7	5.448260E-8
1.585540E+4	-3.105980E-7	4.889470E-8
1.587980E+4	-3.040790E-7	4.749770E-8
1.588930E+4	-2.458710E-7	-1.117590E-8
1.591080E+4	-2.565810E-7	2.095490E-8
1.592030E+4	-2.700850E-7	3.958140E-8
1.594170E+4	-2.970940E-7	6.891830E-8
1.595120E+4	-2.407490E-7	1.676390E-8
1.597540E+4	-2.877800E-7	8.055990E-8
1.598480E+4	-2.016320E-7	2.793980E-9
1.599560E+4	-2.812610E-7	1.005830E-7
1.601870E+4	-1.848680E-7	-2.793980E-9
1.602880E+4	-2.216560E-7	3.073390E-8
1.604960E+4	-2.123420E-7	2.700850E-8
1.606010E+4	-2.882460E-7	9.732370E-8
1.608050E+4	-1.899910E-7	4.656640E-9
1.609140E+4	-2.547190E-7	7.124660E-8
1.611140E+4	-2.132740E-7	2.374880E-8
1.612460E+4	-2.169990E-7	2.095490E-8
1.613570E+4	-2.766050E-7	7.590320E-8
1.615590E+4	-2.514590E-7	4.563500E-8
1.616670E+4	-1.895250E-7	-2.328320E-9
1.618740E+4	-2.956970E-7	7.916290E-8
1.619760E+4	-2.244500E-7	4.656640E-9
1.622070E+4	-3.073380E-7	8.940740E-8
1.623160E+4	-2.770700E-7	5.727660E-8
1.625220E+4	-2.253810E-7	1.816090E-8
1.626280E+4	-1.634480E-7	-3.632180E-8
1.628350E+4	-2.454050E-7	6.007080E-8
1.629350E+4	-1.718300E-7	-7.450640E-9
1.630330E+4	-2.076860E-7	3.771880E-8
1.632730E+4	-1.830060E-7	-9.313300E-10
1.633660E+4	-2.691540E-7	8.521650E-8
1.635800E+4	-1.513410E-7	-3.725320E-9
1.636760E+4	-1.573940E-7	1.164160E-8
1.638870E+4	-2.183960E-7	7.543760E-8
1.640170E+4	-1.848680E-7	3.399350E-8
1.641290E+4	-2.556500E-7	8.754480E-8
1.643210E+4	-2.579780E-7	8.381950E-8
1.645340E+4	-1.913880E-7	1.164160E-8
1.646330E+4	-1.830060E-7	1.443560E-8
1.647460E+4	-1.541350E-7	2.328320E-9
1.649750E+4	-2.272440E-7	6.286470E-8
1.650870E+4	-1.890590E-7	1.955790E-8
1.651830E+4	-2.286410E-7	6.286470E-8
1.654240E+4	-2.509930E-7	7.450630E-8
1.655240E+4	-1.979070E-7	2.002350E-8
1.657370E+4	-2.211900E-7	4.842900E-8
1.658640E+4	-2.342290E-7	6.239910E-8
1.660710E+4	-2.542530E-7	6.891830E-8
1.661730E+4	-2.207240E-7	4.237540E-8
1.662710E+4	-2.626350E-7	8.428510E-8
1.665120E+4	-2.537870E-7	5.401690E-8
1.666060E+4	-2.239840E-7	-4.656650E-10
1.668200E+4	-2.463370E-7	2.468020E-8
1.669160E+4	-1.783490E-7	-3.445920E-8
1.671300E+4	-2.277090E-7	5.308560E-8
1.672550E+4	-1.429590E-7	-2.793980E-8
1.673640E+4	-2.202590E-7	5.308560E-8
1.675960E+4	-1.527380E-7	4.656640E-9
1.676980E+4	-1.867310E-7	5.215430E-8
1.679060E+4	-2.030290E-7	8.009420E-8
1.680130E+4	-1.904560E-7	8.055990E-8
1.682170E+4	-1.634480E-7	7.124660E-8
1.683270E+4	-2.207240E-7	1.075680E-7
1.685280E+4	-1.355080E-7	1.210730E-8
1.686600E+4	-1.732270E-7	5.587960E-8
1.687730E+4	-2.146710E-7	8.987310E-8
1.690030E+4	-1.750900E-7	1.303860E-8
1.691120E+4	-2.477340E-7	8.195680E-8
1.692050E+4	-2.421460E-7	7.404060E-8
1.694450E+4	-2.412140E-7	5.587960E-8
1.695410E+4	-1.755550E-7	-3.725320E-9
1.697560E+4	-2.062890E-7	3.678750E-8
1.698820E+4	-1.257290E-7	-4.516940E-8
1.700920E+4	-2.253810E-7	4.703200E-8
1.701900E+4	-1.927850E-7	9.778940E-9
1.703150E+4	-1.350430E-7	-3.492480E-8
1.705300E+4	-1.951130E-7	4.330670E-8
1.706260E+4	-2.416800E-7	7.171230E-8
1.708400E+4	-1.527380E-7	-2.142050E-8
1.709400E+4	-1.932500E-7	5.587960E-9
1.711490E+4	-1.490130E-7	-2.328320E-8
1.712530E+4	-1.844030E-7	3.399350E-8
1.713860E+4	-2.272440E-7	6.565870E-8
1.715870E+4	-2.114110E-7	6.938400E-8
1.717010E+4	-1.713640E-7	3.399350E-8
1.719020E+4	-1.192100E-7	-3.725320E-9
1.720150E+4	-1.341110E-7	4.051280E-8
1.722180E+4	-1.955790E-7	8.009420E-8
1.723270E+4	-1.569290E-7	5.029160E-8
1.725330E+4	-1.098970E-7	-4.190980E-9
1.726650E+4	-2.020980E-7	7.869720E-8
1.728640E+4	-1.937160E-7	6.426170E-8
1.729740E+4	-1.201420E-7	1.164160E-8
1.731790E+4	-1.727610E-7	4.377240E-8
1.732860E+4	-1.844030E-7	4.936030E-8
1.734940E+4	-1.299200E-7	9.778940E-9
1.735960E+4	-1.033770E-7	-7.450640E-9
1.738070E+4	-1.620510E-7	4.190970E-8
1.739050E+4	-1.145530E-7	-8.381960E-9
1.740070E+4	-1.727610E-7	6.100210E-8
1.742450E+4	-1.527380E-7	1.164160E-8
1.743700E+4	-1.173470E-7	-3.445920E-8
1.744820E+4	-1.667080E-7	1.862660E-8
1.746810E+4	-2.267780E-7	7.497190E-8
1.747940E+4	-1.736930E-7	3.259650E-8
1.749870E+4	-1.583260E-7	3.166520E-8
1.751000E+4	-1.755550E-7	7.171230E-8
1.753300E+4	-1.341110E-7	4.423800E-8
1.754430E+4	-1.937160E-7	1.001180E-7
1.755440E+4	-1.615850E-7	6.053640E-8
1.757770E+4	-1.494780E-7	3.166520E-8
1.758840E+4	-9.452970E-8	-2.188620E-8
1.760940E+4	-1.620510E-7	7.264360E-8
1.761960E+4	-1.681050E-7	9.127010E-8
1.764280E+4	-1.327140E-7	5.355130E-8
1.765370E+4	-1.536690E-7	8.242250E-8
1.766620E+4	-9.825500E-8	2.700850E-8
1.768750E+4	-1.755550E-7	7.683460E-8
1.770010E+4	-1.178130E-7	1.583260E-8
1.770960E+4	-1.164160E-7	1.629830E-8
1.773410E+4	-1.755550E-7	4.889470E-8
1.774370E+4	-8.475080E-8	-4.470370E-8
1.776830E+4	-1.490130E-7	4.889470E-8
1.777800E+4	-8.754480E-8	-1.443560E-8
1.779950E+4	-1.229350E-7	2.048920E-8
1.780880E+4	-1.001180E-7	1.862660E-9
1.781920E+4	-1.406310E-7	2.654280E-8
1.783980E+4	-8.614780E-8	2.328320E-9
1.785080E+4	-1.462190E-7	7.078100E-8
1.787390E+4	-7.450630E-8	-4.656640E-9
1.788490E+4	-1.303860E-7	4.656640E-8
1.790470E+4	-1.448220E-7	3.399350E-8
1.791550E+4	-1.774180E-7	8.195680E-8
1.793600E+4	-1.667080E-7	5.820790E-8
1.794720E+4	-8.987310E-8	-1.350420E-8
1.796070E+4	-1.690360E-7	4.936030E-8
1.798160E+4	-1.052400E-7	-9.778940E-9
1.799170E+4	-7.171230E-8	-3.259650E-8
1.801200E+4	-1.550660E-7	5.960510E-8
1.802260E+4	-1.187440E-7	3.259650E-8
1.804650E+4	-1.620510E-7	7.730020E-8
1.805690E+4	-1.168810E-7	3.725310E-8
1.807810E+4	-1.494780E-7	7.264360E-8
1.808820E+4	-1.057060E-7	2.095490E-8
1.809830E+4	-8.521650E-8	6.984950E-9
1.812220E+4	-1.280580E-7	6.891830E-8
1.813180E+4	-7.310930E-8	2.281750E-8
1.815320E+4	-6.705570E-8	8.381960E-9
1.816310E+4	-9.546100E-8	4.284110E-8
1.818410E+4	-1.243320E-7	5.029160E-8
1.819430E+4	-1.667080E-7	8.428510E-8
1.821820E+4	-1.243320E-7	2.887110E-8
1.822800E+4	-1.564630E-7	6.100210E-8
1.823830E+4	-9.173570E-8	0.000000E+0
1.825800E+4	-1.010490E-7	-1.071030E-8
1.826800E+4	-1.546000E-7	4.796330E-8
1.828360E+4	-1.597230E-7	6.100210E-8
1.829230E+4	-1.583260E-7	7.590320E-8
1.829860E+4	-1.713640E-7	8.568210E-8
1.830750E+4	-1.112940E-7	3.445920E-8
1.831010E+4	-9.220140E-8	-8.847620E-9
1.831030E+4	-1.317830E-7	1.955790E-8
1.830970E+4	-1.699670E-7	5.727660E-8
1.830600E+4	-1.303860E-7	3.352780E-8
1.829580E+4	-1.504100E-7	5.727660E-8
1.828860E+4	-6.845270E-8	-2.142050E-8
1.827110E+4	-1.681050E-7	6.379610E-8
1.825950E+4	-9.220140E-8	-1.071030E-8
1.823200E+4	-1.513410E-7	7.217800E-8
1.821830E+4	-1.210730E-7	3.026820E-8
1.820040E+4	-7.078100E-8	-2.654280E-8
1.817250E+4	-9.685800E-8	5.587960E-9
1.815460E+4	-6.239910E-8	-3.306220E-8
1.814010E+4	-9.406400E-8	-6.053630E-9
1.810990E+4	-5.913920E-8	-1.443560E-8
1.809700E+4	-9.033870E-8	2.188620E-8
1.807100E+4	-9.685800E-8	1.490130E-8
1.805900E+4	-6.752130E-8	-1.164160E-8
1.804920E+4	-1.299200E-7	4.423800E-8
1.802570E+4	-1.080340E-7	-1.629830E-8
1.801650E+4	-1.727610E-7	4.656640E-8
1.799530E+4	-1.164160E-7	-6.519290E-9
1.798560E+4	-1.755550E-7	5.541390E-8
1.797680E+4	-1.252640E-7	1.629830E-8
1.795650E+4	-1.788150E-7	6.612440E-8
1.794710E+4	-1.247980E-7	-4.656650E-10
1.792620E+4	-1.527380E-7	1.164160E-8
1.791600E+4	-1.117590E-7	-2.700850E-8
1.789230E+4	-1.229350E-7	7.450640E-9
1.788260E+4	-1.145530E-7	2.002350E-8
1.786130E+4	-1.364400E-7	4.284110E-8
1.785140E+4	-9.546100E-8	-5.122300E-9
1.783070E+4	-1.364400E-7	3.026820E-8
1.782030E+4	-1.690360E-7	7.031530E-8
1.780720E+4	-7.078100E-8	-2.700850E-8
1.778760E+4	-1.513410E-7	4.051280E-8
1.777650E+4	-1.620510E-7	3.911580E-8
1.775470E+4	-1.341110E-7	1.303860E-8
1.774390E+4	-9.685800E-8	-2.374880E-8
1.773380E+4	-1.369050E-7	2.607710E-8
1.771320E+4	-1.150190E-7	3.492480E-8
1.769360E+4	-1.611200E-7	6.612440E-8
1.768260E+4	-1.024460E-7	-1.909220E-8
1.767010E+4	-1.592570E-7	2.747410E-8
1.764970E+4	-1.373710E-7	-6.984950E-9
1.763680E+4	-1.280580E-7	-7.916300E-9
1.762730E+4	-1.196760E-7	-5.122300E-9
1.760350E+4	-1.867310E-7	8.428510E-8
1.759120E+4	-1.704330E-7	7.590320E-8
1.758150E+4	-1.811430E-7	9.918630E-8
1.756080E+4	-1.732270E-7	6.659000E-8
1.755060E+4	-1.033770E-7	-2.281750E-8
1.753030E+4	-1.820740E-7	6.239910E-8
1.751970E+4	-1.085000E-7	-6.984950E-9
1.749990E+4	-1.550660E-7	4.004710E-8
1.748710E+4	-1.746240E-7	5.262000E-8
1.747600E+4	-9.546100E-8	-3.445920E-8
1.745140E+4	-1.732270E-7	5.494830E-8
1.744040E+4	-1.029120E-7	-3.399350E-8
1.742060E+4	-1.881280E-7	6.798700E-8
1.740930E+4	-1.247980E-7	6.984950E-9
1.739960E+4	-1.653110E-7	3.213090E-8
1.737650E+4	-1.150190E-7	-6.519290E-9
1.736600E+4	-6.984960E-8	-2.235190E-8
1.734380E+4	-1.261950E-7	4.796330E-8
1.733280E+4	-6.705570E-8	-9.313280E-9
1.732350E+4	-1.518060E-7	8.055990E-8
1.729990E+4	-1.234010E-7	4.330670E-8
1.729020E+4	-1.704330E-7	7.450630E-8
1.728030E+4	-8.707910E-8	-2.700850E-8
1.725670E+4	-1.494780E-7	3.818450E-8
1.724740E+4	-1.527380E-7	5.867350E-8
1.722340E+4	-1.853340E-7	6.565870E-8
1.721410E+4	-1.904560E-7	6.193340E-8
1.720350E+4	-1.699670E-7	3.585610E-8
1.718070E+4	-2.202590E-7	4.097840E-8
1.717000E+4	-1.387680E-7	-4.610070E-8
1.715050E+4	-1.345770E-7	-3.678750E-8
1.713720E+4	-1.294550E-7	-3.306220E-8
1.711700E+4	-1.504100E-7	2.281750E-8
1.710630E+4	-1.094310E-7	-1.909220E-8
1.709570E+4	-1.704330E-7	2.933680E-8
1.707320E+4	-2.114110E-7	6.426170E-8
1.707320E+4	-2.114110E-7	6.426170E-8
1.706210E+4	-1.257290E-7	-9.313280E-9
1.702910E+4	-1.406310E-7	7.916300E-9
1.701910E+4	-1.937160E-7	5.215430E-8
1.699820E+4	-1.681050E-7	3.865010E-8
1.698880E+4	-2.011670E-7	6.426170E-8
1.696560E+4	-1.303860E-7	1.117590E-8
1.695540E+4	-2.183960E-7	8.568210E-8
1.694600E+4	-2.067550E-7	8.009420E-8
1.692220E+4	-1.452870E-7	1.117590E-8
1.691270E+4	-1.061710E-7	-2.468020E-8
1.689160E+4	-2.039610E-7	7.124660E-8
1.688230E+4	-2.123420E-7	7.264360E-8
1.686120E+4	-1.541350E-7	-1.443560E-8
1.686120E+4	-1.541350E-7	-1.443560E-8
1.682800E+4	-2.137390E-7	2.793980E-8
1.681860E+4	-2.654290E-7	8.055990E-8
1.679750E+4	-2.663600E-7	7.543760E-8
1.678800E+4	-2.067550E-7	1.490130E-8
1.676730E+4	-2.286410E-7	6.426170E-8
1.675730E+4	-1.629820E-7	2.095490E-8
1.673680E+4	-2.398170E-7	8.149120E-8
1.672630E+4	-1.811430E-7	3.492480E-8
1.671550E+4	-2.314350E-7	8.987310E-8
1.669520E+4	-1.955790E-7	5.448260E-8
1.667540E+4	-1.955790E-7	6.239910E-8
1.666430E+4	-1.341110E-7	6.053630E-9
1.665430E+4	-1.480810E-7	2.793980E-8
1.663130E+4	-1.532030E-7	4.097840E-8
1.662080E+4	-2.146710E-7	9.452970E-8
1.659770E+4	-2.086170E-7	7.124660E-8
1.658740E+4	-1.718300E-7	2.002350E-8
1.657540E+4	-2.146710E-7	5.913920E-8
1.656520E+4	-2.249150E-7	6.984960E-8
1.654200E+4	-2.277090E-7	7.730020E-8
1.653240E+4	-1.834710E-7	4.656640E-8
1.650860E+4	-1.597230E-7	1.396990E-8
1.649940E+4	-2.509930E-7	8.894180E-8
1.648840E+4	-1.820740E-7	5.587960E-9
1.646590E+4	-2.393520E-7	9.825500E-8
1.645560E+4	-2.007010E-7	5.913920E-8
1.643520E+4	-1.867310E-7	2.887110E-8
1.642430E+4	-1.592570E-7	0.000000E+0
1.640450E+4	-2.607720E-7	9.732370E-8
1.639340E+4	-1.853340E-7	2.002350E-8
1.637370E+4	-1.848680E-7	2.933680E-8
1.636260E+4	-2.072200E-7	4.144410E-8
1.634300E+4	-2.426110E-7	5.820790E-8
1.633200E+4	-2.803300E-7	7.497190E-8
1.631050E+4	-2.225870E-7	3.026820E-8
1.629940E+4	-2.710170E-7	6.333040E-8
1.627990E+4	-2.747420E-7	7.217800E-8
1.626870E+4	-2.295720E-7	3.632180E-8
1.625630E+4	-2.677570E-7	8.661350E-8
1.623600E+4	-1.876620E-7	6.984950E-9
1.622300E+4	-2.360910E-7	6.938400E-8
1.620250E+4	-1.792810E-7	2.700850E-8
1.619300E+4	-1.941820E-7	4.097840E-8
1.618370E+4	-1.643790E-7	-8.381960E-9
1.615940E+4	-2.281750E-7	4.097840E-8
1.615010E+4	-1.951130E-7	9.313280E-9
1.612890E+4	-1.997700E-7	1.210730E-8
1.611670E+4	-2.728790E-7	8.009420E-8
1.610610E+4	-2.314350E-7	3.725310E-8
1.608610E+4	-2.370230E-7	3.725310E-8
1.607320E+4	-1.969760E-7	-1.909220E-8
1.606190E+4	-2.486650E-7	2.235190E-8
1.604030E+4	-2.696200E-7	5.587960E-8
1.602910E+4	-2.277090E-7	4.190980E-9
1.600950E+4	-2.267780E-7	-1.536690E-8
1.599840E+4	-2.654290E-7	4.656640E-9
1.597880E+4	-2.495960E-7	-3.213090E-8
1.596780E+4	-3.459880E-7	5.215430E-8
1.594570E+4	-3.357440E-7	4.749770E-8
1.593460E+4	-2.677570E-7	-7.916300E-9
1.592170E+4	-2.770700E-7	6.053630E-9
1.590170E+4	-2.463370E-7	-1.257290E-8
1.589120E+4	-3.087350E-7	5.913920E-8
1.588170E+4	-2.440080E-7	-1.164160E-8
1.585740E+4	-3.050100E-7	5.681090E-8
1.584530E+4	-3.264300E-7	8.661350E-8
1.582420E+4	-3.320180E-7	9.685800E-8
1.581490E+4	-2.789330E-7	3.166520E-8
1.579370E+4	-2.840550E-7	2.188620E-8
1.578440E+4	-3.529730E-7	8.195680E-8
1.576330E+4	-3.431940E-7	6.286470E-8
1.575380E+4	-2.784670E-7	1.443560E-8
1.573320E+4	-3.362090E-7	7.730020E-8
1.572310E+4	-2.733450E-7	2.048920E-8
1.571200E+4	-3.455220E-7	9.313270E-8
1.569020E+4	-3.459880E-7	9.592670E-8
1.567900E+4	-3.157200E-7	6.053640E-8
1.565960E+4	-3.096670E-7	5.168860E-8
1.564840E+4	-2.505280E-7	-2.281750E-8
1.562880E+4	-2.831240E-7	5.029160E-8
1.561560E+4	-2.398170E-7	-6.053630E-9
1.560570E+4	-3.096670E-7	6.612440E-8
1.558490E+4	-2.509930E-7	3.492480E-8
1.557230E+4	-3.012850E-7	8.288820E-8
1.555210E+4	-2.235180E-7	-9.313280E-9
1.554200E+4	-3.306210E-7	8.801040E-8
1.553250E+4	-3.110640E-7	6.007080E-8
1.550870E+4	-2.947650E-7	3.632180E-8
1.549900E+4	-3.259650E-7	5.774220E-8
1.547540E+4	-3.264300E-7	2.328320E-9
1.546600E+4	-3.855690E-7	5.122300E-8
1.545490E+4	-3.860350E-7	4.516940E-8
1.543240E+4	-3.976770E-7	4.749770E-8
1.542190E+4	-3.790500E-7	2.561150E-8
1.540170E+4	-3.627520E-7	3.492480E-8
1.540170E+4	-3.627520E-7	3.492480E-8
1.539080E+4	-3.115290E-7	-1.350420E-8
1.535800E+4	-3.627520E-7	3.119950E-8
1.533780E+4	-3.729970E-7	4.936030E-8
1.532720E+4	-3.366750E-7	1.443560E-8
1.530750E+4	-4.293420E-7	1.057060E-7
1.529650E+4	-3.520420E-7	1.024460E-8
1.528640E+4	-3.743930E-7	2.933680E-8
1.526400E+4	-3.618210E-7	2.933680E-8
1.525330E+4	-3.390030E-7	6.519290E-9
1.523320E+4	-3.241020E-7	-1.164160E-8
1.522290E+4	-3.757900E-7	4.097840E-8
1.520240E+4	-3.888290E-7	6.193340E-8
1.519240E+4	-3.883630E-7	5.587960E-8
1.517150E+4	-3.553010E-7	5.587960E-9
1.516210E+4	-4.349290E-7	7.823160E-8
1.514090E+4	-4.577470E-7	1.145530E-7
1.512870E+4	-4.330670E-7	8.055990E-8
1.511920E+4	-3.823100E-7	2.468020E-8
1.509850E+4	-4.740450E-7	9.546100E-8
1.508840E+4	-4.395860E-7	3.911580E-8
1.506800E+4	-4.163030E-7	3.259650E-8
1.505750E+4	-4.060580E-7	1.955790E-8
1.503750E+4	-4.391200E-7	6.612440E-8
1.502660E+4	-3.837070E-7	1.536690E-8
1.500690E+4	-4.037300E-7	3.725310E-8
1.499570E+4	-4.214250E-7	4.516940E-8
1.497620E+4	-4.717170E-7	7.823160E-8
1.496500E+4	-4.037300E-7	-2.328320E-9
1.494330E+4	-4.908110E-7	8.707910E-8
1.493220E+4	-4.093180E-7	-4.656640E-9
1.492210E+4	-4.698540E-7	5.448260E-8
1.489940E+4	-4.279450E-7	-1.396990E-9
1.488860E+4	-4.572810E-7	2.421450E-8
1.486560E+4	-5.117650E-7	7.450630E-8
1.485500E+4	-5.005900E-7	4.470370E-8
1.484590E+4	-5.317890E-7	9.546100E-8
1.484590E+4	-5.317890E-7	9.546100E-8
1.481250E+4	-5.220100E-7	6.053640E-8
1.479140E+4	-4.833600E-7	2.142050E-8
1.478220E+4	-5.466900E-7	9.359840E-8
1.476090E+4	-5.490180E-7	1.015150E-7
1.475150E+4	-4.549530E-7	2.328320E-8
1.473050E+4	-5.085060E-7	9.825500E-8
1.472060E+4	-5.178190E-7	1.145530E-7
1.469990E+4	-5.257350E-7	8.894180E-8
1.468970E+4	-4.759080E-7	3.492480E-8
1.466930E+4	-5.271320E-7	6.705570E-8
1.465850E+4	-4.544870E-7	-1.583260E-8
1.463910E+4	-5.359800E-7	4.936030E-8
1.462890E+4	-4.824290E-7	-8.847620E-9
1.460880E+4	-5.252700E-7	2.281750E-8
1.459800E+4	-5.774240E-7	6.053640E-8
1.458460E+4	-5.336510E-7	9.778940E-9
1.456450E+4	-5.653160E-7	3.352780E-8
1.455160E+4	-5.397050E-7	-5.122300E-9
1.453210E+4	-5.937220E-7	4.889470E-8
1.452120E+4	-6.137450E-7	7.497190E-8
1.451210E+4	-5.392390E-7	3.259640E-9
1.449080E+4	-5.709040E-7	3.259650E-8
1.448150E+4	-6.388910E-7	9.592670E-8
1.446030E+4	-6.477380E-7	8.288820E-8
1.445070E+4	-5.713700E-7	-5.122300E-9
1.443000E+4	-6.817320E-7	8.661350E-8
1.442000E+4	-6.435480E-7	5.168860E-8
1.439660E+4	-6.426160E-7	5.774220E-8
1.438720E+4	-6.873200E-7	9.872060E-8
1.436620E+4	-6.654340E-7	8.987310E-8
1.435640E+4	-6.188670E-7	4.330670E-8
1.433610E+4	-6.700900E-7	8.801040E-8
1.432590E+4	-6.076920E-7	3.725310E-8
1.430600E+4	-6.924420E-7	8.661350E-8
1.429530E+4	-6.468070E-7	2.654280E-8
1.428490E+4	-6.565860E-7	2.328320E-8
1.426280E+4	-6.919760E-7	4.423800E-8
1.426280E+4	-6.919760E-7	4.423800E-8
1.422990E+4	-7.427330E-7	1.019800E-7
1.421860E+4	-6.617080E-7	1.257290E-8
1.420870E+4	-6.910450E-7	2.840550E-8
1.418570E+4	-7.106030E-7	1.071030E-8
1.417520E+4	-7.133970E-7	2.468020E-8
1.415180E+4	-7.520470E-7	4.563500E-8
1.414150E+4	-6.994270E-7	-6.053630E-9
1.412950E+4	-7.632220E-7	6.333040E-8
1.411920E+4	-7.539090E-7	6.612440E-8
1.409600E+4	-7.352830E-7	3.259650E-8
1.408640E+4	-7.888340E-7	8.475080E-8
1.406260E+4	-7.343510E-7	8.381960E-9
1.405330E+4	-7.324890E-7	2.328320E-9
1.404210E+4	-8.279490E-7	1.005830E-7
1.401970E+4	-8.512320E-7	8.381950E-8
1.400930E+4	-8.586830E-7	7.031530E-8
1.398600E+4	-8.349340E-7	5.587960E-8
1.397650E+4	-8.409880E-7	4.796330E-8
1.396250E+4	-7.860400E-7	-1.816090E-8
1.394300E+4	-8.116510E-7	2.468020E-8
1.392980E+4	-8.186360E-7	3.399350E-8
1.391940E+4	-8.018720E-7	2.002350E-8
1.389890E+4	-8.177050E-7	3.585610E-8
1.387940E+4	-8.796380E-7	4.703200E-8
1.386810E+4	-8.200330E-7	-1.490130E-8
1.385870E+4	-8.270180E-7	-1.071030E-8
1.383550E+4	-8.535610E-7	-7.450640E-9
1.382530E+4	-9.136310E-7	4.889470E-8
1.380310E+4	-9.168910E-7	1.769520E-8
1.379220E+4	-9.420360E-7	3.818450E-8
1.378300E+4	-9.834840E-7	7.962850E-8
1.376180E+4	-9.769650E-7	7.636890E-8
1.375250E+4	-9.806900E-7	8.428510E-8
1.373140E+4	-1.017010E-6	9.033870E-8
1.372170E+4	-9.420360E-7	7.916300E-9
1.370100E+4	-1.024930E-6	1.015150E-7
1.369090E+4	-9.457620E-7	2.188620E-8
1.367070E+4	-1.040290E-6	9.825500E-8
1.366010E+4	-9.713770E-7	1.909220E-8
1.364030E+4	-9.452960E-7	-1.396990E-8
1.362740E+4	-9.946600E-7	5.029160E-8
1.360700E+4	-1.035170E-6	8.707910E-8
1.359650E+4	-9.876750E-7	2.654280E-8
1.357630E+4	-1.088720E-6	1.098970E-7
1.356540E+4	-1.011890E-6	2.002350E-8
1.355500E+4	-1.101300E-6	1.019800E-7
1.353450E+4	-1.036570E-6	1.722960E-8
1.352450E+4	-1.091050E-6	7.776590E-8
1.350360E+4	-1.131100E-6	8.894180E-8
1.350360E+4	-1.131100E-6	8.894180E-8
1.347100E+4	-1.147400E-6	7.683460E-8
1.345810E+4	-1.164160E-6	9.685800E-8
1.344880E+4	-1.140410E-6	6.333040E-8
1.342450E+4	-1.103620E-6	2.188620E-8
1.341540E+4	-1.202810E-6	1.243320E-7
1.339410E+4	-1.159040E-6	7.264360E-8
1.339410E+4	-1.159040E-6	7.264360E-8
1.337360E+4	-1.214920E-6	9.825500E-8
1.335110E+4	-1.261480E-6	1.168810E-7
1.334060E+4	-1.278250E-6	1.164160E-7
1.331750E+4	-1.240530E-6	7.962850E-8
1.330790E+4	-1.307580E-6	1.112940E-7
1.328720E+4	-1.342040E-6	9.080440E-8
1.327710E+4	-1.281040E-6	2.421450E-8
1.326610E+4	-1.265210E-6	-3.259640E-9
1.324440E+4	-1.343910E-6	7.730020E-8
1.323320E+4	-1.278710E-6	-6.984950E-9
1.321140E+4	-1.376500E-6	8.335380E-8
1.320050E+4	-1.319230E-6	3.725320E-9
1.319010E+4	-1.365790E-6	3.725310E-8
1.316780E+4	-1.335520E-6	-1.490130E-8
1.315660E+4	-1.401650E-6	4.703200E-8
1.314440E+4	-1.394660E-6	6.845270E-8
1.312330E+4	-1.426330E-6	1.019800E-7
1.311410E+4	-1.420740E-6	6.565870E-8
1.309320E+4	-1.495710E-6	9.592670E-8
1.308400E+4	-1.419340E-6	-1.396990E-9
1.306280E+4	-1.527840E-6	7.730020E-8
1.305310E+4	-1.502230E-6	4.144410E-8
1.303240E+4	-1.496180E-6	1.909220E-8
1.302300E+4	-1.451940E-6	-2.235190E-8
1.299880E+4	-1.473830E-6	4.656640E-9
1.298920E+4	-1.460320E-6	-4.656640E-9
1.296820E+4	-1.514800E-6	3.958140E-8
1.295820E+4	-1.550660E-6	6.053640E-8
1.293770E+4	-1.545070E-6	2.235190E-8
1.292530E+4	-1.575340E-6	7.078100E-8
1.291410E+4	-1.558580E-6	2.887110E-8
1.289240E+4	-1.657300E-6	1.383020E-7
1.288170E+4	-1.602350E-6	6.053640E-8
1.287120E+4	-1.591640E-6	2.654280E-8
1.284940E+4	-1.651240E-6	5.262000E-8
1.283830E+4	-1.600490E-6	-1.909220E-8
1.281660E+4	-1.698740E-6	7.124660E-8
1.281660E+4	-1.698740E-6	7.124660E-8
1.279260E+4	-1.634940E-6	2.793980E-9
1.277190E+4	-1.681040E-6	3.771880E-8
1.275930E+4	-1.613060E-6	-2.514580E-8
1.273910E+4	-1.649380E-6	2.980250E-8
1.272870E+4	-1.693150E-6	9.313270E-8
1.271950E+4	-1.590710E-6	4.656640E-9
1.269540E+4	-1.654500E-6	3.399350E-8
1.268290E+4	-1.712710E-6	8.288820E-8
1.267330E+4	-1.680580E-6	5.494830E-8
1.265220E+4	-1.606540E-6	1.024460E-8
1.263910E+4	-1.650780E-6	5.215430E-8
1.261820E+4	-1.675920E-6	7.590320E-8
1.260800E+4	-1.602350E-6	1.164160E-8
1.258760E+4	-1.633550E-6	4.470370E-8
1.257790E+4	-1.559510E-6	-2.048920E-8
1.256670E+4	-1.635880E-6	7.264360E-8
1.254430E+4	-1.583720E-6	3.026820E-8
1.253320E+4	-1.522720E-6	-6.053630E-9
1.251350E+4	-1.481740E-6	-6.519290E-9
1.250290E+4	-1.493380E-6	2.421450E-8
1.248290E+4	-1.487330E-6	4.330670E-8
1.246990E+4	-1.437500E-6	-1.862660E-9
1.246070E+4	-1.476620E-6	4.656640E-8
1.243720E+4	-1.408630E-6	9.313280E-9
1.242720E+4	-1.406300E-6	1.816090E-8
1.241750E+4	-1.330400E-6	-2.933680E-8
1.239140E+4	-1.361140E-6	2.561150E-8
1.238150E+4	-1.269400E-6	-2.933680E-8
1.236890E+4	-1.238670E-6	-1.443560E-8
1.234800E+4	-1.231680E-6	4.051280E-8
1.233870E+4	-1.215380E-6	5.122300E-8
1.231450E+4	-1.079410E-6	1.303860E-8
1.230520E+4	-1.099900E-6	5.262000E-8
1.228430E+4	-1.024000E-6	3.585610E-8
1.227460E+4	-9.359830E-7	-1.071030E-8
1.226330E+4	-8.768440E-7	-3.539050E-8
1.224190E+4	-8.717220E-7	5.541390E-8
1.223070E+4	-7.473900E-7	-3.166520E-8
1.221120E+4	-6.528610E-7	-3.585610E-8
1.219980E+4	-6.407540E-7	4.656650E-10
1.218010E+4	-5.527440E-7	1.164160E-8
1.216670E+4	-4.619380E-7	-3.818450E-8
1.215650E+4	-4.568160E-7	-3.725320E-9
1.213390E+4	-2.947650E-7	-5.587960E-8
1.212280E+4	-2.943000E-7	5.587960E-9
1.210290E+4	-2.095480E-7	4.889470E-8
1.208960E+4	-1.396990E-7	3.865010E-8
1.206970E+4	-8.381960E-9	2.654280E-8
1.205960E+4	-9.313280E-9	8.801040E-8
1.205030E+4	1.066370E-7	2.188620E-8
1.202650E+4	2.365570E-7	1.722960E-8
1.201740E+4	2.332970E-7	7.404060E-8
1.199610E+4	4.456400E-7	9.313300E-10
1.198390E+4	4.619380E-7	5.168860E-8
1.197380E+4	5.392390E-7	3.119950E-8
1.195350E+4	6.789380E-7	2.328320E-8
1.194280E+4	7.916280E-7	-3.213090E-8
1.192290E+4	9.266700E-7	-3.073390E-8
1.191000E+4	9.839500E-7	3.725320E-9
1.188960E+4	1.095710E-6	2.142050E-8
1.187930E+4	1.176270E-6	-6.053630E-9
1.185940E+4	1.235410E-6	4.563500E-8
1.184860E+4	1.354620E-6	-2.002350E-8
1.183840E+4	1.371380E-6	4.703200E-8
1.181800E+4	1.581860E-6	-1.676390E-8
1.179840E+4	1.702000E-6	2.654280E-8
1.178710E+4	1.858000E-6	-4.377240E-8
1.177770E+4	1.941820E-6	-2.980250E-8
1.175420E+4	2.093630E-6	-2.607710E-8
1.174400E+4	2.077800E-6	6.565870E-8
1.174400E+4	2.077800E-6	6.565870E-8
1.171350E+4	2.332050E-6	1.955790E-8
1.169240E+4	2.455450E-6	5.308560E-8
1.168310E+4	2.616100E-6	-4.423800E-8
1.167280E+4	2.624950E-6	-1.117590E-8
1.164990E+4	2.746950E-6	2.374880E-8
1.164050E+4	2.845210E-6	-5.122300E-9
1.162020E+4	2.976990E-6	0.000000E+0
1.161010E+4	3.094330E-6	-4.656640E-8
1.158980E+4	3.154400E-6	2.887110E-8
1.157920E+4	3.295500E-6	-4.703200E-8
1.155930E+4	3.324840E-6	5.262000E-8
1.154830E+4	3.472450E-6	-3.539050E-8
1.152870E+4	3.613080E-6	-5.355130E-8
1.151730E+4	3.649400E-6	-5.262000E-8
1.149780E+4	3.696430E-6	2.700850E-8
1.148660E+4	3.729030E-6	3.445920E-8
1.146690E+4	3.925090E-6	-4.190970E-8
1.145600E+4	3.959550E-6	-2.933680E-8
1.143580E+4	4.105760E-6	-5.122300E-9
1.142260E+4	4.372120E-6	-6.519300E-8
1.141320E+4	4.385630E-6	1.396990E-8
1.138880E+4	4.477830E-6	-1.676390E-8
1.137960E+4	4.426610E-6	4.423800E-8
1.135830E+4	4.548610E-6	-5.867350E-8
1.134910E+4	4.529050E-6	-1.443560E-8
1.132810E+4	4.599830E-6	-3.306220E-8
1.131890E+4	4.564440E-6	3.166520E-8
1.129760E+4	4.629170E-6	4.330670E-8
1.129760E+4	4.629170E-6	4.330670E-8
1.126730E+4	4.773520E-6	1.490130E-8
1.125800E+4	4.874110E-6	-4.982600E-8
1.124680E+4	4.798670E-6	4.284110E-8
1.122480E+4	4.840580E-6	4.097840E-8
1.121420E+4	4.927190E-6	-2.002350E-8
1.119450E+4	4.942090E-6	-1.722960E-8
1.118340E+4	5.047800E-6	-7.310930E-8
1.116390E+4	5.093430E-6	-5.355130E-8
1.115270E+4	5.047800E-6	1.862660E-8
1.113330E+4	5.092970E-6	3.026820E-8
1.112210E+4	5.132550E-6	2.887110E-8
1.109980E+4	5.133940E-6	8.568210E-8
1.108870E+4	5.186100E-6	4.423800E-8
1.107940E+4	5.173530E-6	5.587960E-8
1.105850E+4	5.232660E-6	-2.188620E-8
1.104910E+4	5.167470E-6	5.029160E-8
1.102760E+4	5.169800E-6	5.681090E-8
1.101840E+4	5.228010E-6	4.656640E-9
1.099670E+4	5.191690E-6	4.610070E-8
1.098750E+4	5.230340E-6	1.164160E-8
1.096330E+4	5.290870E-6	-6.239910E-8
1.095430E+4	5.201930E-6	3.026820E-8
1.093320E+4	5.209380E-6	1.769520E-8
1.092410E+4	5.173060E-6	4.423800E-8
1.090310E+4	5.134410E-6	5.913920E-8
1.089390E+4	5.239650E-6	-4.982600E-8
1.087290E+4	5.123700E-6	6.426170E-8
1.086320E+4	5.121840E-6	6.565870E-8
1.085200E+4	5.104610E-6	6.426170E-8
1.083030E+4	5.086450E-6	2.374880E-8
1.081910E+4	5.119970E-6	-4.936030E-8
1.079660E+4	4.931850E-6	4.377240E-8
1.078530E+4	4.984930E-6	-3.445920E-8
1.077560E+4	4.926260E-6	-2.607710E-8
1.075270E+4	4.861070E-6	-2.281750E-8
1.074210E+4	4.798670E-6	2.374880E-8
1.072180E+4	4.814500E-6	-4.423800E-8
1.071180E+4	4.688310E-6	3.026820E-8
1.069960E+4	4.721830E-6	-3.026820E-8
1.067830E+4	4.611010E-6	3.352780E-8
1.066910E+4	4.530450E-6	7.823160E-8
1.066910E+4	4.530450E-6	7.823160E-8
1.063560E+4	4.358620E-6	4.889470E-8
1.061450E+4	4.339530E-6	-2.793980E-8
1.060540E+4	4.231030E-6	3.958140E-8
1.059470E+4	4.240340E-6	-4.516940E-8
1.056940E+4	4.062920E-6	1.816090E-8
1.055960E+4	4.037780E-6	-1.769520E-8
1.053910E+4	3.908790E-6	6.519290E-9
1.052890E+4	3.893890E-6	-3.771880E-8
1.051570E+4	3.837080E-6	-3.445920E-8
1.049610E+4	3.623330E-6	6.146770E-8
1.048480E+4	3.615410E-6	-2.421450E-8
1.046520E+4	3.502250E-6	1.536690E-8
1.045390E+4	3.498990E-6	-2.980250E-8
1.043410E+4	3.305740E-6	5.262000E-8
1.042080E+4	3.334620E-6	-3.865010E-8
1.040140E+4	3.187930E-6	1.862660E-9
1.039030E+4	3.134850E-6	6.519290E-9
1.037080E+4	3.004460E-6	7.497190E-8
1.036000E+4	3.029140E-6	-4.656640E-9
1.035090E+4	2.898760E-6	8.475080E-8
1.032960E+4	2.780480E-6	7.031530E-8
1.030920E+4	2.732980E-6	2.188620E-8
1.030920E+4	2.732980E-6	2.188620E-8
1.028710E+4	2.546250E-6	8.987310E-8
1.026570E+4	2.434960E-6	8.335380E-8
1.025660E+4	2.490840E-6	-2.654280E-8
1.024380E+4	2.415400E-6	1.164160E-8
1.022330E+4	2.351600E-6	-1.210730E-8
1.021100E+4	2.229140E-6	6.565870E-8
1.018990E+4	2.149040E-6	4.610070E-8
1.018040E+4	2.171860E-6	-2.048920E-8
1.015970E+4	2.018660E-6	4.656640E-8
1.014970E+4	1.998630E-6	3.352780E-8
1.012940E+4	1.965570E-6	4.656640E-9
1.011880E+4	1.976750E-6	-2.980250E-8
1.009900E+4	1.824930E-6	8.847610E-8
1.008790E+4	1.858460E-6	4.144410E-8
1.007770E+4	1.845420E-6	1.350420E-8
1.005540E+4	1.742510E-6	2.421450E-8
1.005540E+4	1.742510E-6	2.421450E-8
1.002280E+4	1.661490E-6	-7.916300E-9
1.001150E+4	1.658230E-6	-3.539050E-8
1.000220E+4	1.501760E-6	8.754480E-8
9.978900E+3	1.519460E-6	9.313280E-9
9.968800E+3	1.389070E-6	9.080440E-8
9.948200E+3	1.396060E-6	1.164160E-8
9.938500E+3	1.311310E-6	6.007080E-8
9.917300E+3	1.367650E-6	-3.865010E-8
9.908200E+3	1.274520E-6	5.681090E-8
9.886700E+3	1.226560E-6	7.823160E-8
9.877600E+3	1.223300E-6	5.774220E-8
9.856400E+3	1.164160E-6	8.288820E-8
9.847300E+3	1.244250E-6	-2.235190E-8
9.826300E+3	1.102230E-6	7.823160E-8
9.826300E+3	1.102230E-6	7.823160E-8
9.796300E+3	1.129240E-6	-9.778940E-9
9.784100E+3	1.036570E-6	5.727660E-8
9.784100E+3	1.036570E-6	5.727660E-8
9.753400E+3	1.031910E-6	-2.328320E-9
9.753400E+3	1.031910E-6	-2.328320E-9
9.719800E+3	9.136310E-7	6.007080E-8
9.709400E+3	9.611320E-7	-1.210730E-8
9.699000E+3	9.471590E-7	-1.071030E-8
9.675600E+3	8.991960E-7	9.313280E-9
9.665300E+3	8.777750E-7	1.164160E-8
9.642800E+3	8.270180E-7	5.494830E-8
9.631900E+3	8.745160E-7	-1.024460E-8
9.622800E+3	7.674130E-7	7.357490E-8
9.601300E+3	7.962840E-7	3.725320E-9
9.592200E+3	7.292290E-7	3.492480E-8
9.568100E+3	7.725360E-7	-5.727660E-8
9.559000E+3	6.821970E-7	3.632180E-8
9.548200E+3	6.486700E-7	6.938400E-8
9.525600E+3	6.663650E-7	3.911580E-8
9.515700E+3	6.402880E-7	5.075730E-8
9.495200E+3	6.533260E-7	1.443560E-8
9.483000E+3	6.784720E-7	-2.188620E-8
9.471700E+3	6.486700E-7	3.725320E-9
9.449800E+3	6.342340E-7	9.313300E-10
9.439200E+3	6.458760E-7	-2.468020E-8
9.419500E+3	5.844090E-7	2.142050E-8
9.419500E+3	5.844090E-7	2.142050E-8
9.389100E+3	5.466900E-7	1.722960E-8
9.377800E+3	4.945360E-7	3.352780E-8
9.358300E+3	4.526250E-7	6.426170E-8
9.347000E+3	4.372580E-7	6.565870E-8
9.327200E+3	4.679910E-7	2.887110E-8
9.314000E+3	4.246850E-7	6.053640E-8
9.314000E+3	4.246850E-7	6.053640E-8
9.283100E+3	3.608890E-7	6.845270E-8
9.263700E+3	3.902260E-7	-9.313280E-9
9.252500E+3	3.054760E-7	5.587960E-8
9.243500E+3	3.660120E-7	-2.514580E-8
9.222200E+3	2.803300E-7	2.328320E-8
9.213100E+3	2.319000E-7	5.913920E-8
9.191900E+3	2.225870E-7	2.747410E-8
9.182600E+3	2.798640E-7	-4.004710E-8
9.161600E+3	1.583260E-7	6.426170E-8
9.151600E+3	1.676390E-7	5.587960E-8
9.127700E+3	1.932500E-7	1.257290E-8
9.118300E+3	9.266710E-8	8.987310E-8
9.106900E+3	1.550660E-7	-9.778940E-9
9.084700E+3	3.771880E-8	7.031530E-8
9.074000E+3	1.136220E-7	-1.676390E-8
9.051300E+3	9.313280E-9	6.659000E-8
9.040400E+3	5.262000E-8	1.909220E-8
9.030200E+3	5.681090E-8	-6.519290E-9
9.009800E+3	2.235190E-8	-1.490130E-8
8.990500E+3	-7.171230E-8	2.887110E-8
8.979200E+3	-9.778940E-9	-3.026820E-8
8.969900E+3	-3.445920E-8	-1.862660E-8
8.946500E+3	-1.164160E-7	-1.396990E-9
8.936400E+3	-9.732370E-8	-4.051280E-8
8.913800E+3	-2.048920E-7	2.002350E-8
8.903000E+3	-1.494780E-7	-4.749770E-8
8.890900E+3	-2.128080E-7	3.259640E-9
8.881200E+3	-1.774180E-7	-5.727660E-8
8.857300E+3	-3.287590E-7	3.678750E-8
8.848200E+3	-2.598410E-7	-6.891830E-8
8.824100E+3	-3.878980E-7	2.048920E-8
8.814900E+3	-4.237540E-7	4.237540E-8
8.794100E+3	-4.484340E-7	1.303860E-8
8.784400E+3	-4.046610E-7	-3.771880E-8
8.771300E+3	-4.544870E-7	8.847620E-9
8.751700E+3	-5.411020E-7	6.938400E-8
8.740400E+3	-5.238730E-7	1.629830E-8
8.718300E+3	-5.550720E-7	-7.450640E-9
8.707700E+3	-6.337690E-7	4.796330E-8
8.694400E+3	-5.872030E-7	-1.722960E-8
8.674800E+3	-6.784720E-7	2.328320E-8
8.661500E+3	-6.523950E-7	-3.539050E-8
8.650900E+3	-7.646190E-7	5.681090E-8
8.627700E+3	-7.427330E-7	-1.583260E-8
8.617500E+3	-7.553060E-7	-3.166520E-8
8.597100E+3	-7.650850E-7	-4.423800E-8
8.587500E+3	-8.037350E-7	-1.722960E-8
8.564500E+3	-8.302780E-7	-1.583260E-8
8.553900E+3	-8.149110E-7	-4.237540E-8
8.544800E+3	-9.182880E-7	4.423800E-8
8.523600E+3	-9.764990E-7	4.190970E-8
8.514000E+3	-9.504180E-7	1.862660E-9
8.493100E+3	-9.723080E-7	-1.257290E-8
8.483100E+3	-1.028650E-6	3.958140E-8
8.462600E+3	-1.034240E-6	3.865010E-8
8.452100E+3	-9.639260E-7	-3.911580E-8
8.452100E+3	-9.639260E-7	-3.911580E-8
8.422300E+3	-1.033310E-6	6.053630E-9
8.398900E+3	-1.078010E-6	3.073390E-8
8.388700E+3	-1.044020E-6	-1.443560E-8
8.368600E+3	-1.017010E-6	-4.610070E-8
8.356000E+3	-1.069630E-6	6.519290E-9
8.344700E+3	-1.010030E-6	-7.310930E-8
8.325200E+3	-1.019340E-6	-9.127010E-8
8.313900E+3	-1.063110E-6	-4.004710E-8
8.292300E+3	-1.071960E-6	-8.381960E-9
8.281000E+3	-1.030050E-6	-5.029160E-8
8.271300E+3	-1.030050E-6	-6.333040E-8
8.248200E+3	-1.033310E-6	-5.774220E-8
8.237700E+3	-1.068700E-6	-1.722960E-8
8.214500E+3	-1.035640E-6	-2.048920E-8
8.204300E+3	-1.070100E-6	1.350420E-8
8.184800E+3	-9.955910E-7	-6.333040E-8
8.174000E+3	-1.024000E-6	-3.539050E-8
8.164800E+3	-1.088720E-6	3.259650E-8
8.140200E+3	-9.951250E-7	-3.911580E-8
8.131100E+3	-1.084070E-6	4.842900E-8
8.109900E+3	-1.069170E-6	4.423800E-8
8.100300E+3	-9.620630E-7	-5.401690E-8
8.079400E+3	-1.021670E-6	3.166520E-8
8.070300E+3	-1.005370E-6	2.374880E-8
8.049000E+3	-9.788270E-7	4.656640E-9
8.039500E+3	-9.201500E-7	-7.217800E-8
8.018900E+3	-9.783620E-7	3.725320E-9
8.008700E+3	-9.229440E-7	-4.377240E-8
7.997500E+3	-8.894170E-7	-6.705570E-8
7.975800E+3	-9.420360E-7	2.328320E-9
7.964500E+3	-8.400570E-7	-6.798700E-8
7.944900E+3	-8.791720E-7	-2.188620E-8
7.930700E+3	-8.475070E-7	-4.237540E-8
7.921300E+3	-8.801030E-7	-6.519290E-9
7.900100E+3	-8.600800E-7	-4.516940E-8
7.890900E+3	-9.145620E-7	1.443560E-8
7.867200E+3	-8.521640E-7	-3.585610E-8
7.857600E+3	-8.745160E-7	-3.725320E-9
7.834400E+3	-8.214300E-7	-1.396990E-8
7.823900E+3	-8.186360E-7	-3.911580E-8
7.814700E+3	-8.791720E-7	2.933680E-8
7.793600E+3	-8.689280E-7	3.865010E-8
7.783900E+3	-8.093230E-7	-5.122300E-9
7.763200E+3	-8.298120E-7	2.607710E-8
7.753000E+3	-8.493700E-7	5.029160E-8
7.729400E+3	-7.683450E-7	6.984950E-9
7.720000E+3	-8.312090E-7	7.031530E-8
7.708700E+3	-7.343510E-7	-8.381960E-9
7.686900E+3	-7.720700E-7	4.330670E-8
7.676000E+3	-7.730010E-7	3.678750E-8
7.653700E+3	-8.000100E-7	4.842900E-8
7.643500E+3	-7.180530E-7	-2.933680E-8
7.630300E+3	-6.877850E-7	-5.308560E-8
7.610900E+3	-7.380770E-7	2.421450E-8
7.599700E+3	-7.194500E-7	1.862660E-9
7.580100E+3	-7.106030E-7	5.587960E-9
7.568900E+3	-6.845260E-7	-2.188620E-8
7.549200E+3	-6.561200E-7	-3.399350E-8
7.538200E+3	-7.166560E-7	1.955790E-8
7.516300E+3	-7.189850E-7	1.629830E-8
7.505000E+3	-7.487870E-7	4.563500E-8
7.492500E+3	-7.338860E-7	4.656640E-8
7.471200E+3	-6.938390E-7	3.259640E-9
7.462100E+3	-7.133970E-7	1.862660E-8
7.440700E+3	-5.997750E-7	-9.127010E-8
7.431500E+3	-6.286460E-7	-5.308560E-8
7.418700E+3	-6.523950E-7	-1.583260E-8
7.398000E+3	-6.044320E-7	-4.237540E-8
7.387700E+3	-5.536750E-7	-7.823160E-8
7.367300E+3	-5.918590E-7	-4.796330E-8
7.356700E+3	-6.621740E-7	2.142050E-8
7.333800E+3	-6.347000E-7	2.468020E-8
7.333800E+3	-6.347000E-7	2.468020E-8
7.310400E+3	-5.504150E-7	-6.333040E-8
7.290700E+3	-5.415680E-7	-7.031530E-8
7.277700E+3	-5.196820E-7	-6.752130E-8
7.266400E+3	-5.606600E-7	-1.955790E-8
7.243800E+3	-5.746300E-7	0.000000E+0
7.232900E+3	-5.238730E-7	-5.820790E-8
7.212900E+3	-5.238730E-7	-4.516940E-8
7.202700E+3	-5.257350E-7	-3.678750E-8
7.182400E+3	-5.029180E-7	-5.168860E-8
7.182400E+3	-5.029180E-7	-5.168860E-8
7.151500E+3	-4.763730E-7	-5.774220E-8
7.142300E+3	-5.504150E-7	2.561150E-8
7.121000E+3	-5.792860E-7	4.097840E-8
7.108700E+3	-5.513470E-7	1.210730E-8
7.099200E+3	-5.764920E-7	4.470370E-8
7.075100E+3	-4.833600E-7	-4.004710E-8
7.066000E+3	-5.629880E-7	3.539050E-8
7.054900E+3	-5.378420E-7	1.676390E-8
7.032300E+3	-5.341170E-7	3.259650E-8
7.022000E+3	-5.532090E-7	4.051280E-8
6.998600E+3	-5.108340E-7	-4.656650E-10
6.989100E+3	-4.651970E-7	-3.492480E-8
6.968400E+3	-5.345830E-7	4.982600E-8
6.958500E+3	-5.033830E-7	2.887110E-8
6.947300E+3	-4.400520E-7	-2.607710E-8
6.925900E+3	-4.149060E-7	-2.840550E-8
6.914000E+3	-4.246850E-7	-2.002350E-8
6.895200E+3	-3.995390E-7	-5.401690E-8
6.883900E+3	-4.987270E-7	2.980250E-8
6.864600E+3	-4.139750E-7	-5.541390E-8
6.853600E+3	-4.540220E-7	-1.443560E-8
6.833700E+3	-4.810320E-7	4.656640E-9
6.820100E+3	-4.060580E-7	-7.450630E-8
6.811100E+3	-4.833600E-7	-2.793980E-9
6.787000E+3	-4.270130E-7	-7.078100E-8
6.777900E+3	-4.819630E-7	-2.607710E-8
6.756600E+3	-4.377230E-7	-4.563500E-8
6.747500E+3	-4.409830E-7	-2.002350E-8
6.747500E+3	-4.409830E-7	-2.002350E-8
6.717000E+3	-4.554190E-7	3.725310E-8
6.706800E+3	-4.195630E-7	1.396990E-9
6.683500E+3	-4.456400E-7	3.678750E-8
6.673000E+3	-3.920890E-7	-6.984950E-9
6.673000E+3	-3.920890E-7	-6.984950E-9
6.641900E+3	-4.423800E-7	5.448260E-8
6.619700E+3	-4.330670E-7	2.933680E-8
6.609600E+3	-4.437770E-7	4.190970E-8
6.596400E+3	-3.604240E-7	-4.051280E-8
6.576900E+3	-4.284100E-7	5.029160E-8
6.563800E+3	-3.832410E-7	1.024460E-8
6.553000E+3	-3.622860E-7	-1.955790E-8
6.531100E+3	-3.096670E-7	-3.818450E-8
6.519800E+3	-3.590270E-7	1.629830E-8
6.500100E+3	-3.194450E-7	-4.703200E-8
6.489100E+3	-4.037300E-7	3.771880E-8
6.469100E+3	-3.203770E-7	-6.007080E-8
6.458500E+3	-3.944170E-7	-5.122300E-9
6.438100E+3	-3.799810E-7	-2.793980E-9
6.438100E+3	-3.799810E-7	-2.793980E-9
6.416000E+3	-4.153720E-7	3.399350E-8
6.392100E+3	-3.804470E-7	-1.490130E-8
6.382300E+3	-4.107150E-7	1.676390E-8
6.372500E+3	-3.720650E-7	-2.468020E-8
6.348700E+3	-3.753250E-7	-2.607710E-8
6.338500E+3	-3.357440E-7	-5.029160E-8
6.314900E+3	-3.222390E-7	-3.539050E-8
6.305700E+3	-3.641490E-7	4.190980E-9
6.284800E+3	-3.851040E-7	7.916300E-9
6.275100E+3	-3.171170E-7	-5.634520E-8
6.262000E+3	-3.110640E-7	-5.308560E-8
6.242400E+3	-2.980250E-7	-3.771880E-8
6.229600E+3	-3.241020E-7	-5.122300E-9
6.209100E+3	-3.380720E-7	-1.257290E-8
6.198600E+3	-2.910400E-7	-3.958140E-8
6.178700E+3	-3.827750E-7	5.355130E-8
6.167500E+3	-2.998880E-7	-1.816090E-8
6.157100E+3	-2.547190E-7	-5.262000E-8
6.134600E+3	-2.686880E-7	-1.210730E-8
6.123500E+3	-2.188620E-7	-5.541390E-8
6.101900E+3	-2.966280E-7	1.862660E-8
6.090600E+3	-2.132740E-7	-6.007080E-8
6.081300E+3	-2.840550E-7	2.468020E-8
6.057800E+3	-2.370230E-7	-5.448260E-8
6.047700E+3	-3.003530E-7	7.450640E-9
6.027100E+3	-2.812610E-7	-1.722960E-8
6.017400E+3	-3.268960E-7	5.355130E-8
6.017400E+3	-3.268960E-7	5.355130E-8
5.986900E+3	-2.384200E-7	-4.516940E-8
5.973600E+3	-2.943000E-7	6.984950E-9
5.973600E+3	-2.943000E-7	6.984950E-9
5.940500E+3	-3.343470E-7	3.539050E-8
5.929100E+3	-2.477340E-7	-4.004710E-8
5.907100E+3	-2.901090E-7	3.166520E-8
5.896100E+3	-2.230530E-7	-4.004710E-8
5.876300E+3	-2.654290E-7	-4.190980E-9
5.864900E+3	-2.961620E-7	1.816090E-8
5.842800E+3	-3.217740E-7	3.865010E-8
5.832300E+3	-2.700850E-7	-1.071030E-8
5.812700E+3	-3.050100E-7	4.330670E-8
5.801700E+3	-2.556500E-7	-3.725320E-9
5.791600E+3	-2.840550E-7	3.119950E-8
5.771100E+3	-2.249150E-7	-2.607710E-8
5.751600E+3	-2.877800E-7	4.330670E-8
5.740300E+3	-2.770700E-7	1.583260E-8
5.731000E+3	-2.458710E-7	-3.725320E-9
5.709500E+3	-2.747420E-7	6.053630E-9
5.689300E+3	-2.449400E-7	-4.610070E-8
5.678700E+3	-3.101320E-7	2.188620E-8
5.666600E+3	-3.310870E-7	4.796330E-8
5.644900E+3	-3.292240E-7	4.330670E-8
5.644900E+3	-3.292240E-7	4.330670E-8
5.625100E+3	-3.180480E-7	1.676390E-8
5.602300E+3	-3.068730E-7	2.561150E-8
5.592600E+3	-2.747420E-7	-7.450640E-9
5.572100E+3	-2.612380E-7	-6.984950E-9
5.572100E+3	-2.612380E-7	-6.984950E-9
5.561700E+3	-2.067550E-7	-6.426170E-8
5.531000E+3	-2.244500E-7	-6.333040E-8
5.511500E+3	-1.946470E-7	-8.242250E-8
5.498500E+3	-2.509930E-7	-2.607710E-8
5.478200E+3	-2.589090E-7	-1.350420E-8
5.467300E+3	-2.156020E-7	-5.867350E-8
5.447500E+3	-2.640320E-7	9.313280E-9
5.436200E+3	-2.090830E-7	-4.330670E-8
5.426200E+3	-2.817270E-7	2.561150E-8
5.403600E+3	-2.183960E-7	-2.561150E-8
5.392600E+3	-3.082700E-7	4.749770E-8
5.372500E+3	-2.058230E-7	-2.840550E-8
5.362100E+3	-2.156020E-7	-1.676390E-8
5.341700E+3	-2.607720E-7	4.889470E-8
5.341700E+3	-2.607720E-7	4.889470E-8
5.310900E+3	-1.578600E-7	-2.374880E-8
5.301600E+3	-2.258470E-7	4.982600E-8
5.291400E+3	-2.286410E-7	5.448260E-8
5.267900E+3	-1.550660E-7	-3.818450E-8
5.255700E+3	-2.486650E-7	3.585610E-8
5.234500E+3	-2.537870E-7	3.259650E-8
5.224800E+3	-1.820740E-7	-4.749770E-8
5.211600E+3	-1.699670E-7	-6.612440E-8
5.191800E+3	-2.677570E-7	2.654280E-8
5.180600E+3	-1.983730E-7	-3.678750E-8
5.161000E+3	-1.909220E-7	-2.235190E-8
5.149600E+3	-1.667080E-7	-5.308560E-8
5.130200E+3	-1.629820E-7	-4.516940E-8
5.119000E+3	-2.454050E-7	3.399350E-8
5.097100E+3	-1.974410E-7	0.000000E+0
5.085800E+3	-1.951130E-7	-8.847620E-9
5.066200E+3	-2.319000E-7	2.048920E-8
5.054700E+3	-1.541350E-7	-5.401690E-8
5.045400E+3	-1.485470E-7	-5.681090E-8
5.021900E+3	-1.676390E-7	-3.539050E-8
5.011700E+3	-2.300380E-7	2.235190E-8
4.989200E+3	-1.965100E-7	0.000000E+0
4.978300E+3	-2.016320E-7	1.862660E-8
4.966000E+3	-2.146710E-7	3.073390E-8
4.945100E+3	-1.988380E-7	-9.778940E-9
4.935800E+3	-2.617030E-7	4.237540E-8
4.914300E+3	-1.816090E-7	-3.306220E-8
4.905200E+3	-2.500620E-7	5.494830E-8
4.883900E+3	-2.589090E-7	4.749770E-8
4.874800E+3	-1.802120E-7	-6.053630E-9
4.874800E+3	-1.802120E-7	-6.053630E-9
4.841400E+3	-2.337630E-7	6.938400E-8
4.830900E+3	-1.867310E-7	2.654280E-8
4.807500E+3	-2.314350E-7	4.656640E-8
4.797700E+3	-2.435430E-7	3.865010E-8
4.776900E+3	-2.654290E-7	5.262000E-8
4.766700E+3	-2.374880E-7	2.654280E-8
4.752600E+3	-1.750900E-7	-2.933680E-8
4.732800E+3	-1.690360E-7	-2.700850E-8
4.722100E+3	-1.783490E-7	-2.421450E-8
4.702100E+3	-1.918530E-7	-2.561150E-8
4.691900E+3	-1.830060E-7	-3.306220E-8
4.669800E+3	-2.207240E-7	1.862660E-8
4.658700E+3	-1.648450E-7	-5.029160E-8
4.638700E+3	-1.867310E-7	-1.909220E-8
4.628100E+3	-1.527380E-7	-5.168860E-8
4.618900E+3	-2.402830E-7	3.492480E-8
4.597500E+3	-2.477340E-7	3.166520E-8
4.588000E+3	-1.699670E-7	-3.725310E-8
4.566800E+3	-2.267780E-7	1.210730E-8
4.554700E+3	-2.360910E-7	3.259650E-8
4.533000E+3	-1.415620E-7	-4.190970E-8
4.523600E+3	-1.848680E-7	8.381960E-9
4.502300E+3	-2.458710E-7	3.119950E-8
4.492400E+3	-2.114110E-7	4.656650E-10
4.471700E+3	-2.328320E-7	3.632180E-8
4.471700E+3	-2.328320E-7	3.632180E-8
4.441200E+3	-2.225870E-7	1.490130E-8
4.430300E+3	-1.927850E-7	-1.164160E-8
4.419800E+3	-1.327140E-7	-5.075730E-8
4.397900E+3	-1.466840E-7	-1.071030E-8
4.386700E+3	-1.299200E-7	-3.725310E-8
4.366900E+3	-1.261950E-7	-4.703200E-8
4.356100E+3	-1.508750E-7	-2.793980E-9
4.336100E+3	-1.834710E-7	-4.656650E-10
4.325800E+3	-1.504100E-7	-3.539050E-8
4.303700E+3	-1.862650E-7	-5.122300E-9
4.292700E+3	-1.126900E-7	-5.727660E-8
4.283600E+3	-1.527380E-7	-9.313280E-9
4.259600E+3	-1.159500E-7	-7.171230E-8
4.250100E+3	-1.867310E-7	-1.303860E-8
4.228800E+3	-1.792810E-7	-2.793980E-9
4.219500E+3	-2.067550E-7	2.654280E-8
4.198100E+3	-1.224700E-7	-7.450630E-8
4.188900E+3	-2.076860E-7	2.887110E-8
4.167500E+3	-1.764870E-7	-2.793980E-9
4.158200E+3	-1.234010E-7	-5.634520E-8
4.146800E+3	-1.024460E-7	-8.335380E-8
4.125000E+3	-1.862650E-7	2.700850E-8
4.114100E+3	-1.187440E-7	-3.771880E-8
4.114100E+3	-1.187440E-7	-3.771880E-8
4.083400E+3	-1.471500E-7	3.399350E-8
4.061400E+3	-1.708990E-7	5.401690E-8
4.050800E+3	-1.206070E-7	3.259640E-9
4.030900E+3	-1.951130E-7	5.168860E-8
4.019700E+3	-1.220040E-7	-2.607710E-8
4.009500E+3	-2.044260E-7	4.889470E-8
3.987100E+3	-9.406400E-8	-4.237540E-8
3.975900E+3	-1.373710E-7	1.490130E-8
3.955600E+3	-1.410960E-7	-2.235190E-8
3.945000E+3	-1.820740E-7	1.769520E-8
3.924300E+3	-1.257290E-7	-3.911580E-8
3.914400E+3	-1.834710E-7	2.281750E-8
3.914400E+3	-1.834710E-7	2.281750E-8
3.880700E+3	-1.424930E-7	-3.259650E-8
3.871500E+3	-1.150190E-7	-5.308560E-8
3.850100E+3	-1.876620E-7	4.656640E-9
3.840800E+3	-1.406310E-7	-3.026820E-8
3.819700E+3	-1.504100E-7	-3.119950E-8
3.809700E+3	-2.030290E-7	1.955790E-8
3.786100E+3	-1.490130E-7	-2.840550E-8
3.776800E+3	-1.834710E-7	2.421450E-8
3.762800E+3	-1.448220E-7	-1.769520E-8
3.743400E+3	-1.746240E-7	4.470370E-8
3.733100E+3	-9.033870E-8	-4.936030E-8
3.713000E+3	-9.266710E-8	-4.097840E-8
3.701700E+3	-9.406400E-8	-5.401690E-8
3.682100E+3	-8.801040E-8	-6.519300E-8
3.670600E+3	-1.830060E-7	2.142050E-8
3.648100E+3	-1.960440E-7	3.119950E-8
3.636800E+3	-1.587910E-7	-1.071030E-8
3.617300E+3	-1.396990E-7	-4.190970E-8
3.606100E+3	-1.019800E-7	-6.379610E-8
3.596900E+3	-1.657760E-7	1.536690E-8
3.596900E+3	-1.657760E-7	1.536690E-8
3.563500E+3	-1.164160E-7	-7.916300E-9
3.540400E+3	-1.150190E-7	-2.142050E-8
3.529900E+3	-1.904560E-7	4.796330E-8
3.520700E+3	-1.057060E-7	-4.563500E-8
3.496500E+3	-9.592670E-8	-5.262000E-8
3.487300E+3	-1.490130E-7	1.862660E-9
3.474900E+3	-1.858000E-7	3.632180E-8
3.453900E+3	-1.681050E-7	1.816090E-8
3.453900E+3	-1.681050E-7	1.816090E-8
3.444000E+3	-9.173570E-8	-6.100210E-8
3.410200E+3	-1.695020E-7	1.024460E-8
3.389700E+3	-1.755550E-7	3.073390E-8
3.379000E+3	-1.327140E-7	-1.164160E-8
3.368300E+3	-9.173570E-8	-6.333040E-8
3.346300E+3	-1.234010E-7	-1.443560E-8
3.335000E+3	-9.452970E-8	-5.215430E-8
3.315400E+3	-1.480810E-7	4.423800E-8
3.302100E+3	-6.798700E-8	-2.700850E-8
3.282400E+3	-1.518060E-7	3.818450E-8
3.271000E+3	-1.271260E-7	-8.847620E-9
3.251400E+3	-1.112940E-7	-5.308560E-8
3.240200E+3	-9.732370E-8	-7.543760E-8
3.231100E+3	-1.816090E-7	2.793980E-9
3.209700E+3	-1.685700E-7	4.656640E-9
3.200600E+3	-1.126900E-7	-3.213090E-8
3.179300E+3	-1.131560E-7	-1.210730E-8
3.170000E+3	-1.564630E-7	4.051280E-8
3.149000E+3	-6.333040E-8	-4.610070E-8
3.136900E+3	-1.532030E-7	3.958140E-8
3.115500E+3	-1.462190E-7	3.213090E-8
3.106400E+3	-1.224700E-7	1.303860E-8
3.095000E+3	-6.146770E-8	-4.982600E-8
3.072800E+3	-1.508750E-7	4.516940E-8
3.062100E+3	-1.280580E-7	1.629830E-8
3.039300E+3	-1.294550E-7	1.909220E-8
3.029300E+3	-1.294550E-7	1.443560E-8
3.008800E+3	-8.102550E-8	-4.610070E-8
2.998300E+3	-5.681090E-8	-5.541390E-8
2.978200E+3	-1.126900E-7	-2.048920E-8
2.967200E+3	-9.266710E-8	-5.448260E-8
2.956800E+3	-1.378370E-7	-9.778940E-9
2.934500E+3	-1.024460E-7	-3.771880E-8
2.923200E+3	-7.776590E-8	-4.470370E-8
2.901600E+3	-1.150190E-7	-2.328320E-9
2.890100E+3	-5.355130E-8	-6.519300E-8
2.880500E+3	-1.243320E-7	6.053630E-9
2.856200E+3	-4.796330E-8	-6.845270E-8
2.846900E+3	-1.131560E-7	5.587960E-9
2.825600E+3	-1.140870E-7	-2.700850E-8
2.816600E+3	-1.601880E-7	3.306220E-8
2.795100E+3	-1.601880E-7	4.284110E-8
2.786100E+3	-6.938400E-8	-4.284110E-8
2.773200E+3	-9.685800E-8	4.656650E-10
2.752800E+3	-1.341110E-7	1.862660E-8
2.740400E+3	-1.671730E-7	5.215430E-8
2.729000E+3	-7.776590E-8	-4.004710E-8
2.707000E+3	-1.578600E-7	5.215430E-8
2.696100E+3	-9.452970E-8	-2.281750E-8
2.685500E+3	-1.513410E-7	3.119950E-8
2.660400E+3	-5.401690E-8	-6.007080E-8
2.649000E+3	-1.434250E-7	3.306220E-8
2.627300E+3	-1.532030E-7	4.144410E-8
2.615800E+3	-6.007080E-8	-3.818450E-8
2.602800E+3	-5.308560E-8	-3.771880E-8
2.582900E+3	-1.480810E-7	5.262000E-8
2.569400E+3	-6.798700E-8	-2.700850E-8
2.559500E+3	-1.280580E-7	3.026820E-8
2.536200E+3	-9.778930E-8	-1.676390E-8
2.525400E+3	-9.499540E-8	-1.210730E-8
2.505000E+3	-6.845270E-8	-6.007080E-8
2.495000E+3	-1.369050E-7	1.257290E-8
2.474400E+3	-7.823160E-8	-1.862660E-8
2.464900E+3	-9.266710E-8	1.359740E-7
2.454900E+3	-6.565870E-8	1.727610E-7
2.431300E+3	-6.659000E-8	1.546000E-7
2.431300E+3	-6.659000E-8	1.546000E-7
2.400800E+3	-1.392340E-7	1.299200E-7
2.390900E+3	-6.705570E-8	3.725310E-8
2.370100E+3	-1.559970E-7	9.359840E-8
2.359700E+3	-1.140870E-7	3.399350E-8
2.343400E+3	-1.080340E-7	3.026820E-8
2.324000E+3	-4.470370E-8	-2.374880E-8
2.310800E+3	-8.242250E-8	1.443560E-8
2.299700E+3	-4.749770E-8	-2.002350E-8
2.278000E+3	-1.271260E-7	5.029160E-8
2.266600E+3	-1.159500E-7	2.887110E-8
2.244800E+3	-1.494780E-7	4.936030E-8
2.233600E+3	-9.406400E-8	7.916300E-9
2.223200E+3	-1.280580E-7	2.142050E-8
2.202400E+3	-9.127010E-8	-8.847620E-9
2.192600E+3	-1.341110E-7	4.656640E-8
2.171300E+3	-1.452870E-7	7.450630E-8
2.158800E+3	-1.289890E-7	6.146770E-8
2.137200E+3	-1.480810E-7	6.146770E-8
2.124700E+3	-1.392340E-7	5.262000E-8
2.115300E+3	-4.330670E-8	-4.563500E-8
2.090900E+3	-9.685800E-8	-3.213090E-8
2.081700E+3	-1.462190E-7	1.955790E-8
2.060000E+3	-1.243320E-7	-5.587960E-9
2.050700E+3	-1.550660E-7	3.632180E-8
2.029200E+3	-1.359740E-7	4.190970E-8
2.019500E+3	-6.007080E-8	-3.911580E-8
2.006000E+3	-5.913920E-8	-4.144410E-8
1.985300E+3	-6.100210E-8	-2.468020E-8
1.971700E+3	-9.220140E-8	-3.725320E-9
1.959500E+3	-4.936030E-8	-4.656640E-8
1.935500E+3	-1.275920E-7	3.352780E-8
1.922800E+3	-5.401690E-8	-5.541390E-8
1.900600E+3	-1.229350E-7	2.793980E-9
1.887700E+3	-1.438900E-7	5.029160E-8
1.861500E+3	-9.639230E-8	3.259640E-9
1.848400E+3	-6.705570E-8	-3.539050E-8
1.837400E+3	-1.015150E-7	-1.909220E-8
1.809600E+3	-7.590320E-8	-4.144410E-8
1.797800E+3	-1.364400E-7	4.330670E-8
1.773000E+3	-4.842900E-8	-3.678750E-8
1.761600E+3	-1.117590E-7	3.026820E-8
1.736400E+3	-8.102550E-8	-2.188620E-8
1.721800E+3	-1.280580E-7	4.004710E-8
1.710500E+3	-1.280580E-7	4.656640E-8
1.685800E+3	-1.117590E-7	2.607710E-8
1.674300E+3	-2.468020E-8	-5.634520E-8
1.650300E+3	-1.289890E-7	5.029160E-8
1.638300E+3	-1.201420E-7	3.259650E-8
1.615300E+3	-9.918630E-8	-2.421450E-8
1.603000E+3	-6.146770E-8	-7.497190E-8
1.577700E+3	-1.387680E-7	-3.399350E-8
1.566600E+3	-6.286470E-8	-9.359840E-8
1.544600E+3	-1.187440E-7	-1.536690E-8
1.544600E+3	-1.187440E-7	-1.536690E-8
1.512400E+3	-1.182780E-7	9.313280E-9
1.501100E+3	-5.867350E-8	-5.075730E-8
1.481500E+3	-1.173470E-7	2.095490E-8
1.470300E+3	-6.379610E-8	-4.190970E-8
1.461000E+3	-1.480810E-7	4.703200E-8
1.441800E+3	-8.335380E-8	-9.313300E-10
1.423900E+3	-1.653110E-7	5.355130E-8
1.413600E+3	-1.173470E-7	-2.514580E-8
1.405100E+3	-1.392340E-7	-2.561150E-8
1.386600E+3	-1.261950E-7	-3.119950E-8
1.378900E+3	-1.769520E-7	2.281750E-8
1.360600E+3	-1.760210E-7	3.725310E-8
1.353400E+3	-1.401650E-7	1.676390E-8
1.335600E+3	-9.778930E-8	-7.450640E-9
1.328200E+3	-9.685800E-8	5.122300E-9
1.308400E+3	-5.308560E-8	-5.075730E-8
1.301200E+3	-9.173570E-8	-1.071030E-8
1.283800E+3	-8.847610E-8	-2.933680E-8
1.276700E+3	-9.778930E-8	-2.142050E-8
1.259200E+3	-8.149120E-8	-5.122300E-9
1.251700E+3	-1.080340E-7	3.213090E-8
1.242100E+3	-9.965200E-8	1.396990E-9
1.224500E+3	-1.406310E-7	6.891830E-8
1.215300E+3	-4.982600E-8	-2.933680E-8
1.199100E+3	-1.140870E-7	1.396990E-8
1.199100E+3	-1.140870E-7	1.396990E-8
1.170900E+3	-1.504100E-7	4.190970E-8
1.161700E+3	-6.100210E-8	-3.865010E-8
1.152500E+3	-1.373710E-7	4.889470E-8
1.132600E+3	-4.190970E-8	-4.097840E-8
1.123500E+3	-5.774220E-8	-1.257290E-8
1.105600E+3	-4.796330E-8	-3.678750E-8
1.096800E+3	-1.280580E-7	3.678750E-8
1.079300E+3	-4.516940E-8	-6.426170E-8
1.069900E+3	-8.102550E-8	-1.769520E-8
1.049400E+3	-1.285230E-7	-1.769520E-8
1.040400E+3	-1.047740E-7	-3.073390E-8
1.032200E+3	-1.196760E-7	-2.142050E-8
1.020500E+3	-1.597230E-7	1.024460E-8
1.000100E+3	-1.327140E-7	-2.002350E-8
9.916000E+2	-1.052400E-7	-2.002350E-8
9.734000E+2	-1.094310E-7	-3.725320E-9
9.644000E+2	-5.168860E-8	-4.237540E-8
9.468000E+2	-1.280580E-7	6.426170E-8
9.373000E+2	-9.266710E-8	2.607710E-8
9.176000E+2	-7.916290E-8	4.377240E-8
9.091000E+2	-3.632180E-8	3.259640E-9
8.993000E+2	-1.192100E-7	6.565870E-8
8.812000E+2	-7.031530E-8	-2.328320E-9
8.700000E+2	-5.541390E-8	-3.166520E-8
8.531000E+2	-1.383020E-7	4.423800E-8
8.439000E+2	-1.234010E-7	2.887110E-8
8.439000E+2	-1.234010E-7	2.887110E-8
8.169000E+2	-8.707910E-8	9.313280E-9
8.049000E+2	-3.818450E-8	-5.774220E-8
7.976000E+2	-9.127010E-8	1.024460E-8
7.798000E+2	-5.913920E-8	-2.095490E-8
7.701000E+2	-1.350430E-7	4.889470E-8
7.532000E+2	-1.513410E-7	4.749770E-8
7.430000E+2	-7.869720E-8	-5.634520E-8
7.360000E+2	-1.834710E-7	2.980250E-8
7.166000E+2	-1.010490E-7	-6.659000E-8
7.095000E+2	-1.820740E-7	6.519290E-9
6.924000E+2	-1.518060E-7	-1.117590E-8
6.856000E+2	-8.102550E-8	-6.472740E-8
6.757000E+2	-7.404060E-8	-5.867350E-8
6.594000E+2	-7.869720E-8	-4.423800E-8
6.496000E+2	-1.410960E-7	2.747410E-8
6.333000E+2	-1.285230E-7	2.374880E-8
6.265000E+2	-8.102550E-8	-2.887110E-8
6.175000E+2	-9.918630E-8	0.000000E+0
6.007000E+2	-1.713640E-7	7.730020E-8
5.916000E+2	-1.033770E-7	-6.984950E-9
5.753000E+2	-1.867310E-7	6.053640E-8
5.667000E+2	-1.331800E-7	-9.778940E-9
5.588000E+2	-7.823160E-8	-6.891830E-8
5.421000E+2	-1.504100E-7	1.117590E-8
5.334000E+2	-1.173470E-7	-5.960510E-8
5.334000E+2	-1.173470E-7	-5.960510E-8
5.085000E+2	-1.238670E-7	-3.306220E-8
4.990000E+2	-1.192100E-7	-3.771880E-8
4.830000E+2	-1.443560E-7	-3.539050E-8
4.701000E+2	-1.611200E-7	-2.095490E-8
4.532000E+2	-1.969760E-7	1.164160E-8
4.172000E+2	-1.904560E-7	1.024460E-8
3.959000E+2	-1.480810E-7	-5.122300E-8
3.536000E+2	-2.570470E-7	2.887110E-8
3.310000E+2	-2.160680E-7	-2.700850E-8
2.768000E+2	-2.980250E-7	1.117590E-8
2.505000E+2	-3.282930E-7	1.071030E-8
2.182000E+2	-2.635660E-7	-6.705570E-8
1.658000E+2	-3.781190E-7	1.350420E-8
1.318000E+2	-3.483160E-7	-4.377240E-8
1.049000E+2	-4.195630E-7	-9.778940E-9
4.350000E+1	-4.731140E-7	-1.117590E-8
1.560000E+1	-3.660120E-7	-7.823160E-8
-4.490000E+1	-1.401650E-7	2.887110E-8
-7.300000E+1	7.357490E-8	-5.308560E-8
-1.259000E+2	1.653110E-7	5.308560E-8
-1.531000E+2	3.022160E-7	-2.095490E-8
-1.849000E+2	3.129260E-7	1.257290E-8
-2.366000E+2	3.762560E-7	-3.678750E-8
-2.605000E+2	2.835900E-7	5.215430E-8
-3.098000E+2	2.905740E-7	5.587960E-9
-3.321000E+2	2.393520E-7	3.818450E-8
