Sample Name, Varga_5_4_9.46G
Freq, 9.46, GHz, Power, 10, dBm
SR850: f = 25 Hz; phase = 96 deg; output = 5 V; sens. = 100 uV; tc = 300 ms; 12dB/oct
Field	X	Y
Oe	V	V
*
-7.132000E+2	-1.002110E-6	-2.235190E-8
-7.132000E+2	-1.002110E-6	-2.235190E-8
-7.136000E+2	-9.536820E-7	-1.154840E-7
-7.118000E+2	-1.028190E-6	-4.842900E-8
-7.081000E+2	-1.102690E-6	2.607710E-8
-6.905000E+2	-9.797590E-7	-8.940740E-8
-6.813000E+2	-1.065440E-6	7.450640E-9
-6.576000E+2	-9.723080E-7	-5.215430E-8
-6.576000E+2	-9.723080E-7	-5.215430E-8
-6.174000E+2	-8.866230E-7	-7.078100E-8
-6.045000E+2	-9.946600E-7	4.470370E-8
-5.748000E+2	-9.574070E-7	5.215430E-8
-5.615000E+2	-8.568200E-7	-5.587960E-8
-5.329000E+2	-9.313260E-7	3.352780E-8
-5.200000E+2	-8.046660E-7	-6.705570E-8
-4.904000E+2	-7.785890E-7	-3.725310E-8
-4.795000E+2	-8.456450E-7	5.587960E-8
-4.556000E+2	-7.636880E-7	7.450640E-9
-4.457000E+2	-7.823150E-7	2.980250E-8
-4.342000E+2	-6.258520E-7	-9.685800E-8
-4.158000E+2	-6.035010E-7	-1.005830E-7
-4.054000E+2	-7.003580E-7	3.725320E-9
-3.882000E+2	-6.370280E-7	-3.725310E-8
-3.783000E+2	-5.550720E-7	-1.005830E-7
-3.586000E+2	-5.886000E-7	-1.490130E-8
-3.481000E+2	-4.768410E-7	-8.568210E-8
-3.293000E+2	-4.693880E-7	-6.705570E-8
-3.183000E+2	-4.246850E-7	-1.005830E-7
-2.985000E+2	-4.656630E-7	-1.862660E-8
-2.875000E+2	-5.066430E-7	5.587960E-8
-2.751000E+2	-4.842910E-7	5.215430E-8
-2.535000E+2	-3.539040E-7	-5.587960E-8
-2.441000E+2	-4.544870E-7	3.725310E-8
-2.226000E+2	-3.241020E-7	-7.078100E-8
-2.103000E+2	-3.948830E-7	0.000000E+0
-1.999000E+2	-3.092010E-7	-6.705570E-8
-1.774000E+2	-3.464540E-7	2.980250E-8
-1.678000E+2	-3.390030E-7	2.607710E-8
-1.478000E+2	-2.943000E-7	1.862660E-8
-1.376000E+2	-1.750900E-7	-8.568210E-8
-1.181000E+2	-1.043090E-7	-1.005830E-7
-1.057000E+2	-2.160680E-7	1.490130E-8
-9.460000E+1	-6.705570E-8	-8.940740E-8
-7.540000E+1	-2.980250E-8	-1.005830E-7
-6.430000E+1	-9.685800E-8	-3.725310E-8
-4.310000E+1	-3.352780E-8	-3.352780E-8
-3.180000E+1	1.192100E-7	-1.490130E-7
-2.210000E+1	9.313270E-8	-8.195680E-8
9.000000E-1	1.601880E-7	-1.303860E-7
1.130000E+1	1.043090E-7	-8.940740E-8
3.170000E+1	-9.313270E-8	1.862660E-8
4.150000E+1	-9.685800E-8	0.000000E+0
6.210000E+1	-3.352780E-8	-2.980250E-8
7.120000E+1	-8.940740E-8	3.352780E-8
9.230000E+1	0.000000E+0	6.333040E-8
1.041000E+2	9.685800E-8	-4.842900E-8
1.163000E+2	0.000000E+0	5.587960E-8
1.373000E+2	1.192100E-7	-3.725310E-8
1.468000E+2	1.266610E-7	-2.980250E-8
1.707000E+2	1.378370E-7	-7.450640E-9
1.797000E+2	7.823160E-8	8.195680E-8
1.908000E+2	1.266610E-7	6.333040E-8
2.129000E+2	1.341110E-7	9.685800E-8
2.233000E+2	2.980250E-7	-5.215430E-8
2.429000E+2	1.750900E-7	8.940740E-8
2.536000E+2	2.384200E-7	4.097840E-8
2.665000E+2	3.613550E-7	-6.705570E-8
2.886000E+2	3.017500E-7	2.607710E-8
2.989000E+2	4.172340E-7	-7.078100E-8
3.183000E+2	4.507620E-7	-6.705570E-8
3.296000E+2	3.874320E-7	2.607710E-8
3.493000E+2	4.395860E-7	2.980250E-8
3.608000E+2	5.401710E-7	-5.587960E-8
3.732000E+2	4.358610E-7	5.960510E-8
3.946000E+2	5.066430E-7	-2.235190E-8
4.039000E+2	5.736980E-7	-6.705570E-8
4.164000E+2	4.507620E-7	6.705570E-8
4.403000E+2	5.662480E-7	3.725320E-9
4.494000E+2	5.476210E-7	4.097840E-8
4.709000E+2	6.407540E-7	0.000000E+0
4.829000E+2	5.774240E-7	7.450630E-8
5.041000E+2	7.450620E-7	-5.587960E-8
5.041000E+2	7.450620E-7	-5.587960E-8
5.343000E+2	7.189850E-7	2.980250E-8
5.435000E+2	6.817320E-7	8.940740E-8
5.547000E+2	7.860400E-7	1.490130E-8
5.769000E+2	7.562380E-7	5.960510E-8
5.875000E+2	7.748640E-7	4.842900E-8
6.110000E+2	8.307430E-7	7.450640E-9
6.208000E+2	7.972160E-7	6.705570E-8
6.353000E+2	9.164250E-7	-4.470370E-8
6.551000E+2	8.307430E-7	5.960510E-8
6.658000E+2	9.797590E-7	-6.333040E-8
6.658000E+2	9.797590E-7	-6.333040E-8
6.973000E+2	1.013290E-6	-2.980250E-8
7.176000E+2	1.002110E-6	2.607710E-8
7.293000E+2	1.069170E-6	-3.352780E-8
7.420000E+2	9.834840E-7	2.607710E-8
7.638000E+2	1.076620E-6	-1.490130E-8
7.765000E+2	1.061720E-6	0.000000E+0
7.861000E+2	9.499530E-7	1.117590E-7
8.107000E+2	1.106420E-6	-3.352780E-8
8.199000E+2	9.723080E-7	9.313270E-8
8.199000E+2	9.723080E-7	9.313270E-8
8.539000E+2	1.043090E-6	5.215430E-8
8.644000E+2	1.028190E-6	7.078100E-8
8.882000E+2	1.117590E-6	7.450640E-9
8.979000E+2	1.139950E-6	-3.725320E-9
9.226000E+2	1.162300E-6	-1.117590E-8
9.320000E+2	1.166020E-6	-7.450640E-9
9.541000E+2	1.091520E-6	5.587960E-8
9.637000E+2	1.035640E-6	9.685800E-8
9.755000E+2	1.098970E-6	3.725320E-9
9.957000E+2	1.151120E-6	-3.725310E-8
1.017100E+3	1.035640E-6	4.842900E-8
1.027700E+3	1.151120E-6	-6.333040E-8
1.039200E+3	1.017010E-6	8.195680E-8
1.061500E+3	1.061720E-6	4.097840E-8
1.061500E+3	1.061720E-6	4.097840E-8
1.095400E+3	9.574070E-7	1.005830E-7
1.106600E+3	9.760330E-7	8.568210E-8
1.117100E+3	9.611320E-7	1.005830E-7
1.138100E+3	1.076620E-6	-3.725310E-8
1.148000E+3	9.499530E-7	7.078100E-8
1.169300E+3	9.425020E-7	6.333040E-8
1.178600E+3	8.903480E-7	9.313270E-8
1.200200E+3	9.983850E-7	-4.842900E-8
1.209400E+3	9.574070E-7	-3.352780E-8
1.231000E+3	8.381940E-7	5.215430E-8
1.240100E+3	8.083920E-7	7.823160E-8
1.261400E+3	8.344690E-7	3.352780E-8
1.273800E+3	7.525120E-7	8.195680E-8
1.294700E+3	6.817320E-7	1.080340E-7
1.303700E+3	6.780060E-7	9.313270E-8
1.324800E+3	6.742810E-7	5.215430E-8
1.333800E+3	6.109510E-7	9.313270E-8
1.345100E+3	6.109510E-7	8.195680E-8
1.364400E+3	6.333030E-7	3.725310E-8
1.364400E+3	6.333030E-7	3.725310E-8
1.394900E+3	4.991930E-7	6.705570E-8
1.408200E+3	6.109510E-7	-6.705570E-8
1.418200E+3	5.029180E-7	0.000000E+0
1.441800E+3	4.917420E-7	-6.705570E-8
1.451300E+3	4.172340E-7	-7.450640E-9
1.474200E+3	3.688060E-7	2.607710E-8
1.484600E+3	2.570470E-7	1.043090E-7
1.493500E+3	3.390030E-7	0.000000E+0
1.517400E+3	3.129260E-7	-3.725320E-9
1.526400E+3	2.458710E-7	5.960510E-8
1.547500E+3	2.011670E-7	6.333040E-8
1.559500E+3	1.937160E-7	3.352780E-8
1.580400E+3	2.719480E-7	-7.078100E-8
1.589500E+3	1.937160E-7	-1.862660E-8
1.601600E+3	9.313270E-8	8.568210E-8
1.622700E+3	1.415620E-7	-5.587960E-8
1.634800E+3	-7.450640E-9	7.823160E-8
1.645200E+3	7.823160E-8	-3.725310E-8
1.668000E+3	-3.352780E-8	3.352780E-8
1.678800E+3	-3.352780E-8	7.450640E-9
1.698000E+3	-9.685800E-8	3.352780E-8
1.708300E+3	1.117590E-8	-8.195680E-8
1.722200E+3	-2.235190E-8	-5.960510E-8
1.741800E+3	-1.005830E-7	-2.235190E-8
1.754900E+3	-2.235190E-8	-8.195680E-8
1.764400E+3	-7.823160E-8	-1.490130E-8
1.787200E+3	-8.568210E-8	-5.587960E-8
1.797500E+3	-1.899910E-7	5.215430E-8
1.817500E+3	-9.685800E-8	-6.705570E-8
1.827300E+3	-1.937160E-7	-1.862660E-8
1.848100E+3	-1.303860E-7	-1.266610E-7
1.857300E+3	-2.160680E-7	-3.725310E-8
1.878500E+3	-2.719480E-7	2.980250E-8
1.887500E+3	-2.831240E-7	2.980250E-8
1.908700E+3	-3.017500E-7	1.862660E-8
1.917800E+3	-2.570470E-7	-2.235190E-8
1.941900E+3	-2.086170E-7	-6.705570E-8
1.950900E+3	-3.129260E-7	2.980250E-8
1.961200E+3	-2.533220E-7	-3.725310E-8
1.984300E+3	-3.539040E-7	4.097840E-8
1.993700E+3	-2.495960E-7	-6.333040E-8
2.014100E+3	-3.539040E-7	1.117590E-8
2.024200E+3	-3.501790E-7	3.725310E-8
2.038200E+3	-2.346940E-7	-8.568210E-8
2.057600E+3	-2.644970E-7	-3.352780E-8
2.068600E+3	-1.825400E-7	-1.005830E-7
2.090300E+3	-2.346940E-7	-2.235190E-8
2.101400E+3	-1.676390E-7	-9.685800E-8
2.110700E+3	-2.048920E-7	-6.705570E-8
2.133800E+3	-2.235180E-7	-5.587960E-8
2.143900E+3	-3.017500E-7	4.842900E-8
2.164300E+3	-2.086170E-7	-5.960510E-8
2.173700E+3	-3.054760E-7	3.352780E-8
2.194500E+3	-2.346940E-7	-2.235190E-8
2.206600E+3	-2.719480E-7	-1.117590E-8
2.226700E+3	-2.570470E-7	-3.352780E-8
2.236500E+3	-3.650800E-7	7.823160E-8
2.246000E+3	-2.644970E-7	-7.450640E-9
2.269500E+3	-2.160680E-7	-3.352780E-8
2.278500E+3	-2.160680E-7	-5.960510E-8
2.302400E+3	-2.123420E-7	-6.333040E-8
2.311500E+3	-2.756730E-7	-1.117590E-8
2.321900E+3	-2.160680E-7	-7.078100E-8
2.344800E+3	-3.725310E-7	5.587960E-8
2.354300E+3	-3.203770E-7	-1.862660E-8
2.374800E+3	-2.384200E-7	-8.568210E-8
2.387600E+3	-3.464540E-7	2.235190E-8
2.398800E+3	-2.793990E-7	-1.490130E-8
2.418100E+3	-2.421460E-7	-4.842900E-8
2.437900E+3	-3.427290E-7	3.725310E-8
2.448600E+3	-2.682230E-7	-3.725310E-8
2.458800E+3	-3.352780E-7	2.235190E-8
2.480900E+3	-3.203770E-7	2.607710E-8
2.492000E+3	-3.278270E-7	2.607710E-8
2.511600E+3	-2.160680E-7	-7.450630E-8
2.522100E+3	-2.011670E-7	-1.005830E-7
2.542200E+3	-2.570470E-7	-2.980250E-8
2.552200E+3	-3.315530E-7	5.215430E-8
2.572600E+3	-1.937160E-7	-8.568210E-8
2.582100E+3	-2.570470E-7	-2.607710E-8
2.591900E+3	-3.278270E-7	6.333040E-8
2.615400E+3	-1.937160E-7	-7.823160E-8
2.624400E+3	-3.390030E-7	4.097840E-8
2.645400E+3	-3.092010E-7	3.352780E-8
2.654900E+3	-1.937160E-7	-5.960510E-8
2.667900E+3	-2.086170E-7	-5.960510E-8
2.690500E+3	-3.017500E-7	2.980250E-8
2.700300E+3	-2.831240E-7	0.000000E+0
2.720600E+3	-2.905740E-7	2.607710E-8
2.731000E+3	-1.937160E-7	-7.450630E-8
2.750700E+3	-2.943000E-7	2.607710E-8
2.761600E+3	-1.713640E-7	-9.685800E-8
2.781000E+3	-2.943000E-7	4.470370E-8
2.792200E+3	-2.086170E-7	-4.097840E-8
2.811400E+3	-2.533220E-7	1.117590E-8
2.824300E+3	-2.421460E-7	1.862660E-8
2.837300E+3	-1.527380E-7	-6.333040E-8
2.856500E+3	-1.639140E-7	-5.587960E-8
2.867600E+3	-2.905740E-7	6.705570E-8
2.876700E+3	-1.601880E-7	-7.450630E-8
2.903100E+3	-1.937160E-7	-4.097840E-8
2.913000E+3	-1.639140E-7	-5.215430E-8
2.933500E+3	-1.452870E-7	-9.685800E-8
2.943000E+3	-2.235180E-7	-1.490130E-8
2.964000E+3	-2.570470E-7	1.490130E-8
2.973000E+3	-2.682230E-7	4.470370E-8
2.985300E+3	-1.937160E-7	-1.490130E-8
3.006400E+3	-1.750900E-7	-3.352780E-8
3.016000E+3	-1.303860E-7	-6.705570E-8
3.036400E+3	-2.533220E-7	4.842900E-8
3.046500E+3	-1.825400E-7	3.725320E-9
3.066500E+3	-2.272440E-7	3.352780E-8
3.077200E+3	-1.788150E-7	-1.862660E-8
3.096700E+3	-2.160680E-7	2.980250E-8
3.107800E+3	-1.303860E-7	-6.705570E-8
3.127200E+3	-1.452870E-7	-7.450630E-8
3.140200E+3	-1.378370E-7	-6.333040E-8
3.151100E+3	-1.229350E-7	-7.450630E-8
3.171100E+3	-1.117590E-7	-5.587960E-8
3.181300E+3	-2.197930E-7	2.980250E-8
3.201700E+3	-1.192100E-7	-7.823160E-8
3.211400E+3	-1.676390E-7	-1.117590E-8
3.234100E+3	-8.195680E-8	-8.195680E-8
3.244500E+3	-2.235180E-7	6.705570E-8
3.264700E+3	-1.154840E-7	-6.705570E-8
3.274800E+3	-1.750900E-7	-1.490130E-8
3.284100E+3	-9.313270E-8	-6.705570E-8
3.308100E+3	-1.601880E-7	0.000000E+0
3.317200E+3	-1.490130E-7	-3.725320E-9
3.341400E+3	-9.313270E-8	-7.078100E-8
3.350300E+3	-1.303860E-7	-3.725310E-8
3.360500E+3	-2.235180E-7	5.587960E-8
3.383700E+3	-1.937160E-7	2.607710E-8
3.394100E+3	-1.154840E-7	-3.725310E-8
3.417000E+3	-1.527380E-7	-4.097840E-8
3.426600E+3	-9.313270E-8	-1.080340E-7
3.437700E+3	-1.527380E-7	-4.842900E-8
3.456900E+3	-1.788150E-7	0.000000E+0
3.467800E+3	-8.940740E-8	-9.685800E-8
3.489100E+3	-2.309690E-7	2.980250E-8
3.500400E+3	-9.685800E-8	-8.195680E-8
3.509900E+3	-1.303860E-7	-4.842900E-8
3.533100E+3	-1.043090E-7	-7.078100E-8
3.543400E+3	-2.048920E-7	6.705570E-8
3.564000E+3	-7.450630E-8	-6.705570E-8
3.573600E+3	-2.048920E-7	3.725310E-8
3.596600E+3	-1.154840E-7	-3.352780E-8
3.607100E+3	-1.229350E-7	-1.862660E-8
3.627500E+3	-1.601880E-7	1.862660E-8
3.637500E+3	-8.940740E-8	-2.980250E-8
3.649600E+3	-2.011670E-7	8.195680E-8
3.670800E+3	-1.974410E-7	6.333040E-8
3.679900E+3	-1.974410E-7	6.333040E-8
3.700900E+3	-1.303860E-7	-1.490130E-8
3.710000E+3	-5.960510E-8	-7.078100E-8
3.730800E+3	-2.011670E-7	7.078100E-8
3.740400E+3	-1.527380E-7	2.607710E-8
3.760700E+3	-1.080340E-7	-1.117590E-8
3.772700E+3	-1.825400E-7	8.568210E-8
3.783800E+3	-3.352780E-8	-5.960510E-8
3.805800E+3	-1.005830E-7	-1.490130E-8
3.816900E+3	-4.097840E-8	-8.568210E-8
3.836300E+3	-4.097840E-8	-6.705570E-8
3.846600E+3	-1.788150E-7	6.333040E-8
3.859800E+3	-1.080340E-7	-1.490130E-8
3.880200E+3	-1.154840E-7	-1.117590E-8
3.893200E+3	-4.470370E-8	-7.823160E-8
3.902400E+3	-6.705570E-8	-4.842900E-8
3.926100E+3	-1.117590E-8	-9.685800E-8
3.935600E+3	-1.303860E-7	1.490130E-8
3.958400E+3	-3.725310E-8	-6.333040E-8
3.968800E+3	-1.788150E-7	6.705570E-8
3.977900E+3	-1.229350E-7	0.000000E+0
4.004500E+3	-4.470370E-8	-6.333040E-8
4.013500E+3	-1.676390E-7	7.823160E-8
4.034600E+3	-1.490130E-7	3.725310E-8
4.043700E+3	-1.750900E-7	6.333040E-8
4.065100E+3	-1.564630E-7	2.980250E-8
4.074100E+3	-1.601880E-7	7.450640E-9
4.095300E+3	-7.450630E-8	-5.215430E-8
4.104900E+3	-4.097840E-8	-7.450630E-8
4.118000E+3	-3.352780E-8	-5.960510E-8
4.137700E+3	-1.117590E-7	2.980250E-8
4.148700E+3	-4.842900E-8	-4.842900E-8
4.168200E+3	-1.862650E-7	8.568210E-8
4.179500E+3	-3.725310E-8	-5.215430E-8
4.199000E+3	-8.940740E-8	-1.117590E-8
4.212100E+3	-9.685800E-8	0.000000E+0
4.222500E+3	-1.229350E-7	1.862660E-8
4.244600E+3	-8.195680E-8	-7.450640E-9
4.255600E+3	-2.235190E-8	-5.215430E-8
4.275100E+3	-3.725320E-9	-6.705570E-8
4.285700E+3	-9.313270E-8	0.000000E+0
4.294700E+3	-2.980250E-8	-8.940740E-8
4.320600E+3	-1.154840E-7	-1.490130E-8
4.330900E+3	-1.080340E-7	-3.725310E-8
4.342800E+3	-1.601880E-7	2.980250E-8
4.364000E+3	-1.527380E-7	1.862660E-8
4.373200E+3	-3.725310E-8	-9.685800E-8
4.393800E+3	-1.452870E-7	2.980250E-8
4.406000E+3	-1.564630E-7	4.097840E-8
4.427200E+3	-6.705570E-8	-4.842900E-8
4.436300E+3	-2.980250E-8	-8.195680E-8
4.449200E+3	-8.195680E-8	-2.235190E-8
4.469300E+3	-1.229350E-7	1.490130E-8
4.479800E+3	-1.192100E-7	1.490130E-8
4.502500E+3	-1.229350E-7	1.490130E-8
4.512400E+3	-1.117590E-8	-8.940740E-8
4.523500E+3	-1.192100E-7	1.490130E-8
4.544900E+3	-6.705570E-8	-4.470370E-8
4.556000E+3	-1.117590E-8	-7.823160E-8
4.565900E+3	-1.192100E-7	2.980250E-8
4.588400E+3	-3.725320E-9	-5.960510E-8
4.598900E+3	-6.705570E-8	2.980250E-8
4.619000E+3	-3.725320E-9	-4.097840E-8
4.629000E+3	-9.313270E-8	4.470370E-8
4.649400E+3	-8.568210E-8	4.842900E-8
4.659000E+3	-1.229350E-7	6.333040E-8
4.682000E+3	-3.352780E-8	-5.215430E-8
4.692400E+3	-8.568210E-8	7.450640E-9
4.712800E+3	-5.960510E-8	7.450640E-9
4.722600E+3	-1.229350E-7	5.587960E-8
4.743400E+3	-2.980250E-8	-3.352780E-8
4.752700E+3	-1.303860E-7	6.705570E-8
4.762900E+3	-5.960510E-8	1.490130E-8
4.786100E+3	-9.313270E-8	2.235190E-8
4.796300E+3	0.000000E+0	-7.078100E-8
4.815900E+3	-1.303860E-7	5.587960E-8
4.826700E+3	-5.215430E-8	0.000000E+0
4.846000E+3	1.862660E-8	-4.470370E-8
4.858800E+3	-1.862660E-8	0.000000E+0
4.869900E+3	2.980250E-8	-4.470370E-8
4.889600E+3	-1.229350E-7	6.705570E-8
4.902700E+3	0.000000E+0	-4.097840E-8
4.922100E+3	-1.303860E-7	6.333040E-8
4.935300E+3	-2.607710E-8	-3.352780E-8
4.945500E+3	-4.470370E-8	-3.352780E-8
4.965900E+3	-1.490130E-8	-5.960510E-8
4.975700E+3	-3.725320E-9	-1.080340E-7
4.998400E+3	-5.215430E-8	-6.333040E-8
5.009100E+3	-9.685800E-8	0.000000E+0
5.018200E+3	-4.470370E-8	-4.842900E-8
5.042400E+3	-1.043090E-7	2.235190E-8
5.051200E+3	-1.341110E-7	5.215430E-8
5.072500E+3	-1.117590E-8	-4.842900E-8
5.084600E+3	-8.195680E-8	7.450640E-9
5.095200E+3	1.490130E-8	-7.450630E-8
5.117700E+3	-1.005830E-7	7.450640E-9
5.127600E+3	-1.117590E-7	1.862660E-8
5.150900E+3	-2.980250E-8	-2.980250E-8
5.160100E+3	-1.117590E-7	5.215430E-8
5.171300E+3	-7.078100E-8	1.862660E-8
5.190700E+3	-4.842900E-8	1.117590E-8
5.201800E+3	3.352780E-8	-7.823160E-8
5.221200E+3	-4.097840E-8	1.490130E-8
5.234400E+3	3.352780E-8	-7.078100E-8
5.253700E+3	3.725310E-8	-9.313270E-8
5.265000E+3	-4.097840E-8	-2.235190E-8
5.274400E+3	-9.313270E-8	3.725320E-9
5.297400E+3	-5.215430E-8	-3.352780E-8
5.307700E+3	-1.490130E-7	4.842900E-8
5.331000E+3	7.450640E-9	-7.450630E-8
5.340900E+3	-2.980250E-8	-2.607710E-8
5.360500E+3	2.607710E-8	-9.313270E-8
5.373900E+3	-6.705570E-8	-3.725320E-9
5.383000E+3	-9.685800E-8	2.607710E-8
5.404100E+3	-5.960510E-8	-2.235190E-8
5.416000E+3	-1.229350E-7	3.352780E-8
5.437200E+3	-7.823160E-8	1.862660E-8
5.446200E+3	2.607710E-8	-9.313270E-8
5.458700E+3	-3.352780E-8	-2.607710E-8
5.479400E+3	-6.705570E-8	7.450640E-9
5.489400E+3	-3.725320E-9	-6.705570E-8
5.509700E+3	-1.303860E-7	3.725310E-8
5.520200E+3	-9.685800E-8	0.000000E+0
5.540000E+3	-1.564630E-7	3.725310E-8
5.551000E+3	-5.960510E-8	-3.352780E-8
5.570600E+3	-1.303860E-7	4.842900E-8
5.581900E+3	-1.117590E-8	-4.842900E-8
5.594600E+3	-1.043090E-7	4.470370E-8
5.614600E+3	-5.215430E-8	-1.117590E-8
5.625200E+3	-1.341110E-7	7.078100E-8
5.645500E+3	-7.450640E-9	-5.960510E-8
5.655400E+3	-8.940740E-8	2.235190E-8
5.676200E+3	-2.235190E-8	-6.705570E-8
5.685600E+3	-5.587960E-8	-1.117590E-8
5.708700E+3	-5.215430E-8	-4.097840E-8
5.718900E+3	-1.415620E-7	6.705570E-8
5.739300E+3	-1.490130E-8	-6.705570E-8
5.748900E+3	-1.192100E-7	4.470370E-8
5.761000E+3	-1.154840E-7	4.470370E-8
5.782200E+3	-3.725320E-9	-5.960510E-8
5.797500E+3	-1.117590E-8	-4.470370E-8
5.806500E+3	-1.229350E-7	7.078100E-8
5.826500E+3	-1.303860E-7	9.313270E-8
5.834200E+3	-5.215430E-8	4.470370E-8
5.849400E+3	-1.117590E-7	1.154840E-7
5.854900E+3	1.490130E-8	-1.490130E-8
5.860800E+3	-7.450630E-8	7.450630E-8
5.866400E+3	-2.607710E-8	-1.490130E-8
5.868500E+3	-3.725320E-9	-3.725320E-9
5.865400E+3	4.097840E-8	-5.960510E-8
5.861700E+3	-5.587960E-8	3.352780E-8
5.857600E+3	-7.450640E-9	-1.117590E-8
5.840400E+3	3.725320E-9	-2.607710E-8
5.831900E+3	-2.607710E-8	0.000000E+0
5.807800E+3	-1.490130E-8	-1.490130E-8
5.795700E+3	4.470370E-8	-7.078100E-8
5.766800E+3	-1.490130E-8	-1.117590E-8
5.752600E+3	-7.823160E-8	4.842900E-8
5.733600E+3	-7.078100E-8	2.235190E-8
5.704600E+3	-1.154840E-7	5.587960E-8
5.686400E+3	-3.352780E-8	-2.980250E-8
5.658600E+3	-7.078100E-8	2.607710E-8
5.645100E+3	-9.685800E-8	5.587960E-8
5.620400E+3	1.117590E-8	-7.078100E-8
5.607800E+3	-7.450630E-8	1.862660E-8
5.596400E+3	-1.862660E-8	-6.333040E-8
5.573400E+3	-4.842900E-8	-5.215430E-8
5.562900E+3	7.450640E-9	-9.685800E-8
5.545000E+3	-6.333040E-8	-1.117590E-8
5.535500E+3	2.607710E-8	-8.940740E-8
5.517500E+3	-8.195680E-8	1.117590E-8
5.508400E+3	0.000000E+0	-3.725310E-8
5.489000E+3	-5.587960E-8	-7.450640E-9
5.476800E+3	-8.195680E-8	-7.450640E-9
5.468000E+3	0.000000E+0	-5.960510E-8
5.443800E+3	3.725310E-8	2.272440E-7
5.434600E+3	2.048920E-7	1.266610E-7
5.410300E+3	3.725310E-8	1.974410E-7
5.401000E+3	1.043090E-7	7.823160E-8
5.390400E+3	1.005830E-7	1.117590E-8
5.367200E+3	0.000000E+0	6.705570E-8
5.357400E+3	2.235190E-8	-2.607710E-8
5.344200E+3	-6.705570E-8	5.215430E-8
5.324700E+3	-7.078100E-8	5.587960E-8
5.313600E+3	-1.117590E-7	7.078100E-8
5.291700E+3	1.862660E-8	-6.705570E-8
5.281300E+3	-6.333040E-8	0.000000E+0
5.261700E+3	-3.725320E-9	-8.195680E-8
5.250700E+3	-1.117590E-7	2.980250E-8
5.231400E+3	-9.685800E-8	0.000000E+0
5.220300E+3	-7.450640E-9	-6.705570E-8
5.201100E+3	-7.078100E-8	0.000000E+0
5.189900E+3	-1.154840E-7	3.352780E-8
5.180900E+3	-2.980250E-8	-5.215430E-8
5.157800E+3	-9.685800E-8	1.862660E-8
5.147900E+3	-3.352780E-8	-2.235190E-8
5.138500E+3	-8.195680E-8	1.862660E-8
5.115000E+3	-6.705570E-8	-2.980250E-8
5.105900E+3	-1.117590E-8	-7.450630E-8
5.084700E+3	-1.490130E-8	-8.568210E-8
5.075500E+3	-1.229350E-7	0.000000E+0
5.054600E+3	-7.823160E-8	-4.842900E-8
5.044900E+3	-5.215430E-8	-6.705570E-8
5.021600E+3	-6.705570E-8	-6.705570E-8
5.012500E+3	-1.117590E-8	-1.043090E-7
5.001400E+3	-2.235190E-8	-9.685800E-8
4.979800E+3	-2.235190E-8	-7.450630E-8
4.969500E+3	-7.823160E-8	-3.352780E-8
4.949900E+3	-4.470370E-8	-7.078100E-8
4.939000E+3	-8.940740E-8	-3.352780E-8
4.923300E+3	-1.527380E-7	5.587960E-8
4.903900E+3	-1.527380E-7	6.333040E-8
4.892800E+3	-8.195680E-8	-1.117590E-8
4.873200E+3	-1.266610E-7	4.470370E-8
4.862500E+3	-3.725310E-8	-2.980250E-8
4.853500E+3	-1.192100E-7	6.333040E-8
4.829600E+3	-3.352780E-8	-2.980250E-8
4.820500E+3	-1.415620E-7	6.705570E-8
4.797200E+3	-1.341110E-7	5.960510E-8
4.787300E+3	-1.117590E-8	-5.587960E-8
4.766600E+3	-1.490130E-7	3.725310E-8
4.757300E+3	-6.333040E-8	-4.097840E-8
4.734200E+3	-1.527380E-7	4.097840E-8
4.724200E+3	-9.685800E-8	0.000000E+0
4.714900E+3	-7.078100E-8	-2.980250E-8
4.694300E+3	-7.450640E-9	-8.568210E-8
4.684600E+3	-4.842900E-8	-4.097840E-8
4.661300E+3	-1.229350E-7	1.862660E-8
4.652200E+3	-1.490130E-8	-6.333040E-8
4.631100E+3	3.725320E-9	-6.705570E-8
4.621600E+3	-1.229350E-7	6.333040E-8
4.601100E+3	-1.862660E-8	-5.587960E-8
4.591000E+3	-1.043090E-7	7.450640E-9
4.579900E+3	-1.452870E-7	3.725310E-8
4.558700E+3	-2.235190E-8	-6.705570E-8
4.547400E+3	-1.303860E-7	5.587960E-8
4.525800E+3	-1.266610E-7	7.823160E-8
4.515000E+3	-9.685800E-8	2.607710E-8
4.504700E+3	-6.705570E-8	3.725320E-9
4.481600E+3	-8.568210E-8	3.725320E-9
4.471800E+3	-1.117590E-8	-7.078100E-8
4.451600E+3	-1.490130E-7	5.587960E-8
4.442200E+3	-9.685800E-8	-1.490130E-8
4.419400E+3	-1.303860E-7	5.587960E-8
4.409100E+3	-1.154840E-7	3.725310E-8
4.399900E+3	-8.195680E-8	-3.725320E-9
4.378700E+3	-4.842900E-8	-4.842900E-8
4.358000E+3	-1.378370E-7	2.980250E-8
4.348800E+3	-2.607710E-8	-7.450630E-8
4.338700E+3	-1.154840E-7	2.607710E-8
4.315500E+3	-2.235190E-8	-7.823160E-8
4.306200E+3	-9.685800E-8	1.490130E-8
4.293300E+3	-1.415620E-7	4.470370E-8
4.273500E+3	-1.676390E-7	4.470370E-8
4.262700E+3	-1.564630E-7	4.470370E-8
4.243400E+3	-1.490130E-8	-6.705570E-8
4.232300E+3	-1.005830E-7	1.862660E-8
4.213100E+3	-1.266610E-7	3.725310E-8
4.200000E+3	-1.303860E-7	4.470370E-8
4.180400E+3	-1.117590E-7	3.725310E-8
4.169400E+3	-6.333040E-8	-2.980250E-8
4.156600E+3	-7.078100E-8	-2.980250E-8
4.137100E+3	-1.378370E-7	4.097840E-8
4.126200E+3	-1.415620E-7	6.333040E-8
4.103700E+3	-5.960510E-8	-1.490130E-8
4.093200E+3	-1.564630E-7	6.333040E-8
4.084300E+3	-4.842900E-8	-6.333040E-8
4.063300E+3	-4.842900E-8	-6.705570E-8
4.054300E+3	-9.685800E-8	-4.470370E-8
4.030200E+3	-1.862650E-7	4.842900E-8
4.021300E+3	-5.215430E-8	-7.450630E-8
3.997700E+3	-1.788150E-7	5.587960E-8
3.988400E+3	-8.195680E-8	-5.215430E-8
3.978400E+3	-5.587960E-8	-4.842900E-8
3.958400E+3	-1.043090E-7	-2.235190E-8
3.945900E+3	-3.725310E-8	-9.313270E-8
3.934700E+3	-1.564630E-7	2.235190E-8
3.913200E+3	-4.097840E-8	-7.823160E-8
3.902400E+3	-1.303860E-7	2.607710E-8
3.880400E+3	-7.078100E-8	-6.705570E-8
3.870300E+3	-1.490130E-7	1.117590E-8
3.850300E+3	-7.078100E-8	-4.842900E-8
3.839800E+3	-1.378370E-7	2.980250E-8
3.820300E+3	-4.097840E-8	-6.705570E-8
3.809200E+3	-1.154840E-7	7.450640E-9
3.796400E+3	-1.117590E-7	1.490130E-8
3.777000E+3	-1.378370E-7	1.117590E-8
3.763900E+3	-2.011670E-7	6.705570E-8
3.754200E+3	-7.823160E-8	-5.960510E-8
3.730600E+3	-1.788150E-7	2.980250E-8
3.721100E+3	-1.341110E-7	1.490130E-8
3.698000E+3	-1.676390E-7	2.980250E-8
3.687700E+3	-7.450630E-8	-4.842900E-8
3.678500E+3	-7.078100E-8	-4.842900E-8
3.654600E+3	-1.937160E-7	4.842900E-8
3.645500E+3	-7.450630E-8	-7.450630E-8
3.633000E+3	-1.788150E-7	1.117590E-8
3.612200E+3	-1.154840E-7	-7.450630E-8
3.602300E+3	-2.197930E-7	1.862660E-8
3.581900E+3	-1.080340E-7	-8.940740E-8
3.571500E+3	-2.086170E-7	1.862660E-8
3.551700E+3	-6.333040E-8	-1.043090E-7
3.540700E+3	-8.568210E-8	-7.823160E-8
3.518500E+3	-7.450630E-8	-6.333040E-8
3.508400E+3	-1.937160E-7	5.960510E-8
3.488500E+3	-8.940740E-8	-5.960510E-8
3.477900E+3	-2.160680E-7	6.705570E-8
3.464900E+3	-8.568210E-8	-6.705570E-8
3.445600E+3	-2.011670E-7	5.587960E-8
3.434500E+3	-2.346940E-7	6.333040E-8
3.412300E+3	-1.415620E-7	-3.352780E-8
3.401300E+3	-1.974410E-7	2.607710E-8
3.382500E+3	-2.458710E-7	8.568210E-8
3.371300E+3	-1.974410E-7	6.333040E-8
3.362200E+3	-9.685800E-8	-5.215430E-8
3.341000E+3	-1.192100E-7	-5.587960E-8
3.328900E+3	-9.313270E-8	-7.450630E-8
3.307800E+3	-8.195680E-8	-7.823160E-8
3.295800E+3	-1.043090E-7	-6.333040E-8
3.286100E+3	-1.974410E-7	4.097840E-8
3.265700E+3	-7.078100E-8	-9.685800E-8
3.255600E+3	-1.564630E-7	-2.607710E-8
3.235600E+3	-2.086170E-7	2.607710E-8
3.223100E+3	-8.940740E-8	-8.568210E-8
3.202400E+3	-6.705570E-8	-7.450630E-8
3.192400E+3	-1.937160E-7	5.215430E-8
3.172300E+3	-1.192100E-7	-2.235190E-8
3.161800E+3	-1.192100E-7	-1.862660E-8
3.151200E+3	-2.160680E-7	6.705570E-8
3.129500E+3	-1.192100E-7	-5.960510E-8
3.118200E+3	-2.346940E-7	5.587960E-8
3.096900E+3	-1.043090E-7	-7.823160E-8
3.085600E+3	-2.346940E-7	4.842900E-8
3.066400E+3	-2.458710E-7	6.333040E-8
3.055000E+3	-1.303860E-7	-6.705570E-8
3.042600E+3	-2.458710E-7	0.000000E+0
3.022500E+3	-2.235180E-7	1.490130E-8
3.012200E+3	-1.303860E-7	-6.333040E-8
2.991700E+3	-2.160680E-7	4.842900E-8
2.978900E+3	-2.384200E-7	7.078100E-8
2.959100E+3	-2.235180E-7	1.862660E-8
2.948700E+3	-2.346940E-7	1.490130E-8
2.939700E+3	-2.719480E-7	2.980250E-8
2.915700E+3	-2.831240E-7	1.490130E-8
2.906700E+3	-2.384200E-7	-3.352780E-8
2.885500E+3	-1.862650E-7	-3.725310E-8
2.873400E+3	-1.378370E-7	-6.705570E-8
2.862600E+3	-1.974410E-7	-2.980250E-8
2.843400E+3	-2.533220E-7	0.000000E+0
2.830300E+3	-1.676390E-7	-7.450630E-8
2.819100E+3	-1.750900E-7	-8.940740E-8
2.797800E+3	-1.713640E-7	-1.154840E-7
2.786500E+3	-2.533220E-7	-1.862660E-8
2.765200E+3	-1.750900E-7	-8.568210E-8
2.754600E+3	-2.607720E-7	0.000000E+0
2.735400E+3	-2.197930E-7	-3.352780E-8
2.724200E+3	-3.054760E-7	5.960510E-8
2.714400E+3	-2.458710E-7	0.000000E+0
2.691900E+3	-3.092010E-7	4.470370E-8
2.681300E+3	-2.123420E-7	-5.215430E-8
2.661200E+3	-2.086170E-7	-5.960510E-8
2.648100E+3	-2.868490E-7	2.980250E-8
2.638900E+3	-1.713640E-7	-7.450630E-8
2.615400E+3	-2.756730E-7	4.097840E-8
2.605500E+3	-2.123420E-7	-1.117590E-8
2.582000E+3	-2.831240E-7	1.862660E-8
2.572400E+3	-2.868490E-7	1.117590E-8
2.562700E+3	-2.160680E-7	-6.705570E-8
2.539100E+3	-3.315530E-7	3.352780E-8
2.530000E+3	-2.570470E-7	-3.352780E-8
2.517000E+3	-2.384200E-7	-5.960510E-8
2.496700E+3	-2.570470E-7	-2.607710E-8
2.484200E+3	-1.974410E-7	-8.568210E-8
2.473000E+3	-3.092010E-7	2.235190E-8
2.451400E+3	-2.346940E-7	-4.842900E-8
2.440600E+3	-3.092010E-7	2.980250E-8
2.421200E+3	-3.278270E-7	4.842900E-8
2.410000E+3	-2.235180E-7	-5.960510E-8
2.390700E+3	-2.756730E-7	0.000000E+0
2.379400E+3	-2.644970E-7	0.000000E+0
2.360000E+3	-2.905740E-7	1.862660E-8
2.348900E+3	-2.346940E-7	-4.842900E-8
2.329300E+3	-2.980250E-7	0.000000E+0
2.318700E+3	-2.235180E-7	-5.960510E-8
2.298500E+3	-2.831240E-7	7.450640E-9
2.288400E+3	-2.272440E-7	-6.333040E-8
2.267700E+3	-3.203770E-7	6.333040E-8
2.258200E+3	-2.719480E-7	1.490130E-8
2.235100E+3	-3.017500E-7	3.352780E-8
2.224800E+3	-2.011670E-7	-6.705570E-8
2.204300E+3	-3.241020E-7	3.725310E-8
2.194500E+3	-2.682230E-7	-2.607710E-8
2.184900E+3	-2.458710E-7	-6.705570E-8
2.161200E+3	-3.166510E-7	-7.450640E-9
2.152100E+3	-3.203770E-7	0.000000E+0
2.139400E+3	-3.278270E-7	0.000000E+0
2.119000E+3	-2.980250E-7	-1.862660E-8
2.108700E+3	-2.384200E-7	-7.450630E-8
2.085800E+3	-2.570470E-7	-5.960510E-8
2.075100E+3	-2.719480E-7	-2.607710E-8
2.062100E+3	-3.390030E-7	5.215430E-8
2.042800E+3	-2.831240E-7	-3.725320E-9
2.029700E+3	-3.203770E-7	4.097840E-8
2.010200E+3	-1.937160E-7	-8.568210E-8
1.999100E+3	-3.017500E-7	2.607710E-8
1.989400E+3	-2.905740E-7	7.450640E-9
1.966700E+3	-2.309690E-7	-6.705570E-8
1.956300E+3	-3.241020E-7	2.235190E-8
1.935000E+3	-2.123420E-7	-8.195680E-8
1.924000E+3	-3.278270E-7	3.352780E-8
1.905500E+3	-3.278270E-7	2.980250E-8
1.895300E+3	-2.980250E-7	0.000000E+0
1.887000E+3	-2.086170E-7	-7.823160E-8
1.864800E+3	-3.092010E-7	3.352780E-8
1.856300E+3	-2.570470E-7	-4.470370E-8
1.837100E+3	-2.570470E-7	-3.725320E-9
1.829100E+3	-2.048920E-7	-7.078100E-8
1.810000E+3	-2.421460E-7	0.000000E+0
1.802100E+3	-2.235180E-7	-3.352780E-8
1.790700E+3	-1.825400E-7	-8.568210E-8
1.772800E+3	-2.421460E-7	-2.607710E-8
1.762100E+3	-2.309690E-7	-3.725310E-8
1.743400E+3	-2.160680E-7	-1.117590E-8
1.732700E+3	-9.685800E-8	-9.685800E-8
1.723100E+3	-1.415620E-7	-3.352780E-8
1.705400E+3	-1.378370E-7	-3.725320E-9
1.695100E+3	-1.601880E-7	2.980250E-8
1.677200E+3	-9.685800E-8	-1.117590E-8
1.666400E+3	-7.450640E-9	-1.043090E-7
1.645900E+3	1.117590E-8	-9.685800E-8
1.635200E+3	-1.117590E-8	-5.215430E-8
1.622000E+3	2.235190E-8	-7.078100E-8
1.601700E+3	-2.607710E-8	0.000000E+0
1.591500E+3	6.705570E-8	-8.940740E-8
1.571100E+3	2.980250E-8	1.117590E-8
1.560000E+3	1.639140E-7	-8.568210E-8
1.538400E+3	1.825400E-7	-4.097840E-8
1.524400E+3	1.415620E-7	1.862660E-8
1.514200E+3	2.048920E-7	-2.980250E-8
1.491200E+3	2.309690E-7	-1.490130E-8
1.468000E+3	2.011670E-7	5.960510E-8
1.457400E+3	2.235180E-7	6.333040E-8
1.443600E+3	3.762560E-7	-6.705570E-8
1.431100E+3	3.166510E-7	3.725320E-9
1.406100E+3	4.284100E-7	-5.587960E-8
1.394100E+3	4.321350E-7	-3.725310E-8
1.368200E+3	4.805660E-7	2.607710E-8
1.357300E+3	5.513470E-7	-1.490130E-8
1.344700E+3	4.991930E-7	7.078100E-8
1.320500E+3	6.556550E-7	-4.097840E-8
1.308200E+3	5.736980E-7	5.587960E-8
1.286700E+3	5.699730E-7	7.078100E-8
1.274400E+3	6.146770E-7	3.725310E-8
1.251100E+3	6.891820E-7	1.490130E-8
1.239600E+3	6.631050E-7	6.705570E-8
1.219200E+3	8.009410E-7	-5.960510E-8
1.207800E+3	8.009410E-7	-4.470370E-8
1.194900E+3	7.823150E-7	1.117590E-8
1.175600E+3	8.605460E-7	-1.490130E-8
1.162600E+3	8.083920E-7	5.587960E-8
1.154100E+3	9.164250E-7	-4.470370E-8
1.134500E+3	9.499530E-7	-7.450630E-8
1.126300E+3	8.791720E-7	7.450640E-9
1.107800E+3	9.127000E-7	2.235190E-8
1.100100E+3	8.866230E-7	5.587960E-8
1.079300E+3	8.940730E-7	5.960510E-8
1.072000E+3	9.760330E-7	0.000000E+0
1.054700E+3	1.043090E-6	-2.980250E-8
1.047400E+3	1.013290E-6	7.450640E-9
1.030700E+3	1.080340E-6	-3.352780E-8
1.023000E+3	9.723080E-7	8.568210E-8
1.012500E+3	1.013290E-6	5.587960E-8
9.954000E+2	1.076620E-6	2.980250E-8
9.876000E+2	1.069170E-6	2.980250E-8
9.724000E+2	1.035640E-6	7.078100E-8
9.641000E+2	1.002110E-6	1.117590E-7
9.494000E+2	1.121320E-6	-1.117590E-8
9.406000E+2	1.031910E-6	7.450630E-8
9.262000E+2	1.039360E-6	8.195680E-8
9.175000E+2	1.031910E-6	8.940740E-8
9.106000E+2	1.110140E-6	7.450640E-9
8.945000E+2	1.154850E-6	-4.842900E-8
8.854000E+2	1.136220E-6	-2.235190E-8
8.698000E+2	1.125040E-6	-2.235190E-8
8.625000E+2	1.154850E-6	-5.960510E-8
8.465000E+2	1.020740E-6	6.705570E-8
8.372000E+2	1.069170E-6	2.980250E-8
8.306000E+2	1.128770E-6	-5.215430E-8
8.119000E+2	1.013290E-6	5.587960E-8
8.050000E+2	1.117590E-6	-3.725310E-8
7.961000E+2	1.106420E-6	-3.352780E-8
7.797000E+2	1.087790E-6	-3.352780E-8
7.712000E+2	1.005840E-6	5.960510E-8
7.539000E+2	1.091520E-6	-3.352780E-8
7.461000E+2	9.909340E-7	5.587960E-8
7.372000E+2	9.946600E-7	1.862660E-8
7.209000E+2	1.050540E-6	-5.587960E-8
7.118000E+2	9.574070E-7	2.607710E-8
6.968000E+2	9.462270E-7	4.097840E-8
6.864000E+2	9.834840E-7	0.000000E+0
6.713000E+2	9.201500E-7	4.842900E-8
6.622000E+2	9.201500E-7	5.960510E-8
6.473000E+2	1.013290E-6	-3.725310E-8
6.382000E+2	9.201500E-7	3.352780E-8
6.231000E+2	8.493700E-7	5.215430E-8
6.141000E+2	8.493700E-7	4.842900E-8
5.988000E+2	8.903480E-7	-3.725320E-9
5.902000E+2	9.350520E-7	-5.960510E-8
5.744000E+2	8.344690E-7	2.607710E-8
5.665000E+2	8.344690E-7	1.862660E-8
5.595000E+2	9.015240E-7	-6.705570E-8
5.404000E+2	7.599630E-7	5.215430E-8
5.337000E+2	8.530950E-7	-4.842900E-8
5.251000E+2	8.009410E-7	-1.490130E-8
5.077000E+2	8.083920E-7	-3.725310E-8
4.999000E+2	7.487870E-7	2.235190E-8
4.823000E+2	6.929080E-7	6.333040E-8
4.736000E+2	6.631050E-7	6.705570E-8
4.548000E+2	6.780060E-7	2.980250E-8
4.162000E+2	7.338860E-7	-6.333040E-8
3.965000E+2	6.184020E-7	2.980250E-8
3.509000E+2	6.444790E-7	-4.842900E-8
3.280000E+2	5.215440E-7	3.352780E-8
2.710000E+2	4.135090E-7	7.078100E-8
2.461000E+2	4.805660E-7	-4.097840E-8
2.185000E+2	4.209600E-7	-2.607710E-8
1.564000E+2	3.576300E-7	-7.078100E-8
1.274000E+2	2.160680E-7	7.450640E-9
7.170000E+1	1.639140E-7	-3.725310E-8
4.390000E+1	2.980250E-8	3.725310E-8
-1.250000E+1	-3.725310E-8	5.960510E-8
-4.190000E+1	1.490130E-8	7.450640E-9
-9.740000E+1	1.117590E-8	-2.607710E-8
-1.264000E+2	-9.685800E-8	6.333040E-8
-1.881000E+2	-1.676390E-7	4.097840E-8
-2.161000E+2	-2.160680E-7	4.097840E-8
-2.679000E+2	-1.899910E-7	-7.823160E-8
-2.944000E+2	-2.495960E-7	-7.823160E-8
-3.433000E+2	-4.209600E-7	2.235190E-8
-3.433000E+2	-4.209600E-7	2.235190E-8
