Sample Name, Varga_5_4_32G
Freq, 32, GHz, Power, 10, dBm
SR850: f = 25 Hz; phase = 97 deg; output = 5 V; sens. = 50 uV; tc = 300 ms; 12dB/oct
Field	X	Y
Oe	V	V
*
-6.668000E+2	2.764180E-6	2.421450E-8
-6.668000E+2	2.764180E-6	2.421450E-8
-6.674000E+2	2.805160E-6	-3.725320E-9
-6.654000E+2	2.801430E-6	3.725320E-9
-6.575000E+2	2.849860E-6	-2.980250E-8
-6.387000E+2	2.825650E-6	3.166520E-8
-6.267000E+2	2.842410E-6	2.607710E-8
-6.149000E+2	2.881530E-6	3.725320E-9
-5.858000E+2	2.957900E-6	5.587960E-9
-5.548000E+2	3.054750E-6	4.097840E-8
-5.403000E+2	3.157200E-6	2.607710E-8
-5.216000E+2	3.274540E-6	-2.980250E-8
-5.054000E+2	3.354640E-6	-2.980250E-8
-4.735000E+2	3.526000E-6	-3.352780E-8
-4.595000E+2	3.572570E-6	3.725320E-9
-4.341000E+2	3.775600E-6	-3.539050E-8
-4.212000E+2	3.837080E-6	-5.587960E-9
-3.997000E+2	4.069910E-6	-5.215430E-8
-3.882000E+2	4.116470E-6	3.725320E-9
-3.699000E+2	4.306460E-6	5.587960E-9
-3.597000E+2	4.395870E-6	1.117590E-8
-3.428000E+2	4.651050E-6	-3.352780E-8
-3.311000E+2	4.682720E-6	3.166520E-8
-3.221000E+2	4.788890E-6	1.303860E-8
-3.012000E+2	4.995640E-6	5.587960E-9
-2.908000E+2	5.073870E-6	2.607710E-8
-2.820000E+2	5.178180E-6	3.166520E-8
-2.581000E+2	5.446400E-6	9.313280E-9
-2.386000E+2	5.638260E-6	5.774220E-8
-2.275000E+2	5.759330E-6	4.842900E-8
-2.074000E+2	5.988430E-6	5.960510E-8
-1.966000E+2	6.157930E-6	2.421450E-8
-1.844000E+2	6.308810E-6	-2.235190E-8
-1.632000E+2	6.556540E-6	-4.470370E-8
-1.540000E+2	6.690650E-6	-6.519300E-8
-1.329000E+2	6.932790E-6	1.862660E-9
-1.209000E+2	7.128370E-6	-4.842900E-8
-1.114000E+2	7.275520E-6	-3.725310E-8
-9.130000E+1	7.633180E-6	-8.381950E-8
-8.120000E+1	7.810130E-6	-5.215430E-8
-6.150000E+1	8.253440E-6	-1.005830E-7
-5.080000E+1	8.452740E-6	-7.823160E-8
-3.160000E+1	8.961240E-6	-2.589090E-7
-1.890000E+1	8.586850E-6	-3.352780E-7
1.200000E+0	5.850600E-6	-3.092010E-7
1.160000E+1	3.725300E-6	-1.546000E-7
3.130000E+1	-1.059850E-6	1.173470E-7
4.220000E+1	-3.421690E-6	2.812610E-7
5.240000E+1	-5.120440E-6	2.868490E-7
7.450000E+1	-7.038970E-6	2.719480E-7
8.550000E+1	-7.472960E-6	1.918530E-7
1.052000E+2	-7.867870E-6	2.346940E-7
1.157000E+2	-7.802680E-6	1.098970E-7
1.386000E+2	-7.757980E-6	8.195680E-8
1.487000E+2	-7.709550E-6	6.333040E-8
1.577000E+2	-7.504630E-6	-3.911580E-8
1.785000E+2	-7.191700E-6	-5.029160E-8
1.983000E+2	-7.003570E-6	4.097840E-8
2.086000E+2	-6.778190E-6	-2.048920E-8
2.177000E+2	-6.638500E-6	2.980250E-8
2.416000E+2	-6.364690E-6	-2.980250E-8
2.511000E+2	-6.360960E-6	8.940740E-8
2.716000E+2	-6.027550E-6	-2.421450E-8
2.817000E+2	-5.884130E-6	-2.421450E-8
2.949000E+2	-5.817070E-6	7.450640E-9
3.141000E+2	-5.513460E-6	-7.078100E-8
3.253000E+2	-5.409150E-6	-5.774220E-8
3.472000E+2	-5.161420E-6	-1.005830E-7
3.581000E+2	-5.120440E-6	-5.774220E-8
3.687000E+2	-5.042210E-6	-1.490130E-8
3.909000E+2	-4.803790E-6	-7.078100E-8
4.022000E+2	-4.736740E-6	-3.352780E-8
4.237000E+2	-4.518810E-6	-8.009420E-8
4.352000E+2	-4.434990E-6	-5.960510E-8
4.478000E+2	-4.418220E-6	1.862660E-8
4.686000E+2	-4.164900E-6	-2.421450E-8
4.779000E+2	-4.112750E-6	6.333040E-8
4.900000E+2	-3.928350E-6	-3.352780E-8
5.113000E+2	-3.842670E-6	1.676390E-8
5.318000E+2	-3.717850E-6	1.676390E-8
5.415000E+2	-3.580020E-6	-5.587960E-8
5.515000E+2	-3.611680E-6	1.303860E-8
5.721000E+2	-3.449630E-6	-1.043090E-7
5.826000E+2	-3.453360E-6	-4.656640E-8
6.029000E+2	-3.365810E-6	-2.421450E-8
6.157000E+2	-3.242880E-6	-1.173470E-7
6.271000E+2	-3.270820E-6	-1.676390E-8
6.488000E+2	-3.058480E-6	-7.450630E-8
6.601000E+2	-3.084550E-6	2.235190E-8
6.828000E+2	-2.933680E-6	-7.450640E-9
6.933000E+2	-2.937410E-6	7.450640E-9
7.043000E+2	-2.941130E-6	1.862660E-8
7.264000E+2	-2.857310E-6	-1.490130E-8
7.409000E+2	-2.805160E-6	-2.048920E-8
7.605000E+2	-2.678500E-6	-7.078100E-8
7.719000E+2	-2.661730E-6	-3.539050E-8
7.813000E+2	-2.620760E-6	-5.401690E-8
8.052000E+2	-2.639380E-6	5.215430E-8
8.153000E+2	-2.579780E-6	5.587960E-9
8.369000E+2	-2.484780E-6	-6.146770E-8
8.498000E+2	-2.533210E-6	1.676390E-8
8.707000E+2	-2.518310E-6	4.097840E-8
8.812000E+2	-2.505270E-6	5.029160E-8
8.910000E+2	-2.421450E-6	3.725320E-9
9.159000E+2	-2.441940E-6	8.754480E-8
9.253000E+2	-2.365570E-6	2.048920E-8
9.385000E+2	-2.402830E-6	5.774220E-8
9.600000E+2	-2.382340E-6	-5.587960E-9
9.704000E+2	-2.428900E-6	-1.862660E-9
9.912000E+2	-2.374890E-6	-3.911580E-8
1.002200E+3	-2.389790E-6	2.048920E-8
1.022400E+3	-2.291070E-6	-4.656640E-8
1.033900E+3	-2.328320E-6	3.725320E-9
1.056700E+3	-2.304110E-6	-1.676390E-8
1.067400E+3	-2.313420E-6	-4.284110E-8
1.081000E+3	-2.369300E-6	1.862660E-8
1.101100E+3	-2.292930E-6	-6.891830E-8
1.115700E+3	-2.382340E-6	1.490130E-8
1.135000E+3	-2.291070E-6	-7.264360E-8
1.146300E+3	-2.376750E-6	2.048920E-8
1.165900E+3	-2.421450E-6	4.470370E-8
1.177900E+3	-2.415870E-6	4.656640E-8
1.197000E+3	-2.393510E-6	3.166520E-8
1.208300E+3	-2.374890E-6	2.980250E-8
1.228000E+3	-2.410280E-6	6.891830E-8
1.239000E+3	-2.389790E-6	4.097840E-8
1.248100E+3	-2.380480E-6	-5.587960E-9
1.272800E+3	-2.449390E-6	3.166520E-8
1.282100E+3	-2.417730E-6	-3.352780E-8
1.292300E+3	-2.490370E-6	5.587960E-9
1.315900E+3	-2.421450E-6	-3.352780E-8
1.326400E+3	-2.387930E-6	-5.960510E-8
1.349800E+3	-2.414000E-6	-1.303860E-8
1.359500E+3	-2.365570E-6	-5.587960E-8
1.372700E+3	-2.430770E-6	1.117590E-8
1.392500E+3	-2.397240E-6	-3.352780E-8
1.405400E+3	-2.427040E-6	0.000000E+0
1.416500E+3	-2.441940E-6	-2.421450E-8
1.438400E+3	-2.484780E-6	3.725320E-9
1.449400E+3	-2.516450E-6	5.960510E-8
1.470500E+3	-2.505270E-6	1.303860E-8
1.481600E+3	-2.559290E-6	4.656640E-8
1.490900E+3	-2.503410E-6	1.862660E-9
1.513900E+3	-2.533210E-6	3.166520E-8
1.524100E+3	-2.454980E-6	-4.470370E-8
1.546100E+3	-2.507130E-6	-5.774220E-8
1.557000E+3	-2.590950E-6	9.313280E-9
1.566000E+3	-2.613310E-6	3.725320E-9
1.589600E+3	-2.596540E-6	-4.097840E-8
1.598900E+3	-2.600270E-6	-3.166520E-8
1.619900E+3	-2.607720E-6	-5.587960E-8
1.628900E+3	-2.603990E-6	-5.215430E-8
1.649800E+3	-2.592820E-6	-5.774220E-8
1.658700E+3	-2.635660E-6	-1.862660E-9
1.679700E+3	-2.570460E-6	-5.401690E-8
1.688700E+3	-2.577920E-6	-4.470370E-8
1.709700E+3	-2.667320E-6	2.235190E-8
1.721700E+3	-2.669190E-6	-1.862660E-8
1.732300E+3	-2.756730E-6	4.284110E-8
1.751900E+3	-2.780940E-6	3.911580E-8
1.763000E+3	-2.807020E-6	6.333040E-8
1.782100E+3	-2.771630E-6	-1.862660E-9
1.793300E+3	-2.846140E-6	5.029160E-8
1.814600E+3	-2.827510E-6	-1.117590E-8
1.825600E+3	-2.797710E-6	-6.519300E-8
1.838700E+3	-2.844270E-6	-3.166520E-8
1.858800E+3	-2.851720E-6	-8.009420E-8
1.871600E+3	-2.941130E-6	-2.235190E-8
1.880600E+3	-2.888980E-6	-8.009420E-8
1.904300E+3	-2.972800E-6	-7.450640E-9
1.913900E+3	-2.929960E-6	-3.911580E-8
1.934800E+3	-2.944860E-6	-4.284110E-8
1.943900E+3	-2.950440E-6	-1.303860E-8
1.965000E+3	-2.998870E-6	1.862660E-9
1.974000E+3	-2.963480E-6	-7.636890E-8
1.997700E+3	-3.092010E-6	1.117590E-8
2.007100E+3	-3.077100E-6	-2.980250E-8
2.017000E+3	-3.121810E-6	-3.725320E-9
2.037400E+3	-3.067790E-6	-5.215430E-8
2.047900E+3	-3.118080E-6	0.000000E+0
2.071000E+3	-3.159060E-6	-1.676390E-8
2.080600E+3	-3.131120E-6	-8.009420E-8
2.092000E+3	-3.185140E-6	-3.539050E-8
2.113200E+3	-3.160920E-6	-9.313270E-8
2.124300E+3	-3.270820E-6	-2.421450E-8
2.143400E+3	-3.268960E-6	-5.401690E-8
2.156200E+3	-3.315520E-6	-1.490130E-8
2.166700E+3	-3.268960E-6	-5.774220E-8
2.186500E+3	-3.319250E-6	1.303860E-8
2.205700E+3	-3.326700E-6	-9.313280E-9
2.216900E+3	-3.373260E-6	3.352780E-8
2.226500E+3	-3.324840E-6	-2.980250E-8
2.250100E+3	-3.440320E-6	1.862660E-8
2.259400E+3	-3.408660E-6	-3.352780E-8
2.280500E+3	-3.468260E-6	-1.676390E-8
2.289700E+3	-3.436590E-6	-7.078100E-8
2.310300E+3	-3.548350E-6	3.725320E-9
2.322700E+3	-3.526000E-6	-3.352780E-8
2.332300E+3	-3.509240E-6	-4.656640E-8
2.355900E+3	-3.609820E-6	1.490130E-8
2.364800E+3	-3.548350E-6	-5.215430E-8
2.388800E+3	-3.706680E-6	3.911580E-8
2.397800E+3	-3.635900E-6	-5.401690E-8
2.408300E+3	-3.745790E-6	1.490130E-8
2.427900E+3	-3.783050E-6	-7.450640E-9
2.438900E+3	-3.792360E-6	-3.725320E-9
2.458100E+3	-3.751380E-6	-8.009420E-8
2.469200E+3	-3.835220E-6	-3.352780E-8
2.490700E+3	-3.807260E-6	-8.754480E-8
2.501400E+3	-3.889230E-6	-1.862660E-8
2.520700E+3	-3.885510E-6	-7.078100E-8
2.531900E+3	-3.978640E-6	7.450640E-9
2.541700E+3	-3.999130E-6	1.862660E-9
2.564000E+3	-3.997270E-6	-4.097840E-8
2.574600E+3	-4.071770E-6	-3.725320E-9
2.596100E+3	-4.056870E-6	-6.146770E-8
2.607300E+3	-4.133240E-6	-5.587960E-9
2.619400E+3	-4.122060E-6	-1.676390E-8
2.639800E+3	-4.181670E-6	0.000000E+0
2.652500E+3	-4.200290E-6	-5.587960E-9
2.661700E+3	-4.150000E-6	-9.685800E-8
2.685400E+3	-4.339990E-6	-5.587960E-9
2.694300E+3	-4.287840E-6	-7.823160E-8
2.705200E+3	-4.321370E-6	-9.685800E-8
2.727600E+3	-4.345580E-6	-9.127010E-8
2.737500E+3	-4.403320E-6	-5.215430E-8
2.761100E+3	-4.457340E-6	-4.470370E-8
2.770300E+3	-4.539300E-6	-5.587960E-9
2.791200E+3	-4.496450E-6	-1.117590E-7
2.801000E+3	-4.556060E-6	-8.195680E-8
2.821300E+3	-4.639880E-6	-3.725310E-8
2.833300E+3	-4.608210E-6	-7.823160E-8
2.844700E+3	-4.705070E-6	-1.862660E-9
2.863900E+3	-4.680860E-6	-1.117590E-7
2.876900E+3	-4.787030E-6	-4.284110E-8
2.896600E+3	-4.785160E-6	-8.195680E-8
2.907500E+3	-4.883880E-6	-3.725320E-9
2.917400E+3	-4.939760E-6	9.313280E-9
2.940400E+3	-5.001230E-6	-5.587960E-9
2.950100E+3	-5.051520E-6	1.490130E-8
2.972600E+3	-5.068290E-6	-1.490130E-8
2.983200E+3	-5.066420E-6	-4.656640E-8
2.995100E+3	-5.098090E-6	-3.539050E-8
3.016200E+3	-5.146520E-6	-4.097840E-8
3.025200E+3	-5.194950E-6	-2.421450E-8
3.046300E+3	-5.306710E-6	-1.676390E-8
3.055500E+3	-5.282490E-6	-8.009420E-8
3.076700E+3	-5.345820E-6	-8.940740E-8
3.085800E+3	-5.424050E-6	-4.842900E-8
3.106800E+3	-5.403560E-6	-8.754480E-8
3.116200E+3	-5.517180E-6	-1.490130E-8
3.129200E+3	-5.517180E-6	-5.029160E-8
3.148900E+3	-5.556300E-6	-1.173470E-7
3.161600E+3	-5.653160E-6	-7.078100E-8
3.172800E+3	-5.688550E-6	-6.519300E-8
3.194000E+3	-5.740700E-6	-1.341110E-7
3.205200E+3	-5.790990E-6	-1.229350E-7
3.226900E+3	-5.880400E-6	-1.098970E-7
3.237500E+3	-5.954910E-6	-4.470370E-8
3.257000E+3	-5.949320E-6	-1.043090E-7
3.268000E+3	-6.049900E-6	-1.862660E-8
3.278000E+3	-6.021960E-6	-8.754480E-8
3.301100E+3	-6.176560E-6	-3.725320E-9
3.310800E+3	-6.224990E-6	1.117590E-8
3.330600E+3	-6.297630E-6	1.303860E-8
3.340800E+3	-6.269690E-6	-4.284110E-8
3.361100E+3	-6.413120E-6	2.607710E-8
3.370700E+3	-6.374000E-6	-7.450630E-8
3.394200E+3	-6.543500E-6	3.166520E-8
3.403700E+3	-6.556540E-6	-5.587960E-9
3.413500E+3	-6.644080E-6	2.048920E-8
3.433900E+3	-6.683200E-6	-2.048920E-8
3.444300E+3	-6.685060E-6	-6.146770E-8
3.467100E+3	-6.761430E-6	-8.381950E-8
3.476700E+3	-6.871330E-6	-1.676390E-8
3.489600E+3	-6.916030E-6	-2.607710E-8
3.509000E+3	-7.083670E-6	1.490130E-8
3.521800E+3	-7.107880E-6	-3.539050E-8
3.532900E+3	-7.195430E-6	-5.587960E-9
3.554100E+3	-7.210330E-6	-8.940740E-8
3.565300E+3	-7.331400E-6	1.303860E-8
3.587100E+3	-7.323950E-6	-8.009420E-8
3.597700E+3	-7.458060E-6	-1.676390E-8
3.608200E+3	-7.543740E-6	3.725320E-9
3.631100E+3	-7.590310E-6	-7.636890E-8
3.641400E+3	-7.631320E-6	-1.098970E-7
3.663400E+3	-7.744940E-6	-8.195680E-8
3.674300E+3	-7.757980E-6	-1.136220E-7
3.693500E+3	-7.968450E-6	9.313280E-9
3.703900E+3	-7.981490E-6	-5.401690E-8
3.715600E+3	-7.994530E-6	-1.080340E-7
3.736500E+3	-8.147270E-6	-5.960510E-8
3.745400E+3	-8.128640E-6	-9.313270E-8
3.766300E+3	-8.234810E-6	-6.146770E-8
3.775300E+3	-8.205010E-6	-1.192100E-7
3.796500E+3	-8.292550E-6	-7.078100E-8
3.805600E+3	-8.395000E-6	1.490130E-8
3.818700E+3	-8.484410E-6	4.656640E-8
3.838800E+3	-8.596170E-6	3.725320E-9
3.849800E+3	-8.661360E-6	1.676390E-8
3.869500E+3	-8.633420E-6	-9.313270E-8
3.880700E+3	-8.735860E-6	-3.725310E-8
3.900200E+3	-8.788020E-6	-5.215430E-8
3.911500E+3	-8.862520E-6	3.725320E-9
3.930900E+3	-8.879290E-6	-6.146770E-8
3.941900E+3	-8.868110E-6	-1.005830E-7
3.961200E+3	-9.039480E-6	-3.166520E-8
3.971900E+3	-9.089770E-6	-2.607710E-8
3.991700E+3	-9.123290E-6	-6.333040E-8
4.001900E+3	-9.091630E-6	-1.285230E-7
4.022100E+3	-9.248090E-6	-1.490130E-8
4.031700E+3	-9.192210E-6	-8.381950E-8
4.054200E+3	-9.270440E-6	5.587960E-9
4.064600E+3	-9.296520E-6	1.303860E-8
4.073500E+3	-9.283480E-6	-2.235190E-8
4.097500E+3	-9.357990E-6	3.539050E-8
4.106500E+3	-9.287210E-6	-5.401690E-8
4.127900E+3	-9.303970E-6	-5.029160E-8
4.137000E+3	-9.357990E-6	0.000000E+0
4.158400E+3	-9.333770E-6	-2.421450E-8
4.167600E+3	-9.285340E-6	-8.754480E-8
4.178900E+3	-9.350540E-6	3.725320E-9
4.200600E+3	-9.231330E-6	-6.333040E-8
4.211500E+3	-9.231330E-6	-3.725310E-8
4.233700E+3	-9.121430E-6	-8.940740E-8
4.244600E+3	-9.160550E-6	-1.303860E-8
4.257500E+3	-9.073000E-6	-8.009420E-8
4.276700E+3	-9.045060E-6	-8.009420E-8
4.287500E+3	-9.045060E-6	-2.421450E-8
4.307200E+3	-8.916540E-6	-1.676390E-8
4.317700E+3	-8.832720E-6	-4.284110E-8
4.339700E+3	-8.631560E-6	-1.024460E-7
4.350900E+3	-8.547740E-6	-5.587960E-8
4.363200E+3	-8.504900E-6	-9.313280E-9
4.383600E+3	-8.346570E-6	9.313280E-9
4.393200E+3	-8.242260E-6	2.793980E-8
4.416000E+3	-7.970320E-6	3.725320E-9
4.426400E+3	-7.854830E-6	2.980250E-8
4.438300E+3	-7.679740E-6	-3.539050E-8
4.459400E+3	-7.463650E-6	3.352780E-8
4.471500E+3	-7.277380E-6	-5.587960E-9
4.480700E+3	-7.104160E-6	-2.048920E-8
4.504800E+3	-6.811720E-6	5.401690E-8
4.514400E+3	-6.571440E-6	-2.048920E-8
4.525700E+3	-6.398220E-6	1.303860E-8
4.547300E+3	-6.049900E-6	-2.048920E-8
4.558400E+3	-5.891580E-6	5.029160E-8
4.580400E+3	-5.483660E-6	-2.607710E-8
4.590600E+3	-5.230340E-6	-4.284110E-8
4.603700E+3	-5.112990E-6	1.862660E-8
4.622900E+3	-4.626840E-6	-6.146770E-8
4.634300E+3	-4.500180E-6	2.607710E-8
4.653600E+3	-4.064320E-6	3.539050E-8
4.664800E+3	-3.835220E-6	5.587960E-9
4.684300E+3	-3.438460E-6	3.725310E-8
4.695000E+3	-3.138570E-6	-2.421450E-8
4.716700E+3	-2.661730E-6	-1.676390E-8
4.727900E+3	-2.376750E-6	-3.352780E-8
4.740100E+3	-2.164410E-6	-5.587960E-9
4.760400E+3	-1.661490E-6	-3.352780E-8
4.770300E+3	-1.441690E-6	-2.421450E-8
4.790900E+3	-1.074750E-6	5.960510E-8
4.800200E+3	-7.972160E-7	3.725320E-9
4.810200E+3	-5.662480E-7	4.656640E-8
4.833600E+3	-6.705570E-8	2.235190E-8
4.842800E+3	1.341110E-7	5.774220E-8
4.863700E+3	6.351660E-7	-1.303860E-8
4.873400E+3	9.089740E-7	-1.676390E-8
4.897000E+3	1.313170E-6	1.862660E-8
4.906100E+3	1.639140E-6	-2.235190E-8
4.920000E+3	1.819810E-6	1.303860E-8
4.939200E+3	2.337630E-6	0.000000E+0
4.952100E+3	2.527620E-6	2.235190E-8
4.962900E+3	2.674770E-6	6.891830E-8
4.984400E+3	3.183280E-6	1.117590E-8
4.995600E+3	3.313660E-6	7.823160E-8
5.017100E+3	3.788630E-6	0.000000E+0
5.028200E+3	3.906000E-6	6.146770E-8
5.038400E+3	4.122060E-6	7.078100E-8
5.060700E+3	4.531840E-6	2.235190E-8
5.071600E+3	4.733010E-6	5.960510E-8
5.094200E+3	5.144660E-6	1.490130E-8
5.104500E+3	5.332780E-6	3.539050E-8
5.116800E+3	5.519050E-6	2.980250E-8
5.137900E+3	5.826380E-6	5.401690E-8
5.150300E+3	5.966080E-6	5.587960E-8
5.159400E+3	6.154210E-6	9.313280E-9
5.180500E+3	6.435470E-6	2.793980E-8
5.190000E+3	6.541640E-6	4.656640E-8
5.210400E+3	6.822900E-6	5.587960E-9
5.231700E+3	7.072490E-6	6.333040E-8
5.240800E+3	7.264350E-6	4.656640E-8
5.251400E+3	7.368650E-6	8.195680E-8
5.271000E+3	7.655530E-6	3.166520E-8
5.282100E+3	7.731900E-6	8.754480E-8
5.301000E+3	7.985220E-6	4.470370E-8
5.311500E+3	8.082080E-6	5.215430E-8
5.331100E+3	8.324220E-6	5.960510E-8
5.344900E+3	8.449020E-6	6.891830E-8
5.364200E+3	8.678120E-6	1.303860E-8
5.375400E+3	8.741450E-6	7.078100E-8
5.394800E+3	8.983600E-6	2.607710E-8
5.406100E+3	9.043200E-6	6.891830E-8
5.415400E+3	9.190350E-6	2.048920E-8
5.438800E+3	9.402690E-6	2.607710E-8
5.448900E+3	9.503270E-6	2.793980E-8
5.469500E+3	9.691400E-6	2.980250E-8
5.479000E+3	9.808750E-6	3.911580E-8
5.501800E+3	1.004720E-5	4.284110E-8
5.512200E+3	1.018690E-5	1.490130E-8
5.521200E+3	1.028930E-5	1.862660E-8
5.542100E+3	1.048680E-5	4.470370E-8
5.551500E+3	1.055380E-5	7.823160E-8
5.572300E+3	1.083320E-5	1.303860E-8
5.584500E+3	1.092070E-5	-1.862660E-9
5.605800E+3	1.111450E-5	3.166520E-8
5.617700E+3	1.126160E-5	-3.725320E-9
5.628200E+3	1.134360E-5	2.980250E-8
5.648200E+3	1.159690E-5	2.793980E-8
5.659200E+3	1.171800E-5	4.097840E-8
5.678800E+3	1.194150E-5	3.166520E-8
5.690000E+3	1.204950E-5	4.284110E-8
5.709300E+3	1.227680E-5	3.166520E-8
5.720600E+3	1.240900E-5	2.048920E-8
5.740100E+3	1.269030E-5	1.490130E-8
5.753200E+3	1.277780E-5	4.284110E-8
5.763200E+3	1.294170E-5	9.313280E-9
5.785500E+3	1.319880E-5	3.166520E-8
5.796400E+3	1.336830E-5	-9.313280E-9
5.816400E+3	1.360850E-5	5.587960E-9
5.826600E+3	1.374820E-5	-1.490130E-8
5.846900E+3	1.398290E-5	0.000000E+0
5.856600E+3	1.415620E-5	-1.490130E-8
5.880400E+3	1.446910E-5	3.725320E-9
5.889700E+3	1.466470E-5	-5.587960E-9
5.899600E+3	1.478010E-5	2.048920E-8
5.919900E+3	1.507260E-5	2.607710E-8
5.930200E+3	1.522530E-5	4.097840E-8
5.949900E+3	1.555690E-5	-1.117590E-8
5.960700E+3	1.570410E-5	3.725320E-9
5.982800E+3	1.606360E-5	3.725320E-9
5.992900E+3	1.623490E-5	-3.725320E-9
6.003900E+3	1.644170E-5	1.303860E-8
6.025300E+3	1.682170E-5	-1.490130E-8
6.036500E+3	1.703770E-5	-7.450640E-9
6.058200E+3	1.743260E-5	-3.352780E-8
6.069200E+3	1.760400E-5	-2.235190E-8
6.079500E+3	1.779770E-5	-3.352780E-8
6.101900E+3	1.825590E-5	-1.490130E-8
6.112900E+3	1.845330E-5	-3.725320E-9
6.134400E+3	1.893760E-5	-1.862660E-8
6.145700E+3	1.912390E-5	2.048920E-8
6.155200E+3	1.942190E-5	5.587960E-9
6.179200E+3	1.983170E-5	-3.725320E-9
6.188400E+3	2.007570E-5	-2.607710E-8
6.208900E+3	2.056370E-5	-5.029160E-8
6.218700E+3	2.078720E-5	-5.215430E-8
6.239700E+3	2.129570E-5	-4.284110E-8
6.252100E+3	2.153790E-5	-5.587960E-8
6.262100E+3	2.179680E-5	-5.774220E-8
6.285700E+3	2.238350E-5	-5.960510E-8
6.294900E+3	2.264800E-5	-7.078100E-8
6.306200E+3	2.297030E-5	-7.264360E-8
6.327800E+3	2.349550E-5	-8.009420E-8
6.338600E+3	2.383270E-5	-8.195680E-8
6.360900E+3	2.439150E-5	-1.024460E-7
6.370800E+3	2.465410E-5	-1.136220E-7
6.390900E+3	2.522780E-5	-1.192100E-7
6.403200E+3	2.554440E-5	-1.247980E-7
6.414500E+3	2.581270E-5	-1.247980E-7
6.433800E+3	2.641610E-5	-1.043090E-7
6.445000E+3	2.671040E-5	-9.499540E-8
6.464400E+3	2.724880E-5	-8.568210E-8
6.475400E+3	2.753750E-5	-8.009420E-8
6.475400E+3	2.753750E-5	-8.009420E-8
6.506000E+3	2.841850E-5	-1.229350E-7
6.528100E+3	2.896980E-5	-1.341110E-7
6.539300E+3	2.931440E-5	-1.508750E-7
6.551700E+3	2.958450E-5	-1.508750E-7
6.572200E+3	3.018990E-5	-1.583260E-7
6.585000E+3	3.046180E-5	-1.601880E-7
6.594500E+3	3.069660E-5	-1.396990E-7
6.618300E+3	3.129450E-5	-1.564630E-7
6.627400E+3	3.150870E-5	-1.434250E-7
6.651400E+3	3.203590E-5	-1.676390E-7
6.660500E+3	3.230040E-5	-1.713640E-7
6.670700E+3	3.251460E-5	-1.825400E-7
6.690700E+3	3.287220E-5	-1.788150E-7
6.701300E+3	3.306780E-5	-2.011670E-7
6.720900E+3	3.343100E-5	-2.216560E-7
6.733800E+3	3.359680E-5	-2.197930E-7
6.745000E+3	3.374390E-5	-2.291060E-7
6.766400E+3	3.404380E-5	-1.993040E-7
6.777700E+3	3.417790E-5	-2.216560E-7
6.800000E+3	3.439030E-5	-2.421460E-7
6.811300E+3	3.451500E-5	-2.700850E-7
6.820700E+3	3.460630E-5	-2.626350E-7
6.843800E+3	3.476840E-5	-2.551840E-7
6.854000E+3	3.479260E-5	-2.384200E-7
6.874600E+3	3.487830E-5	-2.719480E-7
6.884200E+3	3.488760E-5	-2.589090E-7
6.905200E+3	3.488390E-5	-2.421460E-7
6.917600E+3	3.490250E-5	-2.663600E-7
6.926800E+3	3.488760E-5	-2.607720E-7
6.950700E+3	3.485400E-5	-2.849870E-7
6.959900E+3	3.478700E-5	-2.663600E-7
6.981100E+3	3.468640E-5	-2.589090E-7
6.990200E+3	3.462870E-5	-2.682230E-7
7.011400E+3	3.451690E-5	-2.905740E-7
7.020800E+3	3.438090E-5	-2.682230E-7
7.033700E+3	3.431950E-5	-2.812610E-7
7.053700E+3	3.411270E-5	-2.868490E-7
7.066200E+3	3.399540E-5	-2.793990E-7
7.077400E+3	3.390970E-5	-3.129260E-7
7.099000E+3	3.361540E-5	-2.943000E-7
7.110100E+3	3.353340E-5	-3.166510E-7
7.132500E+3	3.322980E-5	-3.017500E-7
7.143900E+3	3.314040E-5	-3.222390E-7
7.153900E+3	3.299330E-5	-3.147890E-7
7.176700E+3	3.270270E-5	-3.203770E-7
7.187400E+3	3.250530E-5	-3.054760E-7
7.207700E+3	3.222590E-5	-3.259650E-7
7.217900E+3	3.206380E-5	-3.203770E-7
7.240000E+3	3.167270E-5	-2.924370E-7
7.250900E+3	3.149570E-5	-3.036130E-7
7.260000E+3	3.128710E-5	-2.905740E-7
7.281200E+3	3.090710E-5	-3.110640E-7
7.290300E+3	3.069290E-5	-2.980250E-7
7.317100E+3	3.021410E-5	-3.334150E-7
7.326400E+3	2.998870E-5	-3.241020E-7
7.335600E+3	2.979690E-5	-3.371410E-7
7.356300E+3	2.939640E-5	-3.073380E-7
7.366000E+3	2.918960E-5	-3.054760E-7
7.386300E+3	2.867180E-5	-2.961620E-7
7.399500E+3	2.842040E-5	-2.998880E-7
7.410700E+3	2.818570E-5	-3.036130E-7
7.432300E+3	2.760270E-5	-2.700850E-7
7.443700E+3	2.735680E-5	-2.756730E-7
7.465400E+3	2.672910E-5	-2.682230E-7
7.476400E+3	2.644780E-5	-2.793990E-7
7.486900E+3	2.608090E-5	-3.036130E-7
7.509100E+3	2.549600E-5	-3.241020E-7
7.520100E+3	2.513090E-5	-3.185140E-7
7.541600E+3	2.451810E-5	-3.017500E-7
7.552900E+3	2.414930E-5	-2.831240E-7
7.565500E+3	2.383270E-5	-2.756730E-7
7.585400E+3	2.310060E-5	-2.831240E-7
7.598700E+3	2.278030E-5	-2.831240E-7
7.607800E+3	2.245240E-5	-2.868490E-7
7.631800E+3	2.169810E-5	-2.793990E-7
7.641100E+3	2.136280E-5	-2.756730E-7
7.662300E+3	2.065310E-5	-2.589090E-7
7.671400E+3	2.032530E-5	-2.477340E-7
7.692700E+3	1.955980E-5	-2.458710E-7
7.701900E+3	1.912020E-5	-2.440080E-7
7.714800E+3	1.868430E-5	-2.384200E-7
7.735000E+3	1.790760E-5	-2.346940E-7
7.745600E+3	1.753130E-5	-2.253810E-7
7.765200E+3	1.681610E-5	-2.104800E-7
7.776300E+3	1.636900E-5	-2.030290E-7
7.798600E+3	1.556440E-5	-2.197930E-7
7.809100E+3	1.511360E-5	-2.011670E-7
7.829200E+3	1.434620E-5	-1.974410E-7
7.840300E+3	1.395500E-5	-1.732270E-7
7.859900E+3	1.314100E-5	-1.639140E-7
7.871200E+3	1.273500E-5	-1.639140E-7
7.890700E+3	1.192280E-5	-1.452870E-7
7.901900E+3	1.152420E-5	-1.210730E-7
7.911200E+3	1.106230E-5	-1.154840E-7
7.934400E+3	1.021110E-5	-9.872060E-8
7.944400E+3	9.825510E-6	-1.154840E-7
7.965100E+3	8.970560E-6	-1.061710E-7
7.974700E+3	8.622240E-6	-1.359740E-7
7.995900E+3	7.789640E-6	-8.940740E-8
8.005200E+3	7.309050E-6	-9.313270E-8
8.028800E+3	6.485760E-6	-5.215430E-8
8.038600E+3	5.984710E-6	-9.499540E-8
8.053800E+3	5.526500E-6	-8.940740E-8
8.064200E+3	5.112990E-6	-9.685800E-8
8.084000E+3	4.384700E-6	-1.229350E-7
8.094900E+3	4.084810E-6	-5.215430E-8
8.114300E+3	3.365810E-6	-3.352780E-8
8.125500E+3	2.942990E-6	-1.676390E-8
8.144900E+3	2.162550E-6	-1.303860E-8
8.156200E+3	1.741580E-6	3.166520E-8
8.174800E+3	9.462270E-7	5.587960E-8
8.186100E+3	6.519290E-7	1.117590E-8
8.206700E+3	-6.705570E-8	7.636890E-8
8.216800E+3	-4.135090E-7	7.823160E-8
8.239300E+3	-1.076620E-6	3.725320E-9
8.250600E+3	-1.469630E-6	6.891830E-8
8.259800E+3	-1.739720E-6	9.313280E-9
8.283500E+3	-2.512720E-6	9.313270E-8
8.293400E+3	-2.788390E-6	7.823160E-8
8.314200E+3	-3.378850E-6	6.705570E-8
8.323500E+3	-3.689910E-6	9.685800E-8
8.344800E+3	-4.239410E-6	1.341110E-7
8.353800E+3	-4.466650E-6	6.333040E-8
8.364600E+3	-4.762810E-6	1.005830E-7
8.387200E+3	-5.321610E-6	1.154840E-7
8.397300E+3	-5.610320E-6	1.583260E-7
8.417700E+3	-5.984710E-6	9.499540E-8
8.428300E+3	-6.254790E-6	1.434250E-7
8.448200E+3	-6.757710E-6	1.993040E-7
8.459100E+3	-6.975640E-6	1.993040E-7
8.478600E+3	-7.275520E-6	1.117590E-7
8.489800E+3	-7.562370E-6	1.993040E-7
8.509300E+3	-7.934930E-6	2.160680E-7
8.520500E+3	-8.042960E-6	1.303860E-7
8.542000E+3	-8.402450E-6	1.695020E-7
8.553200E+3	-8.618520E-6	2.421460E-7
8.563200E+3	-8.830860E-6	2.756730E-7
8.585800E+3	-9.089770E-6	2.682230E-7
8.596700E+3	-9.277890E-6	3.054760E-7
8.619600E+3	-9.447390E-6	2.272440E-7
8.629800E+3	-9.572190E-6	2.253810E-7
8.642300E+3	-9.663460E-6	1.899910E-7
8.663600E+3	-9.883250E-6	1.899910E-7
8.672900E+3	-1.008630E-5	2.738110E-7
8.696600E+3	-1.024460E-5	2.961620E-7
8.706200E+3	-1.022040E-5	1.899910E-7
8.715900E+3	-1.031720E-5	2.272440E-7
8.739400E+3	-1.040110E-5	1.974410E-7
8.748500E+3	-1.047370E-5	2.551840E-7
8.769600E+3	-1.050720E-5	2.216560E-7
8.779100E+3	-1.057800E-5	2.719480E-7
8.799700E+3	-1.061900E-5	2.812610E-7
8.809800E+3	-1.070280E-5	3.390030E-7
8.830200E+3	-1.065630E-5	2.421460E-7
8.840700E+3	-1.072520E-5	2.998880E-7
8.851500E+3	-1.075870E-5	3.315530E-7
8.873400E+3	-1.075870E-5	3.259650E-7
8.884800E+3	-1.067860E-5	2.458710E-7
8.906200E+3	-1.063950E-5	2.328320E-7
8.917300E+3	-1.071590E-5	3.203770E-7
8.936600E+3	-1.066740E-5	3.390030E-7
8.948000E+3	-1.062830E-5	3.073380E-7
8.957300E+3	-1.051470E-5	2.514590E-7
8.980600E+3	-1.054080E-5	3.557670E-7
8.990900E+3	-1.052210E-5	3.576300E-7
9.014200E+3	-1.041040E-5	3.315530E-7
9.024200E+3	-1.033590E-5	2.868490E-7
9.036400E+3	-1.025020E-5	2.346940E-7
9.057800E+3	-1.021480E-5	2.440080E-7
9.066900E+3	-1.015330E-5	2.216560E-7
9.088300E+3	-1.009000E-5	2.402830E-7
9.097700E+3	-1.003040E-5	2.272440E-7
9.118900E+3	-9.967070E-6	2.421460E-7
9.128700E+3	-9.959620E-6	2.738110E-7
9.149300E+3	-9.829240E-6	2.402830E-7
9.159600E+3	-9.888840E-6	3.483160E-7
9.169900E+3	-9.795710E-6	2.998880E-7
9.192400E+3	-9.687680E-6	2.793990E-7
9.203700E+3	-9.696990E-6	3.390030E-7
9.223400E+3	-9.536800E-6	2.868490E-7
9.236700E+3	-9.514450E-6	3.185140E-7
9.247000E+3	-9.395240E-6	2.495960E-7
9.269300E+3	-9.367300E-6	3.390030E-7
9.280300E+3	-9.343090E-6	3.520420E-7
9.302100E+3	-9.162410E-6	2.458710E-7
9.313200E+3	-9.201530E-6	3.334150E-7
9.322600E+3	-9.127020E-6	3.315530E-7
9.345800E+3	-9.017120E-6	3.315530E-7
9.355900E+3	-8.953790E-6	3.054760E-7
9.378200E+3	-8.834580E-6	2.589090E-7
9.389100E+3	-8.814100E-6	2.905740E-7
9.401300E+3	-8.698610E-6	2.272440E-7
9.422700E+3	-8.577540E-6	2.104800E-7
9.434800E+3	-8.519800E-6	2.179300E-7
9.444600E+3	-8.519800E-6	2.682230E-7
9.465300E+3	-8.380100E-6	2.402830E-7
9.475600E+3	-8.424800E-6	3.501790E-7
9.495700E+3	-8.236680E-6	2.309690E-7
9.506700E+3	-8.296280E-6	3.073380E-7
9.526300E+3	-8.119330E-6	2.346940E-7
9.537500E+3	-8.016880E-6	1.955790E-7
9.559700E+3	-8.035510E-6	2.812610E-7
9.572200E+3	-7.890220E-6	1.899910E-7
9.583600E+3	-7.951690E-6	2.961620E-7
9.603200E+3	-7.838070E-6	2.924370E-7
9.614400E+3	-7.731900E-6	2.440080E-7
9.633900E+3	-7.668570E-6	2.849870E-7
9.645000E+3	-7.642490E-6	2.905740E-7
9.666700E+3	-7.467370E-6	2.365570E-7
9.677900E+3	-7.489730E-6	3.073380E-7
9.687400E+3	-7.417080E-6	2.793990E-7
9.711500E+3	-7.351890E-6	2.682230E-7
9.720700E+3	-7.351890E-6	2.998880E-7
9.744300E+3	-7.266210E-6	3.073380E-7
9.754200E+3	-7.145140E-6	2.346940E-7
9.775200E+3	-7.143270E-6	3.073380E-7
9.784800E+3	-7.029650E-6	2.346940E-7
9.795100E+3	-6.960730E-6	1.993040E-7
9.815600E+3	-6.873190E-6	1.825400E-7
9.826300E+3	-6.932790E-6	2.644970E-7
9.846100E+3	-6.772610E-6	1.899910E-7
9.857300E+3	-6.824760E-6	2.775360E-7
9.876900E+3	-6.644080E-6	1.620510E-7
9.887100E+3	-6.653400E-6	2.197930E-7
9.909900E+3	-6.519290E-6	1.825400E-7
9.921000E+3	-6.539780E-6	2.402830E-7
9.931300E+3	-6.545360E-6	2.831240E-7
9.953500E+3	-6.420570E-6	2.309690E-7
9.964600E+3	-6.439190E-6	2.868490E-7
9.984500E+3	-6.325570E-6	2.365570E-7
9.995100E+3	-6.191460E-6	1.564630E-7
1.001550E+4	-6.230580E-6	2.626350E-7
1.002570E+4	-6.163520E-6	2.179300E-7
1.004640E+4	-6.094600E-6	2.123420E-7
1.005910E+4	-6.124410E-6	2.719480E-7
1.006820E+4	-5.992160E-6	1.583260E-7
1.009220E+4	-6.010790E-6	2.328320E-7
1.010160E+4	-5.913930E-6	1.825400E-7
1.012500E+4	-5.859910E-6	2.272440E-7
1.013510E+4	-5.781680E-6	1.918530E-7
1.014460E+4	-5.764920E-6	2.235180E-7
1.016870E+4	-5.666200E-6	2.048920E-7
1.017800E+4	-5.686680E-6	2.644970E-7
1.019930E+4	-5.552570E-6	1.899910E-7
1.020850E+4	-5.519050E-6	1.732270E-7
1.022980E+4	-5.504150E-6	2.365570E-7
1.024190E+4	-5.396110E-6	1.620510E-7
1.025250E+4	-5.438950E-6	2.272440E-7
1.027230E+4	-5.383070E-6	2.253810E-7
1.028330E+4	-5.353270E-6	2.309690E-7
1.030290E+4	-5.289940E-6	2.607720E-7
1.031410E+4	-5.161420E-6	1.732270E-7
1.033360E+4	-5.191220E-6	2.272440E-7
1.034480E+4	-5.189360E-6	2.514590E-7
1.036450E+4	-5.055250E-6	1.899910E-7
1.037530E+4	-4.978880E-6	1.415620E-7
1.039560E+4	-4.995640E-6	1.993040E-7
1.040600E+4	-4.909960E-6	1.322490E-7
1.042670E+4	-4.926730E-6	1.899910E-7
1.043670E+4	-4.854080E-6	1.396990E-7
1.045780E+4	-4.859670E-6	2.104800E-7
1.046710E+4	-4.846630E-6	2.142050E-7
1.048820E+4	-4.790750E-6	2.216560E-7
1.049750E+4	-4.734870E-6	1.881280E-7
1.050810E+4	-4.716250E-6	2.086170E-7
1.053080E+4	-4.664090E-6	1.769520E-7
1.054080E+4	-4.639880E-6	1.881280E-7
1.056140E+4	-4.572820E-6	1.881280E-7
1.058280E+4	-4.589590E-6	2.365570E-7
1.059200E+4	-4.518810E-6	1.750900E-7
1.060300E+4	-4.498320E-6	1.806770E-7
1.062560E+4	-4.429400E-6	1.620510E-7
1.063570E+4	-4.500180E-6	2.272440E-7
1.065580E+4	-4.362340E-6	1.508750E-7
1.066630E+4	-4.405180E-6	2.197930E-7
1.068600E+4	-4.371660E-6	2.458710E-7
1.069700E+4	-4.325090E-6	2.253810E-7
1.070710E+4	-4.258040E-6	1.732270E-7
1.072790E+4	-4.276660E-6	2.346940E-7
1.073750E+4	-4.278530E-6	2.644970E-7
1.076100E+4	-4.245000E-6	2.514590E-7
1.077140E+4	-4.148140E-6	1.881280E-7
1.079210E+4	-4.164900E-6	2.626350E-7
1.080210E+4	-4.073630E-6	2.123420E-7
1.082320E+4	-3.987950E-6	1.806770E-7
1.083260E+4	-3.950700E-6	1.676390E-7
1.085400E+4	-3.984230E-6	2.589090E-7
1.086330E+4	-3.967460E-6	2.384200E-7
1.088720E+4	-3.960010E-6	2.663600E-7
1.089680E+4	-3.846390E-6	1.508750E-7
1.090690E+4	-3.904130E-6	2.086170E-7
1.092730E+4	-3.779320E-6	1.173470E-7
1.093790E+4	-3.762560E-6	1.117590E-7
1.096110E+4	-3.760700E-6	1.527380E-7
1.097090E+4	-3.745790E-6	1.452870E-7
1.098420E+4	-3.742070E-6	1.806770E-7
1.100390E+4	-3.738340E-6	2.086170E-7
1.101500E+4	-3.684330E-6	1.825400E-7
1.103450E+4	-3.594920E-6	1.881280E-7
1.104750E+4	-3.648940E-6	2.533220E-7
1.105830E+4	-3.611680E-6	2.421460E-7
1.108110E+4	-3.533450E-6	2.272440E-7
1.109170E+4	-3.524140E-6	2.402830E-7
1.111410E+4	-3.460810E-6	2.030290E-7
1.112530E+4	-3.438460E-6	1.993040E-7
1.113460E+4	-3.483160E-6	2.235180E-7
1.115880E+4	-3.442180E-6	2.328320E-7
1.116870E+4	-3.376990E-6	1.750900E-7
1.119190E+4	-3.343460E-6	1.918530E-7
1.120250E+4	-3.326700E-6	1.993040E-7
1.121170E+4	-3.309930E-6	1.974410E-7
1.123260E+4	-3.183280E-6	1.229350E-7
1.125320E+4	-3.270820E-6	2.104800E-7
1.126270E+4	-3.185140E-6	1.322490E-7
1.127280E+4	-3.246610E-6	1.993040E-7
1.129330E+4	-3.138570E-6	1.247980E-7
1.130390E+4	-3.160920E-6	1.732270E-7
1.132690E+4	-3.119950E-6	1.452870E-7
1.133680E+4	-3.119950E-6	1.583260E-7
1.135760E+4	-3.108770E-6	1.825400E-7
1.136790E+4	-3.099460E-6	1.657760E-7
1.137900E+4	-3.065930E-6	1.359740E-7
1.140070E+4	-3.097590E-6	2.048920E-7
1.141200E+4	-3.004460E-6	1.266610E-7
1.143150E+4	-3.051030E-6	2.048920E-7
1.144270E+4	-2.957900E-6	1.266610E-7
1.146260E+4	-3.004460E-6	1.974410E-7
1.147340E+4	-2.972800E-6	1.732270E-7
1.149370E+4	-2.881530E-6	1.266610E-7
1.150400E+4	-2.842410E-6	9.685800E-8
1.152460E+4	-2.903880E-6	1.788150E-7
1.153440E+4	-2.805160E-6	8.754480E-8
1.155560E+4	-2.784670E-6	1.117590E-7
1.156500E+4	-2.807020E-6	1.378370E-7
1.157520E+4	-2.821920E-6	1.713640E-7
1.159840E+4	-2.743690E-6	1.359740E-7
1.160790E+4	-2.704580E-6	1.098970E-7
1.163150E+4	-2.738100E-6	1.713640E-7
1.164150E+4	-2.658010E-6	9.685800E-8
1.165470E+4	-2.682220E-6	1.527380E-7
1.167470E+4	-2.617030E-6	7.636890E-8
1.168610E+4	-2.667320E-6	1.266610E-7
1.170860E+4	-2.596540E-6	9.685800E-8
1.171940E+4	-2.618890E-6	1.229350E-7
1.173960E+4	-2.620760E-6	1.266610E-7
1.175080E+4	-2.644970E-6	1.676390E-7
1.177040E+4	-2.596540E-6	1.341110E-7
1.178160E+4	-2.574190E-6	1.359740E-7
1.180100E+4	-2.533210E-6	1.210730E-7
1.181230E+4	-2.587230E-6	1.806770E-7
1.182150E+4	-2.494100E-6	9.499540E-8
1.184270E+4	-2.503410E-6	1.341110E-7
1.186180E+4	-2.475470E-6	1.434250E-7
1.187310E+4	-2.494100E-6	1.955790E-7
1.188250E+4	-2.471740E-6	2.011670E-7
1.190400E+4	-2.402830E-6	1.583260E-7
1.192510E+4	-2.445670E-6	2.272440E-7
1.193480E+4	-2.397240E-6	1.899910E-7
1.194690E+4	-2.359990E-6	1.508750E-7
1.196820E+4	-2.296660E-6	1.210730E-7
1.197760E+4	-2.328320E-6	1.471500E-7
1.199840E+4	-2.345080E-6	1.434250E-7
1.200830E+4	-2.369300E-6	1.974410E-7
1.202890E+4	-2.274300E-6	1.247980E-7
1.203850E+4	-2.311560E-6	1.713640E-7
1.205940E+4	-2.250090E-6	1.080340E-7
1.206930E+4	-2.311560E-6	1.750900E-7
1.208050E+4	-2.225880E-6	9.685800E-8
1.210330E+4	-2.281750E-6	1.750900E-7
1.211440E+4	-2.240780E-6	1.508750E-7
1.213440E+4	-2.170000E-6	1.005830E-7
1.214760E+4	-2.225880E-6	1.713640E-7
1.215730E+4	-2.184900E-6	1.415620E-7
1.218030E+4	-2.168130E-6	1.527380E-7
1.219080E+4	-2.147640E-6	1.508750E-7
1.221310E+4	-2.097350E-6	1.266610E-7
1.222420E+4	-2.140190E-6	1.806770E-7
1.223350E+4	-2.091770E-6	1.303860E-7
1.225730E+4	-2.129020E-6	1.788150E-7
1.226690E+4	-2.117840E-6	1.657760E-7
1.227930E+4	-2.108530E-6	1.750900E-7
1.230060E+4	-2.047060E-6	1.471500E-7
1.230990E+4	-2.075000E-6	1.881280E-7
1.233110E+4	-2.011670E-6	1.266610E-7
1.234070E+4	-2.054510E-6	1.844030E-7
1.236430E+4	-1.974420E-6	1.341110E-7
1.237430E+4	-1.935300E-6	9.872060E-8
1.239490E+4	-1.948340E-6	1.266610E-7
1.240530E+4	-2.004220E-6	1.825400E-7
1.242550E+4	-1.918540E-6	9.685800E-8
1.243550E+4	-1.905490E-6	8.381950E-8
1.244960E+4	-1.981870E-6	1.639140E-7
1.246940E+4	-1.875690E-6	9.685800E-8
1.248270E+4	-1.937170E-6	1.695020E-7
1.250230E+4	-1.821670E-6	7.823160E-8
1.251360E+4	-1.883140E-6	1.434250E-7
1.253320E+4	-1.858930E-6	1.322490E-7
1.254440E+4	-1.849610E-6	1.415620E-7
1.255380E+4	-1.776970E-6	8.009420E-8
1.257750E+4	-1.864520E-6	1.657760E-7
1.258750E+4	-1.788150E-6	8.754480E-8
1.260850E+4	-1.801190E-6	1.266610E-7
1.261790E+4	-1.743440E-6	8.754480E-8
1.263920E+4	-1.756480E-6	1.359740E-7
1.264840E+4	-1.728540E-6	1.154840E-7
1.266990E+4	-1.721090E-6	1.229350E-7
1.267930E+4	-1.706190E-6	1.061710E-7
1.269040E+4	-1.767660E-6	1.508750E-7
1.271290E+4	-1.691290E-6	8.940740E-8
1.272330E+4	-1.683840E-6	7.823160E-8
1.274650E+4	-1.715500E-6	1.117590E-7
1.275640E+4	-1.708050E-6	1.005830E-7
1.276960E+4	-1.737860E-6	1.359740E-7
1.278940E+4	-1.676390E-6	1.117590E-7
1.280060E+4	-1.702460E-6	1.546000E-7
1.282060E+4	-1.603740E-6	8.195680E-8
1.283380E+4	-1.663350E-6	1.266610E-7
1.285400E+4	-1.590710E-6	5.774220E-8
1.286520E+4	-1.600020E-6	8.009420E-8
1.287560E+4	-1.655900E-6	1.415620E-7
1.289940E+4	-1.652170E-6	1.564630E-7
1.290950E+4	-1.650310E-6	1.471500E-7
1.293210E+4	-1.579530E-6	1.024460E-7
1.294300E+4	-1.600020E-6	1.639140E-7
1.295240E+4	-1.534830E-6	1.154840E-7
1.297370E+4	-1.521790E-6	1.452870E-7
1.298300E+4	-1.478950E-6	8.754480E-8
1.300410E+4	-1.536690E-6	9.499540E-8
1.301380E+4	-1.590710E-6	1.378370E-7
1.303450E+4	-1.544140E-6	8.754480E-8
1.304480E+4	-1.547870E-6	1.061710E-7
1.306520E+4	-1.586980E-6	1.434250E-7
1.307590E+4	-1.600020E-6	1.583260E-7
1.309580E+4	-1.499440E-6	8.754480E-8
1.310710E+4	-1.546000E-6	1.490130E-7
1.312950E+4	-1.469630E-6	1.080340E-7
1.314020E+4	-1.456600E-6	1.173470E-7
1.315090E+4	-1.497570E-6	1.732270E-7
1.317300E+4	-1.413750E-6	1.266610E-7
1.318420E+4	-1.434240E-6	1.527380E-7
1.320580E+4	-1.369050E-6	1.024460E-7
1.321700E+4	-1.391400E-6	1.173470E-7
1.323000E+4	-1.452870E-6	1.732270E-7
1.324990E+4	-1.426790E-6	1.192100E-7
1.326090E+4	-1.367190E-6	7.450630E-8
1.328120E+4	-1.419340E-6	1.434250E-7
1.329160E+4	-1.374640E-6	8.754480E-8
1.331240E+4	-1.437970E-6	1.508750E-7
1.332220E+4	-1.423070E-6	1.434250E-7
1.332220E+4	-1.423070E-6	1.434250E-7
1.335600E+4	-1.404440E-6	1.695020E-7
1.336830E+4	-1.329940E-6	1.098970E-7
1.338960E+4	-1.376500E-6	1.452870E-7
1.340210E+4	-1.331800E-6	9.499540E-8
1.341250E+4	-1.313170E-6	7.078100E-8
1.343590E+4	-1.365330E-6	1.173470E-7
1.344570E+4	-1.311310E-6	4.842900E-8
1.345710E+4	-1.322490E-6	5.960510E-8
1.347920E+4	-1.272190E-6	3.911580E-8
1.349040E+4	-1.279640E-6	6.891830E-8
1.351300E+4	-1.275920E-6	4.470370E-8
1.352350E+4	-1.268470E-6	5.029160E-8
1.353660E+4	-1.339250E-6	1.285230E-7
1.355630E+4	-1.255430E-6	7.264360E-8
1.356940E+4	-1.302000E-6	1.247980E-7
1.358940E+4	-1.236800E-6	6.146770E-8
1.360040E+4	-1.309450E-6	1.564630E-7
1.362020E+4	-1.316900E-6	1.601880E-7
1.363140E+4	-1.296410E-6	1.434250E-7
1.365120E+4	-1.236800E-6	1.098970E-7
1.366250E+4	-1.188370E-6	6.891830E-8
1.367510E+4	-1.221900E-6	1.043090E-7
1.369640E+4	-1.238670E-6	1.396990E-7
1.370580E+4	-1.188370E-6	1.061710E-7
1.372680E+4	-1.244250E-6	1.676390E-7
1.373630E+4	-1.180920E-6	9.685800E-8
1.374650E+4	-1.188370E-6	1.024460E-7
1.377030E+4	-1.171610E-6	1.098970E-7
1.378070E+4	-1.149260E-6	8.940740E-8
1.380420E+4	-1.162300E-6	8.195680E-8
1.381380E+4	-1.154850E-6	7.078100E-8
1.382690E+4	-1.182790E-6	1.024460E-7
1.384710E+4	-1.123180E-6	4.097840E-8
1.386000E+4	-1.136220E-6	4.842900E-8
1.388070E+4	-1.102690E-6	3.166520E-8
1.389110E+4	-1.162300E-6	1.117590E-7
1.391140E+4	-1.108280E-6	7.450630E-8
1.392230E+4	-1.156710E-6	1.247980E-7
1.394210E+4	-1.072890E-6	5.401690E-8
1.395340E+4	-1.097110E-6	8.754480E-8
1.397340E+4	-1.087790E-6	1.005830E-7
1.398470E+4	-1.085930E-6	1.024460E-7
1.399440E+4	-1.063580E-6	7.078100E-8
1.401800E+4	-1.139950E-6	1.285230E-7
1.402840E+4	-1.125040E-6	1.210730E-7
1.404940E+4	-1.095240E-6	9.685800E-8
1.405920E+4	-1.015150E-6	4.284110E-8
1.408240E+4	-1.082200E-6	1.471500E-7
1.409290E+4	-1.050540E-6	1.434250E-7
1.411360E+4	-1.069170E-6	1.825400E-7
1.412360E+4	-9.965220E-7	1.098970E-7
1.413340E+4	-1.022600E-6	1.192100E-7
1.415750E+4	-1.002110E-6	7.450630E-8
1.416690E+4	-1.005840E-6	8.754480E-8
1.418840E+4	-1.078480E-6	1.546000E-7
1.420060E+4	-1.007700E-6	6.333040E-8
1.421120E+4	-1.057990E-6	1.173470E-7
1.423450E+4	-9.834840E-7	6.519300E-8
1.424430E+4	-9.872090E-7	7.823160E-8
1.425560E+4	-1.024460E-6	1.266610E-7
1.427830E+4	-9.741710E-7	7.823160E-8
1.428960E+4	-9.816210E-7	8.754480E-8
1.431160E+4	-1.020740E-6	1.061710E-7
1.432280E+4	-1.061720E-6	1.359740E-7
1.434250E+4	-1.003970E-6	9.499540E-8
1.435380E+4	-1.048680E-6	1.657760E-7
1.436330E+4	-9.555440E-7	8.568210E-8
1.438470E+4	-9.909340E-7	1.266610E-7
1.440490E+4	-1.022600E-6	1.564630E-7
1.441560E+4	-1.003970E-6	1.303860E-7
1.442500E+4	-1.039360E-6	1.434250E-7
1.444920E+4	-1.022600E-6	1.452870E-7
1.445860E+4	-9.350520E-7	7.078100E-8
1.448230E+4	-1.011420E-6	1.434250E-7
1.449230E+4	-9.611320E-7	9.313270E-8
1.450220E+4	-1.022600E-6	1.546000E-7
1.452300E+4	-9.816210E-7	1.396990E-7
1.453330E+4	-9.313260E-7	1.117590E-7
1.455710E+4	-9.480900E-7	1.564630E-7
1.456940E+4	-8.884850E-7	8.195680E-8
1.457990E+4	-9.462270E-7	1.415620E-7
1.460040E+4	-9.369140E-7	1.136220E-7
1.461420E+4	-9.667200E-7	1.434250E-7
1.463430E+4	-8.903480E-7	5.960510E-8
1.464540E+4	-9.350520E-7	1.098970E-7
1.465560E+4	-8.847600E-7	7.823160E-8
1.467840E+4	-9.033870E-7	8.940740E-8
1.468930E+4	-9.555440E-7	1.508750E-7
1.470960E+4	-9.518150E-7	1.415620E-7
1.472000E+4	-9.052490E-7	9.499540E-8
1.474050E+4	-8.996610E-7	1.024460E-7
1.475050E+4	-9.071120E-7	1.080340E-7
1.477350E+4	-8.717220E-7	5.960510E-8
1.478420E+4	-8.568200E-7	5.960510E-8
1.480480E+4	-9.071120E-7	1.378370E-7
1.481520E+4	-9.033870E-7	1.359740E-7
1.482480E+4	-8.326060E-7	6.705570E-8
1.484600E+4	-8.400570E-7	7.823160E-8
1.486740E+4	-9.164250E-7	1.266610E-7
1.487690E+4	-8.512320E-7	6.333040E-8
1.488660E+4	-8.400570E-7	5.587960E-8
1.491080E+4	-8.232930E-7	6.333040E-8
1.492060E+4	-8.083920E-7	5.029160E-8
1.494150E+4	-8.214300E-7	7.823160E-8
1.495190E+4	-8.642710E-7	1.266610E-7
1.496530E+4	-8.586830E-7	1.341110E-7
1.498520E+4	-8.363310E-7	1.117590E-7
1.499650E+4	-8.270180E-7	1.080340E-7
1.501860E+4	-7.916280E-7	3.166520E-8
1.502960E+4	-8.083920E-7	5.960510E-8
1.504010E+4	-8.251550E-7	8.940740E-8
1.506370E+4	-8.475070E-7	1.173470E-7
1.507390E+4	-7.879030E-7	6.519300E-8
1.509380E+4	-8.232930E-7	1.098970E-7
1.510460E+4	-8.139800E-7	1.061710E-7
1.512820E+4	-8.419190E-7	1.080340E-7
1.513880E+4	-8.363310E-7	8.195680E-8
1.514830E+4	-8.642710E-7	1.117590E-7
1.517260E+4	-7.990780E-7	1.341110E-7
1.518200E+4	-7.338860E-7	9.127010E-8
1.520370E+4	-7.264350E-7	7.264360E-8
1.521310E+4	-7.320230E-7	8.195680E-8
1.523730E+4	-7.879030E-7	1.657760E-7
1.524670E+4	-7.133970E-7	8.381950E-8
1.525910E+4	-7.189850E-7	1.005830E-7
1.527020E+4	-7.953530E-7	1.583260E-7
1.529260E+4	-7.189850E-7	6.705570E-8
1.530300E+4	-7.934900E-7	1.303860E-7
1.532310E+4	-7.227100E-7	6.519300E-8
1.533440E+4	-7.990780E-7	1.434250E-7
1.535450E+4	-7.767270E-7	1.247980E-7
1.536580E+4	-7.171220E-7	7.450630E-8
1.538690E+4	-7.431990E-7	9.313270E-8
1.539740E+4	-7.245730E-7	9.685800E-8
1.541850E+4	-7.152590E-7	9.499540E-8
1.542780E+4	-7.618260E-7	1.583260E-7
1.543440E+4	-7.115340E-7	1.117590E-7
1.544910E+4	-7.860400E-7	1.750900E-7
1.545310E+4	-7.711390E-7	1.508750E-7
1.545940E+4	-7.655510E-7	1.434250E-7
1.546030E+4	-7.431990E-7	1.192100E-7
1.545890E+4	-7.208470E-7	8.940740E-8
1.545430E+4	-6.966330E-7	6.333040E-8
1.544900E+4	-7.543750E-7	1.117590E-7
1.543700E+4	-7.394740E-7	1.117590E-7
1.542740E+4	-7.506500E-7	1.061710E-7
1.540670E+4	-7.394740E-7	5.774220E-8
1.539360E+4	-8.028040E-7	1.247980E-7
1.536670E+4	-7.618260E-7	6.519300E-8
1.535220E+4	-8.121170E-7	1.359740E-7
1.532290E+4	-7.208470E-7	9.685800E-8
1.530850E+4	-7.543750E-7	1.303860E-7
1.527970E+4	-7.916280E-7	1.359740E-7
1.526670E+4	-7.934900E-7	1.341110E-7
1.523990E+4	-7.636880E-7	9.685800E-8
1.522860E+4	-7.376110E-7	6.705570E-8
1.521420E+4	-7.562380E-7	9.499540E-8
1.518890E+4	-7.431990E-7	8.195680E-8
1.517920E+4	-7.972160E-7	1.415620E-7
1.516000E+4	-7.972160E-7	1.341110E-7
1.515070E+4	-7.618260E-7	1.005830E-7
1.513870E+4	-7.562380E-7	7.264360E-8
1.512080E+4	-7.785890E-7	5.587960E-8
1.511020E+4	-7.692760E-7	3.166520E-8
1.509130E+4	-8.270180E-7	1.247980E-7
1.508020E+4	-7.879030E-7	8.009420E-8
1.506030E+4	-7.767270E-7	6.333040E-8
1.504930E+4	-7.841770E-7	7.450630E-8
1.502980E+4	-7.879030E-7	6.891830E-8
1.501840E+4	-8.028040E-7	6.891830E-8
1.499830E+4	-8.326060E-7	5.029160E-8
1.498750E+4	-8.903480E-7	1.098970E-7
1.496720E+4	-8.102540E-7	5.960510E-8
1.495690E+4	-8.251550E-7	9.127010E-8
1.494750E+4	-8.251550E-7	8.009420E-8
1.492370E+4	-8.083920E-7	6.146770E-8
1.491450E+4	-7.972160E-7	6.891830E-8
1.489350E+4	-8.642710E-7	1.266610E-7
1.488440E+4	-8.903480E-7	1.415620E-7
1.486050E+4	-8.475070E-7	7.450630E-8
1.485130E+4	-8.698590E-7	1.005830E-7
1.483840E+4	-9.015240E-7	1.285230E-7
1.481840E+4	-9.480900E-7	1.527380E-7
1.480590E+4	-9.238760E-7	1.341110E-7
1.479470E+4	-9.276010E-7	1.341110E-7
1.477280E+4	-9.369140E-7	1.192100E-7
1.476200E+4	-8.605460E-7	4.284110E-8
1.474240E+4	-9.164250E-7	1.192100E-7
1.473130E+4	-8.326060E-7	3.911580E-8
1.471170E+4	-8.996610E-7	9.499540E-8
1.470060E+4	-9.238760E-7	1.192100E-7
1.468820E+4	-9.294640E-7	1.210730E-7
1.466800E+4	-9.257380E-7	1.098970E-7
1.465790E+4	-9.611320E-7	1.434250E-7
1.463730E+4	-9.238760E-7	9.685800E-8
1.462770E+4	-9.667200E-7	1.341110E-7
1.460660E+4	-9.667200E-7	1.210730E-7
1.459720E+4	-9.797590E-7	1.452870E-7
1.457600E+4	-9.834840E-7	1.154840E-7
1.456680E+4	-9.089740E-7	5.029160E-8
1.454280E+4	-9.108370E-7	5.029160E-8
1.453350E+4	-9.723080E-7	1.061710E-7
1.451240E+4	-9.313260E-7	6.519300E-8
1.450310E+4	-9.946600E-7	9.872060E-8
1.449260E+4	-1.009560E-6	8.754480E-8
1.447010E+4	-1.005840E-6	7.823160E-8
1.446020E+4	-9.425020E-7	1.490130E-8
1.443670E+4	-1.011420E-6	8.940740E-8
1.442730E+4	-9.816210E-7	8.754480E-8
1.441620E+4	-9.164250E-7	5.215430E-8
1.439380E+4	-1.013290E-6	1.266610E-7
1.438260E+4	-1.015150E-6	1.192100E-7
1.437020E+4	-9.723080E-7	5.587960E-8
1.434990E+4	-9.816210E-7	2.793980E-8
1.433970E+4	-9.816210E-7	1.676390E-8
1.431940E+4	-1.005840E-6	1.676390E-8
1.430960E+4	-1.026320E-6	1.061710E-7
1.428670E+4	-9.704450E-7	4.097840E-8
1.427620E+4	-1.020740E-6	8.754480E-8
1.426700E+4	-9.480900E-7	2.235190E-8
1.424270E+4	-9.648570E-7	4.284110E-8
1.423340E+4	-1.013290E-6	9.872060E-8
1.421220E+4	-1.007700E-6	8.754480E-8
1.420300E+4	-1.048680E-6	1.247980E-7
1.417910E+4	-1.041230E-6	6.891830E-8
1.416970E+4	-1.044950E-6	6.891830E-8
1.415670E+4	-1.087790E-6	1.061710E-7
1.413640E+4	-1.084070E-6	1.024460E-7
1.412690E+4	-1.015150E-6	4.656640E-8
1.410640E+4	-1.067300E-6	1.229350E-7
1.409340E+4	-1.095240E-6	1.527380E-7
1.407290E+4	-1.100830E-6	1.303860E-7
1.406260E+4	-1.061720E-6	6.891830E-8
1.405160E+4	-1.139950E-6	1.266610E-7
1.402970E+4	-1.139950E-6	1.415620E-7
1.401860E+4	-1.132500E-6	1.508750E-7
1.399700E+4	-1.164160E-6	1.639140E-7
1.398610E+4	-1.097110E-6	8.195680E-8
1.397590E+4	-1.126910E-6	1.043090E-7
1.395540E+4	-1.078480E-6	5.215430E-8
1.394280E+4	-1.078480E-6	3.166520E-8
1.393350E+4	-1.106420E-6	6.333040E-8
1.390920E+4	-1.059850E-6	3.911580E-8
1.390020E+4	-1.139950E-6	1.322490E-7
1.387620E+4	-1.106420E-6	8.754480E-8
1.386690E+4	-1.171610E-6	1.527380E-7
1.385660E+4	-1.180920E-6	1.657760E-7
1.383370E+4	-1.158570E-6	1.154840E-7
1.382420E+4	-1.221900E-6	1.750900E-7
1.380060E+4	-1.180920E-6	1.341110E-7
1.379140E+4	-1.182790E-6	1.285230E-7
1.377860E+4	-1.193960E-6	1.434250E-7
1.375820E+4	-1.158570E-6	4.470370E-8
1.374590E+4	-1.242390E-6	8.754480E-8
1.373470E+4	-1.173470E-6	5.587960E-9
1.371240E+4	-1.244250E-6	1.117590E-7
1.370220E+4	-1.199550E-6	7.078100E-8
1.367940E+4	-1.255430E-6	1.452870E-7
1.366870E+4	-1.220040E-6	8.754480E-8
1.365830E+4	-1.285230E-6	1.322490E-7
1.363800E+4	-1.214450E-6	3.539050E-8
1.362810E+4	-1.275920E-6	7.450630E-8
1.360720E+4	-1.251700E-6	9.872060E-8
1.359460E+4	-1.233080E-6	8.195680E-8
1.357430E+4	-1.240530E-6	9.499540E-8
1.356410E+4	-1.279640E-6	1.527380E-7
1.354370E+4	-1.270330E-6	1.546000E-7
1.353390E+4	-1.329940E-6	1.993040E-7
1.351300E+4	-1.324350E-6	1.452870E-7
1.350390E+4	-1.387680E-6	1.732270E-7
1.349360E+4	-1.396990E-6	1.378370E-7
1.347060E+4	-1.408170E-6	1.117590E-7
1.346100E+4	-1.428660E-6	1.415620E-7
1.344040E+4	-1.395130E-6	6.891830E-8
1.343010E+4	-1.356010E-6	4.656640E-8
1.341910E+4	-1.393270E-6	8.568210E-8
1.339750E+4	-1.361600E-6	6.333040E-8
1.338620E+4	-1.339250E-6	6.333040E-8
1.336640E+4	-1.370910E-6	1.192100E-7
1.334590E+4	-1.395130E-6	1.434250E-7
1.333550E+4	-1.339250E-6	8.009420E-8
1.331550E+4	-1.432380E-6	1.713640E-7
1.330470E+4	-1.385820E-6	1.043090E-7
1.329450E+4	-1.391400E-6	8.009420E-8
1.327410E+4	-1.437970E-6	1.229350E-7
1.326440E+4	-1.441690E-6	1.285230E-7
1.324370E+4	-1.396990E-6	5.029160E-8
1.323430E+4	-1.447280E-6	7.823160E-8
1.321330E+4	-1.460320E-6	7.823160E-8
1.320410E+4	-1.516200E-6	1.210730E-7
1.318280E+4	-1.523650E-6	1.303860E-7
1.317360E+4	-1.480810E-6	9.313270E-8
1.315240E+4	-1.493850E-6	1.247980E-7
1.314300E+4	-1.525510E-6	1.713640E-7
1.311920E+4	-1.462180E-6	1.080340E-7
1.311010E+4	-1.538550E-6	1.695020E-7
1.309920E+4	-1.525510E-6	1.434250E-7
1.307700E+4	-1.572080E-6	1.341110E-7
1.306680E+4	-1.596290E-6	1.322490E-7
1.304370E+4	-1.570220E-6	1.061710E-7
1.303440E+4	-1.577670E-6	1.192100E-7
1.302150E+4	-1.512480E-6	5.774220E-8
1.300170E+4	-1.542280E-6	9.685800E-8
1.298800E+4	-1.536690E-6	7.450630E-8
1.297750E+4	-1.546000E-6	5.401690E-8
1.295540E+4	-1.648450E-6	1.098970E-7
1.294430E+4	-1.594430E-6	7.264360E-8
1.292260E+4	-1.683840E-6	1.471500E-7
1.291150E+4	-1.627960E-6	6.891830E-8
1.290160E+4	-1.663350E-6	9.685800E-8
1.288080E+4	-1.726680E-6	1.322490E-7
1.287140E+4	-1.693150E-6	8.754480E-8
1.284810E+4	-1.676390E-6	1.676390E-8
1.283820E+4	-1.765790E-6	7.636890E-8
1.281740E+4	-1.749030E-6	5.029160E-8
1.280790E+4	-1.776970E-6	1.098970E-7
1.278690E+4	-1.745310E-6	8.381950E-8
1.277780E+4	-1.791870E-6	1.229350E-7
1.275660E+4	-1.778830E-6	1.415620E-7
1.274730E+4	-1.752760E-6	1.285230E-7
1.272620E+4	-1.745310E-6	8.940740E-8
1.271700E+4	-1.797460E-6	1.508750E-7
1.270570E+4	-1.711780E-6	6.891830E-8
1.268620E+4	-1.726680E-6	6.146770E-8
1.267500E+4	-1.784420E-6	1.247980E-7
1.265350E+4	-1.808640E-6	1.415620E-7
1.264260E+4	-1.808640E-6	1.415620E-7
1.262050E+4	-1.812360E-6	1.434250E-7
1.261010E+4	-1.790010E-6	1.061710E-7
1.259930E+4	-1.769520E-6	7.264360E-8
1.257750E+4	-1.823540E-6	8.940740E-8
1.256430E+4	-1.797460E-6	5.029160E-8
1.255380E+4	-1.825400E-6	8.754480E-8
1.253360E+4	-1.892450E-6	1.322490E-7
1.252350E+4	-1.907360E-6	1.266610E-7
1.250300E+4	-1.933440E-6	1.620510E-7
1.248740E+4	-1.870100E-6	9.872060E-8
1.247820E+4	-1.927850E-6	1.527380E-7
1.245700E+4	-1.948340E-6	1.285230E-7
1.244780E+4	-1.950200E-6	1.359740E-7
1.242660E+4	-1.916680E-6	6.891830E-8
1.241440E+4	-1.985590E-6	1.620510E-7
1.239330E+4	-1.953930E-6	1.583260E-7
1.238410E+4	-1.965110E-6	9.499540E-8
1.236290E+4	-2.022850E-6	1.080340E-7
1.235360E+4	-2.058240E-6	1.490130E-7
1.234250E+4	-1.981870E-6	8.009420E-8
1.232060E+4	-1.996770E-6	7.823160E-8
1.230990E+4	-1.980010E-6	7.450630E-8
1.229930E+4	-2.020980E-6	1.080340E-7
1.227730E+4	-2.047060E-6	1.080340E-7
1.226600E+4	-2.106670E-6	1.508750E-7
1.224630E+4	-2.104800E-6	1.154840E-7
1.223560E+4	-2.162550E-6	1.471500E-7
1.221350E+4	-2.151370E-6	1.154840E-7
1.220240E+4	-2.155090E-6	1.136220E-7
1.218290E+4	-2.114120E-6	9.127010E-8
1.217200E+4	-2.199800E-6	1.732270E-7
1.216300E+4	-2.170000E-6	1.266610E-7
1.213930E+4	-2.192350E-6	1.117590E-7
1.212990E+4	-2.233330E-6	1.527380E-7
1.210690E+4	-2.197940E-6	7.078100E-8
1.209680E+4	-2.231460E-6	1.154840E-7
1.207630E+4	-2.237050E-6	1.303860E-7
1.206650E+4	-2.281750E-6	1.527380E-7
1.204550E+4	-2.251950E-6	8.754480E-8
1.203620E+4	-2.294790E-6	1.136220E-7
1.201480E+4	-2.296660E-6	1.098970E-7
1.200570E+4	-2.356260E-6	1.620510E-7
1.199500E+4	-2.298520E-6	9.872060E-8
1.197540E+4	-2.341360E-6	9.872060E-8
1.195440E+4	-2.399100E-6	1.117590E-7
1.194500E+4	-2.412140E-6	9.872060E-8
1.192430E+4	-2.495960E-6	1.564630E-7
1.192430E+4	-2.495960E-6	1.564630E-7
1.190300E+4	-2.449390E-6	9.685800E-8
1.188120E+4	-2.518310E-6	1.564630E-7
1.186980E+4	-2.501550E-6	1.341110E-7
1.184790E+4	-2.533210E-6	1.508750E-7
1.183720E+4	-2.497820E-6	1.098970E-7
1.182420E+4	-2.456840E-6	7.078100E-8
1.181480E+4	-2.512720E-6	1.359740E-7
1.179080E+4	-2.490370E-6	7.823160E-8
1.178150E+4	-2.548110E-6	1.173470E-7
1.175810E+4	-2.553700E-6	8.568210E-8
1.174820E+4	-2.641250E-6	1.452870E-7
1.173860E+4	-2.672910E-6	1.546000E-7
1.171490E+4	-2.635660E-6	8.009420E-8
1.170590E+4	-2.695260E-6	1.154840E-7
1.168200E+4	-2.663600E-6	6.891830E-8
1.167280E+4	-2.685950E-6	8.381950E-8
1.166060E+4	-2.745550E-6	1.434250E-7
1.163970E+4	-2.684090E-6	8.940740E-8
1.162760E+4	-2.760450E-6	1.341110E-7
1.160650E+4	-2.756730E-6	8.009420E-8
1.159740E+4	-2.769770E-6	9.499540E-8
1.157610E+4	-2.814470E-6	1.378370E-7
1.156680E+4	-2.823780E-6	1.341110E-7
1.154590E+4	-2.870350E-6	1.508750E-7
1.153610E+4	-2.827510E-6	8.754480E-8
1.152490E+4	-2.887110E-6	1.303860E-7
1.150520E+4	-2.883390E-6	9.499540E-8
1.149430E+4	-2.937410E-6	1.303860E-7
1.147270E+4	-2.956030E-6	8.568210E-8
1.146140E+4	-2.970930E-6	6.333040E-8
1.144210E+4	-2.948580E-6	5.215430E-8
1.143110E+4	-2.950440E-6	6.519300E-8
1.141130E+4	-2.980250E-6	7.823160E-8
1.140060E+4	-3.047300E-6	1.396990E-7
1.138030E+4	-3.010050E-6	8.754480E-8
1.137010E+4	-3.064070E-6	1.341110E-7
1.134930E+4	-3.093870E-6	1.732270E-7
1.133960E+4	-3.132980E-6	1.993040E-7
1.131840E+4	-3.149750E-6	1.713640E-7
1.130920E+4	-3.194450E-6	1.806770E-7
1.128800E+4	-3.224250E-6	1.359740E-7
1.127890E+4	-3.235430E-6	1.322490E-7
1.125760E+4	-3.278270E-6	1.378370E-7
1.124840E+4	-3.216800E-6	6.891830E-8
1.123550E+4	-3.244740E-6	9.685800E-8
1.121530E+4	-3.268960E-6	1.061710E-7
1.120480E+4	-3.326700E-6	1.434250E-7
1.119180E+4	-3.309930E-6	1.043090E-7
1.117230E+4	-3.373260E-6	1.080340E-7
1.115200E+4	-3.453360E-6	1.527380E-7
1.114170E+4	-3.425420E-6	1.061710E-7
1.112180E+4	-3.494340E-6	1.359740E-7
1.111100E+4	-3.457080E-6	8.940740E-8
1.110080E+4	-3.460810E-6	7.636890E-8
1.107860E+4	-3.552080E-6	1.098970E-7
1.106760E+4	-3.548350E-6	7.823160E-8
1.104770E+4	-3.604230E-6	9.872060E-8
1.103690E+4	-3.667560E-6	1.452870E-7
1.101640E+4	-3.647070E-6	7.823160E-8
1.100630E+4	-3.676880E-6	1.024460E-7
1.098530E+4	-3.721580E-6	1.322490E-7
1.097570E+4	-3.758830E-6	1.527380E-7
1.095470E+4	-3.743930E-6	1.005830E-7
1.094560E+4	-3.738340E-6	9.685800E-8
1.093330E+4	-3.794220E-6	1.396990E-7
1.091240E+4	-3.820310E-6	9.685800E-8
1.090040E+4	-3.913450E-6	1.620510E-7
1.088980E+4	-3.883640E-6	1.098970E-7
1.086720E+4	-3.971190E-6	1.508750E-7
1.085740E+4	-3.967460E-6	1.266610E-7
1.083420E+4	-3.987950E-6	1.266610E-7
1.082420E+4	-4.025210E-6	1.434250E-7
1.082420E+4	-4.025210E-6	1.434250E-7
1.078890E+4	-4.120200E-6	1.527380E-7
1.077850E+4	-4.081080E-6	9.313270E-8
1.075860E+4	-4.183530E-6	1.434250E-7
1.074760E+4	-4.170490E-6	1.024460E-7
1.073740E+4	-4.230100E-6	1.471500E-7
1.071690E+4	-4.250590E-6	7.264360E-8
1.070720E+4	-4.328820E-6	1.285230E-7
1.068630E+4	-4.321370E-6	9.499540E-8
1.067700E+4	-4.354890E-6	1.303860E-7
1.065600E+4	-4.371660E-6	1.285230E-7
1.064690E+4	-4.425670E-6	1.899910E-7
1.062560E+4	-4.477830E-6	1.844030E-7
1.061360E+4	-4.515080E-6	1.899910E-7
1.060360E+4	-4.489000E-6	1.341110E-7
1.058030E+4	-4.539300E-6	1.266610E-7
1.057110E+4	-4.546750E-6	1.285230E-7
1.055010E+4	-4.651050E-6	1.695020E-7
1.054040E+4	-4.651050E-6	1.583260E-7
1.051990E+4	-4.688310E-6	1.471500E-7
1.050970E+4	-4.742320E-6	1.750900E-7
1.048660E+4	-4.813100E-6	1.993040E-7
1.047720E+4	-4.766540E-6	1.378370E-7
1.045660E+4	-4.874570E-6	1.881280E-7
1.044660E+4	-4.863400E-6	1.434250E-7
1.043540E+4	-4.889470E-6	1.341110E-7
1.041580E+4	-4.921140E-6	8.381950E-8
1.039590E+4	-5.042210E-6	1.434250E-7
1.038500E+4	-5.019860E-6	8.754480E-8
1.037470E+4	-5.057110E-6	7.823160E-8
1.035240E+4	-5.150240E-6	1.229350E-7
1.034140E+4	-5.152110E-6	1.080340E-7
1.032920E+4	-5.204260E-6	1.471500E-7
1.030830E+4	-5.226610E-6	1.322490E-7
1.029580E+4	-5.276900E-6	1.620510E-7
1.028590E+4	-5.299250E-6	1.806770E-7
1.026220E+4	-5.306710E-6	1.247980E-7
1.025310E+4	-5.384940E-6	1.788150E-7
1.023180E+4	-5.450130E-6	1.490130E-7
1.022230E+4	-5.416600E-6	7.823160E-8
1.020170E+4	-5.517180E-6	1.285230E-7
1.019180E+4	-5.561890E-6	1.378370E-7
1.016840E+4	-5.602870E-6	1.154840E-7
1.015910E+4	-5.684820E-6	1.583260E-7
1.014800E+4	-5.681100E-6	1.378370E-7
1.012870E+4	-5.770500E-6	1.508750E-7
1.010840E+4	-5.852460E-6	1.695020E-7
1.009820E+4	-5.846870E-6	1.266610E-7
1.008730E+4	-5.947460E-6	1.750900E-7
1.006560E+4	-5.995880E-6	1.732270E-7
1.005430E+4	-5.990300E-6	1.303860E-7
1.003480E+4	-6.079700E-6	1.322490E-7
1.002350E+4	-6.122540E-6	1.378370E-7
1.000370E+4	-6.208230E-6	1.452870E-7
9.992900E+3	-6.223130E-6	1.285230E-7
9.972700E+3	-6.347920E-6	1.806770E-7
9.959800E+3	-6.323710E-6	1.154840E-7
9.950600E+3	-6.385180E-6	1.601880E-7
9.927300E+3	-6.424290E-6	1.098970E-7
9.917400E+3	-6.496940E-6	1.434250E-7
9.908000E+3	-6.571440E-6	1.750900E-7
9.884200E+3	-6.614280E-6	1.210730E-7
9.875200E+3	-6.685060E-6	1.508750E-7
9.851200E+3	-6.731630E-6	1.136220E-7
9.841900E+3	-6.811720E-6	1.341110E-7
9.828800E+3	-6.878780E-6	1.713640E-7
9.808400E+3	-6.953280E-6	1.899910E-7
9.796000E+3	-6.986810E-6	1.806770E-7
9.784700E+3	-6.983090E-6	1.136220E-7
9.762700E+3	-7.128370E-6	1.527380E-7
9.751800E+3	-7.147000E-6	1.266610E-7
9.729100E+3	-7.271800E-6	1.415620E-7
9.718900E+3	-7.312770E-6	1.508750E-7
9.707800E+3	-7.331400E-6	1.341110E-7
9.686300E+3	-7.458060E-6	1.955790E-7
9.675000E+3	-7.454330E-6	1.583260E-7
9.655500E+3	-7.530700E-6	1.546000E-7
9.644300E+3	-7.590310E-6	1.620510E-7
9.625000E+3	-7.638770E-6	1.490130E-7
9.614100E+3	-7.694650E-6	1.713640E-7
9.605000E+3	-7.715130E-6	1.601880E-7
9.581200E+3	-7.815720E-6	1.620510E-7
9.571800E+3	-7.867870E-6	1.620510E-7
9.550600E+3	-7.970320E-6	1.415620E-7
9.541500E+3	-8.042960E-6	1.639140E-7
9.520400E+3	-8.154720E-6	1.806770E-7
9.511300E+3	-8.165890E-6	1.490130E-7
9.490000E+3	-8.279520E-6	1.639140E-7
9.480700E+3	-8.305590E-6	1.396990E-7
9.459700E+3	-8.424800E-6	1.750900E-7
9.449800E+3	-8.450880E-6	1.490130E-7
9.429400E+3	-8.596170E-6	1.788150E-7
9.419100E+3	-8.624110E-6	1.452870E-7
9.396100E+3	-8.756350E-6	1.434250E-7
9.386500E+3	-8.754490E-6	1.080340E-7
9.375300E+3	-8.836450E-6	1.788150E-7
9.353100E+3	-8.892330E-6	1.732270E-7
9.341800E+3	-8.923990E-6	1.434250E-7
9.323100E+3	-9.063690E-6	1.713640E-7
9.311800E+3	-9.132610E-6	1.899910E-7
9.299200E+3	-9.194070E-6	1.825400E-7
9.276400E+3	-9.262990E-6	1.154840E-7
9.265700E+3	-9.359850E-6	1.527380E-7
9.253600E+3	-9.423180E-6	1.396990E-7
9.241400E+3	-9.482780E-6	1.471500E-7
9.217200E+3	-9.521900E-6	9.685800E-8
9.208100E+3	-9.601990E-6	1.192100E-7
9.183900E+3	-9.730520E-6	1.508750E-7
9.171500E+3	-9.751010E-6	1.247980E-7
9.162300E+3	-9.795710E-6	1.192100E-7
9.149300E+3	-9.844140E-6	1.154840E-7
9.126100E+3	-9.955900E-6	1.154840E-7
9.113900E+3	-1.002850E-5	1.546000E-7
9.092800E+3	-1.010300E-5	1.266610E-7
9.083100E+3	-1.014960E-5	1.247980E-7
9.071700E+3	-1.025210E-5	1.844030E-7
9.050200E+3	-1.033030E-5	1.583260E-7
9.039000E+3	-1.036010E-5	1.396990E-7
9.016900E+3	-1.045140E-5	1.490130E-7
9.006600E+3	-1.047000E-5	1.210730E-7
8.992900E+3	-1.050540E-5	1.136220E-7
8.983900E+3	-1.055750E-5	1.396990E-7
8.960400E+3	-1.063200E-5	1.639140E-7
8.951000E+3	-1.068230E-5	1.899910E-7
8.927900E+3	-1.073260E-5	1.452870E-7
8.917600E+3	-1.078480E-5	1.639140E-7
8.908300E+3	-1.077550E-5	1.154840E-7
8.884200E+3	-1.088910E-5	1.583260E-7
8.868900E+3	-1.087600E-5	1.192100E-7
8.859700E+3	-1.088350E-5	1.173470E-7
8.835600E+3	-1.092070E-5	1.434250E-7
8.823500E+3	-1.094120E-5	1.378370E-7
8.811500E+3	-1.095430E-5	1.471500E-7
8.801100E+3	-1.093190E-5	1.154840E-7
8.778100E+3	-1.094310E-5	1.266610E-7
8.765700E+3	-1.096730E-5	1.434250E-7
8.754300E+3	-1.094500E-5	1.266610E-7
8.732700E+3	-1.089650E-5	1.527380E-7
8.721700E+3	-1.084070E-5	1.098970E-7
8.699300E+3	-1.079590E-5	1.359740E-7
8.689000E+3	-1.071400E-5	8.568210E-8
8.677900E+3	-1.069720E-5	1.210730E-7
8.655100E+3	-1.055380E-5	1.266610E-7
8.642100E+3	-1.044580E-5	1.024460E-7
8.632300E+3	-1.041970E-5	1.508750E-7
8.620300E+3	-1.031170E-5	1.303860E-7
8.596200E+3	-1.008630E-5	1.173470E-7
8.587300E+3	-9.995010E-6	1.341110E-7
8.574700E+3	-9.918640E-6	1.434250E-7
8.551200E+3	-9.613170E-6	7.636890E-8
8.539300E+3	-9.497690E-6	8.940740E-8
8.529400E+3	-9.311420E-6	8.381950E-8
8.505900E+3	-9.007810E-6	8.568210E-8
8.496700E+3	-8.817820E-6	6.333040E-8
8.472800E+3	-8.469510E-6	9.499540E-8
8.460800E+3	-8.260890E-6	6.333040E-8
8.450400E+3	-8.100700E-6	8.754480E-8
8.430500E+3	-7.739350E-6	8.754480E-8
8.419400E+3	-7.495310E-6	5.029160E-8
8.397000E+3	-7.072490E-6	8.381950E-8
8.386700E+3	-6.785650E-6	2.048920E-8
8.375700E+3	-6.588200E-6	3.911580E-8
8.354200E+3	-6.090880E-6	7.264360E-8
8.342800E+3	-5.839420E-6	6.146770E-8
8.323500E+3	-5.330920E-6	6.333040E-8
8.310300E+3	-5.004960E-6	5.215430E-8
8.297000E+3	-4.688310E-6	6.333040E-8
8.287800E+3	-4.403320E-6	5.960510E-8
8.263800E+3	-3.790500E-6	3.725310E-8
8.244000E+3	-3.213080E-6	5.960510E-8
8.233300E+3	-2.909470E-6	6.891830E-8
8.224200E+3	-2.510860E-6	1.862660E-9
8.200200E+3	-1.834710E-6	3.725320E-9
8.190900E+3	-1.451010E-6	1.303860E-8
8.178800E+3	-1.156710E-6	9.127010E-8
8.154800E+3	-3.837070E-7	6.891830E-8
8.142500E+3	1.359740E-7	-1.676390E-8
8.130200E+3	4.638000E-7	3.725310E-8
8.118900E+3	8.568200E-7	-3.725310E-8
8.096600E+3	1.611200E-6	1.303860E-8
8.084100E+3	2.164410E-6	-5.215430E-8
8.072800E+3	2.540660E-6	-5.029160E-8
8.053200E+3	3.363950E-6	-5.587960E-8
8.040100E+3	3.715990E-6	9.313280E-9
8.020500E+3	4.578410E-6	-9.313280E-9
8.009400E+3	4.947210E-6	3.725310E-8
7.987200E+3	5.770500E-6	6.146770E-8
7.976700E+3	6.297630E-6	-2.980250E-8
7.962900E+3	6.752120E-6	1.862660E-8
7.950800E+3	7.206600E-6	4.656640E-8
7.941200E+3	7.739350E-6	-5.029160E-8
7.915300E+3	8.640870E-6	1.117590E-8
7.902800E+3	9.188490E-6	-8.009420E-8
7.882000E+3	1.007510E-5	-8.940740E-8
7.872700E+3	1.039180E-5	3.166520E-8
7.862700E+3	1.093750E-5	-6.705570E-8
7.839200E+3	1.173290E-5	5.774220E-8
7.827100E+3	1.223020E-5	4.656640E-8
7.816700E+3	1.283550E-5	-2.607710E-8
7.790600E+3	1.370910E-5	-5.029160E-8
7.781300E+3	1.418410E-5	-8.009420E-8
7.768400E+3	1.465540E-5	-5.960510E-8
7.768400E+3	1.465540E-5	-5.960510E-8
7.735700E+3	1.589970E-5	-1.303860E-8
7.722600E+3	1.642490E-5	1.862660E-8
7.708900E+3	1.690180E-5	-2.421450E-8
7.687100E+3	1.777530E-5	-2.793980E-8
7.675800E+3	1.823910E-5	-1.173470E-7
7.666400E+3	1.870290E-5	-1.117590E-7
7.641400E+3	1.938470E-5	3.166520E-8
7.630200E+3	1.986150E-5	-7.636890E-8
7.610700E+3	2.067360E-5	-9.313270E-8
7.596700E+3	2.100520E-5	2.235190E-8
7.584500E+3	2.151550E-5	-1.005830E-7
7.563800E+3	2.224010E-5	-8.195680E-8
7.554300E+3	2.267600E-5	-9.127010E-8
7.542100E+3	2.294600E-5	-3.725320E-9
7.520900E+3	2.377120E-5	-1.173470E-7
7.508900E+3	2.402640E-5	-5.960510E-8
7.498700E+3	2.447530E-5	-7.264360E-8
7.472500E+3	2.517560E-5	3.166520E-8
7.463500E+3	2.561150E-5	-8.940740E-8
7.450700E+3	2.593930E-5	-9.872060E-8
7.427600E+3	2.640870E-5	3.352780E-8
7.418400E+3	2.686500E-5	-1.378370E-7
7.404300E+3	2.720030E-5	-1.378370E-7
7.384900E+3	2.777030E-5	-1.247980E-7
7.371700E+3	2.807200E-5	-1.173470E-7
7.361000E+3	2.822480E-5	5.587960E-8
7.339000E+3	2.885060E-5	2.235190E-8
7.324700E+3	2.911880E-5	7.450640E-9
7.315300E+3	2.936290E-5	0.000000E+0
7.294700E+3	2.981360E-5	6.891830E-8
7.281600E+3	3.005950E-5	8.940740E-8
7.269500E+3	3.050280E-5	-8.381950E-8
7.245700E+3	3.082700E-5	2.048920E-8
7.235800E+3	3.110080E-5	-7.450640E-9
7.226200E+3	3.120700E-5	8.381950E-8
7.202600E+3	3.176210E-5	-2.048920E-8
7.190300E+3	3.192970E-5	7.450640E-9
7.177800E+3	3.205820E-5	7.078100E-8
7.157100E+3	3.254250E-5	-2.235190E-8
7.144900E+3	3.275300E-5	-6.891830E-8
7.133700E+3	3.285730E-5	-1.862660E-8
7.111500E+3	3.310500E-5	7.823160E-8
7.100200E+3	3.325960E-5	1.005830E-7
7.087600E+3	3.358560E-5	-8.940740E-8
7.066000E+3	3.385010E-5	-3.352780E-8
7.054800E+3	3.400470E-5	-7.078100E-8
7.042100E+3	3.401030E-5	9.872060E-8
7.020200E+3	3.440700E-5	-4.656640E-8
7.006000E+3	3.445540E-5	7.636890E-8
6.993200E+3	3.467900E-5	-3.725310E-8
6.973000E+3	3.484290E-5	9.313280E-9
6.959900E+3	3.500120E-5	-6.333040E-8
6.950500E+3	3.494350E-5	1.285230E-7
6.927100E+3	3.522100E-5	-2.235190E-8
6.917000E+3	3.515210E-5	8.568210E-8
6.905200E+3	3.517070E-5	1.061710E-7
6.883700E+3	3.521910E-5	1.266610E-7
6.874600E+3	3.522660E-5	1.527380E-7
6.850200E+3	3.533830E-5	5.401690E-8
6.841200E+3	3.529180E-5	1.341110E-7
6.830000E+3	3.530850E-5	1.098970E-7
6.807800E+3	3.526570E-5	1.266610E-7
6.795500E+3	3.516880E-5	1.732270E-7
6.774400E+3	3.517440E-5	3.911580E-8
6.764700E+3	3.513340E-5	5.401690E-8
6.753500E+3	3.492110E-5	1.601880E-7
6.732100E+3	3.466030E-5	2.086170E-7
6.721000E+3	3.453370E-5	2.104800E-7
6.698700E+3	3.420030E-5	2.272440E-7
6.687400E+3	3.417050E-5	1.043090E-7
6.674700E+3	3.396180E-5	1.266610E-7
6.665500E+3	3.371970E-5	2.309690E-7
6.639600E+3	3.328940E-5	2.086170E-7
6.626400E+3	3.318510E-5	1.061710E-7
6.613400E+3	3.297280E-5	9.127010E-8
6.592600E+3	3.250710E-5	6.891830E-8
6.583100E+3	3.215320E-5	2.086170E-7
6.561900E+3	3.176210E-5	7.823160E-8
6.552700E+3	3.143050E-5	2.086170E-7
6.542300E+3	3.120510E-5	1.266610E-7
6.529100E+3	3.089030E-5	1.564630E-7
6.504200E+3	3.042080E-5	2.235190E-8
6.494800E+3	2.997750E-5	1.844030E-7
6.473900E+3	2.944850E-5	1.266610E-7
6.463800E+3	2.929770E-5	-3.725320E-9
6.440300E+3	2.852090E-5	8.754480E-8
6.430100E+3	2.831790E-5	3.725320E-9
6.419000E+3	2.784110E-5	1.657760E-7
6.399900E+3	2.743320E-5	3.352780E-8
6.379400E+3	2.670110E-5	2.142050E-7
6.369200E+3	2.653720E-5	5.029160E-8
6.358100E+3	2.612000E-5	1.993040E-7
6.338400E+3	2.572700E-5	5.029160E-8
6.327900E+3	2.534510E-5	1.415620E-7
6.304900E+3	2.479560E-5	4.097840E-8
6.294700E+3	2.446970E-5	1.117590E-7
6.275300E+3	2.395560E-5	4.842900E-8
6.264600E+3	2.361290E-5	1.341110E-7
6.252400E+3	2.325900E-5	1.732270E-7
6.231000E+3	2.273370E-5	1.527380E-7
6.219000E+3	2.244500E-5	1.173470E-7
6.197600E+3	2.195510E-5	5.587960E-8
6.188500E+3	2.159560E-5	1.546000E-7
6.167200E+3	2.124540E-5	4.470370E-8
6.158100E+3	2.090270E-5	1.695020E-7
6.147000E+3	2.064190E-5	1.490130E-7
6.124800E+3	2.018190E-5	1.471500E-7
6.114600E+3	2.000870E-5	5.029160E-8
6.091400E+3	1.945170E-5	1.639140E-7
6.081900E+3	1.919650E-5	1.732270E-7
6.061300E+3	1.874580E-5	1.676390E-7
6.051300E+3	1.859860E-5	1.396990E-7
6.040100E+3	1.849250E-5	3.166520E-8
6.018700E+3	1.790760E-5	1.732270E-7
6.007400E+3	1.782940E-5	5.029160E-8
5.997700E+3	1.761700E-5	4.284110E-8
5.974500E+3	1.722960E-5	7.636890E-8
5.964000E+3	1.702470E-5	3.166520E-8
5.940800E+3	1.660560E-5	1.173470E-7
5.930700E+3	1.640820E-5	8.381950E-8
5.918800E+3	1.617160E-5	1.210730E-7
5.897600E+3	1.583070E-5	1.266610E-7
5.885400E+3	1.556070E-5	1.806770E-7
5.875900E+3	1.539300E-5	1.825400E-7
5.852200E+3	1.511170E-5	8.568210E-8
5.843000E+3	1.485650E-5	2.216560E-7
5.818900E+3	1.466470E-5	9.499540E-8
5.809600E+3	1.440950E-5	1.955790E-7
5.799200E+3	1.434800E-5	8.754480E-8
5.776200E+3	1.396620E-5	1.471500E-7
5.766600E+3	1.385630E-5	1.098970E-7
5.746000E+3	1.354520E-5	1.639140E-7
5.735800E+3	1.349120E-5	8.568210E-8
5.715600E+3	1.314470E-5	1.434250E-7
5.705000E+3	1.307580E-5	6.705570E-8
5.685100E+3	1.270700E-5	1.341110E-7
5.672100E+3	1.257290E-5	1.415620E-7
5.660700E+3	1.251890E-5	5.774220E-8
5.638000E+3	1.219290E-5	1.452870E-7
5.626900E+3	1.217060E-5	5.029160E-8
5.607100E+3	1.196760E-5	1.676390E-8
5.596600E+3	1.187810E-5	3.725320E-9
5.577200E+3	1.162670E-5	1.676390E-8
5.565900E+3	1.138270E-5	1.415620E-7
5.545200E+3	1.125790E-5	3.166520E-8
5.535600E+3	1.109960E-5	5.960510E-8
5.515400E+3	1.082020E-5	9.872060E-8
5.505300E+3	1.068610E-5	1.378370E-7
5.484700E+3	1.059290E-5	2.793980E-8
5.475100E+3	1.037130E-5	1.434250E-7
5.453800E+3	1.021850E-5	1.005830E-7
5.444700E+3	1.007700E-5	1.266610E-7
5.423400E+3	9.961480E-6	4.470370E-8
5.414300E+3	9.853450E-6	3.539050E-8
5.401500E+3	9.700710E-6	8.195680E-8
5.380600E+3	9.570330E-6	3.539050E-8
5.370400E+3	9.499550E-6	-5.587960E-9
5.347000E+3	9.115840E-6	1.285230E-7
5.336600E+3	9.087900E-6	9.313270E-8
5.316400E+3	8.829000E-6	1.527380E-7
5.306600E+3	8.812230E-6	2.235190E-8
5.295400E+3	8.575680E-6	1.173470E-7
5.276000E+3	8.454600E-6	2.235190E-8
5.265100E+3	8.365200E-6	3.166520E-8
5.245100E+3	8.119330E-6	5.774220E-8
5.234800E+3	7.947970E-6	1.005830E-7
5.214400E+3	7.804540E-6	-2.048920E-8
5.204600E+3	7.560510E-6	8.381950E-8
5.183700E+3	7.333260E-6	7.264360E-8
5.174300E+3	7.182390E-6	1.024460E-7
5.153100E+3	6.886230E-6	1.210730E-7
5.141100E+3	6.748390E-6	1.229350E-7
5.119700E+3	6.485760E-6	7.450630E-8
5.110700E+3	6.327430E-6	1.024460E-7
5.089400E+3	6.105780E-6	1.862660E-8
5.080200E+3	5.858050E-6	1.229350E-7
5.069700E+3	5.759330E-6	5.774220E-8
5.049600E+3	5.414740E-6	1.098970E-7
5.028300E+3	5.127890E-6	1.098970E-7
5.019100E+3	4.977020E-6	6.705570E-8
5.007800E+3	4.764680E-6	8.009420E-8
4.988300E+3	4.455480E-6	6.333040E-8
4.967800E+3	4.038240E-6	1.303860E-7
4.957600E+3	3.775600E-6	1.434250E-7
4.944400E+3	3.669430E-6	7.264360E-8
4.934300E+3	3.399340E-6	1.415620E-7
4.910800E+3	3.039850E-6	2.421450E-8
4.891900E+3	2.507130E-6	1.061710E-7
4.880900E+3	2.333910E-6	2.235190E-8
4.870500E+3	2.067550E-6	5.960510E-8
4.850100E+3	1.655900E-6	3.352780E-8
4.840400E+3	1.467770E-6	0.000000E+0
4.816600E+3	1.026320E-6	7.450640E-9
4.807200E+3	7.022210E-7	6.146770E-8
4.795000E+3	4.116460E-7	8.754480E-8
4.773500E+3	2.607710E-8	-5.587960E-9
4.764300E+3	-2.365570E-7	5.587960E-9
4.743300E+3	-7.394740E-7	5.029160E-8
4.733400E+3	-9.331890E-7	0.000000E+0
4.712700E+3	-1.505020E-6	6.891830E-8
4.702400E+3	-1.704330E-6	3.725320E-9
4.682100E+3	-2.197940E-6	6.891830E-8
4.671300E+3	-2.356260E-6	4.470370E-8
4.651600E+3	-2.823780E-6	6.891830E-8
4.638700E+3	-3.056620E-6	5.587960E-8
4.627400E+3	-3.259640E-6	3.539050E-8
4.605800E+3	-3.812850E-6	6.891830E-8
4.594400E+3	-3.939520E-6	-1.676390E-8
4.572500E+3	-4.451750E-6	2.235190E-8
4.561700E+3	-4.608210E-6	-3.911580E-8
4.551000E+3	-4.863400E-6	-5.774220E-8
4.529000E+3	-5.293670E-6	-6.519300E-8
4.517700E+3	-5.506010E-6	-9.685800E-8
4.505500E+3	-5.738840E-6	-4.842900E-8
4.484200E+3	-6.184010E-6	-7.078100E-8
4.472000E+3	-6.351650E-6	-9.872060E-8
4.462500E+3	-6.563990E-6	-4.842900E-8
4.438600E+3	-6.904850E-6	-9.685800E-8
4.429600E+3	-7.102300E-6	-2.980250E-8
4.405400E+3	-7.338850E-6	-5.401690E-8
4.396200E+3	-7.536290E-6	-1.676390E-8
4.385900E+3	-7.646220E-6	-4.097840E-8
4.362800E+3	-7.880910E-6	-4.284110E-8
4.353400E+3	-7.916300E-6	-8.754480E-8
4.329600E+3	-8.193830E-6	-7.078100E-8
4.320600E+3	-8.344710E-6	-5.587960E-8
4.299200E+3	-8.547740E-6	-5.029160E-8
4.290100E+3	-8.611070E-6	-7.078100E-8
4.268800E+3	-8.784290E-6	-3.911580E-8
4.259000E+3	-8.843900E-6	-3.352780E-8
4.247800E+3	-8.892330E-6	-5.215430E-8
4.226200E+3	-8.992910E-6	-1.080340E-7
4.215100E+3	-9.069280E-6	-6.519300E-8
4.192900E+3	-9.197800E-6	-6.146770E-8
4.181700E+3	-9.199660E-6	-1.117590E-7
4.172000E+3	-9.290930E-6	-9.685800E-8
4.149000E+3	-9.330050E-6	-1.098970E-7
4.138400E+3	-9.352400E-6	-4.284110E-8
4.118100E+3	-9.290930E-6	-7.078100E-8
4.108200E+3	-9.339360E-6	-4.097840E-8
4.098600E+3	-9.343090E-6	-3.539050E-8
4.074600E+3	-9.305830E-6	-1.173470E-7
4.065500E+3	-9.356120E-6	-8.568210E-8
4.041200E+3	-9.270440E-6	-1.415620E-7
4.031900E+3	-9.285340E-6	-9.499540E-8
4.021600E+3	-9.264860E-6	-7.078100E-8
3.998400E+3	-9.238780E-6	-9.127010E-8
3.989000E+3	-9.248090E-6	-5.215430E-8
3.965200E+3	-9.188490E-6	-1.080340E-7
3.956000E+3	-9.214560E-6	-8.568210E-8
3.942200E+3	-9.216430E-6	-8.009420E-8
3.922500E+3	-9.153100E-6	-9.685800E-8
3.909500E+3	-9.147510E-6	-6.891830E-8
3.898200E+3	-9.071140E-6	-9.872060E-8
3.876600E+3	-9.039480E-6	-5.215430E-8
3.865200E+3	-8.946340E-6	-1.117590E-7
3.855500E+3	-8.937030E-6	-6.146770E-8
3.832300E+3	-8.797330E-6	-1.117590E-7
3.821800E+3	-8.782430E-6	-6.519300E-8
3.801400E+3	-8.642730E-6	-1.173470E-7
3.791600E+3	-8.646460E-6	-8.754480E-8
3.791600E+3	-8.646460E-6	-8.754480E-8
3.758500E+3	-8.542150E-6	-1.117590E-7
3.749400E+3	-8.544010E-6	-6.146770E-8
3.725100E+3	-8.354020E-6	-8.940740E-8
3.715900E+3	-8.335400E-6	-5.587960E-8
3.691600E+3	-8.139820E-6	-1.303860E-7
3.682400E+3	-8.139820E-6	-7.636890E-8
3.671700E+3	-8.091390E-6	-7.264360E-8
3.648800E+3	-8.005710E-6	-5.587960E-8
3.638700E+3	-7.888360E-6	-9.685800E-8
3.614900E+3	-7.819440E-6	-3.911580E-8
3.605900E+3	-7.774740E-6	-1.303860E-8
3.584700E+3	-7.683470E-6	-1.490130E-8
3.575100E+3	-7.677880E-6	1.117590E-8
3.563800E+3	-7.605210E-6	-3.352780E-8
3.544400E+3	-7.474820E-6	-7.264360E-8
3.524100E+3	-7.428260E-6	-4.284110E-8
3.513400E+3	-7.370520E-6	-6.705570E-8
3.502800E+3	-7.333260E-6	-5.587960E-8
3.480700E+3	-7.186110E-6	-7.450630E-8
3.469400E+3	-7.104160E-6	-9.685800E-8
3.449800E+3	-7.046420E-6	-8.009420E-8
3.438700E+3	-7.035240E-6	-5.215430E-8
3.426400E+3	-6.970050E-6	-8.009420E-8
3.405300E+3	-6.886230E-6	-5.960510E-8
3.392900E+3	-6.802410E-6	-1.080340E-7
3.371500E+3	-6.711140E-6	-7.450630E-8
3.362300E+3	-6.683200E-6	-4.842900E-8
3.341300E+3	-6.588200E-6	-5.587960E-8
3.331800E+3	-6.569580E-6	-9.313280E-9
3.310600E+3	-6.461550E-6	-5.587960E-9
3.301400E+3	-6.403800E-6	-4.097840E-8
3.280000E+3	-6.349790E-6	-5.587960E-8
3.270900E+3	-6.258520E-6	-9.872060E-8
3.257100E+3	-6.236170E-6	-7.636890E-8
3.237500E+3	-6.159800E-6	-3.352780E-8
3.227300E+3	-6.081570E-6	-5.215430E-8
3.206900E+3	-6.042450E-6	7.450640E-9
3.196200E+3	-5.953040E-6	-5.401690E-8
3.176300E+3	-5.874810E-6	-6.891830E-8
3.162300E+3	-5.854320E-6	-5.029160E-8
3.152000E+3	-5.861770E-6	-5.587960E-9
3.131600E+3	-5.751880E-6	-3.352780E-8
3.118800E+3	-5.682960E-6	-6.146770E-8
3.099100E+3	-5.636390E-6	-5.029160E-8
3.088400E+3	-5.655020E-6	-3.725310E-8
3.068200E+3	-5.595420E-6	-3.725310E-8
3.055200E+3	-5.545120E-6	-4.097840E-8
3.046000E+3	-5.526500E-6	-1.117590E-8
3.024700E+3	-5.405430E-6	-2.607710E-8
3.015700E+3	-5.399840E-6	0.000000E+0
2.991500E+3	-5.256410E-6	-7.823160E-8
2.982200E+3	-5.276900E-6	-1.117590E-8
2.971900E+3	-5.224750E-6	-5.587960E-9
2.948600E+3	-5.133480E-6	-3.166520E-8
2.938100E+3	-5.116720E-6	-2.421450E-8
2.915100E+3	-5.001230E-6	-7.450630E-8
2.905400E+3	-4.930450E-6	-9.872060E-8
2.884700E+3	-4.939760E-6	-3.725310E-8
2.874500E+3	-4.887610E-6	-3.352780E-8
2.863300E+3	-4.798200E-6	-8.568210E-8
2.843400E+3	-4.805650E-6	1.303860E-8
2.830300E+3	-4.719970E-6	-5.029160E-8
2.810800E+3	-4.746050E-6	-5.587960E-9
2.799500E+3	-4.688310E-6	-3.352780E-8
2.790300E+3	-4.662230E-6	-3.352780E-8
2.766700E+3	-4.623110E-6	-2.048920E-8
2.753800E+3	-4.544880E-6	-4.842900E-8
2.734100E+3	-4.515080E-6	-4.097840E-8
2.734100E+3	-4.515080E-6	-4.097840E-8
2.711500E+3	-4.446160E-6	-2.980250E-8
2.690300E+3	-4.373520E-6	-1.490130E-8
2.681200E+3	-4.353030E-6	-1.303860E-8
2.657400E+3	-4.299010E-6	-2.607710E-8
2.647500E+3	-4.321370E-6	2.048920E-8
2.637700E+3	-4.254310E-6	-1.303860E-8
2.613800E+3	-4.265490E-6	-5.587960E-9
2.603700E+3	-4.259900E-6	-9.313280E-9
2.580000E+3	-4.155590E-6	-5.587960E-9
2.570800E+3	-4.176080E-6	3.911580E-8
2.559500E+3	-4.127650E-6	2.421450E-8
2.537600E+3	-4.060600E-6	9.313280E-9
2.526800E+3	-3.991680E-6	-4.284110E-8
2.507200E+3	-3.971190E-6	-1.117590E-8
2.495900E+3	-3.911580E-6	-6.519300E-8
2.476400E+3	-3.818450E-6	-7.078100E-8
2.465000E+3	-3.827760E-6	-4.284110E-8
2.445200E+3	-3.833350E-6	-1.490130E-8
2.433900E+3	-3.810990E-6	-3.725310E-8
2.414000E+3	-3.755110E-6	-2.980250E-8
2.403000E+3	-3.742070E-6	-1.862660E-8
2.390700E+3	-3.730890E-6	5.587960E-9
2.369400E+3	-3.689910E-6	-7.450640E-9
2.360000E+3	-3.676880E-6	-1.303860E-8
2.338600E+3	-3.643350E-6	-1.676390E-8
2.329400E+3	-3.647070E-6	-2.421450E-8
2.308100E+3	-3.645210E-6	-2.980250E-8
2.298900E+3	-3.622860E-6	-2.048920E-8
2.274600E+3	-3.522280E-6	-4.842900E-8
2.265400E+3	-3.552080E-6	7.450640E-9
2.255000E+3	-3.468260E-6	-5.215430E-8
2.231900E+3	-3.485020E-6	3.725320E-9
2.219200E+3	-3.421690E-6	-3.166520E-8
2.207700E+3	-3.388170E-6	-1.303860E-8
2.185800E+3	-3.300620E-6	-5.029160E-8
2.172900E+3	-3.358360E-6	-5.587960E-9
2.161500E+3	-3.300620E-6	-7.636890E-8
2.139500E+3	-3.252190E-6	-9.685800E-8
2.128100E+3	-3.246610E-6	-8.009420E-8
2.118000E+3	-3.280130E-6	-2.421450E-8
2.095100E+3	-3.205630E-6	-6.519300E-8
2.081800E+3	-3.192590E-6	-5.029160E-8
2.062000E+3	-3.123670E-6	-6.891830E-8
2.047400E+3	-3.110630E-6	-4.842900E-8
2.037700E+3	-3.151610E-6	1.117590E-8
2.012000E+3	-3.153470E-6	3.539050E-8
2.000400E+3	-3.069650E-6	-3.352780E-8
1.990900E+3	-3.073380E-6	1.862660E-9
1.966800E+3	-3.088280E-6	2.980250E-8
1.953300E+3	-3.010050E-6	-3.352780E-8
1.943700E+3	-3.073380E-6	3.911580E-8
1.921200E+3	-2.980250E-6	-2.048920E-8
1.911700E+3	-2.995150E-6	2.421450E-8
1.886200E+3	-2.909470E-6	-2.607710E-8
1.876400E+3	-2.920640E-6	-5.587960E-9
1.863400E+3	-2.952310E-6	1.862660E-8
1.841000E+3	-2.885250E-6	-4.284110E-8
1.830900E+3	-2.929960E-6	2.235190E-8
1.805900E+3	-2.808880E-6	-3.352780E-8
1.796300E+3	-2.831240E-6	2.235190E-8
1.784800E+3	-2.764180E-6	-3.352780E-8
1.758400E+3	-2.816330E-6	1.490130E-8
1.745900E+3	-2.797710E-6	-5.587960E-9
1.734400E+3	-2.818200E-6	1.676390E-8
1.711700E+3	-2.762320E-6	5.587960E-9
1.701000E+3	-2.700850E-6	-5.029160E-8
1.690000E+3	-2.753000E-6	1.303860E-8
1.667200E+3	-2.728790E-6	2.793980E-8
1.654100E+3	-2.650560E-6	-4.470370E-8
1.641600E+3	-2.633790E-6	-5.215430E-8
1.622000E+3	-2.656150E-6	3.725320E-9
1.609100E+3	-2.600270E-6	-4.656640E-8
1.600100E+3	-2.603990E-6	-4.656640E-8
1.577500E+3	-2.622620E-6	-3.911580E-8
1.567800E+3	-2.618890E-6	-3.352780E-8
1.556200E+3	-2.641250E-6	-1.862660E-9
1.533200E+3	-2.548110E-6	-4.656640E-8
1.524700E+3	-2.598400E-6	2.235190E-8
1.504400E+3	-2.570460E-6	3.725310E-8
1.493200E+3	-2.505270E-6	-1.490130E-8
1.484000E+3	-2.523900E-6	1.303860E-8
1.464700E+3	-2.538800E-6	4.656640E-8
1.455000E+3	-2.477330E-6	-1.862660E-9
1.444700E+3	-2.486650E-6	1.490130E-8
1.422000E+3	-2.503410E-6	4.656640E-8
1.411300E+3	-2.468020E-6	3.725310E-8
1.397600E+3	-2.449390E-6	4.470370E-8
1.385700E+3	-2.386060E-6	-1.676390E-8
1.364900E+3	-2.361850E-6	-3.352780E-8
1.354700E+3	-2.440080E-6	2.793980E-8
1.343500E+3	-2.456840E-6	2.235190E-8
1.332500E+3	-2.428900E-6	-5.587960E-9
1.332500E+3	-2.428900E-6	-5.587960E-9
1.299000E+3	-2.400960E-6	-1.303860E-8
1.279700E+3	-2.346950E-6	-4.842900E-8
1.271100E+3	-2.406550E-6	0.000000E+0
1.251500E+3	-2.378610E-6	-3.352780E-8
1.243400E+3	-2.356260E-6	-3.352780E-8
1.232000E+3	-2.350670E-6	-3.352780E-8
1.210000E+3	-2.345080E-6	-2.048920E-8
1.202000E+3	-2.354400E-6	-1.676390E-8
1.190600E+3	-2.391650E-6	2.607710E-8
1.171900E+3	-2.328320E-6	-4.842900E-8
1.161100E+3	-2.371160E-6	0.000000E+0
1.141900E+3	-2.386060E-6	3.166520E-8
1.131200E+3	-2.382340E-6	4.284110E-8
1.122100E+3	-2.304110E-6	-1.862660E-8
1.109800E+3	-2.294790E-6	3.725320E-9
1.092500E+3	-2.276170E-6	-1.117590E-8
1.083100E+3	-2.343220E-6	5.960510E-8
1.072800E+3	-2.276170E-6	-1.303860E-8
1.052800E+3	-2.328320E-6	-1.862660E-9
1.043900E+3	-2.359990E-6	3.166520E-8
1.022800E+3	-2.337630E-6	4.097840E-8
1.013100E+3	-2.292930E-6	3.725320E-9
1.005600E+3	-2.292930E-6	7.450640E-9
9.954000E+2	-2.328320E-6	4.656640E-8
9.751000E+2	-2.281750E-6	-1.303860E-8
9.677000E+2	-2.298520E-6	0.000000E+0
9.478000E+2	-2.294790E-6	-1.862660E-9
9.375000E+2	-2.319010E-6	9.313280E-9
9.297000E+2	-2.345080E-6	3.725310E-8
9.099000E+2	-2.333910E-6	-3.725320E-9
9.027000E+2	-2.305970E-6	-4.284110E-8
8.921000E+2	-2.384200E-6	2.607710E-8
8.754000E+2	-2.365570E-6	-1.490130E-8
8.667000E+2	-2.365570E-6	-1.490130E-8
8.577000E+2	-2.421450E-6	2.793980E-8
8.381000E+2	-2.454980E-6	2.235190E-8
8.292000E+2	-2.406550E-6	-4.470370E-8
8.108000E+2	-2.471740E-6	2.235190E-8
8.018000E+2	-2.440080E-6	-1.490130E-8
7.910000E+2	-2.449390E-6	-2.607710E-8
7.737000E+2	-2.548110E-6	2.235190E-8
7.643000E+2	-2.479200E-6	-5.029160E-8
7.486000E+2	-2.566740E-6	2.980250E-8
7.391000E+2	-2.559290E-6	-1.676390E-8
7.287000E+2	-2.549980E-6	-2.793980E-8
7.216000E+2	-2.581640E-6	-3.539050E-8
6.996000E+2	-2.607720E-6	-5.774220E-8
6.919000E+2	-2.700850E-6	1.490130E-8
6.846000E+2	-2.656150E-6	-4.842900E-8
6.647000E+2	-2.753000E-6	3.725320E-9
6.575000E+2	-2.726930E-6	-4.284110E-8
6.378000E+2	-2.790260E-6	-4.470370E-8
6.307000E+2	-2.881530E-6	2.235190E-8
6.220000E+2	-2.864760E-6	-2.607710E-8
6.038000E+2	-2.939270E-6	2.421450E-8
5.941000E+2	-2.967210E-6	7.450640E-9
5.850000E+2	-3.043580E-6	3.166520E-8
5.672000E+2	-3.140430E-6	0.000000E+0
5.570000E+2	-3.177690E-6	-3.352780E-8
5.463000E+2	-3.265230E-6	-1.303860E-8
5.309000E+2	-3.334150E-6	-3.352780E-8
5.217000E+2	-3.386300E-6	-2.607710E-8
5.115000E+2	-3.447770E-6	3.725320E-9
4.959000E+2	-3.494340E-6	-5.587960E-8
4.851000E+2	-3.570710E-6	-5.587960E-9
4.660000E+2	-3.617270E-6	-3.352780E-8
4.512000E+2	-3.738340E-6	-5.587960E-9
4.512000E+2	-3.738340E-6	-5.587960E-9
3.888000E+2	-4.079220E-6	5.401690E-8
3.669000E+2	-4.164900E-6	9.313280E-9
3.217000E+2	-4.565370E-6	5.587960E-8
2.968000E+2	-4.703210E-6	5.587960E-9
2.720000E+2	-5.012410E-6	2.607710E-8
2.087000E+2	-5.496690E-6	-9.313280E-9
1.752000E+2	-5.811480E-6	2.235190E-8
1.470000E+2	-6.178420E-6	7.636890E-8
8.500000E+1	-6.943970E-6	1.136220E-7
5.650000E+1	-7.497180E-6	1.732270E-7
-4.500000E+0	-5.453850E-6	1.620510E-7
-3.350000E+1	-2.473610E-6	1.862660E-9
-6.030000E+1	1.639140E-7	-5.774220E-8
-9.380000E+1	2.332050E-6	-4.284110E-8
-1.554000E+2	5.003090E-6	-1.229350E-7
-1.880000E+2	5.627080E-6	-8.009420E-8
-2.131000E+2	5.891580E-6	-3.911580E-8
-2.785000E+2	5.980980E-6	-1.173470E-7
-3.021000E+2	5.757470E-6	1.862660E-9
-3.558000E+2	5.338370E-6	4.656640E-8
