Sample Name, Varga_5_4_9.46G
Freq, 9.46, GHz, Power, 10, dBm
SR850: f = 25 Hz; phase = 97 deg; output = 5 V; sens. = 5 uV; tc = 300 ms; 12dB/oct
Field	X	Y
Oe	V	V
*
-7.002000E+2	-1.020970E-6	4.656640E-8
-6.992000E+2	-1.024460E-6	4.144410E-8
-7.004000E+2	-9.378450E-7	-4.842900E-8
-6.929000E+2	-9.799910E-7	2.118770E-8
-6.849000E+2	-1.005840E-6	4.447090E-8
-6.645000E+2	-9.641590E-7	-1.653110E-8
-6.557000E+2	-1.014220E-6	3.865010E-8
-6.448000E+2	-9.213140E-7	-5.983790E-8
-6.246000E+2	-1.015150E-6	6.007080E-8
-6.146000E+2	-9.322580E-7	-1.885940E-8
-5.984000E+2	-9.865110E-7	6.193340E-8
-5.895000E+2	-8.705570E-7	-4.004710E-8
-5.759000E+2	-9.411050E-7	4.121130E-8
-5.701000E+2	-8.589160E-7	-2.142050E-8
-5.644000E+2	-8.046660E-7	-5.937200E-8
-5.619000E+2	-8.731190E-7	1.443560E-8
-5.565000E+2	-7.613600E-7	-4.726480E-8
-5.564000E+2	-8.139800E-7	6.984950E-9
-5.542000E+2	-7.965170E-7	-3.469200E-8
-5.540000E+2	-8.521640E-7	1.187440E-8
-5.529000E+2	-7.988460E-7	-5.145580E-8
-5.533000E+2	-8.454120E-7	6.984950E-10
-5.511000E+2	-7.716040E-7	-7.520480E-8
-5.513000E+2	-8.530950E-7	1.071030E-8
-5.477000E+2	-8.521640E-7	4.726480E-8
-5.473000E+2	-8.111860E-7	1.187440E-8
-5.424000E+2	-8.023380E-7	-2.561150E-8
-5.411000E+2	-8.614770E-7	5.215430E-8
-5.376000E+2	-7.629900E-7	-3.539050E-8
-5.334000E+2	-8.498350E-7	5.145580E-8
-5.303000E+2	-8.184030E-7	2.840550E-8
-5.254000E+2	-8.186360E-7	4.260820E-8
-5.233000E+2	-7.608940E-7	-1.885940E-8
-5.199000E+2	-7.394740E-7	-6.589150E-8
-5.166000E+2	-8.444800E-7	3.282930E-8
-5.134000E+2	-7.655510E-7	-4.214260E-8
-5.107000E+2	-7.795210E-7	-3.166520E-8
-5.077000E+2	-7.092060E-7	-1.001180E-7
-5.048000E+2	-6.847590E-7	-9.941910E-8
-5.021000E+2	-7.865060E-7	3.026810E-9
-4.990000E+2	-7.066450E-7	-6.589150E-8
-4.969000E+2	-6.877850E-7	-7.916290E-8
-4.928000E+2	-7.858070E-7	1.722960E-8
-4.902000E+2	-7.143280E-7	-4.773050E-8
-4.892000E+2	-7.771920E-7	2.281750E-8
-4.841000E+2	-7.618260E-7	4.330670E-8
-4.833000E+2	-7.699750E-7	6.565870E-8
-4.785000E+2	-7.695090E-7	4.540220E-8
-4.773000E+2	-6.626400E-7	-6.449450E-8
-4.728000E+2	-7.429660E-7	1.396990E-8
-4.712000E+2	-7.406380E-7	2.421450E-8
-4.659000E+2	-7.096710E-7	3.026810E-9
-4.648000E+2	-6.826630E-7	-4.656650E-10
-4.618000E+2	-7.320230E-7	4.330670E-8
-4.587000E+2	-6.821970E-7	-1.280570E-8
-4.542000E+2	-6.968660E-7	5.587960E-9
-4.522000E+2	-6.300430E-7	-7.287640E-8
-4.493000E+2	-7.373780E-7	2.561150E-8
-4.462000E+2	-7.394740E-7	2.724130E-8
-4.432000E+2	-7.280650E-7	1.769520E-8
-4.409000E+2	-7.213130E-7	2.211900E-8
-4.375000E+2	-6.498340E-7	-1.466840E-8
-4.353000E+2	-7.031520E-7	4.866180E-8
-4.316000E+2	-6.035010E-7	-4.656640E-8
-4.285000E+2	-6.416850E-7	3.492470E-9
-4.276000E+2	-6.451770E-7	1.746240E-8
-4.217000E+2	-5.830120E-7	-3.282930E-8
-4.210000E+2	-6.400550E-7	3.865010E-8
-4.158000E+2	-5.292280E-7	-5.727660E-8
-4.147000E+2	-5.781220E-7	-1.629830E-8
-4.095000E+2	-6.002410E-7	1.094310E-8
-4.087000E+2	-6.374940E-7	5.052450E-8
-4.039000E+2	-5.548390E-7	-5.122300E-8
-4.023000E+2	-6.309750E-7	3.515770E-8
-3.993000E+2	-5.725340E-7	-1.210730E-8
-3.957000E+2	-6.211960E-7	3.469200E-8
-3.934000E+2	-5.916260E-7	1.257290E-8
-3.899000E+2	-5.376100E-7	-1.443560E-8
-3.873000E+2	-4.838260E-7	-7.473910E-8
-3.842000E+2	-6.053630E-7	2.980250E-8
-3.812000E+2	-6.114170E-7	2.328320E-9
-3.778000E+2	-6.104860E-7	2.048920E-8
-3.753000E+2	-6.267840E-7	2.142050E-8
-3.724000E+2	-5.317890E-7	-6.565870E-8
-3.694000E+2	-5.913930E-7	-1.653110E-8
-3.663000E+2	-5.653160E-7	-3.934860E-8
-3.627000E+2	-5.008220E-7	-7.962850E-8
-3.599000E+2	-5.490180E-7	-1.653110E-8
-3.564000E+2	-5.124640E-7	-2.072200E-8
-3.542000E+2	-4.842910E-7	-4.773050E-8
-3.522000E+2	-5.438960E-7	1.862660E-9
-3.473000E+2	-4.211920E-7	-6.798700E-8
-3.451000E+2	-4.682240E-7	-1.722960E-8
-3.407000E+2	-4.300400E-7	-4.190970E-8
-3.394000E+2	-5.173530E-7	2.863830E-8
-3.348000E+2	-4.838260E-7	-1.769520E-8
-3.338000E+2	-5.371440E-7	3.748600E-8
-3.287000E+2	-4.547200E-7	-2.002350E-8
-3.279000E+2	-4.884820E-7	4.377240E-8
-3.254000E+2	-4.568160E-7	2.211900E-8
-3.209000E+2	-4.342310E-7	-1.862660E-9
-3.190000E+2	-4.756750E-7	4.377240E-8
-3.143000E+2	-4.400520E-7	3.143240E-8
-3.132000E+2	-3.853370E-7	-1.234010E-8
-3.100000E+2	-4.752090E-7	7.730020E-8
-3.067000E+2	-4.626360E-7	7.147950E-8
-3.036000E+2	-3.813780E-7	-3.539050E-8
-3.005000E+2	-4.838260E-7	2.398170E-8
-2.975000E+2	-4.102490E-7	-4.842900E-8
-2.956000E+2	-4.330670E-7	-2.584430E-8
-2.912000E+2	-3.636830E-7	-7.520480E-8
-2.886000E+2	-4.370250E-7	-1.187440E-8
-2.850000E+2	-3.636830E-7	-5.704370E-8
-2.827000E+2	-4.502960E-7	1.117590E-8
-2.817000E+2	-3.685730E-7	-8.521650E-8
-2.759000E+2	-3.895270E-7	-5.541390E-8
-2.751000E+2	-4.281770E-7	1.583260E-8
-2.694000E+2	-3.157200E-7	-5.355130E-8
-2.681000E+2	-3.913900E-7	2.444730E-8
-2.665000E+2	-3.050100E-7	-4.540220E-8
-2.627000E+2	-3.529730E-7	2.374880E-8
-2.576000E+2	-3.271290E-7	-3.306220E-8
-2.569000E+2	-3.946500E-7	5.192150E-8
-2.542000E+2	-3.641490E-7	1.164160E-8
-2.505000E+2	-4.030320E-7	2.142050E-8
-2.475000E+2	-3.087350E-7	-7.334210E-8
-2.446000E+2	-3.976770E-7	1.606540E-8
-2.419000E+2	-3.671760E-7	-1.164160E-9
-2.379000E+2	-3.741610E-7	1.024460E-8
-2.350000E+2	-3.648470E-7	3.958150E-9
-2.320000E+2	-2.624020E-7	-8.568210E-8
-2.287000E+2	-2.475010E-7	-8.451800E-8
-2.258000E+2	-2.859180E-7	-4.353960E-8
-2.251000E+2	-3.399350E-7	9.546110E-9
-2.200000E+2	-2.761390E-7	-7.124660E-8
-2.174000E+2	-3.357440E-7	3.026810E-9
-2.138000E+2	-2.677570E-7	-7.799870E-8
-2.117000E+2	-3.073380E-7	-3.213090E-8
-2.107000E+2	-3.022160E-7	-2.491300E-8
-2.052000E+2	-2.970940E-7	-1.513410E-8
-2.044000E+2	-3.378390E-7	2.933680E-8
-1.992000E+2	-3.126930E-7	3.399350E-8
-1.983000E+2	-2.656620E-7	-9.313300E-10
-1.935000E+2	-2.561160E-7	5.820790E-9
-1.922000E+2	-2.875480E-7	2.793980E-8
-1.865000E+2	-2.169990E-7	-4.936030E-8
-1.857000E+2	-2.183960E-7	-5.192150E-8
-1.808000E+2	-3.003530E-7	3.748600E-8
-1.796000E+2	-2.686880E-7	1.699680E-8
-1.752000E+2	-2.391190E-7	-1.117590E-8
-1.737000E+2	-1.941820E-7	-6.845270E-8
-1.706000E+2	-2.470350E-7	-1.420270E-8
-1.674000E+2	-2.454050E-7	-1.466840E-8
-1.645000E+2	-1.804450E-7	-8.195680E-8
-1.628000E+2	-2.428440E-7	-1.839370E-8
-1.584000E+2	-1.778840E-7	-8.614780E-8
-1.558000E+2	-2.440080E-7	-2.188620E-8
-1.522000E+2	-2.032620E-7	-3.050100E-8
-1.500000E+2	-2.554170E-7	4.190970E-8
-1.460000E+2	-1.576270E-7	-3.818450E-8
-1.432000E+2	-2.109450E-7	2.281750E-8
-1.396000E+2	-1.569290E-7	-2.444730E-8
-1.371000E+2	-1.522720E-7	-1.117590E-8
-1.355000E+2	-1.953460E-7	3.632180E-8
-1.305000E+2	-9.383120E-8	-5.820790E-8
-1.286000E+2	-1.657760E-7	1.327140E-8
-1.264000E+2	-1.613530E-7	2.328320E-8
-1.217000E+2	-1.643790E-7	1.280570E-8
-1.205000E+2	-1.699670E-7	3.282930E-8
-1.161000E+2	-1.695020E-7	5.913920E-8
-1.143000E+2	-1.278250E-7	-4.656650E-10
-1.104000E+2	-1.532030E-7	2.188620E-8
-1.080000E+2	-1.250310E-7	-1.140880E-8
-1.036000E+2	-1.159500E-7	-1.629830E-8
-1.022000E+2	-8.009420E-8	-6.426170E-8
-9.920000E+1	-1.366720E-7	2.328320E-9
-9.600000E+1	-6.426170E-8	-7.660170E-8
-9.330000E+1	-8.381950E-8	-5.587960E-8
-8.990000E+1	-5.029160E-8	-7.869720E-8
-8.770000E+1	-1.196760E-7	1.629820E-9
-8.370000E+1	-5.657810E-8	-2.537870E-8
-8.200000E+1	-5.424980E-8	-2.491300E-8
-7.770000E+1	-6.286460E-9	-5.029160E-8
-7.520000E+1	-1.115260E-7	4.353960E-8
-7.170000E+1	-5.820790E-9	-5.820790E-8
-6.970000E+1	-5.052450E-8	-1.862660E-9
-6.550000E+1	-9.057160E-8	1.839370E-8
-6.290000E+1	-2.933680E-8	-1.885940E-8
-6.200000E+1	-8.032700E-8	3.585610E-8
-5.610000E+1	2.677560E-8	-5.960510E-8
-5.480000E+1	-2.724130E-8	-1.862660E-9
-4.990000E+1	2.118770E-8	-3.119950E-8
-4.890000E+1	-4.353960E-8	1.816090E-8
-4.630000E+1	6.076930E-8	-8.684630E-8
-4.190000E+1	-2.817260E-8	8.847620E-9
-4.030000E+1	2.863830E-8	-2.118770E-8
-3.620000E+1	1.352760E-7	-7.287640E-8
-3.400000E+1	2.416800E-7	-1.466840E-7
-3.040000E+1	2.493630E-7	-1.247980E-7
-2.770000E+1	3.699700E-7	-2.339960E-7
-2.350000E+1	3.089680E-7	-1.559970E-7
-2.160000E+1	3.417970E-7	-1.790480E-7
-1.880000E+1	3.026820E-7	-1.301530E-7
-1.540000E+1	3.471520E-7	-1.937160E-7
-1.280000E+1	3.324840E-7	-1.960440E-7
-9.000000E+0	2.626350E-7	-1.769520E-7
-7.000000E+0	1.878950E-7	-9.452970E-8
-2.800000E+0	2.137390E-7	-1.385350E-7
-1.500000E+0	8.801040E-8	-2.980250E-8
3.000000E+0	1.091980E-7	-8.288820E-8
5.200000E+0	4.866180E-8	-2.584430E-8
6.700000E+0	-4.074560E-8	6.146770E-8
1.160000E+1	-1.005830E-7	8.498360E-8
1.280000E+1	-4.679920E-8	7.450640E-9
1.860000E+1	-1.075680E-7	4.540220E-8
1.940000E+1	-1.653110E-7	6.845270E-8
2.200000E+1	-2.381870E-7	1.129230E-7
2.620000E+1	-3.317850E-7	1.594900E-7
2.800000E+1	-3.655460E-7	1.767190E-7
3.300000E+1	-4.051270E-7	2.130410E-7
3.430000E+1	-3.736950E-7	1.923190E-7
3.750000E+1	-2.910400E-7	1.308520E-7
4.080000E+1	-2.852190E-7	1.734600E-7
4.360000E+1	-1.965100E-7	1.005830E-7
4.680000E+1	-1.359740E-7	7.031530E-8
5.000000E+1	-1.802120E-7	1.143200E-7
5.310000E+1	-7.846440E-8	1.746240E-8
5.630000E+1	-1.885940E-8	-1.490130E-8
5.930000E+1	-6.053630E-9	-3.259640E-9
6.220000E+1	-5.541390E-8	6.635720E-8
6.550000E+1	4.330670E-8	-1.187440E-8
6.810000E+1	3.399350E-8	4.656650E-10
6.900000E+1	-1.816090E-8	5.238710E-8
7.480000E+1	7.869720E-8	-2.700850E-8
7.580000E+1	9.080440E-8	-3.702030E-8
8.120000E+1	2.980250E-8	4.563500E-8
8.210000E+1	7.264360E-8	-1.629830E-8
8.440000E+1	-1.280570E-8	5.424980E-8
8.900000E+1	3.119950E-8	5.215430E-8
9.070000E+1	8.265530E-8	-3.725320E-9
9.490000E+1	3.422630E-8	5.308560E-8
9.720000E+1	8.218970E-8	1.909220E-8
1.019000E+2	8.801040E-8	1.699680E-8
1.034000E+2	7.054810E-8	3.469200E-8
1.064000E+2	1.410960E-7	-4.051280E-8
1.098000E+2	5.005880E-8	5.611240E-8
1.127000E+2	6.845270E-8	3.702030E-8
1.160000E+2	1.350430E-7	-2.374880E-8
1.192000E+2	1.627500E-7	-4.470370E-8
1.204000E+2	1.650780E-7	-3.399350E-8
1.250000E+2	1.746240E-7	-2.631000E-8
1.271000E+2	9.965200E-8	5.913920E-8
1.312000E+2	1.969760E-7	-5.541390E-8
1.327000E+2	1.299200E-7	0.000000E+0
1.374000E+2	1.599560E-7	1.164160E-9
1.385000E+2	1.464510E-7	1.024460E-8
1.434000E+2	1.969760E-7	-4.353960E-8
1.442000E+2	1.383020E-7	3.934860E-8
1.493000E+2	1.699670E-7	2.514580E-8
1.508000E+2	1.364400E-7	4.679920E-8
1.557000E+2	1.417950E-7	3.352780E-8
1.567000E+2	1.816090E-7	2.328320E-9
1.618000E+2	2.020980E-7	-1.140880E-8
1.625000E+2	1.450540E-7	4.866180E-8
1.653000E+2	1.727610E-7	2.933680E-8
1.683000E+2	2.244500E-7	3.282930E-8
1.715000E+2	2.814940E-7	-3.143240E-8
1.746000E+2	2.689210E-7	-4.097840E-8
1.778000E+2	2.204920E-7	2.142050E-8
1.810000E+2	2.742760E-7	1.443560E-8
1.837000E+2	3.031470E-7	-2.118770E-8
1.875000E+2	2.707840E-7	2.281750E-8
1.901000E+2	3.066400E-7	-1.140880E-8
1.930000E+2	3.031470E-7	-2.398170E-8
1.961000E+2	2.512260E-7	1.140880E-8
1.993000E+2	2.631000E-7	0.000000E+0
2.020000E+2	3.012850E-7	-3.236370E-8
2.034000E+2	2.200260E-7	3.702030E-8
2.085000E+2	2.994220E-7	-4.610070E-8
2.095000E+2	2.470350E-7	8.381960E-9
2.153000E+2	2.926700E-7	-4.773050E-8
2.163000E+2	2.367900E-7	2.328320E-9
2.188000E+2	2.298050E-7	-5.122300E-9
2.236000E+2	2.377210E-7	3.492470E-9
2.251000E+2	3.143230E-7	-7.753310E-8
2.295000E+2	2.321330E-7	3.189800E-8
2.317000E+2	2.603060E-7	9.778940E-9
2.353000E+2	2.784670E-7	3.958150E-9
2.377000E+2	2.572800E-7	4.377240E-8
2.408000E+2	3.364420E-7	-4.144410E-8
2.440000E+2	2.901090E-7	4.330670E-8
2.469000E+2	3.885960E-7	-2.444730E-8
2.489000E+2	4.079210E-7	-3.632180E-8
2.528000E+2	3.592600E-7	-3.492470E-9
2.562000E+2	2.805630E-7	4.842900E-8
2.588000E+2	3.299230E-7	-6.984950E-10
2.612000E+2	3.287590E-7	3.026810E-9
2.648000E+2	3.310870E-7	2.095490E-8
2.677000E+2	3.625190E-7	-2.235190E-8
2.711000E+2	3.571640E-7	-3.469200E-8
2.737000E+2	3.308540E-7	-6.286460E-9
2.775000E+2	3.811460E-7	-2.770700E-8
2.796000E+2	3.958140E-7	-2.514580E-8
2.796000E+2	3.958140E-7	-2.514580E-8
2.865000E+2	4.016350E-7	-3.702030E-8
2.880000E+2	3.413320E-7	2.980250E-8
2.930000E+2	4.186310E-7	-3.306220E-8
2.942000E+2	3.397020E-7	4.284110E-8
2.988000E+2	3.359760E-7	3.748600E-8
2.997000E+2	3.427290E-7	4.004710E-8
3.026000E+2	4.384220E-7	-5.215430E-8
3.062000E+2	3.615880E-7	4.516940E-8
3.090000E+2	4.121120E-7	4.423810E-9
3.124000E+2	4.654300E-7	-5.005880E-8
3.155000E+2	4.151390E-7	1.862660E-9
3.186000E+2	4.174670E-7	2.281750E-8
3.213000E+2	4.777720E-7	-3.119950E-8
3.252000E+2	3.986080E-7	4.167690E-8
3.280000E+2	4.584450E-7	-1.722960E-8
3.299000E+2	4.686900E-7	-4.260820E-8
3.343000E+2	4.039630E-7	5.587960E-8
3.369000E+2	5.101360E-7	-2.933680E-8
3.403000E+2	5.348160E-7	-2.165340E-8
3.425000E+2	4.868530E-7	2.863830E-8
3.465000E+2	5.280640E-7	-1.839370E-8
3.481000E+2	5.194490E-7	-2.351600E-8
3.494000E+2	4.237540E-7	4.330670E-8
3.549000E+2	5.236400E-7	-3.282930E-8
3.558000E+2	4.358610E-7	5.378410E-8
3.605000E+2	5.317890E-7	-4.004710E-8
3.623000E+2	4.533230E-7	3.189800E-8
3.644000E+2	5.292280E-7	-3.329500E-8
3.692000E+2	4.626360E-7	2.770700E-8
3.706000E+2	4.859210E-7	1.583260E-8
3.750000E+2	4.824290E-7	3.632180E-8
3.770000E+2	5.532090E-7	-3.818450E-8
3.799000E+2	4.801000E-7	3.702030E-8
3.833000E+2	5.790530E-7	-5.681090E-8
3.866000E+2	5.413350E-7	-1.071030E-8
3.900000E+2	5.411020E-7	5.355130E-9
3.927000E+2	6.156080E-7	-7.078100E-8
3.960000E+2	5.881340E-7	-4.400520E-8
3.992000E+2	5.627550E-7	-1.047740E-8
4.023000E+2	6.302760E-7	-4.773050E-8
4.056000E+2	6.237570E-7	-3.166520E-8
4.086000E+2	5.627550E-7	4.097840E-8
4.115000E+2	6.493680E-7	-2.817260E-8
4.134000E+2	5.962830E-7	3.702030E-8
4.178000E+2	5.841760E-7	4.540220E-8
4.191000E+2	5.564690E-7	7.287640E-8
4.236000E+2	6.470400E-7	-3.282930E-8
4.246000E+2	6.197990E-7	-6.984950E-10
4.294000E+2	5.769580E-7	4.097840E-8
4.301000E+2	6.130470E-7	1.094310E-8
4.351000E+2	6.537920E-7	-3.702030E-8
4.360000E+2	6.242230E-7	5.820790E-9
4.417000E+2	6.398220E-7	-4.097840E-8
4.425000E+2	6.766090E-7	-6.984960E-8
4.449000E+2	6.514640E-7	-2.537870E-8
4.495000E+2	6.333030E-7	1.140880E-8
4.511000E+2	7.092060E-7	-4.633350E-8
4.551000E+2	6.647350E-7	2.072200E-8
4.577000E+2	7.199160E-7	-2.956960E-8
4.614000E+2	6.589140E-7	2.980250E-8
4.639000E+2	6.726510E-7	2.281750E-8
4.664000E+2	6.249210E-7	4.936030E-8
4.703000E+2	7.131640E-7	-5.797510E-8
4.721000E+2	6.866210E-7	-2.700850E-8
4.765000E+2	6.672960E-7	9.080450E-9
4.778000E+2	6.463420E-7	3.632180E-8
4.823000E+2	7.408710E-7	-3.958140E-8
4.844000E+2	7.133970E-7	-1.303860E-8
4.853000E+2	6.530940E-7	5.378410E-8
4.909000E+2	7.581000E-7	-3.678750E-8
4.917000E+2	6.842930E-7	4.097840E-8
4.973000E+2	7.690430E-7	-4.563500E-8
4.985000E+2	7.282980E-7	3.026810E-9
5.001000E+2	7.050150E-7	3.678750E-8
5.053000E+2	7.392410E-7	-3.725320E-9
5.064000E+2	6.908120E-7	2.398170E-8
5.122000E+2	7.858070E-7	-5.285280E-8
5.130000E+2	7.120000E-7	2.514580E-8
5.160000E+2	7.643870E-7	-1.117590E-8
5.196000E+2	7.855740E-7	7.450640E-9
5.223000E+2	7.462260E-7	6.216620E-8
5.267000E+2	7.590320E-7	4.423800E-8
5.287000E+2	7.720700E-7	3.282930E-8
5.317000E+2	7.539090E-7	4.912750E-8
5.351000E+2	8.153770E-7	-7.916300E-9
5.376000E+2	8.486710E-7	-4.516940E-8
5.417000E+2	8.302780E-7	-2.118770E-8
5.439000E+2	8.004750E-7	2.514580E-8
5.474000E+2	8.617100E-7	-1.396990E-8
5.500000E+2	8.384270E-7	-9.313300E-10
5.540000E+2	8.253880E-7	1.234010E-8
5.560000E+2	7.706730E-7	5.611240E-8
5.610000E+2	8.728860E-7	-3.236370E-8
5.626000E+2	8.291140E-7	4.656640E-9
5.664000E+2	8.689280E-7	-1.234010E-8
5.686000E+2	8.251550E-7	3.329500E-8
5.695000E+2	8.244570E-7	3.189800E-8
5.747000E+2	8.456450E-7	3.166520E-8
5.759000E+2	8.461100E-7	4.726480E-8
5.805000E+2	8.768440E-7	2.095490E-9
5.822000E+2	8.996610E-7	-1.396990E-8
5.866000E+2	8.121170E-7	4.912750E-8
5.879000E+2	8.379610E-7	3.469200E-8
5.934000E+2	8.645040E-7	6.984950E-9
5.949000E+2	8.272510E-7	5.913920E-8
5.980000E+2	8.808020E-7	1.583260E-8
6.014000E+2	8.430830E-7	5.215430E-8
6.044000E+2	9.057150E-7	-8.847620E-9
6.073000E+2	9.455290E-7	-6.007080E-8
6.104000E+2	8.600800E-7	3.399350E-8
6.129000E+2	9.019900E-7	-1.629820E-9
6.165000E+2	9.364480E-7	-3.841730E-8
6.186000E+2	9.033870E-7	-1.606540E-8
6.227000E+2	8.794050E-7	3.469200E-8
6.256000E+2	9.411050E-7	-3.073390E-8
6.293000E+2	8.782410E-7	3.981430E-8
6.324000E+2	9.432010E-7	4.656650E-10
6.336000E+2	8.773100E-7	5.099010E-8
6.384000E+2	8.947720E-7	3.189800E-8
6.393000E+2	9.140970E-7	2.328320E-8
6.441000E+2	9.706780E-7	-4.307390E-8
6.450000E+2	9.499530E-7	-2.118770E-8
6.500000E+2	8.905810E-7	3.003540E-8
6.511000E+2	9.136310E-7	1.443560E-8
6.569000E+2	8.861570E-7	3.748600E-8
6.577000E+2	9.064130E-7	1.699680E-8
6.610000E+2	9.792930E-7	-4.284110E-8
6.643000E+2	9.012910E-7	5.285280E-8
6.672000E+2	9.674190E-7	3.259640E-9
6.713000E+2	9.401740E-7	2.235190E-8
6.736000E+2	9.338870E-7	5.448260E-8
6.768000E+2	9.974540E-7	-7.916300E-9
6.785000E+2	9.751020E-7	3.958150E-9
6.829000E+2	1.024230E-6	-6.752120E-9
6.855000E+2	1.029820E-6	-2.025640E-8
6.889000E+2	9.867440E-7	2.421450E-8
6.921000E+2	1.034940E-6	-2.281750E-8
6.931000E+2	9.462270E-7	6.868550E-8
6.984000E+2	1.020740E-6	4.190980E-9
6.991000E+2	1.027260E-6	-2.793980E-9
7.046000E+2	1.072190E-6	-1.187440E-8
7.061000E+2	1.044950E-6	1.443560E-8
7.108000E+2	9.634600E-7	5.122300E-8
7.119000E+2	9.709110E-7	4.447090E-8
7.170000E+2	1.068000E-6	-2.933680E-8
7.178000E+2	9.874420E-7	5.052450E-8
7.206000E+2	1.055890E-6	-1.932510E-8
7.241000E+2	1.047510E-6	6.984950E-10
7.290000E+2	1.031450E-6	-1.862660E-9
7.304000E+2	9.914000E-7	4.027990E-8
7.334000E+2	1.023300E-6	2.607710E-8
7.367000E+2	9.932630E-7	4.610070E-8
7.394000E+2	1.073120E-6	-2.700850E-8
7.424000E+2	1.034470E-6	1.839370E-8
7.455000E+2	1.075450E-6	-3.282930E-8
7.484000E+2	1.071730E-6	-8.847620E-9
7.513000E+2	1.031450E-6	1.885940E-8
7.537000E+2	1.068930E-6	-3.189800E-8
7.576000E+2	1.066840E-6	-3.026820E-8
7.593000E+2	1.031910E-6	1.443560E-8
7.638000E+2	1.126670E-6	-6.170060E-8
7.651000E+2	1.041230E-6	3.236370E-8
7.700000E+2	1.119920E-6	-3.655460E-8
7.721000E+2	1.098970E-6	-2.747410E-8
7.765000E+2	1.087330E-6	-3.073390E-8
7.779000E+2	1.043550E-6	2.468020E-8
7.824000E+2	1.102230E-6	3.026810E-9
7.834000E+2	1.067770E-6	2.747410E-8
7.884000E+2	1.119220E-6	-5.005880E-8
7.892000E+2	1.051940E-6	2.048920E-8
7.920000E+2	1.076620E-6	-1.862660E-9
7.964000E+2	1.033780E-6	1.443560E-8
7.984000E+2	1.044020E-6	4.656650E-10
8.023000E+2	1.053100E-6	8.149130E-9
8.049000E+2	1.105490E-6	-3.213090E-8
8.085000E+2	1.079180E-6	-1.885940E-8
8.116000E+2	1.132260E-6	-5.750940E-8
8.149000E+2	1.055890E-6	2.793980E-8
8.175000E+2	1.094780E-6	0.000000E+0
8.216000E+2	1.087090E-6	3.981430E-8
8.243000E+2	1.106880E-6	4.377240E-8
8.273000E+2	1.189770E-6	-2.607710E-8
8.305000E+2	1.113400E-6	5.541390E-8
8.334000E+2	1.130170E-6	2.863830E-8
8.354000E+2	1.122480E-6	2.863830E-8
8.398000E+2	1.126670E-6	-1.001180E-8
8.411000E+2	1.081740E-6	4.936030E-8
8.459000E+2	1.142740E-6	-1.606540E-8
8.470000E+2	1.084070E-6	4.982600E-8
8.522000E+2	1.054960E-6	7.613610E-8
8.541000E+2	1.055430E-6	5.494830E-8
8.587000E+2	1.042160E-6	7.613610E-8
8.599000E+2	1.058460E-6	5.913920E-8
8.648000E+2	1.136920E-6	-3.329500E-8
8.658000E+2	1.095940E-6	1.094310E-8
8.685000E+2	1.076150E-6	3.934860E-8
8.733000E+2	1.057760E-6	5.960510E-8
8.748000E+2	1.146230E-6	-2.165340E-8
8.787000E+2	1.069400E-6	5.494830E-8
8.811000E+2	1.106650E-6	1.722960E-8
8.846000E+2	1.168350E-6	-4.540220E-8
8.874000E+2	1.160670E-6	-5.704370E-8
8.897000E+2	1.116900E-6	-3.026810E-9
8.936000E+2	1.121090E-6	3.492470E-9
8.965000E+2	1.076620E-6	5.448260E-8
9.005000E+2	1.131560E-6	4.633350E-8
9.033000E+2	1.189770E-6	-1.420270E-8
9.042000E+2	1.094780E-6	5.587960E-8
9.102000E+2	1.179760E-6	-3.818450E-8
9.116000E+2	1.163230E-6	-3.422630E-8
9.168000E+2	1.141110E-6	-3.166520E-8
9.188000E+2	1.074990E-6	3.539050E-8
9.207000E+2	1.077780E-6	3.725310E-8
9.259000E+2	1.155550E-6	-5.285280E-8
9.279000E+2	1.090350E-6	9.546110E-9
9.327000E+2	1.165320E-6	-1.932510E-8
9.339000E+2	1.108980E-6	4.447090E-8
9.360000E+2	1.128540E-6	2.281750E-8
9.411000E+2	1.124580E-6	1.862660E-8
9.424000E+2	1.163460E-6	-1.653110E-8
9.470000E+2	1.107120E-6	4.423810E-9
9.487000E+2	1.094780E-6	1.001180E-8
9.525000E+2	1.115270E-6	1.350420E-8
9.548000E+2	1.150890E-6	-2.351600E-8
9.575000E+2	1.119920E-6	-3.259640E-9
9.609000E+2	1.139480E-6	-2.211900E-8
9.642000E+2	1.070100E-6	4.260820E-8
9.674000E+2	1.102930E-6	1.583260E-8
9.702000E+2	1.074520E-6	5.029160E-8
9.742000E+2	1.147860E-6	-3.655460E-8
9.771000E+2	1.054260E-6	5.005880E-8
9.780000E+2	1.103160E-6	4.190980E-9
9.843000E+2	1.128070E-6	3.026810E-9
9.856000E+2	1.071960E-6	8.009420E-8
9.908000E+2	1.160900E-6	1.443560E-8
9.916000E+2	1.064040E-6	8.731190E-8
9.966000E+2	1.113870E-6	2.025640E-8
9.974000E+2	1.055890E-6	6.402890E-8
1.003200E+3	1.126670E-6	-1.722960E-8
1.004300E+3	1.064740E-6	3.911580E-8
1.009500E+3	1.102930E-6	-5.355130E-9
1.010300E+3	1.125740E-6	-3.003540E-8
1.015200E+3	1.092220E-6	-3.026810E-9
1.016300E+3	1.051940E-6	4.214260E-8
1.019400E+3	1.118760E-6	-7.217780E-9
1.023100E+3	1.055660E-6	5.611240E-8
1.025800E+3	1.117590E-6	1.862660E-9
1.029200E+3	1.094080E-6	-2.561150E-9
1.032100E+3	1.120390E-6	-5.797510E-8
1.035000E+3	1.098970E-6	-5.704370E-8
1.038300E+3	1.041920E-6	-3.725320E-9
1.041600E+3	1.027020E-6	3.399350E-8
1.044600E+3	1.109210E-6	-4.819620E-8
1.048000E+3	1.092910E-6	-5.168860E-8
1.050800E+3	1.042620E-6	9.313280E-9
1.054700E+3	1.077080E-6	-1.117590E-8
1.056800E+3	1.031910E-6	2.561150E-8
1.061400E+3	1.091750E-6	-3.515770E-8
1.063000E+3	1.028420E-6	3.050100E-8
1.067700E+3	1.081040E-6	-5.355130E-9
1.069200E+3	1.093380E-6	-1.117590E-8
1.070800E+3	1.040290E-6	4.027990E-8
1.075600E+3	1.087560E-6	-2.305030E-8
1.077400E+3	1.032840E-6	1.816090E-8
1.082500E+3	1.003740E-6	9.778940E-9
1.083200E+3	9.886060E-7	2.700850E-8
1.088100E+3	1.019110E-6	1.210730E-8
1.089300E+3	9.830180E-7	4.121130E-8
1.092500E+3	1.021440E-6	-6.053630E-9
1.096000E+3	1.014680E-6	-2.584430E-8
1.098600E+3	9.683500E-7	3.702030E-8
1.103200E+3	9.518150E-7	5.052450E-8
1.105000E+3	1.038900E-6	-2.514580E-8
1.108100E+3	9.972210E-7	4.144410E-8
1.111700E+3	1.027720E-6	3.865010E-8
1.114500E+3	1.053100E-6	-3.259640E-9
1.118500E+3	9.445980E-7	6.146770E-8
1.121200E+3	1.018870E-6	-6.519290E-9
1.123600E+3	9.725410E-7	5.285280E-8
1.127700E+3	1.045650E-6	-2.421450E-8
1.129400E+3	9.546130E-7	6.170060E-8
1.134100E+3	1.003740E-6	-2.863830E-8
1.136900E+3	9.853470E-7	-5.820790E-9
1.141000E+3	9.539140E-7	1.653110E-8
1.143300E+3	9.038520E-7	5.029160E-8
1.147900E+3	9.336550E-7	1.862660E-9
1.149400E+3	9.026880E-7	3.096670E-8
1.151000E+3	9.562430E-7	-1.280570E-8
1.156300E+3	9.329560E-7	5.820790E-9
1.157200E+3	9.695140E-7	-3.096670E-8
1.162000E+3	8.812680E-7	3.771880E-8
1.163400E+3	8.959360E-7	4.912750E-8
1.163400E+3	8.959360E-7	4.912750E-8
1.169900E+3	9.154940E-7	3.026820E-8
1.174400E+3	8.824320E-7	4.400520E-8
1.176600E+3	8.887180E-7	3.562330E-8
1.179600E+3	9.574070E-7	-3.585610E-8
1.183100E+3	8.670650E-7	4.982600E-8
1.186500E+3	9.485560E-7	-3.585610E-8
1.190200E+3	8.561220E-7	6.845270E-8
1.193200E+3	9.387770E-7	-4.423810E-9
1.195300E+3	9.362160E-7	9.313280E-9
1.199600E+3	8.908140E-7	3.213090E-8
1.202500E+3	9.301620E-7	-2.724130E-8
1.204500E+3	8.719540E-7	2.095490E-8
1.209200E+3	9.185210E-7	-4.027990E-8
1.211200E+3	8.682290E-7	8.149130E-9
1.212400E+3	8.354000E-7	4.610070E-8
1.217900E+3	8.863900E-7	-2.887110E-8
1.218800E+3	8.123500E-7	4.330670E-8
1.224500E+3	9.157270E-7	1.396990E-8
1.225400E+3	8.514650E-7	7.660170E-8
1.230500E+3	8.167740E-7	8.964030E-8
1.231400E+3	8.081590E-7	8.195680E-8
1.236200E+3	7.832460E-7	8.824330E-8
1.237500E+3	8.640380E-7	6.286460E-9
1.242400E+3	7.844100E-7	7.194510E-8
1.244200E+3	7.874370E-7	5.611240E-8
1.247500E+3	8.156090E-7	1.583260E-8
1.251300E+3	7.760280E-7	4.493650E-8
1.254500E+3	8.235260E-7	-4.656640E-9
1.258100E+3	7.527450E-7	4.540220E-8
1.260600E+3	7.927920E-7	2.328320E-9
1.263200E+3	7.564700E-7	4.563500E-8
1.267100E+3	8.330720E-7	-5.029160E-8
1.269000E+3	7.674130E-7	6.286460E-9
1.273000E+3	7.818490E-7	7.683470E-9
1.275800E+3	7.811500E-7	-8.847620E-9
1.279300E+3	7.846430E-7	-2.584430E-8
1.281600E+3	7.168890E-7	2.887110E-8
1.282700E+3	7.364470E-7	7.916300E-9
1.288600E+3	7.615930E-7	-3.003540E-8
1.289600E+3	6.819650E-7	4.144410E-8
1.295400E+3	7.692760E-7	-5.052450E-8
1.296400E+3	6.966330E-7	2.607710E-8
1.299300E+3	6.749800E-7	2.444730E-8
1.303900E+3	6.824300E-7	4.656650E-10
1.306100E+3	6.631050E-7	2.863830E-8
1.311500E+3	6.873200E-7	-2.817260E-8
1.312800E+3	6.239900E-7	3.306220E-8
1.316200E+3	6.919760E-7	-2.305030E-8
1.319600E+3	7.026870E-7	-2.584430E-8
1.323800E+3	6.423830E-7	3.096670E-8
1.326200E+3	6.542580E-7	1.303860E-8
1.328900E+3	6.826630E-7	-1.885940E-8
1.332200E+3	6.032680E-7	4.842900E-8
1.335400E+3	6.444790E-7	-7.217780E-9
1.337900E+3	6.479710E-7	-2.211900E-8
1.341900E+3	6.167720E-7	1.094310E-8
1.344600E+3	6.670630E-7	-4.703200E-8
1.345600E+3	5.962830E-7	2.281750E-8
1.351100E+3	6.738160E-7	-5.587960E-8
1.352800E+3	6.114170E-7	2.095490E-9
1.358400E+3	6.479710E-7	-4.167690E-8
1.359900E+3	6.288790E-7	-3.445920E-8
1.361600E+3	6.244550E-7	-5.215430E-8
1.366900E+3	5.471560E-7	7.217780E-9
1.367900E+3	6.174710E-7	-6.542590E-8
1.373700E+3	6.281810E-7	-6.752130E-8
1.374600E+3	5.909280E-7	-3.352780E-8
1.379600E+3	5.785880E-7	-4.353960E-8
1.380500E+3	5.159560E-7	1.513410E-8
1.383500E+3	5.639190E-7	-2.654280E-8
1.386700E+3	5.555380E-7	-1.769520E-8
1.391400E+3	5.411020E-7	-2.328320E-10
1.393200E+3	5.618240E-7	-2.724130E-8
1.396300E+3	5.085060E-7	1.862660E-8
1.399900E+3	4.989600E-7	1.234010E-8
1.402600E+3	5.315560E-7	-4.051280E-8
1.406400E+3	4.728810E-7	-3.026810E-9
1.409300E+3	5.031510E-7	-5.099010E-8
1.410400E+3	4.479680E-7	1.606540E-8
1.415300E+3	4.742780E-7	-3.818450E-8
1.417000E+3	4.582130E-7	-2.933680E-8
1.421300E+3	4.309710E-7	-9.313300E-10
1.424100E+3	4.607740E-7	-3.399350E-8
1.425000E+3	4.603080E-7	-5.052450E-8
1.431000E+3	4.461050E-7	-5.238710E-8
1.432200E+3	4.379560E-7	-4.540220E-8
1.437400E+3	4.577470E-7	-4.796330E-8
1.439300E+3	3.909240E-7	3.562330E-8
1.444100E+3	4.644990E-7	-4.377240E-8
1.445600E+3	4.221240E-7	-6.286460E-9
1.447900E+3	3.716000E-7	5.215430E-8
1.452300E+3	4.235210E-7	-1.164160E-8
1.454500E+3	4.258490E-7	-1.839370E-8
1.457400E+3	4.279450E-7	-3.306220E-8
1.461100E+3	3.434270E-7	2.840550E-8
1.463500E+3	3.622860E-7	1.303860E-8
1.466800E+3	3.406330E-7	4.097840E-8
1.469600E+3	3.168840E-7	6.146770E-8
1.472400E+3	3.445910E-7	3.655460E-8
1.475700E+3	3.553010E-7	3.958150E-9
1.478600E+3	3.657790E-7	-3.236370E-8
1.482200E+3	3.636830E-7	-3.748600E-8
1.485600E+3	3.185140E-7	1.769520E-8
1.487900E+3	3.615880E-7	-1.816090E-8
1.492500E+3	3.089680E-7	5.913920E-8
1.494800E+3	3.119950E-7	5.099010E-8
1.498800E+3	2.959300E-7	3.050100E-8
1.501600E+3	3.338810E-7	-2.002350E-8
1.502600E+3	2.738110E-7	3.026820E-8
1.508000E+3	2.626350E-7	4.982600E-8
1.508800E+3	3.275950E-7	0.000000E+0
1.514600E+3	3.380720E-7	-1.885940E-8
1.515600E+3	2.719480E-7	4.610070E-8
1.517600E+3	3.105980E-7	2.328320E-10
1.522300E+3	2.484320E-7	4.260820E-8
1.523500E+3	2.819600E-7	4.889470E-9
1.528800E+3	2.412140E-7	3.748600E-8
1.530300E+3	2.128080E-7	4.982600E-8
1.533400E+3	1.981400E-7	3.702030E-8
1.536700E+3	1.755550E-7	3.399350E-8
1.539900E+3	2.386530E-7	-3.306220E-8
1.543000E+3	2.386530E-7	-4.633350E-8
1.546400E+3	2.221210E-7	-3.096670E-8
1.549800E+3	2.265450E-7	-3.492480E-8
1.552800E+3	1.436570E-7	5.727660E-8
1.554900E+3	1.722960E-7	2.398170E-8
1.559200E+3	1.641470E-7	1.816090E-8
1.560700E+3	1.343440E-7	4.121130E-8
1.565100E+3	3.245680E-7	6.309760E-8
1.566100E+3	2.551840E-7	1.110610E-7
1.571000E+3	1.981400E-7	9.243420E-8
1.571700E+3	1.587910E-7	9.895350E-8
1.576500E+3	1.909220E-7	2.724130E-8
1.577500E+3	2.055900E-7	9.313300E-10
1.580600E+3	1.213060E-7	6.798700E-8
1.585700E+3	1.308520E-7	4.912750E-8
1.587000E+3	1.816090E-7	-3.958150E-9
1.592000E+3	1.215390E-7	2.095490E-8
1.593500E+3	1.518060E-7	-2.584430E-8
1.598500E+3	1.029120E-7	-5.355130E-9
1.600200E+3	1.513410E-7	-4.633350E-8
1.603200E+3	8.824330E-8	1.839370E-8
1.606500E+3	9.941910E-8	2.002350E-8
1.609100E+3	1.073350E-7	-6.053630E-9
1.612600E+3	6.170060E-8	4.563500E-8
1.615800E+3	5.168860E-8	3.119950E-8
1.618800E+3	1.117590E-7	-4.330670E-8
1.621900E+3	7.986140E-8	-1.350420E-8
1.625400E+3	1.031440E-7	-4.842900E-8
1.626500E+3	5.494830E-8	7.683470E-9
1.631400E+3	6.961680E-8	-3.236370E-8
1.632700E+3	2.584430E-8	2.398170E-8
1.637500E+3	7.846440E-8	-4.540220E-8
1.638400E+3	6.519290E-9	2.374880E-8
1.643500E+3	-9.778940E-9	2.817260E-8
1.644200E+3	2.328320E-8	-9.778940E-9
1.649300E+3	2.328320E-8	-1.071030E-8
1.650900E+3	-1.536690E-8	3.608900E-8
1.656200E+3	5.192150E-8	-3.585610E-8
1.657200E+3	-1.699680E-8	2.514580E-8
1.659800E+3	-5.355130E-9	-1.396990E-9
1.664000E+3	-8.149130E-9	-2.793980E-9
1.666800E+3	5.145580E-8	-6.402890E-8
1.670200E+3	-2.607710E-8	-7.683470E-9
1.673400E+3	-1.164160E-9	-4.633350E-8
1.676200E+3	-8.544930E-8	2.793980E-8
1.678900E+3	-2.258470E-8	-2.235190E-8
1.682800E+3	-7.450630E-8	2.677560E-8
1.685700E+3	-1.955790E-8	-2.980250E-8
1.687600E+3	-1.396990E-9	-4.936030E-8
1.691800E+3	1.862660E-9	-8.614780E-8
1.694600E+3	-9.383120E-8	-7.217780E-9
1.698000E+3	-1.559980E-8	-7.567040E-8
1.700200E+3	-3.306220E-8	-5.075730E-8
1.704300E+3	-8.684630E-8	1.303860E-8
1.706900E+3	-2.118770E-8	-5.611240E-8
1.707700E+3	-8.218970E-8	-3.026810E-9
1.712700E+3	-8.894180E-8	-9.546110E-9
1.713500E+3	-1.182780E-7	8.614790E-9
1.719200E+3	-7.916290E-8	-1.350420E-8
1.720100E+3	-1.080340E-7	1.839370E-8
1.725100E+3	-1.043090E-7	1.024460E-8
1.725800E+3	-7.497190E-8	-2.305030E-8
1.730700E+3	-1.015150E-7	-4.889470E-9
1.731700E+3	-1.385350E-7	3.515770E-8
1.734900E+3	-8.218970E-8	-1.094310E-8
1.738500E+3	-1.594900E-7	3.771880E-8
1.741200E+3	-1.192100E-7	4.656650E-10
1.745700E+3	-1.480810E-7	9.313280E-9
1.747300E+3	-8.894180E-8	-5.471540E-8
1.750500E+3	-9.010590E-8	-6.798700E-8
1.753900E+3	-1.010490E-7	-8.288820E-8
1.757000E+3	-1.448220E-7	-4.377240E-8
1.760600E+3	-1.932500E-7	1.932510E-8
1.763300E+3	-1.669400E-7	1.396990E-9
1.766500E+3	-1.129230E-7	-6.519300E-8
1.767400E+3	-1.813760E-7	-2.328320E-10
1.773100E+3	-1.015150E-7	-5.471540E-8
1.774300E+3	-1.653110E-7	2.793980E-9
1.779400E+3	-1.171140E-7	-4.167690E-8
1.781100E+3	-1.327140E-7	-2.724130E-8
1.782200E+3	-1.899910E-7	1.094310E-8
1.787800E+3	-1.452870E-7	-4.912750E-8
1.788400E+3	-2.209570E-7	2.491300E-8
1.793500E+3	-2.142050E-7	1.746240E-8
1.794500E+3	-1.373710E-7	-5.355130E-8
1.797500E+3	-1.320160E-7	-5.075730E-8
1.801800E+3	-1.492450E-7	-3.608900E-8
1.804100E+3	-2.062890E-7	8.847620E-9
1.807200E+3	-2.018650E-7	-1.396990E-9
1.810700E+3	-2.319000E-7	9.778940E-9
1.813200E+3	-2.188620E-7	-1.839370E-8
1.816400E+3	-1.960440E-7	-4.749770E-8
1.820200E+3	-2.353930E-7	-2.770700E-8
1.822900E+3	-2.393520E-7	-1.979070E-8
1.826000E+3	-1.695020E-7	-8.870890E-8
1.827300E+3	-2.176980E-7	-4.586790E-8
1.832100E+3	-1.681050E-7	-5.052450E-8
1.832100E+3	-1.681050E-7	-5.052450E-8
1.838200E+3	-1.925520E-7	-3.003540E-8
1.841300E+3	-1.946470E-7	-4.889470E-9
1.843200E+3	-2.307360E-7	3.539050E-8
1.847500E+3	-2.537870E-7	3.934860E-8
1.850200E+3	-2.493630E-7	2.700850E-8
1.851600E+3	-2.684560E-7	5.471540E-8
1.856700E+3	-2.102470E-7	-1.396990E-9
1.858700E+3	-2.605390E-7	3.818450E-8
1.863500E+3	-2.181630E-7	-8.381960E-9
1.864400E+3	-2.749750E-7	2.863830E-8
1.866700E+3	-2.656620E-7	1.117590E-8
1.872300E+3	-2.740430E-7	6.984950E-9
1.873000E+3	-2.954640E-7	2.631000E-8
1.875600E+3	-2.856850E-7	1.583260E-8
1.878800E+3	-3.173500E-7	4.586790E-8
1.882200E+3	-2.793990E-7	6.752120E-9
1.885400E+3	-2.458710E-7	-1.303860E-8
1.887900E+3	-2.966280E-7	3.911580E-8
1.891700E+3	-2.009340E-7	-4.447090E-8
1.895200E+3	-2.419130E-7	-1.583260E-8
1.897600E+3	-2.700850E-7	5.587960E-9
1.899300E+3	-2.647300E-7	-1.187440E-8
1.904000E+3	-2.186290E-7	-7.054810E-8
1.907300E+3	-2.372550E-7	-4.889470E-8
1.910800E+3	-2.686880E-7	-4.423810E-9
1.913800E+3	-2.270110E-7	-2.607710E-8
1.914700E+3	-2.551840E-7	-4.889470E-9
1.920200E+3	-2.179300E-7	-5.262000E-8
1.922900E+3	-2.263120E-7	-2.887110E-8
1.923700E+3	-2.391190E-7	-2.700850E-8
1.928800E+3	-2.610050E-7	6.286460E-9
1.930700E+3	-3.026820E-7	4.819620E-8
1.935600E+3	-2.998880E-7	4.819620E-8
1.936500E+3	-3.115290E-7	3.352780E-8
1.938900E+3	-2.840550E-7	-1.396990E-8
1.943400E+3	-3.147890E-7	2.654280E-8
1.945000E+3	-2.477340E-7	-3.492480E-8
1.948100E+3	-3.003530E-7	1.327140E-8
1.951900E+3	-2.940670E-7	1.862660E-8
1.954700E+3	-2.393520E-7	-3.888290E-8
1.957900E+3	-3.229380E-7	2.631000E-8
1.961200E+3	-2.558830E-7	-4.447090E-8
1.964100E+3	-2.966280E-7	-7.683470E-9
1.965900E+3	-3.313200E-7	2.235190E-8
1.970200E+3	-3.059410E-7	-6.519290E-9
1.972700E+3	-3.122280E-7	2.398170E-8
1.976900E+3	-2.733450E-7	-3.632180E-8
1.979200E+3	-2.775360E-7	-2.561150E-8
1.981200E+3	-3.296900E-7	3.282930E-8
1.986200E+3	-2.637990E-7	-2.281750E-8
1.987100E+3	-3.075710E-7	3.678750E-8
1.992600E+3	-2.430770E-7	-2.142050E-8
1.993800E+3	-3.147890E-7	3.282930E-8
1.995300E+3	-2.384200E-7	-3.934860E-8
2.000600E+3	-3.045440E-7	4.516940E-8
2.001600E+3	-2.600740E-7	-4.656650E-10
2.007200E+3	-2.644970E-7	-2.444730E-8
2.008100E+3	-3.182810E-7	2.770700E-8
2.010600E+3	-2.672910E-7	-6.984950E-9
2.015900E+3	-3.243350E-7	3.911580E-8
2.017300E+3	-2.819600E-7	-1.699680E-8
2.020600E+3	-2.991890E-7	-1.187440E-8
2.024000E+3	-3.373730E-7	1.536690E-8
2.027000E+3	-2.654290E-7	-4.936030E-8
2.028900E+3	-3.350450E-7	2.305030E-8
2.033200E+3	-2.833570E-7	-2.235190E-8
2.036100E+3	-2.556500E-7	-5.285280E-8
2.038100E+3	-3.350450E-7	3.818450E-8
2.042000E+3	-3.301560E-7	3.655460E-8
2.045100E+3	-2.803300E-7	-1.024460E-8
2.046800E+3	-2.791660E-7	-6.752120E-9
2.052000E+3	-2.607720E-7	-2.910390E-8
2.053500E+3	-2.733450E-7	-2.817260E-8
2.055300E+3	-2.568140E-7	-5.075730E-8
2.057800E+3	-3.026820E-7	-9.313280E-9
2.063800E+3	-2.586770E-7	-4.703200E-8
2.065300E+3	-3.299230E-7	1.606540E-8
2.070200E+3	-3.129260E-7	6.286460E-9
2.071200E+3	-3.429610E-7	4.214260E-8
2.073900E+3	-2.686880E-7	-3.189800E-8
2.078800E+3	-3.101320E-7	4.982600E-8
2.080600E+3	-2.903420E-7	-6.519290E-9
2.082800E+3	-2.936010E-7	-3.818450E-8
2.085500E+3	-3.688060E-7	2.095490E-8
2.089500E+3	-3.101320E-7	-2.258470E-8
2.092600E+3	-2.870820E-7	-2.002350E-8
2.095700E+3	-3.450570E-7	4.330670E-8
2.098900E+3	-3.343470E-7	3.282930E-8
2.102300E+3	-3.140900E-7	-8.149130E-9
2.105500E+3	-2.810280E-7	-5.192150E-8
2.107200E+3	-3.138580E-7	-3.702030E-8
2.111700E+3	-2.863840E-7	-6.728850E-8
2.114900E+3	-2.798640E-7	-7.450630E-8
2.115700E+3	-3.513430E-7	-4.889470E-9
2.121600E+3	-3.168840E-7	-1.816090E-8
2.122700E+3	-3.543700E-7	1.839370E-8
2.124800E+3	-3.548360E-7	2.514580E-8
2.129600E+3	-3.227050E-7	2.048920E-8
2.131400E+3	-3.268960E-7	3.236370E-8
2.134100E+3	-2.607720E-7	-4.633350E-8
2.137200E+3	-2.633330E-7	-4.237540E-8
2.141100E+3	-3.404000E-7	3.119950E-8
2.143500E+3	-3.168840E-7	-6.286460E-9
2.146600E+3	-3.187470E-7	2.095490E-9
2.149800E+3	-3.119950E-7	-3.841730E-8
2.153000E+3	-3.781190E-7	1.979070E-8
2.156300E+3	-3.497130E-7	9.778940E-9
2.159400E+3	-2.787000E-7	-3.934860E-8
2.161300E+3	-3.168840E-7	1.699680E-8
2.166200E+3	-2.703180E-7	-2.468020E-8
2.168800E+3	-2.470350E-7	-3.818450E-8
2.169600E+3	-2.940670E-7	-1.699680E-8
2.172500E+3	-3.089680E-7	-3.958150E-9
2.177900E+3	-2.996550E-7	-2.956960E-8
2.179500E+3	-2.665930E-7	-6.239910E-8
2.184900E+3	-3.331820E-7	2.165340E-8
2.187400E+3	-2.679900E-7	-3.911580E-8
2.188200E+3	-3.355110E-7	2.398170E-8
2.191000E+3	-3.164190E-7	-6.984950E-10
2.196300E+3	-3.471520E-7	1.979070E-8
2.197300E+3	-3.085020E-7	-2.817260E-8
2.202900E+3	-3.653130E-7	3.213090E-8
2.204800E+3	-3.231710E-7	6.752120E-9
2.206900E+3	-2.982580E-7	-2.374880E-8
2.210000E+3	-2.833570E-7	-2.048920E-8
2.212900E+3	-3.180480E-7	3.236370E-8
2.215900E+3	-3.073380E-7	1.746240E-8
2.219500E+3	-2.787000E-7	1.816090E-8
2.222300E+3	-3.050100E-7	4.773050E-8
2.225300E+3	-2.717150E-7	-6.984950E-10
2.227800E+3	-2.894100E-7	5.820790E-9
2.231900E+3	-2.982580E-7	-1.559980E-8
2.235100E+3	-3.345790E-7	3.865010E-8
2.237600E+3	-2.642650E-7	-2.537870E-8
2.239500E+3	-3.157200E-7	2.793980E-8
2.244600E+3	-2.447070E-7	-5.331840E-8
2.247600E+3	-2.451720E-7	-6.938400E-8
2.248800E+3	-3.250330E-7	1.862660E-9
2.250700E+3	-2.963950E-7	-1.210730E-8
2.257000E+3	-2.991890E-7	-1.420270E-8
2.258200E+3	-2.875480E-7	-1.303860E-8
2.263000E+3	-2.663600E-7	-2.235190E-8
2.264300E+3	-3.250330E-7	3.655460E-8
2.265500E+3	-2.663600E-7	-1.885940E-8
2.271800E+3	-2.868490E-7	-8.847620E-9
2.272600E+3	-2.768370E-7	-1.816090E-8
2.275100E+3	-2.747420E-7	-2.770700E-8
2.279300E+3	-2.970940E-7	-4.190980E-9
2.281100E+3	-2.672910E-7	-3.702030E-8
2.285200E+3	-2.982580E-7	-2.095490E-9
2.287600E+3	-2.968610E-7	-2.654280E-8
2.291200E+3	-2.633330E-7	-4.493650E-8
2.293800E+3	-2.831240E-7	-2.584430E-8
2.297000E+3	-2.963950E-7	-2.165340E-8
2.300100E+3	-2.577450E-7	-5.587960E-8
2.303300E+3	-3.061740E-7	-1.396990E-8
2.305900E+3	-2.416800E-7	-6.682280E-8
2.309100E+3	-2.516920E-7	-4.516940E-8
2.312500E+3	-2.868490E-7	7.450640E-9
2.315600E+3	-2.225870E-7	-4.167690E-8
2.316800E+3	-2.561160E-7	-1.164160E-8
2.322000E+3	-2.745090E-7	-1.909220E-8
2.323800E+3	-3.115290E-7	-7.217780E-9
2.325100E+3	-2.910400E-7	-2.654280E-8
2.328200E+3	-3.336480E-7	8.149130E-9
2.333400E+3	-3.313200E-7	2.142050E-8
2.335400E+3	-3.241020E-7	3.608900E-8
2.337800E+3	-2.994220E-7	2.863830E-8
2.342300E+3	-2.868490E-7	3.608900E-8
2.343800E+3	-2.617030E-7	1.047740E-8
2.346800E+3	-2.211900E-7	-3.655460E-8
2.351900E+3	-3.273620E-7	2.165340E-8
2.353400E+3	-3.180480E-7	-6.984950E-10
2.356400E+3	-2.658940E-7	-4.726480E-8
2.358900E+3	-3.331820E-7	2.328320E-8
2.362500E+3	-2.481990E-7	-6.798700E-8
2.365600E+3	-2.770700E-7	-2.793980E-8
2.368700E+3	-3.108310E-7	9.313280E-9
2.371800E+3	-3.015180E-7	1.094310E-8
2.375400E+3	-3.201440E-7	5.401690E-8
2.378500E+3	-2.586770E-7	-1.396990E-9
2.379800E+3	-2.961620E-7	3.166520E-8
2.384700E+3	-3.138580E-7	4.214260E-8
2.387500E+3	-2.475010E-7	-1.746240E-8
2.388500E+3	-3.131590E-7	5.448260E-8
2.393700E+3	-2.656620E-7	-2.072200E-8
2.396000E+3	-3.159530E-7	-6.519290E-9
2.397100E+3	-3.254990E-7	-1.303860E-8
2.402800E+3	-2.887120E-7	-1.303860E-8
2.403500E+3	-3.266630E-7	-1.466840E-8
2.408400E+3	-3.261980E-7	-8.847620E-9
2.410300E+3	-3.301560E-7	1.699680E-8
2.412200E+3	-2.752080E-7	-2.933680E-8
2.415800E+3	-2.644970E-7	-4.610070E-8
2.419200E+3	-2.610050E-7	-3.888290E-8
2.422100E+3	-2.693870E-7	-2.887110E-8
2.425200E+3	-2.693870E-7	-2.887110E-8
2.428000E+3	-2.481990E-7	-5.657810E-8
2.431200E+3	-2.959300E-7	3.492470E-9
2.434600E+3	-2.745090E-7	-1.466840E-8
2.437100E+3	-2.339960E-7	-1.932510E-8
2.440300E+3	-2.519250E-7	3.492470E-9
2.441400E+3	-2.223540E-7	-3.050100E-8
2.446800E+3	-2.502950E-7	-6.519290E-9
2.449000E+3	-2.314350E-7	-2.700850E-8
2.452700E+3	-3.092010E-7	4.912750E-8
2.455700E+3	-2.761390E-7	6.286460E-9
2.456800E+3	-3.180480E-7	4.470370E-8
2.462000E+3	-2.910400E-7	1.047740E-8
2.463900E+3	-3.206100E-7	3.073390E-8
2.465500E+3	-2.540200E-7	-3.469200E-8
2.471000E+3	-2.607720E-7	-3.003540E-8
2.471900E+3	-2.961620E-7	1.257290E-8
2.477300E+3	-2.360910E-7	-4.284110E-8
2.478500E+3	-2.277090E-7	-4.889470E-8
2.481600E+3	-2.901090E-7	1.187440E-8
2.485100E+3	-2.903420E-7	1.490130E-8
2.487700E+3	-2.523900E-7	-2.072200E-8
2.490900E+3	-2.176980E-7	-4.516940E-8
2.494000E+3	-2.721810E-7	2.072200E-8
2.496600E+3	-2.123420E-7	-4.516940E-8
2.499800E+3	-2.803300E-7	2.072200E-8
2.502900E+3	-2.107130E-7	-5.378410E-8
2.506000E+3	-2.540200E-7	-3.306220E-8
2.509600E+3	-2.868490E-7	-1.350420E-8
2.512900E+3	-2.651960E-7	-2.793980E-8
2.514200E+3	-2.260790E-7	-4.470370E-8
2.518700E+3	-2.223540E-7	-3.469200E-8
2.520900E+3	-2.516920E-7	1.164160E-9
2.522900E+3	-3.008190E-7	3.958140E-8
2.527700E+3	-2.100140E-7	-3.702030E-8
2.529600E+3	-2.500620E-7	3.026810E-9
2.530800E+3	-2.158350E-7	-2.910390E-8
2.536400E+3	-2.619360E-7	6.984950E-9
2.537200E+3	-2.512260E-7	-1.653110E-8
2.543000E+3	-2.838220E-7	1.047740E-8
2.544900E+3	-2.218890E-7	-5.099010E-8
2.546600E+3	-2.572800E-7	-6.519290E-9
2.550600E+3	-2.481990E-7	-2.700850E-8
2.553000E+3	-2.910400E-7	3.306220E-8
2.556100E+3	-2.253810E-7	-2.235190E-8
2.559800E+3	-2.619360E-7	8.614790E-9
2.562400E+3	-2.265450E-7	-4.819620E-8
2.565700E+3	-2.244500E-7	-5.657810E-8
2.568500E+3	-2.423790E-7	-2.956960E-8
2.571600E+3	-2.633330E-7	1.047740E-8
2.575500E+3	-2.409820E-7	-1.862660E-8
2.578500E+3	-2.265450E-7	-3.748600E-8
2.581300E+3	-2.556500E-7	-2.607710E-8
2.582400E+3	-2.675240E-7	-3.608900E-8
2.588300E+3	-2.617030E-7	-7.101380E-8
2.590300E+3	-2.619360E-7	-6.728850E-8
2.592300E+3	-3.096670E-7	-4.190980E-9
2.597500E+3	-2.728790E-7	2.328320E-8
2.599500E+3	-2.300380E-7	-6.519290E-9
2.604200E+3	-2.563480E-7	4.493650E-8
2.606700E+3	-2.186290E-7	1.862660E-9
2.607600E+3	-2.160680E-7	-3.771880E-8
2.613500E+3	-2.898760E-7	1.001180E-8
2.615200E+3	-2.570470E-7	-2.817260E-8
2.617300E+3	-2.614710E-7	-6.519290E-9
2.622200E+3	-2.156020E-7	-4.004710E-8
2.623500E+3	-2.535540E-7	2.328320E-9
2.626700E+3	-1.832390E-7	-6.542590E-8
2.629800E+3	-2.090830E-7	-5.518110E-8
2.633000E+3	-2.400500E-7	-1.513410E-8
2.637200E+3	-2.805630E-7	3.143240E-8
2.639300E+3	-2.624020E-7	4.423810E-9
2.642300E+3	-2.258470E-7	-3.422630E-8
2.645800E+3	-2.402830E-7	-8.847620E-9
2.648400E+3	-2.814940E-7	4.027990E-8
2.652000E+3	-1.988380E-7	-3.282930E-8
2.655000E+3	-1.937160E-7	-3.213090E-8
2.658300E+3	-1.895250E-7	-4.237540E-8
2.660900E+3	-2.640320E-7	3.445920E-8
2.664700E+3	-2.135070E-7	-2.281750E-8
2.666800E+3	-1.937160E-7	-2.700850E-8
2.668800E+3	-2.582110E-7	2.700850E-8
2.673500E+3	-1.871970E-7	-5.657810E-8
2.675600E+3	-2.381870E-7	-3.539050E-8
2.676900E+3	-2.486650E-7	-1.583260E-8
2.681900E+3	-2.279420E-7	-4.167690E-8
2.683300E+3	-2.747420E-7	-4.190980E-9
2.688700E+3	-2.183960E-7	-4.889470E-8
2.689600E+3	-2.763720E-7	8.149130E-9
2.692500E+3	-2.491310E-7	-4.656640E-9
2.696400E+3	-2.449400E-7	-1.862660E-9
2.698900E+3	-2.689210E-7	-6.984950E-9
2.703600E+3	-2.798640E-7	2.607710E-8
2.705000E+3	-2.856850E-7	4.353960E-8
2.708200E+3	-2.780020E-7	3.352780E-8
2.711600E+3	-2.705510E-7	3.003540E-8
2.714600E+3	-2.200260E-7	-2.118770E-8
2.717600E+3	-2.258470E-7	-3.189800E-8
2.721000E+3	-2.069870E-7	-5.238710E-8
2.724100E+3	-2.239840E-7	-4.237540E-8
2.727000E+3	-2.793990E-7	2.724130E-8
2.730400E+3	-2.644970E-7	3.492470E-9
2.733100E+3	-2.279420E-7	-1.350420E-8
2.734000E+3	-2.218890E-7	-2.887110E-8
2.739800E+3	-1.913880E-7	-3.562330E-8
2.740800E+3	-2.463370E-7	9.778940E-9
2.745800E+3	-2.605390E-7	1.583260E-8
2.746600E+3	-2.675240E-7	1.769520E-8
2.751700E+3	-2.598410E-7	2.281750E-8
2.752700E+3	-1.813760E-7	-5.052450E-8
2.757400E+3	-2.207240E-7	1.350420E-8
2.758500E+3	-2.149040E-7	1.466840E-8
2.763000E+3	-1.802120E-7	-1.722960E-8
2.765100E+3	-2.200260E-7	2.561150E-8
2.767900E+3	-1.902240E-7	-6.984950E-9
2.772100E+3	-2.475010E-7	2.724130E-8
2.774100E+3	-1.983730E-7	-1.606540E-8
2.777900E+3	-2.346940E-7	2.514580E-8
2.780600E+3	-1.869640E-7	-2.305030E-8
2.783900E+3	-2.230530E-7	2.002350E-8
2.787000E+3	-1.932500E-7	-6.519290E-9
2.790100E+3	-2.274760E-7	2.025640E-8
2.793400E+3	-1.783490E-7	-2.537870E-8
2.796600E+3	-2.020980E-7	-1.513410E-8
2.799500E+3	-2.481990E-7	3.259650E-8
2.803100E+3	-2.067550E-7	-2.002350E-8
2.805900E+3	-1.974410E-7	-3.469200E-8
2.806600E+3	-2.076860E-7	-3.539050E-8
2.812400E+3	-1.832390E-7	-6.146770E-8
2.813500E+3	-1.678720E-7	-6.938400E-8
2.818400E+3	-1.564630E-7	-6.961680E-8
2.820100E+3	-2.027960E-7	-2.514580E-8
2.824500E+3	-1.825400E-7	-3.469200E-8
2.825600E+3	-2.186290E-7	1.094310E-8
2.830400E+3	-2.346940E-7	2.514580E-8
2.831200E+3	-2.305030E-7	1.979070E-8
2.836200E+3	-1.715970E-7	-4.703200E-8
2.837100E+3	-1.951130E-7	-3.934860E-8
2.839800E+3	-2.263120E-7	3.259640E-9
2.844200E+3	-2.463370E-7	3.026820E-8
2.846500E+3	-1.976740E-7	-2.025640E-8
2.850100E+3	-2.472680E-7	3.795160E-8
2.852800E+3	-1.885940E-7	-2.793980E-9
2.856200E+3	-1.729940E-7	-3.841730E-8
2.859700E+3	-2.076860E-7	-1.862660E-9
2.861700E+3	-1.827730E-7	-2.817260E-8
2.865900E+3	-1.664750E-7	-2.537870E-8
2.868600E+3	-2.200260E-7	5.192150E-8
2.871400E+3	-1.997700E-7	2.887110E-8
2.873400E+3	-2.011670E-7	1.583260E-8
2.877600E+3	-1.783490E-7	-4.214260E-8
2.878900E+3	-2.242170E-7	3.958150E-9
2.883500E+3	-2.330640E-7	2.677560E-8
2.884600E+3	-1.913880E-7	-8.614790E-9
2.889400E+3	-2.381870E-7	3.166520E-8
2.890200E+3	-1.746240E-7	-3.445920E-8
2.896100E+3	-1.729940E-7	-3.492480E-8
2.896900E+3	-2.437760E-7	2.724130E-8
2.902000E+3	-2.512260E-7	2.398170E-8
2.903200E+3	-2.344610E-7	1.979070E-8
2.907900E+3	-2.065220E-7	-6.519290E-9
2.909400E+3	-2.447070E-7	2.980250E-8
2.912500E+3	-2.074530E-7	-4.656640E-9
2.914800E+3	-1.713640E-7	-3.748600E-8
2.918800E+3	-1.713640E-7	-2.631000E-8
2.921800E+3	-1.548330E-7	-2.537870E-8
2.925000E+3	-2.186290E-7	5.657810E-8
2.928300E+3	-1.632150E-7	2.095490E-9
2.931200E+3	-2.384200E-7	4.144410E-8
2.934200E+3	-1.937160E-7	-1.746240E-8
2.937500E+3	-2.076860E-7	-2.118770E-8
2.940400E+3	-1.785820E-7	-4.749770E-8
2.942000E+3	-2.111780E-7	-1.629830E-8
2.946300E+3	-1.913880E-7	-3.399350E-8
2.947500E+3	-2.300380E-7	1.583260E-8
2.952400E+3	-1.536690E-7	-5.704370E-8
2.953400E+3	-2.146710E-7	3.958150E-9
2.959100E+3	-1.895250E-7	-2.118770E-8
2.960500E+3	-1.571620E-7	-5.378410E-8
2.962500E+3	-1.937160E-7	-2.537870E-8
2.967600E+3	-2.130410E-7	-1.420270E-8
2.968700E+3	-1.804450E-7	-5.774220E-8
2.973600E+3	-2.463370E-7	2.235190E-8
2.975000E+3	-2.188620E-7	5.355130E-9
2.980000E+3	-2.353930E-7	3.259640E-9
2.981500E+3	-2.107130E-7	-1.769520E-8
2.985300E+3	-2.605390E-7	6.239910E-8
2.987500E+3	-2.370230E-7	4.004710E-8
2.990300E+3	-1.769520E-7	-1.699680E-8
2.993300E+3	-1.899910E-7	-1.955790E-8
2.996400E+3	-2.288730E-7	6.519290E-9
2.999900E+3	-1.995370E-7	-2.072200E-8
3.003600E+3	-1.632150E-7	-5.262000E-8
3.005500E+3	-1.864980E-7	-3.865010E-8
3.010000E+3	-1.636810E-7	-5.937200E-8
3.011500E+3	-1.995370E-7	-8.614790E-9
3.016300E+3	-2.076860E-7	7.683470E-9
3.018700E+3	-1.918530E-7	1.396990E-8
3.023000E+3	-1.613530E-7	-3.492470E-9
3.024700E+3	-2.135070E-7	3.096670E-8
3.029400E+3	-1.490130E-7	-4.121130E-8
3.030600E+3	-2.111780E-7	5.820790E-9
3.032800E+3	-1.678720E-7	-4.027990E-8
3.037700E+3	-2.083840E-7	3.096670E-8
3.038800E+3	-2.079190E-7	4.167690E-8
3.043800E+3	-1.925520E-7	5.797510E-8
3.045000E+3	-1.678720E-7	2.700850E-8
3.049800E+3	-2.025640E-7	3.562330E-8
3.050700E+3	-1.462190E-7	-2.747410E-8
3.054400E+3	-1.359740E-7	-3.422630E-8
3.057700E+3	-2.151360E-7	2.584430E-8
3.060900E+3	-1.848680E-7	-1.164160E-9
3.064500E+3	-1.869640E-7	1.653110E-8
3.067200E+3	-1.669400E-7	4.656650E-10
3.070300E+3	-1.285230E-7	-4.051280E-8
3.073700E+3	-2.027960E-7	3.282930E-8
3.076600E+3	-2.132740E-7	3.632180E-8
3.077500E+3	-1.639140E-7	-2.584430E-8
3.083100E+3	-2.246820E-7	-1.862660E-9
3.084300E+3	-2.309690E-7	-7.683470E-9
3.089000E+3	-1.748570E-7	-4.470370E-8
3.089900E+3	-2.053580E-7	6.752120E-9
3.095400E+3	-1.485470E-7	-3.865010E-8
3.097000E+3	-2.183960E-7	4.749770E-8
3.099000E+3	-1.974410E-7	3.306220E-8
3.103600E+3	-1.888270E-7	3.492470E-9
3.105600E+3	-2.293390E-7	3.585610E-8
3.110400E+3	-2.204920E-7	1.792810E-8
3.111400E+3	-2.528560E-7	4.586790E-8
3.115900E+3	-1.697340E-7	-6.984950E-9
3.117300E+3	-1.548330E-7	-1.932510E-8
3.121500E+3	-1.948800E-7	5.890640E-8
3.123600E+3	-1.832390E-7	5.029160E-8
3.126100E+3	-1.948800E-7	4.796330E-8
3.129700E+3	-2.081520E-7	4.563500E-8
3.132900E+3	-1.390010E-7	-4.656640E-9
3.136300E+3	-1.706660E-7	2.770700E-8
3.139300E+3	-1.308520E-7	-2.211900E-8
3.142600E+3	-1.913880E-7	1.234010E-8
3.145400E+3	-1.343440E-7	-3.585610E-8
3.148500E+3	-1.748570E-7	-1.164160E-9
3.151600E+3	-2.109450E-7	3.725310E-8
3.154900E+3	-1.799790E-7	-8.614790E-9
3.157500E+3	-1.871970E-7	-9.546110E-9
3.158400E+3	-2.176980E-7	1.769520E-8
3.164200E+3	-1.455200E-7	-3.469200E-8
3.165300E+3	-1.699670E-7	-1.466840E-8
3.171200E+3	-1.618180E-7	-5.587960E-9
3.172200E+3	-1.683370E-7	1.047740E-8
3.174500E+3	-1.876620E-7	3.748600E-8
3.179100E+3	-1.497110E-7	-1.117590E-8
3.181000E+3	-1.995370E-7	4.051280E-8
3.183600E+3	-1.317830E-7	-1.885940E-8
3.187800E+3	-1.615850E-7	1.932510E-8
3.189600E+3	-1.245650E-7	-2.072200E-8
3.194600E+3	-1.902240E-7	4.237540E-8
3.195700E+3	-1.813760E-7	3.585610E-8
3.198900E+3	-1.825400E-7	3.166520E-8
3.201900E+3	-1.243320E-7	-3.608900E-8
3.206100E+3	-1.825400E-7	1.676390E-8
3.208200E+3	-1.804450E-7	2.421450E-8
3.211600E+3	-1.788150E-7	5.215430E-8
3.214900E+3	-1.355080E-7	3.003540E-8
3.218000E+3	-1.203740E-7	1.536690E-8
3.219500E+3	-1.490130E-7	2.584430E-8
3.224400E+3	-1.252640E-7	-2.211900E-8
3.226800E+3	-1.618180E-7	-1.396990E-9
3.230800E+3	-1.594900E-7	-4.703200E-8
3.232500E+3	-1.816090E-7	-3.143240E-8
3.237100E+3	-1.825400E-7	-4.121130E-8
3.238500E+3	-2.074530E-7	-7.450640E-9
3.243500E+3	-1.480810E-7	-4.400520E-8
3.244500E+3	-2.065220E-7	1.513410E-8
3.249500E+3	-1.927850E-7	3.399350E-8
3.250400E+3	-1.566960E-7	1.164160E-9
3.255000E+3	-1.953460E-7	2.281750E-8
3.256100E+3	-1.483140E-7	-2.584430E-8
3.259300E+3	-1.939490E-7	2.607710E-8
3.262600E+3	-1.909220E-7	3.748600E-8
3.265100E+3	-1.704330E-7	3.026820E-8
3.269300E+3	-1.760210E-7	2.211900E-8
3.271200E+3	-1.944140E-7	3.608900E-8
3.274400E+3	-1.310850E-7	-3.771880E-8
3.276500E+3	-1.683370E-7	-9.546110E-9
3.281400E+3	-1.520390E-7	-2.561150E-8
3.283200E+3	-1.471500E-7	-2.444730E-8
3.287800E+3	-1.776510E-7	6.286460E-9
3.290400E+3	-1.601880E-7	-4.190980E-9
3.291300E+3	-1.261950E-7	-3.399350E-8
3.297000E+3	-1.359740E-7	-5.820790E-9
3.298100E+3	-1.396990E-7	-1.257290E-8
3.303300E+3	-1.003500E-7	-2.398170E-8
3.305100E+3	-1.646120E-7	3.958140E-8
3.309700E+3	-1.043090E-7	-2.095490E-8
3.310900E+3	-1.490130E-7	4.656640E-9
3.315900E+3	-2.239840E-7	1.816090E-8
3.316800E+3	-2.188620E-7	-2.561150E-9
3.321800E+3	-1.806770E-7	-4.610070E-8
3.322600E+3	-2.433100E-7	1.536690E-8
3.325500E+3	-2.204920E-7	-7.217780E-9
3.329100E+3	-2.172320E-7	1.420270E-8
3.331500E+3	-1.997700E-7	3.515770E-8
3.336000E+3	-1.729940E-7	1.536690E-8
3.337400E+3	-1.965100E-7	1.583260E-8
3.340600E+3	-1.729940E-7	-1.140880E-8
3.343600E+3	-1.320160E-7	-5.192150E-8
3.347500E+3	-1.871970E-7	-1.559980E-8
3.350100E+3	-1.613530E-7	-4.190970E-8
3.352700E+3	-1.348100E-7	-4.400520E-8
3.356400E+3	-1.899910E-7	2.351600E-8
3.359500E+3	-1.238670E-7	-2.421450E-8
3.361800E+3	-1.539020E-7	-5.820790E-9
3.365900E+3	-1.566960E-7	-3.259650E-8
3.368700E+3	-1.383020E-7	-5.052450E-8
3.369700E+3	-1.485470E-7	-2.956960E-8
3.375600E+3	-1.222370E-7	-4.377240E-8
3.376600E+3	-1.778840E-7	1.373710E-8
3.382500E+3	-9.569380E-8	-4.796330E-8
3.383800E+3	-1.303860E-7	-1.653110E-8
3.385800E+3	-1.871970E-7	2.631000E-8
3.390800E+3	-1.813760E-7	4.656640E-9
3.392000E+3	-2.265450E-7	3.376070E-8
3.396400E+3	-1.515740E-7	-6.053630E-9
3.398100E+3	-9.802220E-8	-3.422630E-8
3.402200E+3	-1.403980E-7	1.769520E-8
3.404600E+3	-1.315500E-7	1.047740E-8
3.409300E+3	-1.355080E-7	2.048920E-8
3.410600E+3	-9.988480E-8	-1.955790E-8
3.413800E+3	-1.590240E-7	2.631000E-8
3.417000E+3	-1.548330E-7	6.519290E-9
3.420000E+3	-1.150190E-7	-3.958140E-8
3.423600E+3	-1.906890E-7	3.771880E-8
3.426700E+3	-1.331800E-7	-1.792810E-8
3.429700E+3	-1.804450E-7	1.280570E-8
3.432800E+3	-1.778840E-7	1.047740E-8
3.435000E+3	-1.424930E-7	-2.281750E-8
3.439400E+3	-1.485470E-7	-1.559980E-8
3.440900E+3	-1.792810E-7	1.327140E-8
3.445700E+3	-1.178130E-7	-3.422630E-8
3.446900E+3	-1.830060E-7	3.282930E-8
3.451600E+3	-1.669400E-7	1.932510E-8
3.453200E+3	-1.895250E-7	2.910390E-8
3.458200E+3	-1.736930E-7	9.546110E-9
3.459500E+3	-1.648450E-7	8.614790E-9
3.464100E+3	-1.010490E-7	-4.889470E-8
3.465100E+3	-1.802120E-7	1.536690E-8
3.470000E+3	-1.667080E-7	1.699680E-8
3.470700E+3	-1.727610E-7	3.166520E-8
3.475800E+3	-1.457530E-7	-1.396990E-9
3.476900E+3	-1.280580E-7	-4.051280E-8
3.479900E+3	-1.145530E-7	-5.750940E-8
3.483700E+3	-1.047740E-7	-5.611240E-8
3.486300E+3	-1.012820E-7	-5.099010E-8
3.489900E+3	-1.597230E-7	1.932510E-8
3.493000E+3	-9.569380E-8	-4.516940E-8
3.497000E+3	-1.643790E-7	2.351600E-8
3.499400E+3	-1.199090E-7	-1.746240E-8
3.502100E+3	-1.648450E-7	2.561150E-8
3.505600E+3	-1.161830E-7	-4.936030E-8
3.507700E+3	-1.532030E-7	-2.118770E-8
3.510600E+3	-1.117590E-7	-4.796330E-8
3.510700E+3	-1.166490E-7	-3.702030E-8
3.509600E+3	-1.133890E-7	-3.888290E-8
3.507200E+3	-1.594900E-7	1.303860E-8
3.503000E+3	-1.068700E-7	-4.679920E-8
3.499800E+3	-1.671730E-7	-1.094310E-8
3.495900E+3	-1.301530E-7	-4.912750E-8
3.488900E+3	-1.511080E-7	-3.911580E-8
3.485000E+3	-1.338790E-7	-6.286470E-8
3.478700E+3	-1.292220E-7	-4.912750E-8
3.474600E+3	-1.369050E-7	-4.284110E-8
3.470100E+3	-1.618180E-7	-1.001180E-8
3.466900E+3	-1.846360E-7	2.561150E-8
3.466000E+3	-1.385350E-7	-3.399350E-8
3.460500E+3	-1.988380E-7	1.606540E-8
3.459600E+3	-1.546000E-7	-2.444730E-8
3.458000E+3	-1.485470E-7	-2.584430E-8
3.453700E+3	-1.643790E-7	-4.190980E-9
3.452800E+3	-1.455200E-7	-2.235190E-8
3.448800E+3	-1.858000E-7	2.840550E-8
3.447000E+3	-1.301530E-7	-6.984950E-9
3.442300E+3	-1.536690E-7	1.862660E-8
3.440600E+3	-1.715970E-7	3.422630E-8
3.438000E+3	-1.224700E-7	-1.839370E-8
3.433800E+3	-1.164160E-7	-2.933680E-8
3.431400E+3	-1.566960E-7	9.313280E-9
3.428600E+3	-1.005830E-7	-4.586790E-8
3.424800E+3	-1.238670E-7	-3.259650E-8
3.422300E+3	-1.729940E-7	2.351600E-8
3.418900E+3	-1.394660E-7	-2.700850E-8
3.416000E+3	-1.215390E-7	-5.192150E-8
3.413300E+3	-1.776510E-7	1.164160E-9
3.410300E+3	-1.473830E-7	-2.840550E-8
3.407600E+3	-1.173470E-7	-5.168860E-8
3.406800E+3	-1.380690E-7	-3.003540E-8
3.400900E+3	-1.455200E-7	-2.095490E-8
3.397900E+3	-1.690360E-7	-1.769520E-8
3.394900E+3	-1.783490E-7	2.095490E-9
3.394100E+3	-1.117590E-7	-6.100210E-8
3.389100E+3	-1.469170E-7	-2.980250E-8
3.387200E+3	-1.243320E-7	-6.705570E-8
3.382500E+3	-1.874300E-7	-3.562330E-8
3.380800E+3	-1.499440E-7	-7.287640E-8
3.378900E+3	-1.750900E-7	-4.586790E-8
3.373900E+3	-1.986050E-7	-1.234010E-8
3.372800E+3	-1.515740E-7	-5.052450E-8
3.368200E+3	-1.445890E-7	-4.051280E-8
3.366500E+3	-1.660090E-7	-1.071030E-8
3.363600E+3	-1.830060E-7	1.629830E-8
3.360500E+3	-1.427260E-7	-3.539050E-8
3.357300E+3	-1.962770E-7	1.699680E-8
3.354200E+3	-2.193270E-7	3.539050E-8
3.350900E+3	-1.783490E-7	6.984950E-9
3.347700E+3	-1.590240E-7	4.656650E-10
3.344900E+3	-1.983730E-7	2.328320E-8
3.341800E+3	-1.566960E-7	-1.816090E-8
3.338600E+3	-1.888270E-7	1.396990E-8
3.335700E+3	-1.778840E-7	4.656640E-9
3.332600E+3	-1.951130E-7	2.561150E-8
3.331500E+3	-1.438900E-7	-4.121130E-8
3.326200E+3	-1.858000E-7	-2.561150E-9
3.324800E+3	-1.203740E-7	-5.704370E-8
3.320300E+3	-1.674060E-7	5.122300E-9
3.318100E+3	-1.566960E-7	-5.122300E-9
3.317200E+3	-1.094310E-7	-5.122300E-8
3.311700E+3	-1.615850E-7	9.546110E-9
3.310900E+3	-1.040760E-7	-4.121130E-8
3.305500E+3	-1.671730E-7	2.747410E-8
3.304100E+3	-1.133890E-7	-2.584430E-8
3.302700E+3	-1.643790E-7	3.306220E-8
3.297600E+3	-1.215390E-7	-1.140880E-8
3.296000E+3	-1.227030E-7	-1.466840E-8
3.293100E+3	-1.797460E-7	3.166520E-8
3.289800E+3	-1.147860E-7	-3.003540E-8
3.286700E+3	-1.676390E-7	3.073390E-8
3.283200E+3	-1.220040E-7	-1.490130E-8
3.280600E+3	-1.417950E-7	1.536690E-8
3.278300E+3	-1.424930E-7	2.910390E-8
3.274500E+3	-1.117590E-7	-7.683470E-9
3.271400E+3	-1.757880E-7	2.631000E-8
3.268000E+3	-2.104800E-7	2.863830E-8
3.264800E+3	-1.599560E-7	-5.308560E-8
3.262200E+3	-2.174650E-7	-1.862660E-9
3.258800E+3	-1.669400E-7	-2.817260E-8
3.256400E+3	-1.247980E-7	-5.262000E-8
3.252600E+3	-1.860330E-7	-2.328320E-10
3.250800E+3	-1.895250E-7	-1.862660E-9
3.246500E+3	-1.799790E-7	-2.072200E-8
3.243800E+3	-1.450540E-7	-4.284110E-8
3.240200E+3	-2.020980E-7	3.282930E-8
3.238000E+3	-1.671730E-7	-4.656640E-9
3.233900E+3	-2.095480E-7	4.516940E-8
3.232400E+3	-1.704330E-7	1.094310E-8
3.231000E+3	-2.023310E-7	3.795160E-8
3.226700E+3	-1.466840E-7	-3.236370E-8
3.224600E+3	-1.690360E-7	-2.328320E-9
3.220100E+3	-1.390010E-7	-2.188620E-8
3.218900E+3	-1.885940E-7	1.839370E-8
3.214700E+3	-1.920860E-7	3.213090E-8
3.212500E+3	-1.755550E-7	2.514580E-8
3.209600E+3	-1.718300E-7	2.328320E-8
3.206600E+3	-1.459860E-7	3.492470E-9
3.203500E+3	-1.778840E-7	2.980250E-8
3.200300E+3	-1.685700E-7	7.217780E-9
3.197100E+3	-1.566960E-7	-8.614790E-9
3.193800E+3	-1.960440E-7	2.468020E-8
3.190900E+3	-1.653110E-7	-1.536690E-8
3.190900E+3	-1.653110E-7	-1.536690E-8
3.184400E+3	-1.983730E-7	1.583260E-8
3.183000E+3	-1.799790E-7	-7.217780E-9
3.178400E+3	-1.636810E-7	0.000000E+0
3.177400E+3	-1.925520E-7	3.934860E-8
3.172200E+3	-1.948800E-7	4.051280E-8
3.170500E+3	-1.292220E-7	-3.562330E-8
3.165800E+3	-2.062890E-7	1.327140E-8
3.164600E+3	-1.695020E-7	-1.606540E-8
3.162800E+3	-1.993040E-7	1.583260E-8
3.159100E+3	-1.578600E-7	-2.933680E-8
3.156700E+3	-2.025640E-7	1.909220E-8
3.153300E+3	-2.125750E-7	1.862660E-8
3.150600E+3	-2.086170E-7	1.420270E-8
3.146300E+3	-2.011670E-7	1.513410E-8
3.144100E+3	-1.478480E-7	-1.513410E-8
3.141000E+3	-1.848680E-7	2.747410E-8
3.138100E+3	-1.702000E-7	4.656650E-10
3.135000E+3	-1.599560E-7	-1.373710E-8
3.131600E+3	-1.508750E-7	-3.795160E-8
3.128700E+3	-1.373710E-7	-5.122300E-8
3.125400E+3	-1.962770E-7	1.629830E-8
3.122900E+3	-2.007010E-7	2.444730E-8
3.119300E+3	-1.469170E-7	-2.631000E-8
3.116600E+3	-2.013990E-7	2.118770E-8
3.115600E+3	-1.660090E-7	-2.654280E-8
3.110800E+3	-1.692690E-7	-3.329500E-8
3.107600E+3	-1.937160E-7	7.450640E-9
3.105300E+3	-2.225870E-7	3.445920E-8
3.104300E+3	-1.981400E-7	-1.862660E-9
3.098600E+3	-2.237510E-7	2.211900E-8
3.097800E+3	-2.235180E-7	2.211900E-8
3.092300E+3	-2.223540E-7	2.863830E-8
3.091000E+3	-1.785820E-7	-3.259640E-9
3.089400E+3	-1.422600E-7	-2.584430E-8
3.084100E+3	-1.294550E-7	-2.561150E-8
3.083100E+3	-1.583260E-7	8.149130E-9
3.078300E+3	-1.611200E-7	-7.916300E-9
3.077000E+3	-1.476160E-7	-3.888290E-8
3.072500E+3	-1.643790E-7	-4.121130E-8
3.070600E+3	-2.188620E-7	2.328320E-10
3.066600E+3	-1.813760E-7	-2.235190E-8
3.064100E+3	-1.781160E-7	-2.654280E-8
3.060900E+3	-2.190950E-7	6.053630E-9
3.057900E+3	-2.153690E-7	1.257290E-8
3.054700E+3	-1.548330E-7	-3.306220E-8
3.051400E+3	-1.706660E-7	-1.396990E-9
3.048600E+3	-1.480810E-7	-1.955790E-8
3.045100E+3	-2.111780E-7	3.329500E-8
3.042900E+3	-1.806770E-7	3.259640E-9
3.038800E+3	-2.011670E-7	1.047740E-8
3.037200E+3	-2.088500E-7	2.468020E-8
3.032800E+3	-1.981400E-7	-1.396990E-9
3.030300E+3	-1.639140E-7	-2.817260E-8
3.026600E+3	-2.107130E-7	4.866180E-8
3.024800E+3	-1.806770E-7	2.561150E-8
3.023700E+3	-1.455200E-7	-1.257290E-8
3.023700E+3	-1.455200E-7	-1.257290E-8
3.017300E+3	-1.548330E-7	-3.585610E-8
3.012400E+3	-1.988380E-7	-2.235190E-8
3.011400E+3	-2.239840E-7	-4.423810E-9
3.006900E+3	-1.473830E-7	-7.660170E-8
3.005700E+3	-1.646120E-7	-4.400520E-8
3.002500E+3	-1.667080E-7	-2.607710E-8
2.999300E+3	-1.338790E-7	-6.100210E-8
2.996300E+3	-1.830060E-7	1.629820E-9
2.992500E+3	-1.376040E-7	-3.213090E-8
2.989300E+3	-1.795130E-7	4.656640E-9
2.987700E+3	-2.107130E-7	4.051280E-8
2.983300E+3	-1.646120E-7	-9.546110E-9
2.980800E+3	-1.962770E-7	2.444730E-8
2.977300E+3	-1.573940E-7	-2.188620E-8
2.974200E+3	-1.881280E-7	1.164160E-8
2.972000E+3	-1.566960E-7	-1.629830E-8
2.968000E+3	-1.697340E-7	5.820790E-9
2.965400E+3	-2.193270E-7	2.211900E-8
2.964700E+3	-1.755550E-7	-3.771880E-8
2.959100E+3	-2.312020E-7	6.053630E-9
2.957700E+3	-1.874300E-7	-2.700850E-8
2.952300E+3	-2.235180E-7	2.165340E-8
2.951300E+3	-2.058230E-7	3.958150E-9
2.949300E+3	-1.748570E-7	-1.979070E-8
2.944400E+3	-2.251480E-7	2.863830E-8
2.943200E+3	-1.771850E-7	-1.071030E-8
2.940300E+3	-1.913880E-7	2.328320E-9
2.936900E+3	-1.888270E-7	-1.629830E-8
2.934500E+3	-2.200260E-7	1.862660E-8
2.930200E+3	-1.911550E-7	-2.514580E-8
2.928300E+3	-2.288730E-7	1.746240E-8
2.925400E+3	-1.722960E-7	-5.005880E-8
2.922000E+3	-1.811430E-7	-6.752130E-8
2.918800E+3	-1.818420E-7	-7.171230E-8
2.915400E+3	-1.953460E-7	-7.031530E-8
2.912300E+3	-2.214230E-7	-3.841730E-8
2.911400E+3	-1.846360E-7	-6.868550E-8
2.906400E+3	-2.258470E-7	2.095490E-9
2.904500E+3	-2.197930E-7	-7.683470E-9
2.900200E+3	-2.181630E-7	-1.117590E-8
2.897700E+3	-2.470350E-7	2.607710E-8
2.897000E+3	-1.883610E-7	-2.654280E-8
2.891200E+3	-2.328320E-7	1.001180E-8
2.890100E+3	-2.011670E-7	-2.398170E-8
2.884900E+3	-2.363240E-7	1.699680E-8
2.883000E+3	-2.153690E-7	-3.492470E-9
2.878600E+3	-2.370230E-7	1.629830E-8
2.877200E+3	-2.230530E-7	-1.396990E-9
2.875300E+3	-1.729940E-7	-7.101380E-8
2.870300E+3	-1.690360E-7	-7.101380E-8
2.869200E+3	-2.149040E-7	-2.142050E-8
2.864700E+3	-2.214230E-7	-3.958140E-8
2.863200E+3	-2.617030E-7	-6.053630E-9
2.858900E+3	-2.521570E-7	2.956960E-8
2.856800E+3	-2.142050E-7	1.559980E-8
2.853800E+3	-1.878950E-7	-2.444730E-8
2.850000E+3	-2.272440E-7	6.752120E-9
2.846900E+3	-2.051250E-7	-1.443560E-8
2.843800E+3	-2.323660E-7	2.072200E-8
2.840500E+3	-2.495960E-7	4.563500E-8
2.839300E+3	-2.202590E-7	3.888290E-8
2.834300E+3	-2.083840E-7	4.656640E-9
2.832600E+3	-1.648450E-7	-2.584430E-8
2.828300E+3	-2.419130E-7	2.444730E-8
2.827000E+3	-2.055900E-7	-2.002350E-8
2.822400E+3	-2.568140E-7	1.699680E-8
2.821500E+3	-2.242170E-7	-9.546110E-9
2.816200E+3	-2.563480E-7	1.769520E-8
2.814800E+3	-2.572800E-7	8.614790E-9
2.813000E+3	-2.114110E-7	-5.192150E-8
2.810300E+3	-2.631000E-7	-1.676390E-8
2.806000E+3	-2.342290E-7	-4.889470E-8
2.804000E+3	-2.498290E-7	-1.955790E-8
2.799400E+3	-2.221210E-7	-4.493650E-8
2.797200E+3	-2.591420E-7	-2.793980E-9
2.793600E+3	-1.955790E-7	-3.282930E-8
2.790900E+3	-2.409820E-7	1.583260E-8
2.788500E+3	-2.007010E-7	-3.469200E-8
2.784700E+3	-2.435430E-7	-6.053630E-9
2.781700E+3	-2.684560E-7	2.421450E-8
2.778500E+3	-2.575130E-7	1.140880E-8
2.776000E+3	-2.169990E-7	-2.700850E-8
2.773000E+3	-2.165330E-7	1.140880E-8
2.769900E+3	-2.288730E-7	1.234010E-8
2.766700E+3	-2.139720E-7	-2.584430E-8
2.763900E+3	-2.153690E-7	-3.376070E-8
2.763200E+3	-2.551840E-7	8.149130E-9
2.758300E+3	-2.204920E-7	-2.328320E-9
2.754500E+3	-2.325990E-7	2.165340E-8
2.752800E+3	-1.864980E-7	-1.187440E-8
2.748200E+3	-2.442410E-7	4.493650E-8
2.746800E+3	-2.086170E-7	2.328320E-10
2.744900E+3	-2.381870E-7	2.305030E-8
2.741000E+3	-1.741580E-7	-2.770700E-8
2.735800E+3	-2.176980E-7	2.677560E-8
2.734900E+3	-1.813760E-7	-1.466840E-8
2.731900E+3	-2.044260E-7	-2.793980E-9
2.728900E+3	-2.393520E-7	4.190980E-9
2.725600E+3	-2.000020E-7	-5.867350E-8
2.722300E+3	-2.181630E-7	-6.170060E-8
2.719700E+3	-2.512260E-7	-3.073390E-8
2.717400E+3	-2.598410E-7	-3.771880E-8
2.713700E+3	-2.293390E-7	-5.587960E-8
2.710800E+3	-2.670590E-7	-2.025640E-8
2.707600E+3	-2.668260E-7	-1.769520E-8
2.704400E+3	-2.663600E-7	-3.422630E-8
2.701400E+3	-2.740430E-7	-1.955790E-8
2.698100E+3	-2.742760E-7	-4.889470E-9
2.695700E+3	-2.470350E-7	-2.584430E-8
2.691600E+3	-2.505280E-7	1.047740E-8
2.689900E+3	-1.988380E-7	-3.585610E-8
2.685200E+3	-2.447070E-7	1.909220E-8
2.683900E+3	-2.072200E-7	-1.536690E-8
2.679000E+3	-2.135070E-7	-3.958150E-9
2.678200E+3	-2.584440E-7	3.376070E-8
2.673200E+3	-2.335300E-7	3.958150E-9
2.672400E+3	-2.051250E-7	-3.748600E-8
2.667500E+3	-2.246820E-7	-5.518110E-8
2.666400E+3	-2.610050E-7	-1.350420E-8
2.663200E+3	-2.714820E-7	-6.984950E-10
2.658900E+3	-2.549510E-7	-5.099010E-8
2.657700E+3	-2.635660E-7	-5.541390E-8
2.654000E+3	-2.915060E-7	-1.885940E-8
2.651100E+3	-2.651960E-7	-1.257290E-8
2.648000E+3	-2.437760E-7	-3.282930E-8
2.645400E+3	-2.377210E-7	-2.537870E-8
2.642200E+3	-2.430770E-7	-1.955790E-8
2.639200E+3	-2.163010E-7	-2.793980E-8
2.635600E+3	-2.554170E-7	1.885940E-8
2.632600E+3	-2.768370E-7	2.398170E-8
2.629700E+3	-2.363240E-7	-7.683470E-9
2.626400E+3	-2.295720E-7	-1.862660E-9
2.623900E+3	-2.756730E-7	3.445920E-8
2.622600E+3	-2.691540E-7	2.584430E-8
2.617100E+3	-2.605390E-7	-1.234010E-8
2.616100E+3	-2.775360E-7	-7.683470E-9
2.610500E+3	-2.838220E-7	-2.095490E-9
2.608900E+3	-2.339960E-7	-4.656640E-8
2.604200E+3	-2.908070E-7	3.003540E-8
2.602900E+3	-2.710170E-7	2.561150E-8
2.600700E+3	-2.160680E-7	-2.468020E-8
2.597700E+3	-2.684560E-7	1.490130E-8
2.594000E+3	-2.188620E-7	-2.654280E-8
2.591800E+3	-2.528560E-7	-2.095490E-9
2.588500E+3	-2.752080E-7	-1.187440E-8
2.585800E+3	-2.780020E-7	-2.048920E-8
2.582700E+3	-2.696200E-7	-4.516940E-8
2.579700E+3	-3.045440E-7	-6.752120E-9
2.577000E+3	-2.982580E-7	-1.024460E-8
2.573900E+3	-3.101320E-7	6.984950E-10
2.570500E+3	-3.073380E-7	2.398170E-8
2.567500E+3	-2.919710E-7	6.984950E-9
2.564400E+3	-2.679900E-7	-3.492480E-8
2.561100E+3	-2.949980E-7	-2.165340E-8
2.559800E+3	-2.949980E-7	-2.165340E-8
2.555100E+3	-3.022160E-7	-5.424980E-8
2.552800E+3	-3.103650E-7	-3.259650E-8
2.548900E+3	-2.544860E-7	-5.704370E-8
2.546000E+3	-2.793990E-7	-2.072200E-8
2.544300E+3	-2.447070E-7	-4.447090E-8
2.539100E+3	-2.272440E-7	-6.472740E-8
2.537000E+3	-2.705510E-7	-5.355130E-9
2.534900E+3	-2.288730E-7	-3.469200E-8
2.529700E+3	-2.509930E-7	-1.885940E-8
2.527800E+3	-2.398170E-7	-3.771880E-8
2.523100E+3	-3.075710E-7	1.699680E-8
2.522300E+3	-2.491310E-7	-3.585610E-8
2.520000E+3	-2.775360E-7	-6.984950E-10
2.516600E+3	-2.316670E-7	-2.095490E-8
2.513800E+3	-2.617030E-7	1.094310E-8
2.510600E+3	-2.726470E-7	1.280570E-8
2.507700E+3	-2.752080E-7	3.958150E-9
2.504100E+3	-3.092010E-7	2.258470E-8
2.501700E+3	-2.936010E-7	1.047740E-8
2.498600E+3	-2.430770E-7	-5.564680E-8
2.495600E+3	-2.973270E-7	-1.001180E-8
2.492400E+3	-2.859180E-7	-1.885940E-8
2.489200E+3	-2.991890E-7	-1.140880E-8
2.486200E+3	-2.838220E-7	-4.656640E-9
2.483100E+3	-2.176980E-7	-6.938400E-8
2.479900E+3	-2.780020E-7	-7.217780E-9
2.477300E+3	-2.780020E-7	-1.606540E-8
2.476500E+3	-2.600740E-7	-3.469200E-8
2.470600E+3	-2.810280E-7	2.328320E-9
2.469600E+3	-2.316670E-7	-3.259650E-8
2.464800E+3	-2.346940E-7	-3.282930E-8
2.464000E+3	-2.600740E-7	-2.980250E-8
2.459000E+3	-2.547190E-7	-5.308560E-8
2.458200E+3	-3.213080E-7	6.286460E-9
2.453300E+3	-2.647300E-7	-5.587960E-8
2.452000E+3	-2.617030E-7	-4.260820E-8
2.447300E+3	-2.994220E-7	-6.984950E-10
2.445400E+3	-3.105980E-7	1.955790E-8
2.442200E+3	-2.889450E-7	-5.355130E-9
2.438800E+3	-2.705510E-7	-1.396990E-8
2.435600E+3	-3.085020E-7	3.376070E-8
2.432100E+3	-2.405160E-7	-2.770700E-8
2.428800E+3	-3.010520E-7	2.584430E-8
2.427600E+3	-3.038460E-7	3.236370E-8
2.427600E+3	-3.038460E-7	3.236370E-8
2.421100E+3	-2.973270E-7	1.676390E-8
2.417400E+3	-3.112960E-7	1.164160E-8
2.414600E+3	-3.373730E-7	5.518110E-8
2.412800E+3	-3.015180E-7	4.447090E-8
2.408400E+3	-2.738110E-7	4.237540E-8
2.407200E+3	-2.372550E-7	1.629820E-9
2.402400E+3	-3.010520E-7	4.353960E-8
2.400300E+3	-2.833570E-7	2.468020E-8
2.399200E+3	-2.910400E-7	2.980250E-8
2.394600E+3	-2.838220E-7	5.820790E-9
2.393100E+3	-2.584440E-7	-3.073390E-8
2.387600E+3	-3.008190E-7	-3.725320E-9
2.386800E+3	-2.814940E-7	-4.423800E-8
2.383900E+3	-3.073380E-7	-2.025640E-8
2.380100E+3	-2.377210E-7	-6.193340E-8
2.377600E+3	-2.756730E-7	-2.374880E-8
2.374100E+3	-2.745090E-7	-3.608900E-8
2.371200E+3	-2.998880E-7	3.725320E-9
2.367900E+3	-3.022160E-7	1.373710E-8
2.364700E+3	-2.498290E-7	-3.655460E-8
2.362500E+3	-3.092010E-7	3.026820E-8
2.358300E+3	-3.173500E-7	2.700850E-8
2.355800E+3	-3.215410E-7	2.747410E-8
2.352600E+3	-2.731120E-7	-3.259650E-8
2.352600E+3	-2.731120E-7	-3.259650E-8
2.346600E+3	-2.845210E-7	-3.958150E-9
2.343800E+3	-2.884790E-7	-2.328320E-10
2.341800E+3	-2.970940E-7	1.094310E-8
2.337300E+3	-3.313200E-7	2.793980E-8
2.336100E+3	-3.206100E-7	1.816090E-8
2.331000E+3	-3.250330E-7	3.888290E-8
2.328900E+3	-2.856850E-7	-5.355130E-9
2.327700E+3	-3.138580E-7	1.839370E-8
2.321800E+3	-2.572800E-7	-4.866180E-8
2.321000E+3	-2.891770E-7	-1.839370E-8
2.315700E+3	-2.961620E-7	1.396990E-9
2.314700E+3	-2.738110E-7	-7.217780E-9
2.311700E+3	-3.024490E-7	2.444730E-8
2.308000E+3	-2.908070E-7	-4.423810E-9
2.304700E+3	-3.124610E-7	1.583260E-8
2.301400E+3	-2.651960E-7	2.095490E-9
2.298900E+3	-2.798640E-7	2.281750E-8
2.296600E+3	-2.817270E-7	1.396990E-8
2.293000E+3	-2.742760E-7	-1.210730E-8
2.290000E+3	-2.856850E-7	-7.916300E-9
2.286700E+3	-3.338810E-7	2.980250E-8
2.284100E+3	-3.213080E-7	1.746240E-8
2.280500E+3	-3.259650E-7	5.587960E-9
2.278600E+3	-2.833570E-7	-4.353960E-8
2.274200E+3	-3.390030E-7	-3.026810E-9
2.272800E+3	-2.966280E-7	-4.796330E-8
2.268300E+3	-3.257320E-7	-1.350420E-8
2.267300E+3	-2.884790E-7	-5.052450E-8
2.262500E+3	-3.213080E-7	-3.771880E-8
2.261500E+3	-3.133920E-7	-3.771880E-8
2.256400E+3	-3.180480E-7	-3.399350E-8
2.255300E+3	-3.254990E-7	-2.328320E-8
2.249900E+3	-3.273620E-7	-1.071030E-8
2.249100E+3	-2.833570E-7	-5.587960E-8
2.246700E+3	-3.282930E-7	-1.117590E-8
2.243400E+3	-3.022160E-7	1.466840E-8
2.240500E+3	-3.243350E-7	3.539050E-8
2.237300E+3	-3.040790E-7	4.097840E-8
2.233900E+3	-3.150220E-7	5.215430E-8
2.231000E+3	-3.143230E-7	2.840550E-8
2.228000E+3	-2.852190E-7	-3.119950E-8
2.224700E+3	-3.268960E-7	9.778940E-9
2.221900E+3	-3.220070E-7	1.746240E-8
2.218600E+3	-2.456380E-7	-4.330670E-8
2.215400E+3	-3.071050E-7	1.559980E-8
2.212300E+3	-3.196780E-7	1.816090E-8
2.209400E+3	-3.022160E-7	-2.561150E-9
2.206000E+3	-3.129260E-7	3.958150E-9
2.203500E+3	-2.621690E-7	-4.377240E-8
2.202600E+3	-3.238690E-7	6.286460E-9
2.196600E+3	-3.306210E-7	1.047740E-8
2.195500E+3	-3.026820E-7	-1.071030E-8
2.190000E+3	-3.271290E-7	-1.187440E-8
2.188400E+3	-3.178160E-7	-2.188620E-8
2.186600E+3	-2.770700E-7	-5.611240E-8
2.181600E+3	-3.278270E-7	1.396990E-9
2.180200E+3	-2.705510E-7	-4.097840E-8
2.177400E+3	-2.826580E-7	-3.073390E-8
2.173100E+3	-3.296900E-7	-1.862660E-8
2.171100E+3	-3.208420E-7	-3.236370E-8
2.168200E+3	-3.350450E-7	-1.350420E-8
2.164800E+3	-2.873150E-7	-3.469200E-8
2.161600E+3	-2.749750E-7	-3.655460E-8
2.158100E+3	-2.891770E-7	-3.492480E-8
2.155300E+3	-3.068730E-7	-3.445920E-8
2.152300E+3	-2.922040E-7	-4.284110E-8
2.149300E+3	-2.996550E-7	-1.536690E-8
2.145700E+3	-3.320180E-7	2.677560E-8
2.142400E+3	-3.571640E-7	3.282930E-8
2.139900E+3	-3.646150E-7	2.328320E-8
2.138400E+3	-3.252660E-7	-1.909220E-8
2.133000E+3	-3.734620E-7	1.210730E-8
2.131900E+3	-3.515760E-7	-1.187440E-8
2.126800E+3	-3.571640E-7	-1.140880E-8
2.124900E+3	-3.413320E-7	2.793980E-9
2.120500E+3	-3.355110E-7	9.778940E-9
2.119100E+3	-3.227050E-7	1.210730E-8
2.117100E+3	-2.693870E-7	-4.051280E-8
2.112100E+3	-3.208420E-7	3.469200E-8
2.111000E+3	-2.528560E-7	-2.654280E-8
2.107800E+3	-2.535540E-7	-2.770700E-8
2.104200E+3	-2.677570E-7	-3.050100E-8
2.101700E+3	-3.220070E-7	2.514580E-8
2.098500E+3	-2.938340E-7	-2.700850E-8
2.095400E+3	-3.434270E-7	1.583260E-8
2.092600E+3	-3.362090E-7	1.047740E-8
2.089000E+3	-3.241020E-7	-1.490130E-8
2.086100E+3	-3.643820E-7	3.445920E-8
2.083500E+3	-3.394690E-7	1.606540E-8
2.080300E+3	-3.085020E-7	-3.026810E-9
2.077100E+3	-3.471520E-7	3.958140E-8
2.075400E+3	-3.357440E-7	1.513410E-8
2.070000E+3	-3.527400E-7	-1.164160E-9
2.068700E+3	-3.010520E-7	-5.355130E-8
2.064200E+3	-3.434270E-7	-5.355130E-9
2.062300E+3	-3.306210E-7	-4.190980E-9
2.057300E+3	-3.080370E-7	1.629820E-9
2.055800E+3	-2.677570E-7	-6.286460E-9
2.053900E+3	-2.610050E-7	-2.654280E-8
2.048900E+3	-3.210750E-7	2.863830E-8
2.048000E+3	-3.250330E-7	3.632180E-8
2.042400E+3	-3.294570E-7	4.190980E-9
2.041500E+3	-2.810280E-7	-4.773050E-8
2.039200E+3	-3.227050E-7	4.656640E-9
2.035900E+3	-2.833570E-7	-3.189800E-8
2.033200E+3	-3.208420E-7	4.656650E-10
2.030100E+3	-2.628680E-7	-2.724130E-8
2.027100E+3	-2.679900E-7	-2.328320E-8
2.023300E+3	-3.278270E-7	3.050100E-8
2.020800E+3	-2.910400E-7	-3.026810E-9
2.017500E+3	-3.254990E-7	1.862660E-8
2.014200E+3	-3.494810E-7	1.327140E-8
2.011100E+3	-3.410990E-7	-3.725320E-9
2.007700E+3	-3.287590E-7	-7.217780E-9
2.004500E+3	-3.429610E-7	1.699680E-8
2.001300E+3	-3.397020E-7	-1.862660E-9
1.998000E+3	-2.926700E-7	-5.192150E-8
1.994000E+3	-3.220070E-7	-1.396990E-8
1.992200E+3	-3.157200E-7	-2.654280E-8
1.992200E+3	-3.157200E-7	-2.654280E-8
1.986300E+3	-2.540200E-7	-4.237540E-8
1.981500E+3	-2.868490E-7	1.862660E-9
1.980600E+3	-2.412140E-7	-4.400520E-8
1.978300E+3	-2.584440E-7	-1.210730E-8
1.973900E+3	-2.358580E-7	-4.377240E-8
1.972500E+3	-2.908070E-7	-2.561150E-9
1.969700E+3	-3.064070E-7	2.095490E-9
1.966900E+3	-3.108310E-7	-7.217780E-9
1.966900E+3	-3.108310E-7	-7.217780E-9
1.964100E+3	-3.005860E-7	-2.142050E-8
1.959000E+3	-3.068730E-7	5.587960E-9
1.956800E+3	-2.514590E-7	-3.329500E-8
1.953500E+3	-2.675240E-7	4.656650E-10
1.951600E+3	-2.514590E-7	-3.026820E-8
1.948800E+3	-2.530890E-7	-4.936030E-8
1.948800E+3	-2.530890E-7	-4.936030E-8
1.945900E+3	-2.470350E-7	-4.959320E-8
1.941500E+3	-2.949980E-7	-6.286460E-9
1.940500E+3	-2.926700E-7	-1.862660E-9
1.937100E+3	-2.868490E-7	4.656650E-10
1.935100E+3	-3.101320E-7	2.048920E-8
1.934000E+3	-2.551840E-7	-3.329500E-8
1.930200E+3	-3.015180E-7	3.492470E-9
1.929800E+3	-2.940670E-7	4.656650E-10
1.925400E+3	-2.800970E-7	6.984950E-9
1.924400E+3	-2.293390E-7	-4.726480E-8
1.920600E+3	-2.856850E-7	1.373710E-8
1.920100E+3	-2.628680E-7	-3.725320E-9
1.918400E+3	-2.961620E-7	1.839370E-8
1.915600E+3	-2.933680E-7	3.189800E-8
1.913800E+3	-2.596080E-7	-1.047740E-8
1.910200E+3	-2.598410E-7	-1.979070E-8
1.910200E+3	-2.598410E-7	-1.979070E-8
1.905700E+3	-2.945330E-7	2.048920E-8
1.904100E+3	-2.456380E-7	-3.888290E-8
1.901400E+3	-2.393520E-7	-3.585610E-8
1.898900E+3	-2.246820E-7	-4.423800E-8
1.896100E+3	-2.651960E-7	-1.396990E-9
1.895300E+3	-2.780020E-7	-3.725320E-9
1.891400E+3	-2.710170E-7	-2.142050E-8
1.889800E+3	-3.057080E-7	7.217780E-9
1.886800E+3	-2.693870E-7	-3.725320E-9
1.884300E+3	-3.036130E-7	6.752120E-9
1.883900E+3	-2.768370E-7	-2.887110E-8
1.879800E+3	-2.596080E-7	-3.981430E-8
1.876700E+3	-2.819600E-7	-2.235190E-8
1.875500E+3	-2.698530E-7	-2.980250E-8
1.874600E+3	-2.954640E-7	-6.984950E-9
1.870100E+3	-2.887120E-7	-3.073390E-8
1.869600E+3	-2.810280E-7	-3.981430E-8
1.865500E+3	-2.565810E-7	-3.632180E-8
1.864800E+3	-2.339960E-7	-6.007080E-8
1.861000E+3	-2.842880E-7	-2.584430E-8
1.859500E+3	-2.481990E-7	-4.586790E-8
1.857200E+3	-2.835900E-7	-1.001180E-8
1.853900E+3	-2.284080E-7	-4.237540E-8
1.852400E+3	-2.337630E-7	-2.398170E-8
1.849700E+3	-2.617030E-7	2.514580E-8
1.847500E+3	-2.109450E-7	-2.700850E-8
1.844700E+3	-2.682230E-7	1.303860E-8
1.842600E+3	-2.591420E-7	7.683470E-9
1.839800E+3	-2.095480E-7	-4.679920E-8
1.837500E+3	-1.988380E-7	-2.584430E-8
1.835100E+3	-1.699670E-7	-5.960510E-8
1.832300E+3	-2.123420E-7	-1.234010E-8
1.832300E+3	-2.123420E-7	-1.234010E-8
1.830500E+3	-1.771850E-7	-3.702030E-8
1.826100E+3	-1.878950E-7	-1.117590E-8
1.822700E+3	-1.995370E-7	7.450640E-9
1.820700E+3	-1.951130E-7	-1.862660E-9
1.819400E+3	-1.769520E-7	-6.519290E-9
1.818100E+3	-2.123420E-7	2.631000E-8
1.814500E+3	-1.690360E-7	-2.235190E-8
1.810500E+3	-2.323660E-7	3.795160E-8
1.810100E+3	-1.876620E-7	-4.190980E-9
1.810100E+3	-1.876620E-7	-4.190980E-9
1.804700E+3	-1.604210E-7	-3.026810E-9
1.803600E+3	-1.406310E-7	-1.559980E-8
1.803600E+3	-1.406310E-7	-1.559980E-8
1.798900E+3	-1.315500E-7	-8.847620E-9
1.796200E+3	-1.706660E-7	2.677560E-8
1.794200E+3	-1.643790E-7	-1.862660E-9
1.791500E+3	-1.871970E-7	1.466840E-8
1.789300E+3	-1.285230E-7	-4.330670E-8
1.786900E+3	-1.706660E-7	-3.958150E-9
1.785600E+3	-1.892920E-7	1.443560E-8
1.782700E+3	-1.671730E-7	-1.024460E-8
1.780400E+3	-1.490130E-7	-1.862660E-8
1.778400E+3	-1.518060E-7	-1.466840E-8
1.775600E+3	-1.450540E-7	-1.792810E-8
1.775100E+3	-1.243320E-7	-3.539050E-8
1.775100E+3	-1.243320E-7	-3.539050E-8
1.769400E+3	-1.678720E-7	1.094310E-8
1.768900E+3	-1.250310E-7	-3.678750E-8
1.765300E+3	-1.331800E-7	-4.284110E-8
1.764300E+3	-1.643790E-7	2.561150E-9
1.761000E+3	-9.406400E-8	-4.656640E-8
1.759400E+3	-1.105950E-7	-3.189800E-8
1.756700E+3	-1.636810E-7	1.234010E-8
1.754900E+3	-1.110610E-7	-3.515770E-8
1.751200E+3	-1.192100E-7	-4.051280E-8
1.749900E+3	-1.480810E-7	-2.561150E-9
1.746800E+3	-1.126900E-7	-4.353960E-8
1.744900E+3	-1.355080E-7	-2.002350E-8
1.742700E+3	-1.008160E-7	-4.330670E-8
1.740300E+3	-1.483140E-7	8.149130E-9
1.737500E+3	-1.038430E-7	-4.190970E-8
1.735300E+3	-1.350430E-7	-1.396990E-9
1.732600E+3	-1.473830E-7	1.979070E-8
1.730400E+3	-8.684630E-8	-1.653110E-8
1.727700E+3	-8.242250E-8	-1.885940E-8
1.725600E+3	-9.848780E-8	3.026810E-9
1.722700E+3	-1.119920E-7	-1.327140E-8
1.720900E+3	-9.639230E-8	-3.119950E-8
1.717200E+3	-1.417950E-7	1.164160E-8
1.716000E+3	-9.173570E-8	-1.746240E-8
1.712000E+3	-1.061710E-7	3.725320E-9
1.712000E+3	-1.061710E-7	3.725320E-9
1.709100E+3	-9.522820E-8	5.820790E-9
1.709100E+3	-9.522820E-8	5.820790E-9
1.700700E+3	-9.452970E-8	3.934860E-8
1.699400E+3	-6.659000E-8	2.863830E-8
1.697500E+3	-3.515770E-8	-8.847620E-9
1.692700E+3	-8.661350E-8	2.863830E-8
1.691100E+3	-3.073390E-8	-3.608900E-8
1.688100E+3	-7.357490E-8	1.629820E-9
1.684400E+3	-2.118770E-8	-4.284110E-8
1.682000E+3	-1.187440E-8	-3.748600E-8
1.679300E+3	6.984950E-9	-5.587960E-8
1.675700E+3	-6.146770E-8	3.306220E-8
1.672500E+3	-1.094310E-8	-8.381960E-9
1.669100E+3	-7.730020E-8	4.516940E-8
1.666100E+3	-6.589150E-8	3.865010E-8
1.662400E+3	-6.402890E-8	3.562330E-8
1.659200E+3	-6.984960E-8	2.677560E-8
1.657800E+3	-3.003540E-8	-1.955790E-8
1.652600E+3	-5.448260E-8	-6.984950E-9
1.650400E+3	-3.515770E-8	-2.142050E-8
1.645900E+3	-2.770700E-8	1.094310E-8
1.644300E+3	2.095490E-8	-3.259650E-8
1.641600E+3	2.165340E-8	-2.561150E-8
1.636400E+3	3.143240E-8	-5.448260E-8
1.635500E+3	2.863830E-8	-6.589150E-8
1.630500E+3	4.656640E-9	-2.933680E-8
1.629400E+3	6.472740E-8	-5.960510E-8
1.629400E+3	6.472740E-8	-5.960510E-8
1.622700E+3	6.868550E-8	-2.631000E-8
1.620000E+3	2.142050E-8	1.699680E-8
1.616700E+3	3.189800E-8	8.149130E-9
1.613600E+3	6.449450E-8	-1.909220E-8
1.610000E+3	6.170060E-8	-6.752120E-9
1.607600E+3	8.265530E-8	-3.352780E-8
1.604500E+3	3.981430E-8	1.583260E-8
1.601700E+3	1.154840E-7	-2.631000E-8
1.598100E+3	6.984960E-8	1.606540E-8
1.597000E+3	1.068700E-7	-1.885940E-8
1.592300E+3	1.175800E-7	-2.048920E-8
1.589300E+3	9.080440E-8	0.000000E+0
1.586800E+3	6.752130E-8	8.149130E-9
1.586100E+3	9.965200E-8	-2.817260E-8
1.580700E+3	8.265530E-8	-1.420270E-8
1.579800E+3	1.222370E-7	-5.564680E-8
1.575200E+3	7.497190E-8	5.820790E-9
1.573400E+3	1.024460E-7	-6.053630E-9
1.569300E+3	9.639230E-8	2.933680E-8
1.568300E+3	1.185110E-7	2.980250E-8
1.566500E+3	1.497110E-7	-5.820790E-9
1.562100E+3	1.646120E-7	-4.633350E-8
1.561200E+3	1.217710E-7	-1.164160E-8
1.556900E+3	1.664750E-7	-4.237540E-8
1.555400E+3	1.920860E-7	-5.704370E-8
1.551600E+3	1.676390E-7	-1.979070E-8
1.549600E+3	1.541350E-7	6.519290E-9
1.546100E+3	2.272440E-7	-3.841730E-8
1.543500E+3	1.997700E-7	-1.117590E-8
1.541200E+3	2.053580E-7	-2.235190E-8
1.541200E+3	2.053580E-7	-2.235190E-8
1.537600E+3	2.123420E-7	-6.519290E-9
1.531300E+3	2.100140E-7	2.142050E-8
1.528700E+3	1.995370E-7	4.004710E-8
1.524800E+3	2.579780E-7	-3.725320E-9
1.521900E+3	2.228200E-7	3.911580E-8
1.518600E+3	2.337630E-7	4.912750E-8
1.515800E+3	2.621690E-7	2.514580E-8
1.514800E+3	2.896430E-7	-1.350420E-8
1.508800E+3	2.530890E-7	1.327140E-8
1.507500E+3	2.910400E-7	-1.536690E-8
1.501600E+3	2.526230E-7	2.887110E-8
1.500400E+3	2.908070E-7	-5.122300E-9
1.495000E+3	2.344610E-7	2.491300E-8
1.493900E+3	2.479660E-7	1.513410E-8
1.490900E+3	2.386530E-7	2.421450E-8
1.487100E+3	2.929030E-7	-4.819620E-8
1.484500E+3	2.498290E-7	-2.421450E-8
1.480400E+3	2.507600E-7	-1.792810E-8
1.476700E+3	2.495960E-7	2.328320E-9
1.473500E+3	2.724140E-7	1.234010E-8
1.470100E+3	3.324840E-7	-3.189800E-8
1.467400E+3	3.024490E-7	1.909220E-8
1.462800E+3	3.157200E-7	1.699680E-8
1.459700E+3	3.082700E-7	1.396990E-8
1.455600E+3	3.410990E-7	-9.778940E-9
1.453100E+3	3.846380E-7	-3.492480E-8
1.448500E+3	3.550690E-7	1.094310E-8
1.446700E+3	3.895270E-7	-2.468020E-8
1.441700E+3	3.976770E-7	-3.771880E-8
1.440300E+3	4.095510E-7	-5.029160E-8
1.435000E+3	3.858020E-7	-1.559980E-8
1.434100E+3	4.279450E-7	-5.750940E-8
1.428800E+3	4.267800E-7	-4.912750E-8
1.426700E+3	4.379560E-7	-3.888290E-8
1.425000E+3	4.381890E-7	-3.818450E-8
1.420800E+3	4.530900E-7	-1.862660E-8
1.418500E+3	4.328340E-7	5.122300E-9
1.414900E+3	4.821960E-7	-5.308560E-8
1.412100E+3	4.777720E-7	-3.818450E-8
1.408000E+3	4.838260E-7	-4.284110E-8
1.406100E+3	4.456400E-7	9.313280E-9
1.403100E+3	4.526250E-7	9.313280E-9
1.400100E+3	4.840590E-7	0.000000E+0
1.396800E+3	4.565830E-7	3.911580E-8
1.396800E+3	4.565830E-7	3.911580E-8
1.390700E+3	4.512280E-7	5.820790E-9
1.387400E+3	5.012880E-7	-3.352780E-8
1.384300E+3	4.810320E-7	4.656650E-10
1.381200E+3	5.019870E-7	2.561150E-9
1.377900E+3	5.031510E-7	1.816090E-8
1.374800E+3	5.194490E-7	1.816090E-8
1.371800E+3	5.848740E-7	-4.051280E-8
1.368200E+3	5.411020E-7	7.450640E-9
1.365700E+3	5.406360E-7	1.117590E-8
1.364700E+3	5.757940E-7	-2.421450E-8
1.358700E+3	5.413350E-7	2.211900E-8
1.357500E+3	5.976800E-7	-1.653110E-8
1.357500E+3	5.976800E-7	-1.653110E-8
1.351100E+3	6.242230E-7	-2.537870E-8
1.348100E+3	5.695070E-7	1.746240E-8
1.343600E+3	6.184020E-7	-2.374880E-8
1.341600E+3	5.718360E-7	3.445920E-8
1.337800E+3	5.993100E-7	8.614790E-9
1.335300E+3	5.702060E-7	3.399350E-8
1.332000E+3	6.174710E-7	-3.003540E-8
1.329100E+3	5.895310E-7	1.001180E-8
1.326200E+3	5.876680E-7	8.149130E-9
1.323100E+3	5.704390E-7	3.166520E-8
1.320300E+3	6.237570E-7	8.381960E-9
1.317300E+3	6.179360E-7	3.422630E-8
1.314200E+3	6.554220E-7	-1.071030E-8
1.311200E+3	6.379600E-7	1.210730E-8
1.308600E+3	6.449450E-7	1.769520E-8
1.305300E+3	6.607770E-7	1.094310E-8
1.302800E+3	6.866210E-7	5.820790E-9
1.298600E+3	6.950030E-7	2.793980E-8
1.296300E+3	6.747470E-7	4.889470E-8
1.295300E+3	6.947700E-7	2.398170E-8
1.290200E+3	6.845260E-7	2.048920E-8
1.289300E+3	6.989610E-7	-2.328320E-9
1.283500E+3	6.870870E-7	2.491300E-8
1.282400E+3	7.159580E-7	9.313280E-9
1.276500E+3	6.798690E-7	2.817260E-8
1.275400E+3	7.229430E-7	-2.305030E-8
1.273000E+3	7.308590E-7	-4.004710E-8
1.269200E+3	7.499510E-7	-4.214260E-8
1.266300E+3	7.371450E-7	-1.350420E-8
1.262800E+3	7.737000E-7	-1.862660E-9
1.259700E+3	7.648520E-7	9.778940E-9
1.255800E+3	7.543750E-7	2.072200E-8
1.253000E+3	7.590320E-7	1.839370E-8
1.249800E+3	7.245730E-7	5.727660E-8
1.246400E+3	7.848760E-7	1.629820E-9
1.243000E+3	7.464590E-7	3.096670E-8
1.240700E+3	7.499510E-7	2.328320E-8
1.236400E+3	7.909290E-7	-2.328320E-10
1.233400E+3	7.604290E-7	2.095490E-8
1.229700E+3	7.781240E-7	1.164160E-8
1.226300E+3	7.725360E-7	1.839370E-8
1.224800E+3	7.881350E-7	2.747410E-8
1.219900E+3	8.279490E-7	8.149130E-9
1.216200E+3	8.097890E-7	2.211900E-8
1.213300E+3	8.565880E-7	-2.887110E-8
1.209400E+3	8.090900E-7	3.469200E-8
1.207200E+3	8.596140E-7	3.958150E-9
1.205600E+3	8.693930E-7	-9.080450E-9
1.202500E+3	8.470420E-7	1.583260E-8
1.198800E+3	8.661340E-7	-9.778940E-9
1.196500E+3	8.624080E-7	-3.492470E-9
1.193900E+3	8.728860E-7	-2.072200E-8
1.190100E+3	8.759130E-7	-1.699680E-8
1.187500E+3	8.631070E-7	1.047740E-8
1.184500E+3	8.854590E-7	-5.587960E-9
1.181600E+3	8.568200E-7	3.562330E-8
1.179000E+3	8.789390E-7	4.097840E-8
1.176000E+3	9.047840E-7	2.211900E-8
1.173400E+3	9.299290E-7	1.094310E-8
1.170700E+3	9.278340E-7	1.094310E-8
1.168000E+3	9.280670E-7	-1.164160E-9
1.165100E+3	9.252730E-7	-7.916300E-9
1.162700E+3	9.019900E-7	1.629830E-8
1.159800E+3	8.866230E-7	1.676390E-8
1.157600E+3	9.322580E-7	-2.235190E-8
1.154100E+3	8.870880E-7	3.608900E-8
1.152500E+3	9.206160E-7	1.629830E-8
1.148300E+3	9.401740E-7	2.677560E-8
1.146100E+3	9.469260E-7	1.699680E-8
1.145400E+3	9.811560E-7	-2.537870E-8
1.140000E+3	9.161920E-7	1.885940E-8
1.139100E+3	9.585710E-7	-2.677560E-8
1.134500E+3	9.168910E-7	3.189800E-8
1.132700E+3	9.445980E-7	1.955790E-8
1.132700E+3	9.445980E-7	1.955790E-8
1.126900E+3	9.879080E-7	2.072200E-8
1.124200E+3	9.732390E-7	3.399350E-8
1.121100E+3	9.560100E-7	4.377240E-8
1.117800E+3	9.741710E-7	1.443560E-8
1.114500E+3	9.774300E-7	1.792810E-8
1.111900E+3	9.480900E-7	4.866180E-8
1.109500E+3	9.569410E-7	3.795160E-8
1.105800E+3	9.948930E-7	-2.793980E-9
1.102800E+3	9.527470E-7	3.445920E-8
1.099700E+3	9.981520E-7	-2.817260E-8
1.096500E+3	9.520480E-7	1.420270E-8
1.095200E+3	9.697470E-7	-1.536690E-8
1.090600E+3	9.799910E-7	-4.423810E-9
1.088400E+3	1.021200E-6	-3.934860E-8
1.084500E+3	9.820870E-7	6.984950E-9
1.082900E+3	9.976870E-7	0.000000E+0
1.081200E+3	1.029820E-6	-3.934860E-8
1.075800E+3	9.967550E-7	-4.190980E-9
1.075000E+3	1.033310E-6	-2.537870E-8
1.070300E+3	1.069630E-6	-1.536690E-8
1.069500E+3	1.046580E-6	1.234010E-8
1.066600E+3	1.067300E-6	1.164160E-9
1.063300E+3	1.076620E-6	-9.080450E-9
1.058600E+3	1.014920E-6	2.095490E-8
1.057900E+3	1.057060E-6	-2.281750E-8
1.055100E+3	1.031910E-6	-4.190980E-9
1.052400E+3	1.057060E-6	-2.351600E-8
1.049400E+3	1.022600E-6	1.629830E-8
1.047000E+3	1.035870E-6	3.632180E-8
1.047000E+3	1.035870E-6	3.632180E-8
1.041700E+3	1.088490E-6	1.117590E-8
1.038700E+3	1.049610E-6	4.377240E-8
1.036000E+3	1.040760E-6	4.516940E-8
1.033100E+3	1.065210E-6	1.257290E-8
1.030200E+3	1.031680E-6	3.422630E-8
1.027600E+3	1.071030E-6	-1.303860E-8
1.024300E+3	1.051940E-6	-4.656650E-10
1.022200E+3	1.087090E-6	-3.026820E-8
1.018600E+3	1.060780E-6	2.281750E-8
1.015700E+3	1.088490E-6	9.778940E-9
1.014800E+3	1.120390E-6	-1.350420E-8
1.009900E+3	1.097110E-6	-3.259640E-9
1.008900E+3	1.074750E-6	1.862660E-9
1.003400E+3	1.055660E-6	-1.862660E-9
1.002400E+3	1.074520E-6	-1.955790E-8
9.967000E+2	1.052630E-6	-1.955790E-8
9.957000E+2	1.082440E-6	2.188620E-8
9.932000E+2	1.111080E-6	-2.328320E-10
9.888000E+2	1.081740E-6	1.885940E-8
9.871000E+2	1.106650E-6	-1.490130E-8
9.841000E+2	1.073590E-6	1.466840E-8
9.809000E+2	1.105250E-6	-2.374880E-8
9.778000E+2	1.070100E-6	9.080450E-9
9.743000E+2	1.100600E-6	-4.656640E-9
9.718000E+2	1.061250E-6	2.677560E-8
9.687000E+2	1.065670E-6	1.257290E-8
9.658000E+2	1.071260E-6	2.235190E-8
9.629000E+2	1.068230E-6	1.513410E-8
9.598000E+2	1.099200E-6	-2.305030E-8
9.573000E+2	1.075680E-6	9.313280E-9
9.540000E+2	1.104090E-6	4.656640E-9
9.540000E+2	1.104090E-6	4.656640E-9
9.505000E+2	1.124110E-6	-5.587960E-9
9.459000E+2	1.079880E-6	2.118770E-8
9.442000E+2	1.107820E-6	-1.722960E-8
9.395000E+2	1.088720E-6	-2.584430E-8
9.378000E+2	1.081040E-6	-1.071030E-8
9.365000E+2	1.112240E-6	-3.422630E-8
9.327000E+2	1.140410E-6	-4.004710E-8
9.309000E+2	1.103160E-6	-7.683470E-9
9.265000E+2	1.137150E-6	-3.352780E-8
9.255000E+2	1.085930E-6	2.933680E-8
9.215000E+2	1.143440E-6	-6.053630E-9
9.201000E+2	1.123420E-6	2.514580E-8
9.173000E+2	1.132260E-6	8.614790E-9
9.147000E+2	1.098040E-6	1.932510E-8
9.118000E+2	1.136920E-6	-1.839370E-8
9.090000E+2	1.105720E-6	1.210730E-8
9.065000E+2	1.075220E-6	3.399350E-8
9.041000E+2	1.092910E-6	2.048920E-8
9.010000E+2	1.093850E-6	2.631000E-8
8.993000E+2	1.136690E-6	-1.117590E-8
8.962000E+2	1.087560E-6	9.778940E-9
8.937000E+2	1.122480E-6	-3.236370E-8
8.910000E+2	1.105720E-6	-1.699680E-8
8.889000E+2	1.109680E-6	-3.236370E-8
8.884000E+2	1.100360E-6	-3.003540E-8
8.833000E+2	1.085930E-6	-1.187440E-8
8.829000E+2	1.088490E-6	-2.514580E-8
8.785000E+2	1.080570E-6	-6.053630E-9
8.779000E+2	1.100830E-6	-1.746240E-8
8.737000E+2	1.108280E-6	-1.909220E-8
8.731000E+2	1.076380E-6	1.094310E-8
8.690000E+2	1.071730E-6	3.213090E-8
8.680000E+2	1.080570E-6	2.025640E-8
8.644000E+2	1.094780E-6	-9.080450E-9
8.626000E+2	1.078940E-6	2.095490E-9
8.601000E+2	1.057760E-6	2.142050E-8
8.576000E+2	1.101990E-6	-1.722960E-8
8.547000E+2	1.068230E-6	2.281750E-8
8.521000E+2	1.124580E-6	-2.956960E-8
8.495000E+2	1.098270E-6	-2.328320E-9
8.477000E+2	1.080810E-6	2.351600E-8
8.444000E+2	1.072190E-6	1.746240E-8
8.419000E+2	1.048910E-6	3.399350E-8
8.390000E+2	1.049610E-6	3.865010E-8
8.369000E+2	1.087330E-6	-6.984950E-10
8.335000E+2	1.045180E-6	4.866180E-8
8.319000E+2	1.047050E-6	3.981430E-8
8.282000E+2	1.088020E-6	4.656650E-10
8.258000E+2	1.060780E-6	1.187440E-8
8.226000E+2	1.061950E-6	1.443560E-8
8.208000E+2	1.074520E-6	3.492470E-9
8.199000E+2	1.110610E-6	-1.466840E-8
8.147000E+2	1.085930E-6	1.653110E-8
8.141000E+2	1.085700E-6	1.746240E-8
8.091000E+2	1.073360E-6	3.515770E-8
8.080000E+2	1.094310E-6	1.094310E-8
8.064000E+2	1.085930E-6	3.469200E-8
8.030000E+2	1.130630E-6	7.916300E-9
8.008000E+2	1.109450E-6	3.841730E-8
7.969000E+2	1.132730E-6	2.398170E-8
7.956000E+2	1.125510E-6	2.444730E-8
7.927000E+2	1.060780E-6	5.681090E-8
7.898000E+2	1.095240E-6	-1.629830E-8
7.870000E+2	1.070330E-6	-5.820790E-9
7.843000E+2	1.053570E-6	-4.190980E-9
7.820000E+2	1.078940E-6	-3.236370E-8
7.796000E+2	1.068930E-6	-3.050100E-8
7.768000E+2	1.039360E-6	-3.958150E-9
7.740000E+2	1.066600E-6	-2.468020E-8
7.714000E+2	1.030280E-6	2.654280E-8
7.709000E+2	1.069400E-6	1.746240E-8
7.660000E+2	1.043320E-6	3.236370E-8
7.651000E+2	1.056830E-6	8.381960E-9
7.610000E+2	1.080110E-6	-1.443560E-8
7.604000E+2	1.054260E-6	1.653110E-8
7.585000E+2	1.100830E-6	-2.211900E-8
7.547000E+2	1.092910E-6	-1.606540E-8
7.506000E+2	1.034240E-6	2.677560E-8
7.500000E+2	1.075450E-6	-1.071030E-8
7.481000E+2	1.029120E-6	3.632180E-8
7.452000E+2	1.051470E-6	-7.916300E-9
7.429000E+2	1.020270E-6	4.190980E-9
7.403000E+2	1.000480E-6	2.328320E-8
7.375000E+2	9.760330E-7	4.610070E-8
7.352000E+2	1.010260E-6	2.072200E-8
7.326000E+2	9.986180E-7	3.003540E-8
7.302000E+2	9.669530E-7	5.634520E-8
7.274000E+2	1.016310E-6	5.820790E-9
7.245000E+2	9.816210E-7	3.865010E-8
7.220000E+2	1.037270E-6	-2.072200E-8
7.191000E+2	1.003970E-6	1.164160E-8
7.177000E+2	9.909340E-7	1.816090E-8
7.141000E+2	1.014220E-6	1.629830E-8
7.118000E+2	1.002580E-6	1.373710E-8
7.088000E+2	9.809230E-7	3.795160E-8
7.060000E+2	1.029120E-6	-8.847620E-9
7.046000E+2	1.008630E-6	-2.561150E-9
7.002000E+2	1.006530E-6	3.492470E-9
6.997000E+2	9.923310E-7	6.286460E-9
6.947000E+2	9.515820E-7	2.072200E-8
6.936000E+2	9.711440E-7	-1.606540E-8
6.923000E+2	9.890720E-7	-4.470370E-8
6.876000E+2	9.513500E-7	9.313300E-10
6.869000E+2	9.574070E-7	-1.396990E-9
6.817000E+2	9.515820E-7	2.514580E-8
6.812000E+2	1.001180E-6	-9.546110E-9
6.790000E+2	9.802240E-7	1.350420E-8
6.751000E+2	1.002810E-6	1.280570E-8
6.739000E+2	9.955910E-7	2.351600E-8
6.703000E+2	9.762660E-7	2.444730E-8
6.685000E+2	9.408720E-7	5.262000E-8
6.661000E+2	9.322580E-7	5.681090E-8
6.632000E+2	9.620630E-7	-1.187440E-8
6.603000E+2	9.129330E-7	1.164160E-8
6.581000E+2	9.115360E-7	3.492470E-9
6.558000E+2	9.154940E-7	1.559980E-8
6.542000E+2	9.625290E-7	-1.094310E-8
6.505000E+2	9.213140E-7	0.000000E+0
6.493000E+2	9.392420E-7	-9.313280E-9
6.456000E+2	9.462270E-7	1.350420E-8
6.450000E+2	9.769650E-7	-6.519290E-9
6.409000E+2	9.310930E-7	2.374880E-8
6.400000E+2	9.751020E-7	-1.839370E-8
6.365000E+2	9.650900E-7	-6.053630E-9
6.358000E+2	9.716100E-7	-1.769520E-8
6.319000E+2	9.527470E-7	-3.958150E-9
6.309000E+2	9.548460E-7	-1.466840E-8
6.309000E+2	9.548460E-7	-1.466840E-8
6.291000E+2	9.546130E-7	-1.722960E-8
6.221000E+2	8.917450E-7	2.561150E-8
6.216000E+2	9.411050E-7	-2.351600E-8
6.197000E+2	9.005930E-7	1.629830E-8
6.169000E+2	9.047840E-7	5.820790E-9
6.145000E+2	8.777750E-7	9.313280E-9
6.120000E+2	9.026880E-7	-1.373710E-8
6.092000E+2	9.173560E-7	-2.700850E-8
6.069000E+2	9.033870E-7	1.629820E-9
6.040000E+2	9.075770E-7	9.546110E-9
6.015000E+2	9.129330E-7	3.492470E-9
5.989000E+2	8.738170E-7	3.073390E-8
5.965000E+2	8.721870E-7	2.747410E-8
5.965000E+2	8.721870E-7	2.747410E-8
5.911000E+2	8.824320E-7	3.026810E-9
5.884000E+2	8.801030E-7	1.210730E-8
5.877000E+2	8.356330E-7	5.983790E-8
5.833000E+2	8.724200E-7	2.514580E-8
5.828000E+2	8.801030E-7	1.862660E-8
5.784000E+2	8.479730E-7	3.771880E-8
5.769000E+2	8.903480E-7	3.958150E-9
5.726000E+2	8.260870E-7	1.816090E-8
5.715000E+2	8.523970E-7	-1.653110E-8
5.701000E+2	8.286480E-7	3.259640E-9
5.657000E+2	8.568200E-7	-1.559980E-8
5.646000E+2	8.319080E-7	6.984950E-10
5.610000E+2	8.582170E-7	-2.887110E-8
5.595000E+2	8.235260E-7	1.722960E-8
5.569000E+2	8.067620E-7	5.029160E-8
5.546000E+2	8.491370E-7	1.071030E-8
5.518000E+2	8.135140E-7	2.514580E-8
5.494000E+2	8.244570E-7	-1.513410E-8
5.470000E+2	7.837120E-7	-3.259640E-9
5.447000E+2	7.634550E-7	1.164160E-8
5.424000E+2	8.067620E-7	-4.610070E-8
5.395000E+2	7.539090E-7	-2.328320E-10
5.389000E+2	7.876700E-7	-3.585610E-8
5.345000E+2	7.455270E-7	-1.629830E-8
5.335000E+2	7.494850E-7	-3.725320E-9
5.297000E+2	7.576350E-7	9.778940E-9
5.291000E+2	7.681120E-7	9.313300E-10
5.250000E+2	7.606610E-7	1.862660E-8
5.247000E+2	7.785890E-7	4.656640E-9
5.205000E+2	7.920930E-7	-6.984950E-10
5.197000E+2	7.778910E-7	1.699680E-8
5.156000E+2	7.478560E-7	3.166520E-8
5.152000E+2	7.844100E-7	4.656650E-10
5.109000E+2	8.032690E-7	-2.351600E-8
5.104000E+2	7.997770E-7	-3.376070E-8
5.064000E+2	7.820820E-7	-4.400520E-8
5.056000E+2	7.303930E-7	2.561150E-9
5.020000E+2	7.567030E-7	-4.819620E-8
5.006000E+2	7.313250E-7	-3.306220E-8
4.975000E+2	6.938390E-7	6.984950E-9
4.946000E+2	6.894150E-7	5.122300E-9
4.793000E+2	7.180530E-7	-1.466840E-8
4.651000E+2	6.991940E-7	-2.328320E-10
4.506000E+2	6.577500E-7	3.352780E-8
4.139000E+2	6.686930E-7	-2.118770E-8
3.725000E+2	5.669460E-7	1.164160E-8
3.509000E+2	5.490180E-7	6.984950E-10
3.280000E+2	5.564690E-7	-2.305030E-8
2.792000E+2	5.052460E-7	-3.003540E-8
2.261000E+2	3.988410E-7	6.519290E-9
2.261000E+2	3.988410E-7	6.519290E-9
1.719000E+2	3.436600E-7	-3.469200E-8
1.098000E+2	2.351600E-7	-9.778940E-9
8.130000E+1	1.923190E-7	-3.329500E-8
4.520000E+1	9.150290E-8	1.373710E-8
-1.120000E+1	6.076930E-8	-2.631000E-8
-4.100000E+1	2.048920E-8	0.000000E+0
-9.700000E+1	-9.313280E-9	1.979070E-8
-1.263000E+2	-2.817260E-8	8.614790E-9
-1.813000E+2	-1.201420E-7	1.513410E-8
-2.093000E+2	-1.227030E-7	-2.142050E-8
-2.627000E+2	-2.428440E-7	3.445920E-8
-2.890000E+2	-2.610050E-7	-9.546110E-9
-3.400000E+2	-2.610050E-7	-9.546110E-9
