Sample Name, Varga_5_4_36G
Freq, 36, GHz, Power, 10, dBm
SR850: f = 25 Hz; phase = 97 deg; output = 5 V; sens. = 100 uV; tc = 300 ms; 12dB/oct
Field	X	Y
Oe	V	V
*
-6.561000E+2	2.216560E-6	-5.960510E-8
-6.552000E+2	2.145780E-6	4.842900E-8
-6.556000E+2	2.205390E-6	1.117590E-8
-6.546000E+2	2.216560E-6	-3.725320E-9
-6.402000E+2	2.153230E-6	7.078100E-8
-6.309000E+2	2.246360E-6	-1.862660E-8
-6.062000E+2	2.250090E-6	3.352780E-8
-5.935000E+2	2.313420E-6	-7.450640E-9
-5.599000E+2	2.335770E-6	4.842900E-8
-5.449000E+2	2.443800E-6	-3.725320E-9
-5.300000E+2	2.533210E-6	-2.235190E-8
-4.945000E+2	2.633790E-6	0.000000E+0
-4.799000E+2	2.741830E-6	-2.980250E-8
-4.616000E+2	2.779080E-6	1.117590E-8
-4.353000E+2	2.961620E-6	-3.725320E-9
-4.192000E+2	3.039850E-6	-1.117590E-8
-3.960000E+2	3.241020E-6	-5.215430E-8
-3.846000E+2	3.308070E-6	-4.470370E-8
-3.736000E+2	3.393750E-6	-5.215430E-8
-3.531000E+2	3.576290E-6	-4.097840E-8
-3.429000E+2	3.680600E-6	-5.215430E-8
-3.259000E+2	3.762560E-6	1.862660E-8
-3.163000E+2	3.851980E-6	0.000000E+0
-2.982000E+2	4.038240E-6	-7.450640E-9
-2.884000E+2	4.179800E-6	-5.587960E-8
-2.687000E+2	4.295290E-6	-2.235190E-8
-2.588000E+2	4.433120E-6	-7.823160E-8
-2.378000E+2	4.559780E-6	7.450640E-9
-2.284000E+2	4.686440E-6	-3.352780E-8
-2.069000E+2	4.898790E-6	-6.333040E-8
-1.977000E+2	4.958390E-6	-7.450640E-9
-1.851000E+2	5.096230E-6	-2.980250E-8
-1.643000E+2	5.360720E-6	-5.960510E-8
-1.545000E+2	5.435230E-6	-7.450640E-9
-1.342000E+2	5.751880E-6	-5.587960E-8
-1.240000E+2	5.818930E-6	1.862660E-8
-1.044000E+2	6.120680E-6	-4.842900E-8
-9.360000E+1	6.232440E-6	-2.235190E-8
-7.440000E+1	6.612420E-6	-8.568210E-8
-6.160000E+1	6.835940E-6	-9.313270E-8
-4.170000E+1	7.424530E-6	-2.086170E-7
-3.110000E+1	7.621970E-6	-2.756730E-7
-1.170000E+1	6.869460E-6	-4.246850E-7
-6.000000E-1	5.666200E-6	-3.501790E-7
1.870000E+1	1.456600E-6	-4.470370E-8
2.990000E+1	-6.221270E-7	9.313270E-8
4.920000E+1	-3.822180E-6	2.235180E-7
6.030000E+1	-4.977020E-6	2.533220E-7
7.960000E+1	-6.210090E-6	3.054760E-7
9.040000E+1	-6.437330E-6	2.533220E-7
1.101000E+2	-6.660850E-6	2.309690E-7
1.205000E+2	-6.575170E-6	1.452870E-7
1.324000E+2	-6.467130E-6	7.450630E-8
1.535000E+2	-6.306950E-6	6.705570E-8
1.625000E+2	-6.154210E-6	1.117590E-8
1.835000E+2	-5.997750E-6	7.823160E-8
1.925000E+2	-5.807760E-6	1.862660E-8
2.137000E+2	-5.543260E-6	-3.725310E-8
2.228000E+2	-5.453850E-6	-2.980250E-8
2.435000E+2	-5.230340E-6	-3.725320E-9
2.533000E+2	-5.073870E-6	-6.333040E-8
2.666000E+2	-5.055250E-6	2.607710E-8
2.860000E+2	-4.764680E-6	-5.587960E-8
2.990000E+2	-4.712520E-6	-2.980250E-8
3.101000E+2	-4.656640E-6	1.490130E-8
3.326000E+2	-4.380970E-6	-6.705570E-8
3.434000E+2	-4.269210E-6	-3.725310E-8
3.650000E+2	-4.012170E-6	-6.705570E-8
3.762000E+2	-4.012170E-6	2.235190E-8
3.855000E+2	-3.885510E-6	2.235190E-8
4.089000E+2	-3.725300E-6	2.980250E-8
4.190000E+2	-3.647070E-6	3.352780E-8
4.397000E+2	-3.442180E-6	0.000000E+0
4.492000E+2	-3.360230E-6	-2.980250E-8
4.591000E+2	-3.315520E-6	-2.980250E-8
4.828000E+2	-3.166510E-6	-5.587960E-8
4.920000E+2	-3.077100E-6	-7.823160E-8
5.131000E+2	-2.972800E-6	-6.705570E-8
5.228000E+2	-2.995150E-6	2.980250E-8
5.433000E+2	-2.820060E-6	-5.960510E-8
5.535000E+2	-2.790260E-6	-5.587960E-8
5.736000E+2	-2.741830E-6	3.725320E-9
5.844000E+2	-2.693400E-6	2.980250E-8
6.042000E+2	-2.492230E-6	-7.078100E-8
6.172000E+2	-2.477330E-6	-3.352780E-8
6.377000E+2	-2.354400E-6	-4.470370E-8
6.483000E+2	-2.376750E-6	2.980250E-8
6.592000E+2	-2.294790E-6	-2.607710E-8
6.813000E+2	-2.246360E-6	-4.842900E-8
6.928000E+2	-2.261270E-6	0.000000E+0
7.125000E+2	-2.227740E-6	2.980250E-8
7.238000E+2	-2.168130E-6	2.607710E-8
7.457000E+2	-2.060100E-6	-3.352780E-8
7.573000E+2	-2.060100E-6	-3.725320E-9
7.701000E+2	-2.067550E-6	2.607710E-8
7.906000E+2	-1.981870E-6	-2.607710E-8
8.038000E+2	-2.030300E-6	3.725310E-8
8.236000E+2	-1.966970E-6	-2.235190E-8
8.349000E+2	-1.903630E-6	-9.685800E-8
8.441000E+2	-1.966970E-6	-1.117590E-8
8.685000E+2	-1.940890E-6	-3.725320E-9
8.782000E+2	-1.896180E-6	-4.842900E-8
8.998000E+2	-1.873830E-6	-3.352780E-8
9.092000E+2	-1.821670E-6	-8.195680E-8
9.310000E+2	-1.806770E-6	-1.229350E-7
9.404000E+2	-1.873830E-6	-5.215430E-8
9.626000E+2	-1.784420E-6	-9.685800E-8
9.722000E+2	-1.814220E-6	-3.725310E-8
9.839000E+2	-1.743440E-6	-8.568210E-8
1.006300E+3	-1.743440E-6	-5.960510E-8
1.017400E+3	-1.769520E-6	-4.097840E-8
1.040700E+3	-1.739720E-6	-7.450630E-8
1.052000E+3	-1.728540E-6	-5.960510E-8
1.065300E+3	-1.769520E-6	-1.117590E-8
1.085400E+3	-1.765790E-6	1.862660E-8
1.097000E+3	-1.713640E-6	-3.352780E-8
1.117700E+3	-1.732270E-6	7.450640E-9
1.128600E+3	-1.717370E-6	0.000000E+0
1.151400E+3	-1.735990E-6	-2.980250E-8
1.162900E+3	-1.743440E-6	-3.352780E-8
1.183000E+3	-1.776970E-6	1.862660E-8
1.194000E+3	-1.754620E-6	0.000000E+0
1.214400E+3	-1.765790E-6	1.117590E-8
1.224700E+3	-1.724820E-6	-3.352780E-8
1.245400E+3	-1.780700E-6	-2.235190E-8
1.255100E+3	-1.743440E-6	-4.842900E-8
1.276300E+3	-1.791870E-6	7.450640E-9
1.285500E+3	-1.728540E-6	-4.842900E-8
1.295900E+3	-1.769520E-6	-3.725320E-9
1.319300E+3	-1.791870E-6	0.000000E+0
1.328900E+3	-1.754620E-6	-3.725310E-8
1.340300E+3	-1.728540E-6	-6.705570E-8
1.362100E+3	-1.747170E-6	-6.705570E-8
1.373100E+3	-1.765790E-6	-5.215430E-8
1.395200E+3	-1.747170E-6	-5.960510E-8
1.405400E+3	-1.840300E-6	2.980250E-8
1.425000E+3	-1.855200E-6	4.842900E-8
1.437200E+3	-1.851480E-6	6.333040E-8
1.448400E+3	-1.803050E-6	1.490130E-8
1.467400E+3	-1.881280E-6	6.333040E-8
1.478600E+3	-1.832850E-6	1.862660E-8
1.498000E+3	-1.873830E-6	3.725310E-8
1.508700E+3	-1.791870E-6	-4.842900E-8
1.528700E+3	-1.862650E-6	3.725310E-8
1.538800E+3	-1.817950E-6	7.450640E-9
1.559300E+3	-1.758340E-6	-2.607710E-8
1.571900E+3	-1.810500E-6	2.980250E-8
1.580800E+3	-1.765790E-6	-3.725310E-8
1.604900E+3	-1.873830E-6	2.980250E-8
1.613800E+3	-1.799320E-6	-6.705570E-8
1.637800E+3	-1.892450E-6	7.450640E-9
1.646800E+3	-1.836580E-6	-5.587960E-8
1.656900E+3	-1.791870E-6	-9.685800E-8
1.680000E+3	-1.858930E-6	-1.117590E-8
1.689500E+3	-1.840300E-6	-6.333040E-8
1.702600E+3	-1.885000E-6	-2.980250E-8
1.722300E+3	-1.858930E-6	-4.842900E-8
1.735100E+3	-1.892450E-6	-1.490130E-8
1.746300E+3	-1.955790E-6	2.980250E-8
1.767500E+3	-1.985590E-6	1.862660E-8
1.778700E+3	-1.966970E-6	-3.352780E-8
1.797900E+3	-1.955790E-6	-4.842900E-8
1.809100E+3	-1.914810E-6	-7.078100E-8
1.828300E+3	-1.966970E-6	0.000000E+0
1.839300E+3	-1.903630E-6	-5.960510E-8
1.858900E+3	-1.918540E-6	-5.587960E-8
1.871900E+3	-1.993040E-6	2.235190E-8
1.881300E+3	-1.937170E-6	-2.607710E-8
1.902300E+3	-1.970690E-6	-4.097840E-8
1.911300E+3	-1.966970E-6	-6.705570E-8
1.935400E+3	-2.045200E-6	1.862660E-8
1.944300E+3	-1.978140E-6	-2.980250E-8
1.965100E+3	-2.034020E-6	1.862660E-8
1.974200E+3	-2.037750E-6	-3.725320E-9
1.995400E+3	-2.048920E-6	-1.862660E-8
2.004400E+3	-2.004220E-6	-6.333040E-8
2.025600E+3	-2.078730E-6	7.450640E-9
2.037700E+3	-2.041470E-6	-3.352780E-8
2.048500E+3	-2.075000E-6	0.000000E+0
2.070700E+3	-2.048920E-6	0.000000E+0
2.080800E+3	-2.030300E-6	-3.352780E-8
2.100800E+3	-2.041470E-6	-5.215430E-8
2.111500E+3	-2.101080E-6	-1.117590E-8
2.122000E+3	-2.093630E-6	-3.352780E-8
2.143500E+3	-2.119700E-6	-5.215430E-8
2.154700E+3	-2.179310E-6	0.000000E+0
2.173900E+3	-2.190490E-6	2.235190E-8
2.184600E+3	-2.138330E-6	-4.470370E-8
2.206200E+3	-2.224010E-6	2.607710E-8
2.217400E+3	-2.205390E-6	-3.725320E-9
2.229700E+3	-2.220290E-6	-1.490130E-8
2.249800E+3	-2.257540E-6	-2.980250E-8
2.262700E+3	-2.302240E-6	7.450640E-9
2.271600E+3	-2.238910E-6	-7.450630E-8
2.295800E+3	-2.317150E-6	2.980250E-8
2.304700E+3	-2.224010E-6	-4.842900E-8
2.328400E+3	-2.302240E-6	3.352780E-8
2.337800E+3	-2.212840E-6	-4.097840E-8
2.347600E+3	-2.291070E-6	2.980250E-8
2.370900E+3	-2.250090E-6	-5.960510E-8
2.380800E+3	-2.320870E-6	0.000000E+0
2.403800E+3	-2.309690E-6	-3.352780E-8
2.413000E+3	-2.305970E-6	-4.470370E-8
2.425900E+3	-2.268720E-6	-7.823160E-8
2.445600E+3	-2.283620E-6	-5.587960E-8
2.456500E+3	-2.291070E-6	-4.470370E-8
2.469400E+3	-2.335770E-6	-3.352780E-8
2.490600E+3	-2.346950E-6	-4.470370E-8
2.501700E+3	-2.436350E-6	-7.450640E-9
2.511600E+3	-2.373020E-6	-7.450630E-8
2.534800E+3	-2.454980E-6	1.490130E-8
2.544500E+3	-2.399100E-6	-5.215430E-8
2.556400E+3	-2.395380E-6	-6.333040E-8
2.580000E+3	-2.451260E-6	-2.235190E-8
2.589200E+3	-2.492230E-6	1.862660E-8
2.610200E+3	-2.410280E-6	-6.705570E-8
2.622400E+3	-2.510860E-6	2.607710E-8
2.642700E+3	-2.525760E-6	3.725320E-9
2.652400E+3	-2.477330E-6	-5.215430E-8
2.652400E+3	-2.477330E-6	-5.215430E-8
2.685700E+3	-2.495960E-6	-5.215430E-8
2.694800E+3	-2.514590E-6	-5.215430E-8
2.716000E+3	-2.533210E-6	-6.705570E-8
2.727900E+3	-2.581640E-6	-4.470370E-8
2.738500E+3	-2.618890E-6	-1.490130E-8
2.752200E+3	-2.603990E-6	-2.980250E-8
2.776300E+3	-2.581640E-6	-8.568210E-8
2.786700E+3	-2.618890E-6	-6.333040E-8
2.797400E+3	-2.596540E-6	-7.078100E-8
2.818900E+3	-2.671050E-6	-3.725320E-9
2.832000E+3	-2.712030E-6	0.000000E+0
2.851200E+3	-2.704580E-6	-4.470370E-8
2.862200E+3	-2.700850E-6	-6.705570E-8
2.875000E+3	-2.715750E-6	-5.587960E-8
2.896700E+3	-2.790260E-6	-7.450640E-9
2.907700E+3	-2.760450E-6	-4.097840E-8
2.919700E+3	-2.827510E-6	1.117590E-8
2.941800E+3	-2.875940E-6	1.862660E-8
2.941800E+3	-2.875940E-6	1.862660E-8
2.961400E+3	-2.823780E-6	-7.450630E-8
2.985300E+3	-2.913190E-6	-3.725320E-9
2.997600E+3	-2.890840E-6	-5.960510E-8
2.997600E+3	-2.890840E-6	-5.960510E-8
3.027800E+3	-2.983970E-6	1.490130E-8
3.039900E+3	-2.916920E-6	-6.705570E-8
3.060800E+3	-3.021220E-6	3.725310E-8
3.072800E+3	-2.950440E-6	-3.352780E-8
3.083600E+3	-3.036130E-6	2.980250E-8
3.103000E+3	-3.051030E-6	4.470370E-8
3.115800E+3	-2.961620E-6	-4.842900E-8
3.136000E+3	-3.088280E-6	2.980250E-8
3.148300E+3	-3.024950E-6	-5.587960E-8
3.159500E+3	-3.132980E-6	3.352780E-8
3.178800E+3	-3.140430E-6	3.725310E-8
3.191900E+3	-3.144160E-6	3.352780E-8
3.202400E+3	-3.077100E-6	-4.097840E-8
3.224400E+3	-3.170240E-6	3.725320E-9
3.235700E+3	-3.125530E-6	-4.842900E-8
3.258000E+3	-3.229840E-6	-7.450640E-9
3.268900E+3	-3.233570E-6	-4.842900E-8
3.281000E+3	-3.282000E-6	0.000000E+0
3.301600E+3	-3.237290E-6	-8.568210E-8
3.314000E+3	-3.330420E-6	0.000000E+0
3.322800E+3	-3.274540E-6	-5.960510E-8
3.346700E+3	-3.404930E-6	4.842900E-8
3.355700E+3	-3.337870E-6	-3.725310E-8
3.376800E+3	-3.412380E-6	-3.725320E-9
3.385700E+3	-3.453360E-6	7.450640E-9
3.398200E+3	-3.453360E-6	-1.117590E-8
3.418800E+3	-3.486890E-6	2.607710E-8
3.431500E+3	-3.460810E-6	-2.235190E-8
3.441900E+3	-3.535320E-6	2.980250E-8
3.464100E+3	-3.531590E-6	-4.097840E-8
3.475400E+3	-3.539040E-6	-2.980250E-8
3.497200E+3	-3.565120E-6	-4.470370E-8
3.507900E+3	-3.643350E-6	2.980250E-8
3.520900E+3	-3.621000E-6	-2.607710E-8
3.542400E+3	-3.602370E-6	-1.043090E-7
3.553100E+3	-3.136710E-6	-2.868490E-7
3.566100E+3	-3.106910E-6	-3.092010E-7
3.587900E+3	-3.337870E-6	-1.937160E-7
3.599000E+3	-3.419830E-6	-2.160680E-7
3.611300E+3	-3.524140E-6	-1.564630E-7
3.631500E+3	-3.673150E-6	-1.005830E-7
3.644300E+3	-3.814730E-6	7.450640E-9
3.653300E+3	-3.874330E-6	1.862660E-8
3.676800E+3	-3.948840E-6	2.235190E-8
3.686400E+3	-3.948840E-6	-2.235190E-8
3.709200E+3	-4.004720E-6	-3.352780E-8
3.719500E+3	-3.952560E-6	-9.685800E-8
3.728500E+3	-4.075500E-6	-3.725320E-9
3.755200E+3	-4.086670E-6	-5.215430E-8
3.764100E+3	-4.056870E-6	-9.685800E-8
3.774400E+3	-4.157450E-6	-1.862660E-8
3.797300E+3	-4.150000E-6	-7.823160E-8
3.809300E+3	-4.164900E-6	-7.450630E-8
3.820000E+3	-4.258040E-6	0.000000E+0
3.842600E+3	-4.250590E-6	-6.333040E-8
3.852400E+3	-4.321370E-6	-2.235190E-8
3.866400E+3	-4.384700E-6	1.117590E-8
3.878900E+3	-4.369790E-6	-6.705570E-8
3.890800E+3	-4.392150E-6	-7.078100E-8
3.916400E+3	-4.436850E-6	-9.685800E-8
3.927000E+3	-4.444300E-6	-1.043090E-7
3.948700E+3	-4.477830E-6	-8.568210E-8
3.960000E+3	-4.533710E-6	-4.470370E-8
3.979400E+3	-4.652920E-6	7.450640E-9
3.992500E+3	-4.682720E-6	7.450640E-9
4.002300E+3	-4.619390E-6	-6.705570E-8
4.025900E+3	-4.764680E-6	2.980250E-8
4.035300E+3	-4.712520E-6	-6.705570E-8
4.047300E+3	-4.753500E-6	-7.450630E-8
4.068500E+3	-4.876430E-6	-2.980250E-8
4.077600E+3	-4.928590E-6	-1.862660E-8
4.090600E+3	-4.950940E-6	-3.725310E-8
4.116700E+3	-5.036620E-6	-3.725310E-8
4.125800E+3	-4.973290E-6	-1.229350E-7
4.136200E+3	-5.114850E-6	0.000000E+0
4.159200E+3	-5.103680E-6	-7.450630E-8
4.169800E+3	-5.133480E-6	-7.078100E-8
4.192200E+3	-5.226610E-6	-5.215430E-8
4.201900E+3	-5.226610E-6	-9.685800E-8
4.213000E+3	-5.349550E-6	-1.490130E-8
4.232300E+3	-5.412880E-6	-3.352780E-8
4.243100E+3	-5.371900E-6	-1.043090E-7
4.255100E+3	-5.442680E-6	-7.823160E-8
4.277600E+3	-5.558160E-6	7.450640E-9
4.288100E+3	-5.502280E-6	-5.587960E-8
4.309800E+3	-5.681100E-6	5.960510E-8
4.324000E+3	-5.744430E-6	5.215430E-8
4.333200E+3	-5.703450E-6	-2.607710E-8
4.356100E+3	-5.841280E-6	4.842900E-8
4.369100E+3	-5.811480E-6	-2.980250E-8
4.380800E+3	-5.848730E-6	-3.725310E-8
4.390700E+3	-5.964220E-6	4.470370E-8
4.413900E+3	-6.027550E-6	0.000000E+0
4.423200E+3	-6.075980E-6	0.000000E+0
4.446800E+3	-6.150480E-6	7.450640E-9
4.455900E+3	-6.139310E-6	-2.980250E-8
4.466900E+3	-6.184010E-6	3.725320E-9
4.492100E+3	-6.359100E-6	6.333040E-8
4.501300E+3	-6.314400E-6	-4.842900E-8
4.512500E+3	-6.377730E-6	-5.587960E-8
4.534700E+3	-6.523010E-6	-6.705570E-8
4.545800E+3	-6.627320E-6	-1.490130E-8
4.558600E+3	-6.686930E-6	7.450640E-9
4.578300E+3	-6.683200E-6	-6.333040E-8
4.591300E+3	-6.783780E-6	0.000000E+0
4.600700E+3	-6.783780E-6	-5.587960E-8
4.623800E+3	-6.940240E-6	1.862660E-8
4.634100E+3	-6.906720E-6	-7.450630E-8
4.646300E+3	-7.014750E-6	-2.235190E-8
4.667400E+3	-7.070630E-6	-7.823160E-8
4.676700E+3	-7.186110E-6	-1.117590E-8
4.700400E+3	-7.353750E-6	3.725310E-8
4.709300E+3	-7.383550E-6	-1.862660E-8
4.720200E+3	-7.469240E-6	2.607710E-8
4.742300E+3	-7.443160E-6	-7.078100E-8
4.752300E+3	-7.599620E-6	2.607710E-8
4.778300E+3	-7.756110E-6	6.333040E-8
4.787300E+3	-7.759840E-6	-1.862660E-8
4.797800E+3	-7.852970E-6	-1.117590E-8
4.820600E+3	-7.927480E-6	1.862660E-8
4.830400E+3	-8.050410E-6	4.842900E-8
4.854000E+3	-8.188250E-6	4.842900E-8
4.864100E+3	-8.221770E-6	2.980250E-8
4.875400E+3	-8.277650E-6	4.470370E-8
4.884600E+3	-8.300000E-6	7.450640E-9
4.909900E+3	-8.389410E-6	-3.352780E-8
4.920800E+3	-8.553320E-6	7.450630E-8
4.940400E+3	-8.694890E-6	3.725310E-8
4.953800E+3	-8.806640E-6	7.450630E-8
4.972300E+3	-8.825270E-6	-3.352780E-8
4.983200E+3	-8.892330E-6	-4.842900E-8
4.992100E+3	-9.059960E-6	4.470370E-8
5.016100E+3	-9.127020E-6	-1.117590E-8
5.025000E+3	-9.227600E-6	5.960510E-8
5.048800E+3	-9.346810E-6	6.705570E-8
5.058100E+3	-9.395240E-6	7.450640E-9
5.070500E+3	-9.413870E-6	-7.450630E-8
5.091800E+3	-9.592680E-6	-7.823160E-8
5.101100E+3	-9.741690E-6	7.450640E-9
5.112400E+3	-9.793850E-6	-3.725310E-8
5.137300E+3	-9.980110E-6	-4.470370E-8
5.146700E+3	-1.006580E-5	-3.725320E-9
5.158000E+3	-1.012540E-5	-2.235190E-8
5.180100E+3	-1.023340E-5	-4.470370E-8
5.191300E+3	-1.033400E-5	-2.235190E-8
5.210700E+3	-1.046810E-5	7.450640E-9
5.221700E+3	-1.059110E-5	2.980250E-8
5.243400E+3	-1.070280E-5	-4.842900E-8
5.254700E+3	-1.085930E-5	2.607710E-8
5.274100E+3	-1.099710E-5	1.862660E-8
5.287400E+3	-1.111630E-5	3.725310E-8
5.297700E+3	-1.108280E-5	-8.568210E-8
5.309600E+3	-1.116850E-5	-7.823160E-8
5.335700E+3	-1.136220E-5	-1.117590E-8
5.345900E+3	-1.150000E-5	7.450630E-8
5.354800E+3	-1.152610E-5	4.470370E-8
5.378900E+3	-1.166020E-5	8.195680E-8
5.387800E+3	-1.171610E-5	5.587960E-8
5.400400E+3	-1.174960E-5	2.235190E-8
5.424200E+3	-1.181300E-5	-3.725310E-8
5.436200E+3	-1.189490E-5	-2.235190E-8
5.457100E+3	-1.212960E-5	4.470370E-8
5.466300E+3	-1.208490E-5	-5.215430E-8
5.478600E+3	-1.214450E-5	-1.117590E-8
5.499700E+3	-1.219290E-5	-2.980250E-8
5.509000E+3	-1.222650E-5	-2.980250E-8
5.523000E+3	-1.234940E-5	6.333040E-8
5.542200E+3	-1.228980E-5	-1.490130E-8
5.552600E+3	-1.240530E-5	8.195680E-8
5.574800E+3	-1.244250E-5	4.470370E-8
5.586200E+3	-1.245000E-5	7.078100E-8
5.605700E+3	-1.232330E-5	-1.490130E-8
5.618800E+3	-1.237550E-5	7.450640E-9
5.629700E+3	-1.237550E-5	1.862660E-8
5.651400E+3	-1.232330E-5	-1.117590E-8
5.662700E+3	-1.231960E-5	1.117590E-8
5.671800E+3	-1.233450E-5	3.725310E-8
5.695700E+3	-1.218180E-5	-1.862660E-8
5.707800E+3	-1.223390E-5	8.940740E-8
5.728200E+3	-1.209980E-5	5.587960E-8
5.737900E+3	-1.202160E-5	3.352780E-8
5.749900E+3	-1.188000E-5	-2.235190E-8
5.771000E+3	-1.175330E-5	5.215430E-8
5.780100E+3	-1.165650E-5	2.607710E-8
5.801300E+3	-1.139570E-5	-2.980250E-8
5.813300E+3	-1.126530E-5	-2.235190E-8
5.834500E+3	-1.112000E-5	9.313270E-8
5.843600E+3	-1.095610E-5	3.352780E-8
5.854700E+3	-1.084810E-5	7.823160E-8
5.876800E+3	-1.038990E-5	-3.725320E-9
5.887100E+3	-1.017760E-5	-1.490130E-8
5.901000E+3	-1.010300E-5	1.005830E-7
5.919500E+3	-9.592680E-6	2.235190E-8
5.933500E+3	-9.439940E-6	8.940740E-8
5.943000E+3	-9.130740E-6	0.000000E+0
5.965900E+3	-8.802920E-6	8.568210E-8
5.976300E+3	-8.508620E-6	1.862660E-8
5.988300E+3	-8.273930E-6	1.117590E-8
6.011500E+3	-7.797090E-6	9.313270E-8
6.021600E+3	-7.454330E-6	1.117590E-8
6.042000E+3	-7.033380E-6	8.940740E-8
6.051600E+3	-6.716730E-6	1.862660E-8
6.072700E+3	-6.217540E-6	7.078100E-8
6.084900E+3	-5.953040E-6	6.705570E-8
6.094100E+3	-5.699720E-6	8.195680E-8
6.118200E+3	-5.118580E-6	9.313270E-8
6.127300E+3	-4.813100E-6	7.450630E-8
6.137800E+3	-4.462930E-6	1.117590E-8
6.160600E+3	-3.956290E-6	3.352780E-8
6.171500E+3	-3.602370E-6	0.000000E+0
6.193700E+3	-3.077100E-6	1.490130E-8
6.203800E+3	-2.715750E-6	-2.235190E-8
6.217000E+3	-2.525760E-6	4.470370E-8
6.236300E+3	-1.903630E-6	-2.607710E-8
6.247500E+3	-1.650310E-6	4.097840E-8
6.269200E+3	-1.084070E-6	-2.607710E-8
6.280000E+3	-9.015240E-7	5.587960E-8
6.299400E+3	-3.613550E-7	7.450640E-9
6.310700E+3	-1.825400E-7	6.333040E-8
6.330100E+3	3.166510E-7	7.078100E-8
6.341500E+3	6.333030E-7	0.000000E+0
6.351000E+3	8.307430E-7	4.470370E-8
6.374500E+3	1.318760E-6	7.450630E-8
6.384700E+3	1.564630E-6	2.235190E-8
6.405400E+3	2.048920E-6	4.097840E-8
6.418100E+3	2.257540E-6	3.352780E-8
6.427200E+3	2.536940E-6	-2.980250E-8
6.451100E+3	2.913190E-6	7.078100E-8
6.460100E+3	3.162790E-6	1.117590E-8
6.471200E+3	3.408660E-6	0.000000E+0
6.493100E+3	3.799810E-6	1.862660E-8
6.503400E+3	4.034520E-6	1.490130E-8
6.526200E+3	4.354890E-6	1.862660E-8
6.535800E+3	4.541160E-6	0.000000E+0
6.548900E+3	4.682720E-6	1.862660E-8
6.568500E+3	5.051520E-6	0.000000E+0
6.581300E+3	5.241510E-6	-3.725320E-9
6.592500E+3	5.375620E-6	3.725310E-8
6.613900E+3	5.796580E-6	-1.490130E-8
6.625100E+3	5.900890E-6	4.097840E-8
6.647300E+3	6.299490E-6	-4.470370E-8
6.658600E+3	6.381450E-6	3.725320E-9
6.668200E+3	6.549090E-6	1.490130E-8
6.691400E+3	6.858290E-6	-1.490130E-8
6.701700E+3	6.992400E-6	7.450640E-9
6.723800E+3	7.309050E-6	-3.352780E-8
6.734900E+3	7.476690E-6	-5.215430E-8
6.747100E+3	7.625700E-6	-5.960510E-8
6.767700E+3	7.949830E-6	-9.313270E-8
6.780400E+3	8.117470E-6	-9.685800E-8
6.789500E+3	8.214320E-6	-7.078100E-8
6.810700E+3	8.512350E-6	-1.043090E-7
6.831100E+3	8.702340E-6	-1.862660E-8
6.840900E+3	8.888600E-6	-7.078100E-8
6.850400E+3	8.970560E-6	-7.450640E-9
6.870800E+3	9.268580E-6	-5.960510E-8
6.881000E+3	9.339360E-6	0.000000E+0
6.901200E+3	9.626210E-6	-2.235190E-8
6.911900E+3	9.726790E-6	0.000000E+0
6.931400E+3	1.008440E-5	-5.960510E-8
6.944200E+3	1.021110E-5	-5.587960E-8
6.964500E+3	1.050910E-5	-4.097840E-8
6.976800E+3	1.070280E-5	-6.705570E-8
6.988100E+3	1.081830E-5	-1.862660E-8
7.010400E+3	1.119080E-5	-7.823160E-8
7.021800E+3	1.130260E-5	-3.725310E-8
7.031300E+3	1.150380E-5	-5.587960E-8
7.054400E+3	1.183530E-5	-5.587960E-8
7.064700E+3	1.204760E-5	-9.685800E-8
7.085200E+3	1.231590E-5	-4.842900E-8
7.094900E+3	1.256920E-5	-8.568210E-8
7.117700E+3	1.287090E-5	-8.195680E-8
7.128200E+3	1.306470E-5	-8.568210E-8
7.148400E+3	1.344840E-5	-8.195680E-8
7.158500E+3	1.363460E-5	-1.043090E-7
7.167800E+3	1.380230E-5	-8.568210E-8
7.191600E+3	1.424560E-5	-1.043090E-7
7.200700E+3	1.445050E-5	-1.341110E-7
7.224700E+3	1.484910E-5	-1.192100E-7
7.234100E+3	1.508000E-5	-1.490130E-7
7.244400E+3	1.529240E-5	-1.229350E-7
7.264700E+3	1.570220E-5	-1.527380E-7
7.275500E+3	1.589220E-5	-1.341110E-7
7.298000E+3	1.642490E-5	-1.750900E-7
7.309000E+3	1.661490E-5	-1.601880E-7
7.328300E+3	1.711780E-5	-1.899910E-7
7.339400E+3	1.732640E-5	-1.825400E-7
7.358700E+3	1.782560E-5	-2.384200E-7
7.369900E+3	1.803800E-5	-2.123420E-7
7.379200E+3	1.832480E-5	-2.272440E-7
7.402500E+3	1.885750E-5	-2.086170E-7
7.412500E+3	1.914440E-5	-2.309690E-7
7.433500E+3	1.963980E-5	-2.235180E-7
7.443000E+3	1.991550E-5	-2.421460E-7
7.464400E+3	2.047430E-5	-2.533220E-7
7.473600E+3	2.075000E-5	-2.644970E-7
7.494900E+3	2.139820E-5	-2.570470E-7
7.507000E+3	2.171480E-5	-2.644970E-7
7.516700E+3	2.202400E-5	-2.756730E-7
7.540100E+3	2.270580E-5	-2.570470E-7
7.549100E+3	2.302240E-5	-2.793990E-7
7.573100E+3	2.372280E-5	-3.017500E-7
7.582200E+3	2.405060E-5	-3.278270E-7
7.592700E+3	2.444920E-5	-3.501790E-7
7.615500E+3	2.513840E-5	-3.613550E-7
7.625300E+3	2.547740E-5	-3.688060E-7
7.645800E+3	2.620010E-5	-3.650800E-7
7.656100E+3	2.652420E-5	-3.650800E-7
7.676200E+3	2.725430E-5	-3.837070E-7
7.686900E+3	2.760080E-5	-3.874320E-7
7.706400E+3	2.835330E-5	-4.097840E-7
7.717500E+3	2.870350E-5	-4.172340E-7
7.737000E+3	2.941870E-5	-4.209600E-7
7.748300E+3	2.982850E-5	-4.321350E-7
7.757700E+3	3.024950E-5	-4.284100E-7
7.781000E+3	3.106540E-5	-4.321350E-7
7.791200E+3	3.144170E-5	-4.321350E-7
7.811800E+3	3.220540E-5	-4.433110E-7
7.821600E+3	3.258530E-5	-4.470370E-7
7.842700E+3	3.339370E-5	-4.544870E-7
7.851900E+3	3.373270E-5	-4.433110E-7
7.862100E+3	3.417230E-5	-4.619380E-7
7.885200E+3	3.495090E-5	-4.544870E-7
7.894700E+3	3.535700E-5	-4.954670E-7
7.918500E+3	3.613180E-5	-5.103680E-7
7.927600E+3	3.648200E-5	-4.991930E-7
7.938700E+3	3.688060E-5	-5.066430E-7
7.961100E+3	3.755490E-5	-5.327200E-7
7.972300E+3	3.792000E-5	-5.811490E-7
7.991200E+3	3.854580E-5	-5.886000E-7
8.002100E+3	3.885500E-5	-5.625220E-7
8.024500E+3	3.941750E-5	-5.625220E-7
8.035500E+3	3.973050E-5	-5.886000E-7
8.045700E+3	4.001730E-5	-5.960500E-7
8.067800E+3	4.056120E-5	-6.295780E-7
8.078700E+3	4.074370E-5	-6.221270E-7
8.098800E+3	4.117590E-5	-6.295780E-7
8.111800E+3	4.142920E-5	-6.631050E-7
8.121300E+3	4.157450E-5	-6.146770E-7
8.144700E+3	4.192840E-5	-7.040840E-7
8.154900E+3	4.201030E-5	-6.891820E-7
8.175500E+3	4.225990E-5	-7.264350E-7
8.185300E+3	4.232700E-5	-6.817320E-7
8.206400E+3	4.250210E-5	-7.264350E-7
8.215500E+3	4.255790E-5	-7.003580E-7
8.238800E+3	4.265110E-5	-7.376110E-7
8.248800E+3	4.266230E-5	-7.487870E-7
8.260800E+3	4.262500E-5	-6.966330E-7
8.282100E+3	4.266230E-5	-7.674130E-7
8.294100E+3	4.259150E-5	-7.301610E-7
8.304000E+3	4.256540E-5	-7.376110E-7
8.327600E+3	4.245360E-5	-7.376110E-7
8.337800E+3	4.240150E-5	-7.636880E-7
8.349000E+3	4.230460E-5	-7.748640E-7
8.370800E+3	4.205500E-5	-7.599630E-7
8.382000E+3	4.193960E-5	-7.748640E-7
8.403800E+3	4.170490E-5	-7.785890E-7
8.414700E+3	4.157820E-5	-7.823150E-7
8.427600E+3	4.148510E-5	-7.972160E-7
8.447000E+3	4.110140E-5	-7.450620E-7
8.460200E+3	4.097840E-5	-7.972160E-7
8.470200E+3	4.080330E-5	-8.009410E-7
8.492400E+3	4.035630E-5	-7.748640E-7
8.506300E+3	4.024450E-5	-8.195680E-7
8.526200E+3	3.984590E-5	-8.009410E-7
8.536700E+3	3.968200E-5	-8.232930E-7
8.545900E+3	3.941380E-5	-7.897650E-7
8.570000E+3	3.899660E-5	-8.270180E-7
8.579400E+3	3.871720E-5	-8.270180E-7
8.603000E+3	3.822540E-5	-8.158420E-7
8.612900E+3	3.792000E-5	-8.158420E-7
8.625100E+3	3.764430E-5	-7.748640E-7
8.646400E+3	3.710780E-5	-8.046660E-7
8.658600E+3	3.679490E-5	-7.785890E-7
8.679700E+3	3.624730E-5	-8.083920E-7
8.688900E+3	3.592320E-5	-7.711390E-7
8.699300E+3	3.562890E-5	-7.860400E-7
8.719400E+3	3.504400E-5	-7.636880E-7
8.730400E+3	3.475720E-5	-7.450620E-7
8.749900E+3	3.412390E-5	-7.338860E-7
8.761200E+3	3.373270E-5	-7.152590E-7
8.783100E+3	3.302490E-5	-7.189850E-7
8.793900E+3	3.261510E-5	-7.152590E-7
8.807600E+3	3.224630E-5	-7.152590E-7
8.826600E+3	3.153850E-5	-7.227100E-7
8.837800E+3	3.111010E-5	-7.152590E-7
8.860200E+3	3.029420E-5	-6.780060E-7
8.871200E+3	2.993280E-5	-6.817320E-7
8.880400E+3	2.950070E-5	-6.742810E-7
8.904200E+3	2.864010E-5	-6.891820E-7
8.913700E+3	2.821170E-5	-6.705560E-7
8.934800E+3	2.734370E-5	-6.519290E-7
8.944100E+3	2.689670E-5	-6.444790E-7
8.967500E+3	2.605110E-5	-6.258520E-7
8.977200E+3	2.549600E-5	-6.370280E-7
8.989200E+3	2.504900E-5	-6.109510E-7
9.010300E+3	2.416980E-5	-5.848740E-7
9.019400E+3	2.368180E-5	-5.699730E-7
9.040500E+3	2.280630E-5	-5.401710E-7
9.049900E+3	2.236300E-5	-5.327200E-7
9.070900E+3	2.144660E-5	-4.917420E-7
9.081000E+3	2.090270E-5	-4.731140E-7
9.092200E+3	2.040350E-5	-4.693880E-7
9.114000E+3	1.940890E-5	-4.470370E-7
9.125200E+3	1.895070E-5	-4.433110E-7
9.144800E+3	1.801560E-5	-4.470370E-7
9.156100E+3	1.749780E-5	-4.284100E-7
9.175600E+3	1.655160E-5	-4.135090E-7
9.186700E+3	1.608590E-5	-4.060580E-7
9.208300E+3	1.502040E-5	-4.060580E-7
9.219600E+3	1.450260E-5	-3.576300E-7
9.229200E+3	1.390280E-5	-3.501790E-7
9.252500E+3	1.293050E-5	-2.980250E-7
9.262800E+3	1.232330E-5	-2.905740E-7
9.285200E+3	1.139570E-5	-3.092010E-7
9.296400E+3	1.076610E-5	-2.644970E-7
9.308600E+3	1.031540E-5	-2.868490E-7
9.330000E+3	9.369160E-6	-2.235180E-7
9.339100E+3	8.951930E-6	-2.533220E-7
9.360200E+3	7.983360E-6	-2.495960E-7
9.369400E+3	7.566090E-6	-2.495960E-7
9.390300E+3	6.660850E-6	-2.570470E-7
9.399400E+3	6.124410E-6	-1.899910E-7
9.420600E+3	5.334640E-6	-2.086170E-7
9.430000E+3	4.906240E-6	-1.974410E-7
9.451100E+3	3.933940E-6	-1.341110E-7
9.463800E+3	3.494340E-6	-1.564630E-7
9.475200E+3	2.983970E-6	-6.333040E-8
9.494900E+3	2.209110E-6	-7.450630E-8
9.506100E+3	1.754620E-6	-2.607710E-8
9.527800E+3	9.201500E-7	-6.333040E-8
9.539000E+3	4.582130E-7	1.862660E-8
9.558500E+3	-2.644970E-7	0.000000E+0
9.569700E+3	-7.152590E-7	3.725320E-9
9.582200E+3	-1.151120E-6	4.097840E-8
9.602500E+3	-1.858930E-6	1.490130E-8
9.615500E+3	-2.313420E-6	7.450630E-8
9.635100E+3	-3.021220E-6	1.005830E-7
9.646000E+3	-3.296900E-6	7.078100E-8
9.655200E+3	-3.550220E-6	4.842900E-8
9.679500E+3	-4.358620E-6	1.937160E-7
9.688900E+3	-4.574690E-6	1.117590E-7
9.712400E+3	-5.323470E-6	2.197930E-7
9.722400E+3	-5.550710E-6	1.676390E-7
9.731900E+3	-5.796580E-6	1.415620E-7
9.752500E+3	-6.303220E-6	1.490130E-7
9.773700E+3	-6.858290E-6	2.533220E-7
9.782800E+3	-7.029650E-6	1.639140E-7
9.793400E+3	-7.279250E-6	2.123420E-7
9.813400E+3	-7.696510E-6	2.272440E-7
9.824400E+3	-7.964730E-6	3.166510E-7
9.844000E+3	-8.285100E-6	2.048920E-7
9.855400E+3	-8.516070E-6	2.086170E-7
9.875300E+3	-8.910950E-6	2.793990E-7
9.886600E+3	-9.134470E-6	3.278270E-7
9.906300E+3	-9.473470E-6	3.390030E-7
9.917400E+3	-9.566600E-6	2.831240E-7
9.937400E+3	-9.846000E-6	2.793990E-7
9.947900E+3	-1.002850E-5	3.352780E-7
9.970000E+3	-1.021480E-5	2.719480E-7
9.981200E+3	-1.044200E-5	3.799810E-7
9.993600E+3	-1.049050E-5	3.166510E-7
1.001430E+4	-1.069910E-5	3.837070E-7
1.002410E+4	-1.069910E-5	3.054760E-7
1.004530E+4	-1.089650E-5	3.501790E-7
1.005460E+4	-1.103440E-5	4.060580E-7
1.007800E+4	-1.114990E-5	3.837070E-7
1.008790E+4	-1.118340E-5	3.837070E-7
1.010030E+4	-1.114990E-5	3.166510E-7
1.012110E+4	-1.123930E-5	3.278270E-7
1.013100E+4	-1.133240E-5	3.837070E-7
1.015160E+4	-1.132120E-5	3.650800E-7
1.016180E+4	-1.142920E-5	4.358610E-7
1.018210E+4	-1.133980E-5	3.241020E-7
1.019310E+4	-1.141060E-5	3.986080E-7
1.021280E+4	-1.130260E-5	3.203770E-7
1.022330E+4	-1.129510E-5	3.464540E-7
1.023730E+4	-1.138080E-5	4.544870E-7
1.025730E+4	-1.132490E-5	4.284100E-7
1.027060E+4	-1.132490E-5	4.544870E-7
1.029010E+4	-1.125420E-5	4.284100E-7
1.030130E+4	-1.125040E-5	4.656630E-7
1.032070E+4	-1.117970E-5	4.433110E-7
1.033150E+4	-1.111630E-5	4.023330E-7
1.035150E+4	-1.108280E-5	4.172340E-7
1.036200E+4	-1.092630E-5	3.092010E-7
1.038250E+4	-1.095990E-5	4.321350E-7
1.039260E+4	-1.091520E-5	4.321350E-7
1.040230E+4	-1.079970E-5	3.390030E-7
1.042640E+4	-1.070650E-5	3.166510E-7
1.043570E+4	-1.076610E-5	4.358610E-7
1.045990E+4	-1.065810E-5	4.321350E-7
1.046910E+4	-1.048300E-5	3.092010E-7
1.047930E+4	-1.049420E-5	3.874320E-7
1.049910E+4	-1.033770E-5	3.241020E-7
1.050990E+4	-1.036380E-5	4.097840E-7
1.052930E+4	-1.032280E-5	4.507620E-7
1.054050E+4	-1.025210E-5	4.097840E-7
1.056030E+4	-1.012170E-5	3.799810E-7
1.057160E+4	-1.013660E-5	4.544870E-7
1.059360E+4	-9.909330E-6	3.054760E-7
1.060470E+4	-9.894430E-6	3.464540E-7
1.061780E+4	-9.842280E-6	3.464540E-7
1.063750E+4	-9.752870E-6	3.501790E-7
1.065130E+4	-9.775220E-6	4.284100E-7
1.067130E+4	-9.607580E-6	3.464540E-7
1.068200E+4	-9.514450E-6	3.241020E-7
1.070220E+4	-9.514450E-6	4.395860E-7
1.071240E+4	-9.473470E-6	4.135090E-7
1.072180E+4	-9.331910E-6	3.241020E-7
1.074260E+4	-9.197800E-6	3.054760E-7
1.076370E+4	-9.201530E-6	4.097840E-7
1.077320E+4	-9.026440E-6	2.831240E-7
1.078270E+4	-9.071140E-6	3.762560E-7
1.080680E+4	-8.862520E-6	2.943000E-7
1.081660E+4	-8.907230E-6	4.060580E-7
1.083730E+4	-8.706060E-6	2.943000E-7
1.084750E+4	-8.665080E-6	3.241020E-7
1.086770E+4	-8.575680E-6	3.203770E-7
1.087840E+4	-8.601750E-6	3.911570E-7
1.088910E+4	-8.549600E-6	3.874320E-7
1.091120E+4	-8.359610E-6	2.980250E-7
1.092240E+4	-8.404310E-6	3.986080E-7
1.094410E+4	-8.180800E-6	2.793990E-7
1.095540E+4	-8.236680E-6	3.986080E-7
1.096530E+4	-8.177070E-6	3.650800E-7
1.098930E+4	-8.117470E-6	3.948830E-7
1.099890E+4	-7.975900E-6	2.943000E-7
1.101930E+4	-8.016880E-6	3.948830E-7
1.102950E+4	-7.901400E-6	3.278270E-7
1.105030E+4	-7.782190E-6	2.943000E-7
1.106300E+4	-7.763560E-6	3.166510E-7
1.107270E+4	-7.666710E-6	2.943000E-7
1.109650E+4	-7.644350E-6	3.837070E-7
1.110580E+4	-7.506490E-6	2.682230E-7
1.113000E+4	-7.513940E-6	3.725310E-7
1.113940E+4	-7.353750E-6	2.458710E-7
1.114990E+4	-7.290420E-6	2.346940E-7
1.117300E+4	-7.275520E-6	2.682230E-7
1.118280E+4	-7.212190E-6	2.384200E-7
1.119600E+4	-7.245720E-6	2.943000E-7
1.121570E+4	-7.189840E-6	3.390030E-7
1.122690E+4	-7.122780E-6	3.054760E-7
1.124620E+4	-7.003570E-6	2.570470E-7
1.126020E+4	-7.003570E-6	2.980250E-7
1.126990E+4	-6.906720E-6	2.495960E-7
1.129280E+4	-6.832210E-6	3.166510E-7
1.130360E+4	-6.828490E-6	3.688060E-7
1.132410E+4	-6.642220E-6	2.719480E-7
1.133710E+4	-6.668300E-6	3.315530E-7
1.135710E+4	-6.634770E-6	3.688060E-7
1.136800E+4	-6.485760E-6	2.644970E-7
1.138830E+4	-6.485760E-6	3.464540E-7
1.139870E+4	-6.370280E-6	2.570470E-7
1.140810E+4	-6.321850E-6	2.384200E-7
1.142900E+4	-6.232440E-6	2.533220E-7
1.145010E+4	-6.269690E-6	3.650800E-7
1.145950E+4	-6.120680E-6	2.533220E-7
1.146980E+4	-6.172840E-6	3.352780E-7
1.149010E+4	-6.027550E-6	2.607720E-7
1.151140E+4	-6.057350E-6	3.539040E-7
1.152070E+4	-6.031270E-6	3.725310E-7
1.153370E+4	-5.923240E-6	3.017500E-7
1.155410E+4	-5.859910E-6	3.054760E-7
1.156460E+4	-5.893440E-6	3.613550E-7
1.158470E+4	-5.748150E-6	2.533220E-7
1.159580E+4	-5.811480E-6	3.613550E-7
1.160610E+4	-5.677370E-6	2.644970E-7
1.162840E+4	-5.681100E-6	3.427290E-7
1.163950E+4	-5.558160E-6	2.421460E-7
1.165970E+4	-5.520910E-6	2.495960E-7
1.167290E+4	-5.506010E-6	2.495960E-7
1.169270E+4	-5.494830E-6	2.943000E-7
1.170390E+4	-5.438950E-6	2.682230E-7
1.172380E+4	-5.409150E-6	2.682230E-7
1.173460E+4	-5.368170E-6	2.607720E-7
1.175500E+4	-5.319740E-6	2.682230E-7
1.176540E+4	-5.282490E-6	2.495960E-7
1.178590E+4	-5.252690E-6	2.756730E-7
1.179570E+4	-5.126030E-6	1.862650E-7
1.181670E+4	-5.159560E-6	2.980250E-7
1.182610E+4	-5.032900E-6	2.272440E-7
1.183630E+4	-4.999370E-6	2.495960E-7
1.185970E+4	-4.924860E-6	2.160680E-7
1.186930E+4	-4.924860E-6	2.272440E-7
1.189040E+4	-4.880160E-6	2.235180E-7
1.190050E+4	-4.850360E-6	2.309690E-7
1.192100E+4	-4.794480E-6	2.086170E-7
1.193150E+4	-4.839180E-6	2.719480E-7
1.195160E+4	-4.768400E-6	2.197930E-7
1.196270E+4	-4.742320E-6	2.346940E-7
1.197580E+4	-4.787030E-6	3.166510E-7
1.199540E+4	-4.719970E-6	2.868490E-7
1.200650E+4	-4.682720E-6	2.719480E-7
1.202840E+4	-4.563510E-6	2.197930E-7
1.203970E+4	-4.585860E-6	2.682230E-7
1.205940E+4	-4.503910E-6	2.123420E-7
1.207060E+4	-4.544880E-6	2.756730E-7
1.207060E+4	-4.544880E-6	2.756730E-7
1.210130E+4	-4.444300E-6	2.309690E-7
1.211060E+4	-4.451750E-6	2.644970E-7
1.213470E+4	-4.325090E-6	2.048920E-7
1.214420E+4	-4.339990E-6	2.235180E-7
1.216560E+4	-4.321370E-6	2.831240E-7
1.217480E+4	-4.265490E-6	2.197930E-7
1.219630E+4	-4.161180E-6	2.197930E-7
1.220560E+4	-4.183530E-6	2.756730E-7
1.222680E+4	-4.161180E-6	2.943000E-7
1.223630E+4	-4.150000E-6	2.980250E-7
1.225720E+4	-4.034520E-6	2.197930E-7
1.226730E+4	-4.075500E-6	2.682230E-7
1.228780E+4	-3.974910E-6	1.825400E-7
1.229830E+4	-3.982360E-6	2.197930E-7
1.231160E+4	-4.015890E-6	2.719480E-7
1.233120E+4	-3.986090E-6	2.793990E-7
1.234240E+4	-3.919030E-6	2.384200E-7
1.236220E+4	-3.911580E-6	2.607720E-7
1.237330E+4	-3.814730E-6	1.862650E-7
1.239350E+4	-3.889230E-6	2.644970E-7
1.240410E+4	-3.807260E-6	1.899910E-7
1.242660E+4	-3.762560E-6	1.750900E-7
1.243780E+4	-3.796090E-6	2.495960E-7
1.244710E+4	-3.743930E-6	2.272440E-7
1.247080E+4	-3.740210E-6	3.166510E-7
1.248060E+4	-3.688050E-6	2.831240E-7
1.250360E+4	-3.680600E-6	3.166510E-7
1.251420E+4	-3.669430E-6	3.427290E-7
1.252650E+4	-3.550220E-6	2.533220E-7
1.254780E+4	-3.580020E-6	2.943000E-7
1.255720E+4	-3.539040E-6	2.495960E-7
1.255720E+4	-3.539040E-6	2.495960E-7
1.258810E+4	-3.460810E-6	2.123420E-7
1.259860E+4	-3.527860E-6	2.905740E-7
1.262140E+4	-3.390030E-6	1.750900E-7
1.263260E+4	-3.416110E-6	2.197930E-7
1.265260E+4	-3.404930E-6	2.197930E-7
1.266390E+4	-3.371400E-6	1.899910E-7
1.268380E+4	-3.274540E-6	1.266610E-7
1.269710E+4	-3.326700E-6	2.011670E-7
1.270740E+4	-3.285720E-6	1.750900E-7
1.273000E+4	-3.252190E-6	1.750900E-7
1.274080E+4	-3.274540E-6	2.048920E-7
1.276070E+4	-3.170240E-6	1.154840E-7
1.277370E+4	-3.200040E-6	1.713640E-7
1.279340E+4	-3.185140E-6	2.011670E-7
1.280450E+4	-3.162790E-6	2.197930E-7
1.280450E+4	-3.162790E-6	2.197930E-7
1.283540E+4	-3.147880E-6	2.346940E-7
1.284780E+4	-3.073380E-6	1.639140E-7
1.287190E+4	-3.106910E-6	2.123420E-7
1.288150E+4	-3.043580E-6	1.490130E-7
1.289090E+4	-3.062200E-6	1.639140E-7
1.291220E+4	-2.980250E-6	1.080340E-7
1.292190E+4	-3.032400E-6	1.713640E-7
1.294270E+4	-2.913190E-6	1.303860E-7
1.295290E+4	-2.916920E-6	1.788150E-7
1.297630E+4	-2.887110E-6	1.788150E-7
1.298580E+4	-2.939270E-6	2.197930E-7
1.300690E+4	-2.857310E-6	1.415620E-7
1.301690E+4	-2.872210E-6	1.788150E-7
1.303750E+4	-2.864760E-6	1.974410E-7
1.304800E+4	-2.831240E-6	1.750900E-7
1.306830E+4	-2.760450E-6	1.154840E-7
1.307920E+4	-2.753000E-6	1.117590E-7
1.309270E+4	-2.820060E-6	1.750900E-7
1.311300E+4	-2.808880E-6	1.937160E-7
1.312320E+4	-2.685950E-6	1.005830E-7
1.314410E+4	-2.734380E-6	1.974410E-7
1.315370E+4	-2.641250E-6	1.564630E-7
1.317690E+4	-2.667320E-6	2.086170E-7
1.318740E+4	-2.611440E-6	2.011670E-7
1.319680E+4	-2.577920E-6	1.639140E-7
1.321820E+4	-2.577920E-6	1.564630E-7
1.322810E+4	-2.548110E-6	1.490130E-7
1.324910E+4	-2.522040E-6	1.266610E-7
1.325930E+4	-2.563010E-6	1.899910E-7
1.328300E+4	-2.492230E-6	1.341110E-7
1.329250E+4	-2.555560E-6	1.825400E-7
1.331340E+4	-2.473610E-6	1.229350E-7
1.332350E+4	-2.473610E-6	1.229350E-7
1.334390E+4	-2.484780E-6	1.564630E-7
1.335440E+4	-2.529490E-6	1.899910E-7
1.337440E+4	-2.454980E-6	1.303860E-7
1.338430E+4	-2.488510E-6	1.825400E-7
1.340480E+4	-2.402830E-6	1.266610E-7
1.341510E+4	-2.391650E-6	1.266610E-7
1.342900E+4	-2.365570E-6	1.005830E-7
1.344890E+4	-2.384200E-6	1.601880E-7
1.345970E+4	-2.339500E-6	1.117590E-7
1.348010E+4	-2.373020E-6	1.564630E-7
1.349040E+4	-2.313420E-6	1.154840E-7
1.351030E+4	-2.294790E-6	1.378370E-7
1.352400E+4	-2.335770E-6	1.974410E-7
1.353330E+4	-2.238910E-6	1.229350E-7
1.355740E+4	-2.283620E-6	1.974410E-7
1.356690E+4	-2.220290E-6	1.266610E-7
1.359030E+4	-2.250090E-6	1.564630E-7
1.360050E+4	-2.242640E-6	1.341110E-7
1.361010E+4	-2.246360E-6	1.564630E-7
1.363430E+4	-2.138330E-6	1.005830E-7
1.364680E+4	-2.134610E-6	9.313270E-8
1.366850E+4	-2.205390E-6	1.564630E-7
1.367800E+4	-2.115980E-6	6.333040E-8
1.368920E+4	-2.123430E-6	6.705570E-8
1.371180E+4	-2.119700E-6	5.587960E-8
1.372230E+4	-2.179310E-6	1.378370E-7
1.374240E+4	-2.123430E-6	1.266610E-7
1.375330E+4	-2.123430E-6	1.564630E-7
1.377300E+4	-2.030300E-6	7.823160E-8
1.378420E+4	-2.097350E-6	1.676390E-7
1.378420E+4	-2.097350E-6	1.676390E-7
1.381430E+4	-2.082450E-6	1.788150E-7
1.383420E+4	-2.007950E-6	1.192100E-7
1.384540E+4	-2.022850E-6	1.490130E-7
1.385850E+4	-2.030300E-6	1.750900E-7
1.387970E+4	-1.955790E-6	1.229350E-7
1.389260E+4	-2.007950E-6	1.676390E-7
1.390200E+4	-1.974420E-6	1.378370E-7
1.392630E+4	-1.974420E-6	1.676390E-7
1.393590E+4	-1.888730E-6	7.078100E-8
1.394640E+4	-1.907360E-6	1.005830E-7
1.397000E+4	-1.888730E-6	8.940740E-8
1.397960E+4	-1.959520E-6	1.639140E-7
1.400370E+4	-1.933440E-6	1.601880E-7
1.401360E+4	-1.952070E-6	1.899910E-7
1.402400E+4	-1.855200E-6	1.005830E-7
1.404680E+4	-1.829120E-6	1.266610E-7
1.405800E+4	-1.877550E-6	1.564630E-7
1.407790E+4	-1.810500E-6	6.705570E-8
1.408910E+4	-1.870100E-6	1.192100E-7
1.410890E+4	-1.791870E-6	6.333040E-8
1.412010E+4	-1.806770E-6	9.313270E-8
1.414000E+4	-1.747170E-6	7.078100E-8
1.415090E+4	-1.713640E-6	6.333040E-8
1.417140E+4	-1.788150E-6	1.639140E-7
1.418180E+4	-1.791870E-6	1.564630E-7
1.420250E+4	-1.750890E-6	1.117590E-7
1.421240E+4	-1.695010E-6	7.823160E-8
1.423350E+4	-1.732270E-6	1.266610E-7
1.424300E+4	-1.668940E-6	7.078100E-8
1.426390E+4	-1.706190E-6	1.117590E-7
1.427380E+4	-1.646590E-6	6.705570E-8
1.429490E+4	-1.695010E-6	1.378370E-7
1.430440E+4	-1.702460E-6	1.490130E-7
1.432590E+4	-1.676390E-6	1.192100E-7
1.433830E+4	-1.631680E-6	7.823160E-8
1.435920E+4	-1.698740E-6	1.415620E-7
1.436890E+4	-1.620510E-6	6.705570E-8
1.437910E+4	-1.631680E-6	8.940740E-8
1.440300E+4	-1.635410E-6	1.005830E-7
1.441350E+4	-1.695010E-6	1.750900E-7
1.443410E+4	-1.605610E-6	9.313270E-8
1.444490E+4	-1.642860E-6	1.266610E-7
1.446470E+4	-1.586980E-6	9.685800E-8
1.447520E+4	-1.586980E-6	1.117590E-7
1.449560E+4	-1.568350E-6	1.117590E-7
1.450650E+4	-1.605610E-6	1.601880E-7
1.451700E+4	-1.586980E-6	1.378370E-7
1.454040E+4	-1.583260E-6	1.229350E-7
1.455070E+4	-1.508750E-6	7.078100E-8
1.457040E+4	-1.572080E-6	1.639140E-7
1.458120E+4	-1.531100E-6	1.303860E-7
1.460180E+4	-1.531100E-6	1.266610E-7
1.461210E+4	-1.482670E-6	7.823160E-8
1.463290E+4	-1.542280E-6	1.527380E-7
1.464290E+4	-1.501300E-6	1.117590E-7
1.466600E+4	-1.512480E-6	1.192100E-7
1.467660E+4	-1.512480E-6	1.192100E-7
1.468910E+4	-1.415620E-6	1.862660E-8
1.470030E+4	-1.445420E-6	4.097840E-8
1.472300E+4	-1.449150E-6	4.470370E-8
1.473340E+4	-1.531100E-6	1.415620E-7
1.475680E+4	-1.426790E-6	5.587960E-8
1.476650E+4	-1.423070E-6	6.333040E-8
1.478740E+4	-1.400720E-6	6.333040E-8
1.479750E+4	-1.467770E-6	1.341110E-7
1.480880E+4	-1.460320E-6	1.564630E-7
1.483090E+4	-1.441690E-6	1.601880E-7
1.484220E+4	-1.437970E-6	1.527380E-7
1.486500E+4	-1.337390E-6	6.333040E-8
1.487550E+4	-1.363460E-6	8.568210E-8
1.488920E+4	-1.419340E-6	1.490130E-7
1.490990E+4	-1.333660E-6	6.705570E-8
1.492310E+4	-1.419340E-6	1.750900E-7
1.493270E+4	-1.333660E-6	9.685800E-8
1.495640E+4	-1.367190E-6	1.266610E-7
1.496660E+4	-1.277780E-6	4.470370E-8
1.498950E+4	-1.333660E-6	1.192100E-7
1.500020E+4	-1.333660E-6	1.266610E-7
1.500970E+4	-1.315030E-6	9.313270E-8
1.503390E+4	-1.359740E-6	1.452870E-7
1.504330E+4	-1.337390E-6	1.415620E-7
1.506780E+4	-1.352290E-6	1.527380E-7
1.507720E+4	-1.277780E-6	7.078100E-8
1.509860E+4	-1.348560E-6	1.490130E-7
1.510790E+4	-1.281510E-6	1.005830E-7
1.512080E+4	-1.255430E-6	8.940740E-8
1.514140E+4	-1.207000E-6	5.215430E-8
1.515180E+4	-1.247980E-6	9.313270E-8
1.517210E+4	-1.270330E-6	1.415620E-7
1.518500E+4	-1.236800E-6	1.080340E-7
1.519630E+4	-1.262880E-6	9.685800E-8
1.521600E+4	-1.266610E-6	1.117590E-7
1.522710E+4	-1.240530E-6	7.078100E-8
1.524920E+4	-1.214450E-6	4.842900E-8
1.526040E+4	-1.214450E-6	5.215430E-8
1.527020E+4	-1.203280E-6	6.333040E-8
1.529450E+4	-1.251700E-6	1.229350E-7
1.530420E+4	-1.210730E-6	8.940740E-8
1.532500E+4	-1.292680E-6	1.452870E-7
1.533510E+4	-1.225630E-6	8.568210E-8
1.535630E+4	-1.266610E-6	1.490130E-7
1.536610E+4	-1.173470E-6	6.333040E-8
1.538760E+4	-1.225630E-6	1.303860E-7
1.539700E+4	-1.180920E-6	9.313270E-8
1.541860E+4	-1.214450E-6	1.266610E-7
1.543080E+4	-1.136220E-6	4.097840E-8
1.544090E+4	-1.184650E-6	8.195680E-8
1.546140E+4	-1.113870E-6	2.980250E-8
1.547190E+4	-1.151120E-6	7.450630E-8
1.549210E+4	-1.084070E-6	3.352780E-8
1.550310E+4	-1.143670E-6	1.005830E-7
1.552600E+4	-1.065440E-6	3.725310E-8
1.553620E+4	-1.121320E-6	8.940740E-8
1.554750E+4	-1.158570E-6	1.452870E-7
1.557050E+4	-1.147400E-6	1.601880E-7
1.558130E+4	-1.139950E-6	1.639140E-7
1.560350E+4	-1.084070E-6	1.229350E-7
1.561480E+4	-1.110140E-6	1.341110E-7
1.562440E+4	-1.080340E-6	9.685800E-8
1.564790E+4	-1.121320E-6	9.313270E-8
1.565830E+4	-1.106420E-6	5.960510E-8
1.568110E+4	-1.102690E-6	7.823160E-8
1.569210E+4	-1.110140E-6	8.195680E-8
1.571240E+4	-1.110140E-6	1.266610E-7
1.572290E+4	-1.072890E-6	9.313270E-8
1.573240E+4	-1.035640E-6	4.842900E-8
1.575680E+4	-1.043090E-6	1.005830E-7
1.576900E+4	-1.028190E-6	8.195680E-8
1.577960E+4	-1.046810E-6	7.823160E-8
1.580010E+4	-1.061720E-6	7.823160E-8
1.581120E+4	-1.113870E-6	1.229350E-7
1.583130E+4	-1.017010E-6	4.842900E-8
1.584260E+4	-1.028190E-6	9.313270E-8
1.586250E+4	-9.611320E-7	1.862660E-8
1.587380E+4	-1.017010E-6	7.450630E-8
1.589300E+4	-9.276010E-7	3.725320E-9
1.590430E+4	-1.002110E-6	1.005830E-7
1.592430E+4	-9.723080E-7	6.333040E-8
1.593560E+4	-9.238760E-7	2.235190E-8
1.595850E+4	-9.462270E-7	3.725310E-8
1.596980E+4	-9.723080E-7	9.313270E-8
1.598900E+4	-1.005840E-6	1.043090E-7
1.600030E+4	-9.983850E-7	1.043090E-7
1.602020E+4	-1.002110E-6	1.154840E-7
1.603150E+4	-9.760330E-7	8.940740E-8
1.605160E+4	-1.005840E-6	1.005830E-7
1.606250E+4	-9.499530E-7	3.725310E-8
1.607200E+4	-1.020740E-6	1.266610E-7
1.609620E+4	-1.009560E-6	1.341110E-7
1.610580E+4	-9.238760E-7	4.842900E-8
1.613020E+4	-9.946600E-7	1.192100E-7
1.613970E+4	-9.909340E-7	1.229350E-7
1.615220E+4	-9.089740E-7	3.352780E-8
1.617350E+4	-9.387770E-7	8.195680E-8
1.618590E+4	-8.977990E-7	3.352780E-8
1.619670E+4	-9.499530E-7	8.195680E-8
1.621690E+4	-9.611320E-7	9.313270E-8
1.623010E+4	-9.536820E-7	8.195680E-8
1.625080E+4	-8.568200E-7	0.000000E+0
1.626140E+4	-9.313260E-7	9.313270E-8
1.628180E+4	-8.307430E-7	2.980250E-8
1.629300E+4	-9.276010E-7	1.080340E-7
1.631330E+4	-9.127000E-7	3.725310E-8
1.632460E+4	-9.983850E-7	1.341110E-7
1.634450E+4	-9.723080E-7	1.378370E-7
1.635580E+4	-8.717220E-7	4.470370E-8
1.636840E+4	-9.015240E-7	7.450630E-8
1.638900E+4	-9.425020E-7	1.452870E-7
1.639920E+4	-8.791720E-7	7.078100E-8
1.642290E+4	-9.201500E-7	1.117590E-7
1.643290E+4	-9.164250E-7	1.043090E-7
1.644220E+4	-9.276010E-7	1.341110E-7
1.646670E+4	-8.791720E-7	1.117590E-7
1.647610E+4	-8.493700E-7	9.313270E-8
1.649750E+4	-8.419190E-7	7.823160E-8
1.650720E+4	-9.052490E-7	7.078100E-8
1.652830E+4	-9.201500E-7	3.725310E-8
1.653790E+4	-9.425020E-7	7.823160E-8
1.655210E+4	-9.462270E-7	9.685800E-8
1.657220E+4	-8.270180E-7	1.862660E-8
1.658360E+4	-8.419190E-7	7.078100E-8
1.660350E+4	-8.307430E-7	7.450630E-8
1.661490E+4	-7.934900E-7	6.333040E-8
1.663720E+4	-8.046660E-7	4.842900E-8
1.664840E+4	-8.493700E-7	9.313270E-8
1.666840E+4	-7.711390E-7	2.980250E-8
1.667960E+4	-8.344690E-7	1.117590E-7
1.669950E+4	-8.195680E-7	1.192100E-7
1.671070E+4	-7.934900E-7	9.685800E-8
1.673090E+4	-7.562380E-7	4.470370E-8
1.674130E+4	-7.711390E-7	4.097840E-8
1.674130E+4	-7.711390E-7	4.097840E-8
1.677530E+4	-7.785890E-7	7.823160E-8
1.678490E+4	-7.376110E-7	4.470370E-8
1.680650E+4	-8.046660E-7	1.266610E-7
1.681610E+4	-7.301610E-7	4.842900E-8
1.683770E+4	-7.189850E-7	4.470370E-8
1.684710E+4	-7.376110E-7	7.078100E-8
1.686890E+4	-7.972160E-7	1.154840E-7
1.687850E+4	-7.301610E-7	3.352780E-8
1.690010E+4	-7.078090E-7	2.607710E-8
1.690960E+4	-7.562380E-7	7.078100E-8
1.693100E+4	-7.264350E-7	1.862660E-8
1.694070E+4	-7.599630E-7	5.587960E-8
1.695480E+4	-7.972160E-7	1.043090E-7
1.697410E+4	-7.748640E-7	8.568210E-8
1.698800E+4	-7.413360E-7	4.470370E-8
1.700810E+4	-7.636880E-7	7.078100E-8
1.701930E+4	-7.785890E-7	8.940740E-8
1.702950E+4	-7.301610E-7	4.097840E-8
1.705250E+4	-7.860400E-7	1.005830E-7
1.706340E+4	-7.413360E-7	5.587960E-8
1.708590E+4	-7.450620E-7	9.313270E-8
1.709730E+4	-7.711390E-7	1.154840E-7
1.710700E+4	-6.817320E-7	4.470370E-8
1.713110E+4	-7.636880E-7	1.452870E-7
1.714130E+4	-7.487870E-7	1.192100E-7
1.716450E+4	-7.525120E-7	1.154840E-7
1.717530E+4	-7.152590E-7	6.333040E-8
1.718770E+4	-6.631050E-7	3.352780E-8
1.720890E+4	-7.003580E-7	9.685800E-8
1.721840E+4	-7.078090E-7	1.117590E-7
1.724280E+4	-7.152590E-7	1.527380E-7
1.725230E+4	-6.258520E-7	7.078100E-8
1.726290E+4	-7.003580E-7	1.341110E-7
1.728310E+4	-6.184020E-7	4.842900E-8
1.729430E+4	-6.519290E-7	6.333040E-8
1.730740E+4	-7.152590E-7	1.005830E-7
1.732930E+4	-6.295780E-7	2.235190E-8
1.733980E+4	-6.966330E-7	8.568210E-8
1.735900E+4	-6.370280E-7	2.980250E-8
1.737050E+4	-6.742810E-7	6.705570E-8
1.737880E+4	-7.264350E-7	1.192100E-7
1.739220E+4	-6.966330E-7	8.195680E-8
1.739780E+4	-7.301610E-7	1.229350E-7
1.740330E+4	-6.370280E-7	3.352780E-8
1.740540E+4	-6.184020E-7	2.235190E-8
1.740420E+4	-6.929080E-7	1.005830E-7
1.740220E+4	-6.929080E-7	1.117590E-7
1.739390E+4	-6.444790E-7	4.470370E-8
1.738630E+4	-7.115340E-7	1.043090E-7
1.737760E+4	-6.444790E-7	2.980250E-8
1.735880E+4	-6.631050E-7	3.725310E-8
1.733440E+4	-6.891820E-7	8.195680E-8
1.732110E+4	-6.593800E-7	5.960510E-8
1.729340E+4	-7.078090E-7	9.685800E-8
1.727860E+4	-6.444790E-7	2.980250E-8
1.726400E+4	-6.593800E-7	3.352780E-8
1.723700E+4	-7.003580E-7	6.705570E-8
1.722260E+4	-7.301610E-7	9.313270E-8
1.719330E+4	-6.742810E-7	4.470370E-8
1.718040E+4	-7.301610E-7	9.313270E-8
1.715730E+4	-6.631050E-7	4.097840E-8
1.714620E+4	-7.338860E-7	1.303860E-7
1.713640E+4	-6.593800E-7	4.470370E-8
1.711270E+4	-6.742810E-7	4.097840E-8
1.710400E+4	-6.780060E-7	2.607710E-8
1.708170E+4	-7.003580E-7	2.607710E-8
1.707280E+4	-7.785890E-7	1.043090E-7
1.705280E+4	-7.152590E-7	4.470370E-8
1.704370E+4	-7.823150E-7	1.229350E-7
1.703070E+4	-7.301610E-7	6.705570E-8
1.701060E+4	-7.376110E-7	7.078100E-8
1.699780E+4	-7.003580E-7	2.980250E-8
1.698650E+4	-7.711390E-7	1.117590E-7
1.696420E+4	-8.009410E-7	1.043090E-7
1.695310E+4	-7.487870E-7	2.980250E-8
1.693040E+4	-8.158420E-7	1.341110E-7
1.692010E+4	-7.860400E-7	1.341110E-7
1.690910E+4	-8.232930E-7	1.490130E-7
1.688930E+4	-7.450620E-7	4.842900E-8
1.687890E+4	-7.860400E-7	7.823160E-8
1.685870E+4	-7.636880E-7	7.078100E-8
1.684870E+4	-7.972160E-7	8.940740E-8
1.682800E+4	-7.301610E-7	-1.117590E-8
1.681850E+4	-8.046660E-7	6.333040E-8
1.679760E+4	-7.599630E-7	4.097840E-8
1.678810E+4	-8.009410E-7	9.313270E-8
1.676690E+4	-7.934900E-7	6.333040E-8
1.675480E+4	-8.158420E-7	8.195680E-8
1.673370E+4	-7.450620E-7	1.117590E-8
1.672430E+4	-7.785890E-7	2.980250E-8
1.671200E+4	-8.270180E-7	9.313270E-8
1.669100E+4	-8.232930E-7	1.005830E-7
1.668140E+4	-7.711390E-7	2.607710E-8
1.665770E+4	-7.748640E-7	2.235190E-8
1.664850E+4	-7.972160E-7	6.333040E-8
1.663770E+4	-7.823150E-7	4.097840E-8
1.661810E+4	-8.940730E-7	1.601880E-7
1.660510E+4	-8.344690E-7	7.823160E-8
1.658500E+4	-8.903480E-7	6.333040E-8
1.657410E+4	-8.493700E-7	1.117590E-8
1.655440E+4	-8.903480E-7	3.725310E-8
1.654330E+4	-8.679960E-7	-2.235190E-8
1.652380E+4	-9.164250E-7	6.333040E-8
1.651270E+4	-8.307430E-7	1.862660E-8
1.649100E+4	-8.903480E-7	1.043090E-7
1.648000E+4	-8.232930E-7	5.587960E-8
1.646670E+4	-8.270180E-7	5.215430E-8
1.644620E+4	-9.015240E-7	1.005830E-7
1.643340E+4	-8.344690E-7	4.097840E-8
1.642400E+4	-8.940730E-7	1.229350E-7
1.640270E+4	-9.164250E-7	1.080340E-7
1.639340E+4	-9.201500E-7	1.229350E-7
1.637230E+4	-8.903480E-7	9.313270E-8
1.636270E+4	-9.127000E-7	1.117590E-7
1.634200E+4	-9.238760E-7	1.080340E-7
1.633200E+4	-8.493700E-7	1.862660E-8
1.631150E+4	-9.127000E-7	1.080340E-7
1.630210E+4	-8.419190E-7	2.607710E-8
1.627810E+4	-8.903480E-7	5.215430E-8
1.626840E+4	-8.679960E-7	3.352780E-8
1.624780E+4	-9.574070E-7	1.005830E-7
1.623760E+4	-8.754470E-7	1.862660E-8
1.621720E+4	-9.536820E-7	8.940740E-8
1.620770E+4	-9.052490E-7	0.000000E+0
1.619650E+4	-9.276010E-7	2.607710E-8
1.617690E+4	-9.164250E-7	1.862660E-8
1.616590E+4	-9.536820E-7	5.587960E-8
1.614620E+4	-9.201500E-7	3.352780E-8
1.613560E+4	-9.387770E-7	4.842900E-8
1.611540E+4	-9.201500E-7	4.097840E-8
1.610520E+4	-9.536820E-7	8.568210E-8
1.608180E+4	-9.164250E-7	5.215430E-8
1.607180E+4	-1.002110E-6	1.527380E-7
1.605180E+4	-9.276010E-7	7.450630E-8
1.604140E+4	-9.834840E-7	1.154840E-7
1.602100E+4	-1.002110E-6	1.154840E-7
1.601110E+4	-1.028190E-6	1.266610E-7
1.599040E+4	-1.050540E-6	1.192100E-7
1.598080E+4	-1.057990E-6	1.378370E-7
1.597070E+4	-1.031910E-6	1.117590E-7
1.594740E+4	-1.054260E-6	8.940740E-8
1.593780E+4	-1.005840E-6	2.235190E-8
1.591680E+4	-1.091520E-6	7.823160E-8
1.590680E+4	-1.061720E-6	6.333040E-8
1.588620E+4	-1.043090E-6	8.195680E-8
1.587580E+4	-9.983850E-7	1.862660E-8
1.585570E+4	-1.057990E-6	8.940740E-8
1.584290E+4	-1.028190E-6	6.333040E-8
1.583160E+4	-9.685830E-7	0.000000E+0
1.580910E+4	-9.499530E-7	2.235190E-8
1.579800E+4	-1.024460E-6	9.313270E-8
1.577630E+4	-1.098970E-6	1.378370E-7
1.576530E+4	-1.031910E-6	8.195680E-8
1.575550E+4	-1.050540E-6	1.117590E-7
1.573290E+4	-1.043090E-6	9.313270E-8
1.572250E+4	-1.017010E-6	4.097840E-8
1.571040E+4	-1.080340E-6	9.313270E-8
1.568940E+4	-1.076620E-6	1.117590E-7
1.567690E+4	-1.076620E-6	9.313270E-8
1.565640E+4	-1.061720E-6	7.450630E-8
1.564650E+4	-1.020740E-6	2.235190E-8
1.563420E+4	-1.065440E-6	6.333040E-8
1.561290E+4	-1.091520E-6	8.940740E-8
1.560360E+4	-1.054260E-6	4.842900E-8
1.558250E+4	-1.139950E-6	1.154840E-7
1.557310E+4	-1.084070E-6	7.078100E-8
1.555250E+4	-1.169750E-6	1.341110E-7
1.554250E+4	-1.061720E-6	3.725310E-8
1.552210E+4	-1.098970E-6	2.980250E-8
1.551190E+4	-1.154850E-6	1.862660E-8
1.549200E+4	-1.236800E-6	7.823160E-8
1.548110E+4	-1.173470E-6	2.980250E-8
1.546160E+4	-1.147400E-6	5.587960E-8
1.545050E+4	-1.139950E-6	6.705570E-8
1.543080E+4	-1.139950E-6	5.587960E-8
1.541960E+4	-1.162300E-6	8.195680E-8
1.539990E+4	-1.139950E-6	4.097840E-8
1.538890E+4	-1.195830E-6	7.823160E-8
1.536710E+4	-1.233080E-6	1.117590E-7
1.535590E+4	-1.180920E-6	5.587960E-8
1.534630E+4	-1.236800E-6	1.117590E-7
1.532510E+4	-1.166020E-6	4.470370E-8
1.531580E+4	-1.221900E-6	9.685800E-8
1.529450E+4	-1.188370E-6	4.097840E-8
1.528520E+4	-1.199550E-6	5.215430E-8
1.526420E+4	-1.266610E-6	1.117590E-7
1.525470E+4	-1.285230E-6	1.341110E-7
1.523100E+4	-1.207000E-6	7.078100E-8
1.522180E+4	-1.259160E-6	1.229350E-7
1.520920E+4	-1.277780E-6	1.266610E-7
1.518840E+4	-1.240530E-6	7.450630E-8
1.517630E+4	-1.318760E-6	1.303860E-7
1.517630E+4	-1.318760E-6	1.303860E-7
1.514280E+4	-1.333660E-6	1.117590E-7
1.513180E+4	-1.274060E-6	5.587960E-8
1.511210E+4	-1.288960E-6	3.352780E-8
1.510080E+4	-1.277780E-6	2.607710E-8
1.508130E+4	-1.288960E-6	4.842900E-8
1.507010E+4	-1.367190E-6	1.043090E-7
1.505770E+4	-1.333660E-6	7.823160E-8
1.503720E+4	-1.311310E-6	9.685800E-8
1.502760E+4	-1.333660E-6	1.229350E-7
1.500700E+4	-1.274060E-6	4.097840E-8
1.499470E+4	-1.348560E-6	9.685800E-8
1.497450E+4	-1.333660E-6	5.215430E-8
1.496460E+4	-1.389540E-6	1.080340E-7
1.494380E+4	-1.363460E-6	4.842900E-8
1.493420E+4	-1.415620E-6	9.313270E-8
1.491290E+4	-1.396990E-6	7.078100E-8
1.490360E+4	-1.359740E-6	5.960510E-8
1.488240E+4	-1.341110E-6	8.940740E-8
1.487310E+4	-1.389540E-6	1.564630E-7
1.486200E+4	-1.396990E-6	1.639140E-7
1.483980E+4	-1.400720E-6	1.303860E-7
1.482950E+4	-1.404440E-6	1.229350E-7
1.480960E+4	-1.467770E-6	1.713640E-7
1.479890E+4	-1.426790E-6	1.080340E-7
1.477650E+4	-1.501300E-6	1.192100E-7
1.476640E+4	-1.475220E-6	8.568210E-8
1.474620E+4	-1.516200E-6	1.266610E-7
1.473560E+4	-1.486400E-6	7.078100E-8
1.472500E+4	-1.542280E-6	1.043090E-7
1.470460E+4	-1.482670E-6	2.980250E-8
1.469450E+4	-1.564630E-6	9.685800E-8
1.467390E+4	-1.560900E-6	1.117590E-7
1.466420E+4	-1.538550E-6	1.005830E-7
1.464140E+4	-1.493850E-6	7.823160E-8
1.463100E+4	-1.505020E-6	9.313270E-8
1.462180E+4	-1.531100E-6	1.303860E-7
1.459780E+4	-1.482670E-6	8.195680E-8
1.458860E+4	-1.568350E-6	1.490130E-7
1.456450E+4	-1.490120E-6	3.352780E-8
1.455530E+4	-1.579530E-6	1.117590E-7
1.453400E+4	-1.572080E-6	1.527380E-7
1.452470E+4	-1.583260E-6	1.639140E-7
1.450370E+4	-1.594430E-6	1.527380E-7
1.449440E+4	-1.594430E-6	1.192100E-7
1.448350E+4	-1.613060E-6	1.192100E-7
1.446080E+4	-1.624230E-6	1.490130E-7
1.444990E+4	-1.583260E-6	8.940740E-8
1.443020E+4	-1.639140E-6	1.341110E-7
1.441900E+4	-1.605610E-6	9.313270E-8
1.439930E+4	-1.613060E-6	9.313270E-8
1.438810E+4	-1.680110E-6	1.527380E-7
1.436640E+4	-1.709920E-6	1.676390E-7
1.435520E+4	-1.639140E-6	8.940740E-8
1.434540E+4	-1.691290E-6	1.378370E-7
1.432270E+4	-1.620510E-6	5.960510E-8
1.431210E+4	-1.650310E-6	8.195680E-8
1.429210E+4	-1.691290E-6	9.313270E-8
1.428210E+4	-1.750890E-6	1.266610E-7
1.427260E+4	-1.754620E-6	1.229350E-7
1.424880E+4	-1.721090E-6	8.195680E-8
1.423960E+4	-1.713640E-6	7.078100E-8
1.421570E+4	-1.713640E-6	6.333040E-8
1.420620E+4	-1.735990E-6	8.568210E-8
1.418510E+4	-1.765790E-6	9.313270E-8
1.417590E+4	-1.821670E-6	1.378370E-7
1.416530E+4	-1.773250E-6	6.333040E-8
1.414550E+4	-1.810500E-6	7.450630E-8
1.412430E+4	-1.858930E-6	1.080340E-7
1.411490E+4	-1.836580E-6	8.195680E-8
1.410200E+4	-1.829120E-6	8.195680E-8
1.408190E+4	-1.855200E-6	1.005830E-7
1.407110E+4	-1.814220E-6	5.587960E-8
1.405130E+4	-1.825400E-6	8.195680E-8
1.403840E+4	-1.803050E-6	6.333040E-8
1.401800E+4	-1.903630E-6	1.266610E-7
1.400740E+4	-1.888730E-6	1.005830E-7
1.399380E+4	-1.840300E-6	6.705570E-8
1.398460E+4	-1.858930E-6	8.195680E-8
1.396090E+4	-1.881280E-6	8.940740E-8
1.395160E+4	-1.944620E-6	1.341110E-7
1.393050E+4	-1.974420E-6	1.192100E-7
1.392130E+4	-2.015400E-6	1.490130E-7
1.389760E+4	-1.963240E-6	8.195680E-8
1.388800E+4	-2.015400E-6	1.266610E-7
1.386690E+4	-2.022850E-6	5.587960E-8
1.385770E+4	-2.086180E-6	1.154840E-7
1.383660E+4	-2.026570E-6	5.587960E-8
1.382730E+4	-2.093630E-6	1.266610E-7
1.380580E+4	-2.086180E-6	1.154840E-7
1.379650E+4	-2.104800E-6	1.154840E-7
1.378540E+4	-2.056370E-6	6.705570E-8
1.376330E+4	-2.130880E-6	1.229350E-7
1.375260E+4	-2.104800E-6	8.195680E-8
1.372980E+4	-2.156960E-6	1.117590E-7
1.371970E+4	-2.093630E-6	4.470370E-8
1.370840E+4	-2.153230E-6	1.080340E-7
1.368390E+4	-2.183030E-6	1.378370E-7
1.367280E+4	-2.145780E-6	9.313270E-8
1.366300E+4	-2.197940E-6	1.341110E-7
1.364310E+4	-2.201660E-6	1.005830E-7
1.362970E+4	-2.209110E-6	9.313270E-8
1.362050E+4	-2.212840E-6	9.313270E-8
1.359660E+4	-2.186760E-6	7.078100E-8
1.358720E+4	-2.238910E-6	1.266610E-7
1.356370E+4	-2.272440E-6	1.564630E-7
1.355370E+4	-2.294790E-6	1.639140E-7
1.353290E+4	-2.283620E-6	1.043090E-7
1.352340E+4	-2.332050E-6	1.490130E-7
1.350250E+4	-2.365570E-6	1.490130E-7
1.349320E+4	-2.313420E-6	7.823160E-8
1.348100E+4	-2.384200E-6	1.527380E-7
1.346010E+4	-2.402830E-6	1.452870E-7
1.345030E+4	-2.365570E-6	9.685800E-8
1.342970E+4	-2.447530E-6	1.676390E-7
1.341750E+4	-2.440080E-6	1.490130E-7
1.339630E+4	-2.473610E-6	1.676390E-7
1.338670E+4	-2.436350E-6	1.192100E-7
1.336580E+4	-2.488510E-6	1.303860E-7
1.335570E+4	-2.473610E-6	1.043090E-7
1.334460E+4	-2.447530E-6	7.823160E-8
1.332490E+4	-2.495960E-6	1.005830E-7
1.330480E+4	-2.566740E-6	1.639140E-7
1.329380E+4	-2.529490E-6	1.043090E-7
1.328350E+4	-2.563010E-6	1.005830E-7
1.326310E+4	-2.585370E-6	7.823160E-8
1.325350E+4	-2.574190E-6	6.333040E-8
1.323080E+4	-2.618890E-6	1.005830E-7
1.322040E+4	-2.630070E-6	1.117590E-7
1.320030E+4	-2.622620E-6	8.568210E-8
1.319030E+4	-2.700850E-6	1.303860E-7
1.316960E+4	-2.663600E-6	7.450630E-8
1.316000E+4	-2.741830E-6	1.564630E-7
1.314780E+4	-2.753000E-6	1.750900E-7
1.312660E+4	-2.782810E-6	1.825400E-7
1.311720E+4	-2.801430E-6	1.713640E-7
1.309600E+4	-2.820060E-6	1.713640E-7
1.308610E+4	-2.816330E-6	1.564630E-7
1.306550E+4	-2.857310E-6	1.490130E-7
1.305520E+4	-2.797710E-6	7.450630E-8
1.303500E+4	-2.894570E-6	1.490130E-7
1.302430E+4	-2.861040E-6	1.043090E-7
1.300450E+4	-2.857310E-6	9.313270E-8
1.299330E+4	-2.887110E-6	1.005830E-7
1.297370E+4	-2.980250E-6	1.713640E-7
1.296250E+4	-2.928090E-6	1.229350E-7
1.294300E+4	-2.939270E-6	1.043090E-7
1.293200E+4	-2.983970E-6	1.303860E-7
1.291210E+4	-2.972800E-6	8.568210E-8
1.290140E+4	-3.065930E-6	1.564630E-7
1.288120E+4	-3.017500E-6	9.313270E-8
1.287110E+4	-3.069650E-6	1.266610E-7
1.285070E+4	-3.125530E-6	1.825400E-7
1.283810E+4	-3.077100E-6	1.192100E-7
1.282900E+4	-3.155340E-6	1.862650E-7
1.280520E+4	-3.132980E-6	1.303860E-7
1.279580E+4	-3.196310E-6	1.713640E-7
1.278580E+4	-3.233570E-6	1.862650E-7
1.276230E+4	-3.229840E-6	1.378370E-7
1.275300E+4	-3.207490E-6	1.192100E-7
1.272900E+4	-3.259640E-6	1.229350E-7
1.271990E+4	-3.289450E-6	1.415620E-7
1.270630E+4	-3.308070E-6	1.378370E-7
1.268640E+4	-3.296900E-6	9.685800E-8
1.267370E+4	-3.371400E-6	1.639140E-7
1.266250E+4	-3.315520E-6	1.080340E-7
1.264320E+4	-3.401200E-6	1.601880E-7
1.263010E+4	-3.375130E-6	1.117590E-7
1.261050E+4	-3.460810E-6	1.490130E-7
1.259930E+4	-3.434730E-6	9.313270E-8
1.257970E+4	-3.471990E-6	8.940740E-8
1.256860E+4	-3.565120E-6	1.490130E-7
1.254870E+4	-3.572570E-6	9.685800E-8
1.253810E+4	-3.639620E-6	1.527380E-7
1.251790E+4	-3.598640E-6	1.266610E-7
1.250760E+4	-3.617270E-6	1.452870E-7
1.248710E+4	-3.613550E-6	1.341110E-7
1.247760E+4	-3.699230E-6	1.974410E-7
1.245660E+4	-3.676880E-6	1.043090E-7
1.244740E+4	-3.770010E-6	1.676390E-7
1.242630E+4	-3.755110E-6	9.313270E-8
1.241720E+4	-3.840800E-6	1.564630E-7
1.240630E+4	-3.796090E-6	7.450630E-8
1.238400E+4	-3.900410E-6	1.750900E-7
1.237390E+4	-3.907860E-6	1.601880E-7
1.235370E+4	-3.926490E-6	1.378370E-7
1.234120E+4	-3.986090E-6	1.899910E-7
1.233000E+4	-3.937660E-6	1.266610E-7
1.230790E+4	-4.045690E-6	1.825400E-7
1.229720E+4	-4.004720E-6	1.192100E-7
1.227760E+4	-4.086670E-6	1.676390E-7
1.226630E+4	-4.097850E-6	1.490130E-7
1.224660E+4	-4.146280E-6	1.564630E-7
1.223550E+4	-4.127650E-6	1.154840E-7
1.221370E+4	-4.228230E-6	1.490130E-7
1.220270E+4	-4.246860E-6	1.266610E-7
1.218990E+4	-4.198430E-6	5.215430E-8
1.217030E+4	-4.265490E-6	1.303860E-7
1.215940E+4	-4.328820E-6	1.825400E-7
1.213840E+4	-4.310190E-6	1.303860E-7
1.212900E+4	-4.392150E-6	1.639140E-7
1.211980E+4	-4.440580E-6	1.899910E-7
1.209560E+4	-4.462930E-6	1.601880E-7
1.208630E+4	-4.515080E-6	1.974410E-7
1.206240E+4	-4.515080E-6	1.490130E-7
1.205330E+4	-4.533710E-6	1.452870E-7
1.204060E+4	-4.593310E-6	1.825400E-7
1.202000E+4	-4.582140E-6	1.117590E-7
1.200760E+4	-4.611940E-6	1.080340E-7
1.199650E+4	-4.712520E-6	1.713640E-7
1.197420E+4	-4.749770E-6	1.899910E-7
1.196290E+4	-4.701350E-6	1.266610E-7
1.194340E+4	-4.775850E-6	1.415620E-7
1.193220E+4	-4.820550E-6	1.266610E-7
1.191340E+4	-4.895060E-6	1.192100E-7
1.189940E+4	-4.891340E-6	1.005830E-7
1.187980E+4	-4.988190E-6	1.750900E-7
1.186850E+4	-5.006820E-6	1.750900E-7
1.185890E+4	-4.991920E-6	1.266610E-7
1.183580E+4	-5.036620E-6	1.303860E-7
1.182540E+4	-5.099950E-6	1.825400E-7
1.181620E+4	-5.133480E-6	2.086170E-7
1.179240E+4	-5.152110E-6	1.415620E-7
1.178320E+4	-5.260140E-6	2.197930E-7
1.175960E+4	-5.271310E-6	1.564630E-7
1.175010E+4	-5.319740E-6	2.197930E-7
1.174020E+4	-5.342100E-6	2.197930E-7
1.171670E+4	-5.401700E-6	1.676390E-7
1.170750E+4	-5.386800E-6	1.154840E-7
1.168350E+4	-5.438950E-6	1.415620E-7
1.167410E+4	-5.509730E-6	2.011670E-7
1.166100E+4	-5.543260E-6	1.899910E-7
1.164090E+4	-5.643840E-6	2.160680E-7
1.162820E+4	-5.662470E-6	1.974410E-7
1.161690E+4	-5.710900E-6	2.048920E-7
1.159540E+4	-5.736980E-6	1.303860E-7
1.159540E+4	-5.736980E-6	1.303860E-7
1.156200E+4	-5.904610E-6	1.676390E-7
1.155160E+4	-5.908340E-6	1.005830E-7
1.154070E+4	-6.008920E-6	1.639140E-7
1.152060E+4	-5.975390E-6	1.266610E-7
1.150100E+4	-6.064800E-6	2.123420E-7
1.148980E+4	-6.049900E-6	1.601880E-7
1.147700E+4	-6.105780E-6	1.788150E-7
1.146790E+4	-6.165380E-6	1.937160E-7
1.144360E+4	-6.251070E-6	2.346940E-7
1.143450E+4	-6.310670E-6	2.719480E-7
1.141070E+4	-6.333020E-6	1.937160E-7
1.140140E+4	-6.414980E-6	2.272440E-7
1.139120E+4	-6.474580E-6	2.346940E-7
1.136790E+4	-6.549090E-6	2.309690E-7
1.135830E+4	-6.578890E-6	2.197930E-7
1.133430E+4	-6.657120E-6	2.421460E-7
1.132510E+4	-6.705550E-6	2.570470E-7
1.130380E+4	-6.787510E-6	2.346940E-7
1.129450E+4	-6.824760E-6	2.384200E-7
1.128330E+4	-6.813590E-6	1.899910E-7
1.126150E+4	-6.947700E-6	2.272440E-7
1.125080E+4	-6.940240E-6	1.713640E-7
1.122840E+4	-7.104160E-6	2.197930E-7
1.121850E+4	-7.126510E-6	1.862650E-7
1.120730E+4	-7.189840E-6	1.937160E-7
1.118580E+4	-7.279250E-6	2.123420E-7
1.117460E+4	-7.327680E-6	2.309690E-7
1.115400E+4	-7.357480E-6	2.011670E-7
1.114350E+4	-7.461790E-6	2.533220E-7
1.112430E+4	-7.554920E-6	2.421460E-7
1.111040E+4	-7.540020E-6	1.862650E-7
1.110120E+4	-7.633180E-6	2.533220E-7
1.108010E+4	-7.659260E-6	1.974410E-7
1.107100E+4	-7.748660E-6	2.384200E-7
1.104710E+4	-7.808270E-6	1.899910E-7
1.103790E+4	-7.920030E-6	2.384200E-7
1.101650E+4	-8.005710E-6	2.197930E-7
1.100720E+4	-8.046690E-6	2.421460E-7
1.098590E+4	-8.080210E-6	2.086170E-7
1.098590E+4	-8.080210E-6	2.086170E-7
1.095540E+4	-8.206870E-6	2.086170E-7
1.094570E+4	-8.210600E-6	1.713640E-7
1.093450E+4	-8.255300E-6	1.750900E-7
1.091280E+4	-8.385690E-6	2.309690E-7
1.090180E+4	-8.389410E-6	2.048920E-7
1.088230E+4	-8.475090E-6	2.123420E-7
1.087110E+4	-8.549600E-6	2.235180E-7
1.085180E+4	-8.665080E-6	2.197930E-7
1.084070E+4	-8.747040E-6	2.309690E-7
1.082110E+4	-8.873700E-6	2.309690E-7
1.081040E+4	-8.918400E-6	1.937160E-7
1.078860E+4	-9.048790E-6	2.384200E-7
1.077740E+4	-9.082320E-6	1.974410E-7
1.076490E+4	-9.104670E-6	1.713640E-7
1.074480E+4	-9.208980E-6	2.011670E-7
1.073450E+4	-9.305830E-6	2.421460E-7
1.071380E+4	-9.376610E-6	2.086170E-7
1.070410E+4	-9.466020E-6	2.495960E-7
1.068270E+4	-9.510720E-6	1.862650E-7
1.067340E+4	-9.588960E-6	1.899910E-7
1.066100E+4	-9.689540E-6	2.421460E-7
1.063970E+4	-9.805020E-6	2.495960E-7
1.063010E+4	-9.838550E-6	2.421460E-7
1.060950E+4	-9.968940E-6	2.793990E-7
1.059720E+4	-1.002480E-5	2.831240E-7
1.058610E+4	-1.002110E-5	2.235180E-7
1.056370E+4	-1.014770E-5	2.682230E-7
1.055260E+4	-1.016640E-5	2.197930E-7
1.053050E+4	-1.032280E-5	3.092010E-7
1.051990E+4	-1.034890E-5	2.831240E-7
1.050930E+4	-1.041600E-5	2.831240E-7
1.048880E+4	-1.046440E-5	2.421460E-7
1.047860E+4	-1.054260E-5	2.607720E-7
1.045600E+4	-1.067300E-5	2.868490E-7
1.044500E+4	-1.070280E-5	2.719480E-7
1.043280E+4	-1.074750E-5	2.793990E-7
1.041000E+4	-1.083320E-5	2.421460E-7
1.039950E+4	-1.089650E-5	2.570470E-7
1.037930E+4	-1.099340E-5	2.644970E-7
1.036910E+4	-1.105670E-5	2.793990E-7
1.034850E+4	-1.119460E-5	3.017500E-7
1.033570E+4	-1.121320E-5	2.607720E-7
1.032650E+4	-1.128770E-5	2.905740E-7
1.030530E+4	-1.133980E-5	2.421460E-7
1.029600E+4	-1.136590E-5	2.272440E-7
1.027480E+4	-1.147770E-5	2.719480E-7
1.026520E+4	-1.148140E-5	2.607720E-7
1.024450E+4	-1.152980E-5	2.570470E-7
1.023430E+4	-1.154100E-5	2.421460E-7
1.021390E+4	-1.161550E-5	2.607720E-7
1.020320E+4	-1.161180E-5	2.197930E-7
1.018340E+4	-1.163790E-5	2.048920E-7
1.017230E+4	-1.168630E-5	2.346940E-7
1.015290E+4	-1.172350E-5	2.682230E-7
1.014160E+4	-1.171980E-5	2.495960E-7
1.012200E+4	-1.172350E-5	2.384200E-7
1.010890E+4	-1.169750E-5	2.048920E-7
1.009860E+4	-1.171610E-5	2.086170E-7
1.007830E+4	-1.167140E-5	1.862650E-7
1.006830E+4	-1.170120E-5	2.197930E-7
1.004740E+4	-1.159690E-5	2.197930E-7
1.003810E+4	-1.160430E-5	2.756730E-7
1.001460E+4	-1.144420E-5	1.974410E-7
1.000440E+4	-1.138450E-5	1.862650E-7
9.992200E+3	-1.133980E-5	2.011670E-7
9.971200E+3	-1.117970E-5	1.937160E-7
9.961500E+3	-1.105300E-5	1.676390E-7
9.938000E+3	-1.085560E-5	1.750900E-7
9.929000E+3	-1.081090E-5	2.086170E-7
9.907700E+3	-1.053890E-5	1.825400E-7
9.898300E+3	-1.041970E-5	1.937160E-7
9.887000E+3	-1.024460E-5	1.564630E-7
9.865200E+3	-9.968940E-6	1.676390E-7
9.854300E+3	-9.793850E-6	1.266610E-7
9.831900E+3	-9.495820E-6	1.639140E-7
9.821800E+3	-9.317010E-6	1.490130E-7
9.810800E+3	-9.086040E-6	1.154840E-7
9.789200E+3	-8.758220E-6	1.452870E-7
9.778000E+3	-8.508620E-6	9.685800E-8
9.758500E+3	-8.050410E-6	1.229350E-7
9.747300E+3	-7.875320E-6	1.601880E-7
9.727500E+3	-7.379830E-6	9.685800E-8
9.716600E+3	-7.163760E-6	1.490130E-7
9.707500E+3	-6.847110E-6	9.313270E-8
9.683500E+3	-6.303220E-6	8.568210E-8
9.674200E+3	-5.997750E-6	9.313270E-8
9.650700E+3	-5.420330E-6	6.333040E-8
9.640700E+3	-5.092500E-6	8.195680E-8
9.628400E+3	-4.760950E-6	8.568210E-8
9.607500E+3	-4.131380E-6	7.078100E-8
9.597800E+3	-3.788630E-6	2.980250E-8
9.577200E+3	-3.222390E-6	6.333040E-8
9.567800E+3	-2.913190E-6	9.313270E-8
9.543600E+3	-2.075000E-6	2.235190E-8
9.534200E+3	-1.776970E-6	7.450630E-8
9.513300E+3	-1.028190E-6	5.960510E-8
9.503200E+3	-6.333030E-7	2.607710E-8
9.482800E+3	1.415620E-7	2.235190E-8
9.472300E+3	6.333030E-7	1.490130E-8
9.459200E+3	1.098970E-6	-7.078100E-8
9.439500E+3	2.022850E-6	-9.685800E-8
9.426300E+3	2.492230E-6	-9.685800E-8
9.415700E+3	2.909470E-6	-1.043090E-7
9.395300E+3	3.822180E-6	-1.229350E-7
9.385400E+3	4.220780E-6	-7.450630E-8
9.362800E+3	5.319740E-6	-1.601880E-7
9.351800E+3	5.736980E-6	-1.527380E-7
9.331600E+3	6.683200E-6	-1.937160E-7
9.321300E+3	7.048280E-6	-9.313270E-8
9.300500E+3	8.054140E-6	-1.862650E-7
9.290800E+3	8.452740E-6	-1.303860E-7
9.269800E+3	9.391520E-6	-1.080340E-7
9.260600E+3	9.879530E-6	-1.303860E-7
9.250300E+3	1.039730E-5	-1.899910E-7
9.227500E+3	1.142180E-5	-1.303860E-7
9.218100E+3	1.189120E-5	-1.415620E-7
9.197500E+3	1.289700E-5	-1.490130E-7
9.187500E+3	1.355270E-5	-2.495960E-7
9.167100E+3	1.443560E-5	-1.527380E-7
9.156500E+3	1.503910E-5	-2.495960E-7
9.136500E+3	1.606730E-5	-2.644970E-7
9.123600E+3	1.651060E-5	-1.676390E-7
9.103000E+3	1.746800E-5	-1.490130E-7
9.092600E+3	1.803800E-5	-1.750900E-7
9.079300E+3	1.870850E-5	-2.943000E-7
9.059600E+3	1.972930E-5	-3.352780E-7
9.048300E+3	2.015390E-5	-3.017500E-7
9.028800E+3	2.111130E-5	-2.868490E-7
9.017600E+3	2.155090E-5	-2.384200E-7
8.997900E+3	2.248600E-5	-2.831240E-7
8.987100E+3	2.292560E-5	-2.272440E-7
8.967000E+3	2.393880E-5	-3.725310E-7
8.956700E+3	2.451250E-5	-3.911570E-7
8.944700E+3	2.482550E-5	-2.495960E-7
8.923200E+3	2.599150E-5	-4.135090E-7
8.911100E+3	2.628950E-5	-3.054760E-7
8.890200E+3	2.729160E-5	-4.209600E-7
8.880700E+3	2.757470E-5	-2.533220E-7
8.859500E+3	2.850980E-5	-3.203770E-7
8.850300E+3	2.885250E-5	-2.533220E-7
8.839800E+3	2.958260E-5	-4.060580E-7
8.817000E+3	3.021220E-5	-2.719480E-7
8.806000E+3	3.069290E-5	-3.501790E-7
8.786700E+3	3.143050E-5	-3.017500E-7
8.776400E+3	3.191480E-5	-4.246850E-7
8.756200E+3	3.258530E-5	-2.868490E-7
8.742600E+3	3.299510E-5	-3.203770E-7
8.732000E+3	3.333040E-5	-2.682230E-7
8.710100E+3	3.411270E-5	-3.017500E-7
8.698900E+3	3.455980E-5	-4.582130E-7
8.679300E+3	3.518930E-5	-3.650800E-7
8.666100E+3	3.561770E-5	-4.135090E-7
8.656000E+3	3.584500E-5	-3.650800E-7
8.635100E+3	3.653040E-5	-4.470370E-7
8.625700E+3	3.668320E-5	-3.390030E-7
8.604500E+3	3.742820E-5	-4.954670E-7
8.595300E+3	3.752880E-5	-2.905740E-7
8.574000E+3	3.806520E-5	-2.868490E-7
8.564900E+3	3.832230E-5	-2.831240E-7
8.543600E+3	3.882150E-5	-2.384200E-7
8.534300E+3	3.927220E-5	-4.135090E-7
8.513500E+3	3.947710E-5	-2.607720E-7
8.503700E+3	3.977140E-5	-2.905740E-7
8.483300E+3	4.036000E-5	-4.433110E-7
8.471000E+3	4.036750E-5	-2.421460E-7
8.459800E+3	4.073260E-5	-3.986080E-7
8.437500E+3	4.097470E-5	-2.533220E-7
8.426900E+3	4.128390E-5	-3.390030E-7
8.403800E+3	4.156330E-5	-3.352780E-7
8.393800E+3	4.169740E-5	-3.092010E-7
8.382600E+3	4.190230E-5	-3.241020E-7
8.360900E+3	4.213700E-5	-2.793990E-7
8.360900E+3	4.213700E-5	-2.793990E-7
8.327400E+3	4.248720E-5	-2.160680E-7
8.316000E+3	4.271070E-5	-3.017500E-7
8.303500E+3	4.294540E-5	-4.544870E-7
8.283500E+3	4.294910E-5	-2.719480E-7
8.270500E+3	4.317260E-5	-4.433110E-7
8.261200E+3	4.303850E-5	-2.570470E-7
8.240000E+3	4.316890E-5	-2.682230E-7
8.227800E+3	4.319120E-5	-3.203770E-7
8.207200E+3	4.334770E-5	-3.874320E-7
8.197600E+3	4.315400E-5	-1.601880E-7
8.176400E+3	4.332540E-5	-3.650800E-7
8.167300E+3	4.312050E-5	-1.601880E-7
8.145800E+3	4.318010E-5	-3.017500E-7
8.136700E+3	4.294540E-5	-1.043090E-7
8.125600E+3	4.310180E-5	-3.390030E-7
8.106100E+3	4.290810E-5	-3.203770E-7
8.084900E+3	4.259150E-5	-2.346940E-7
8.075300E+3	4.255790E-5	-3.092010E-7
8.064000E+3	4.227480E-5	-2.160680E-7
8.042300E+3	4.195450E-5	-2.570470E-7
8.031200E+3	4.160800E-5	-1.266610E-7
8.009100E+3	4.117210E-5	-1.005830E-7
7.998600E+3	4.086670E-5	-9.685800E-8
7.984700E+3	4.081820E-5	-2.868490E-7
7.965800E+3	4.000990E-5	-7.078100E-8
7.951700E+3	3.992790E-5	-2.570470E-7
7.942200E+3	3.958140E-5	-1.974410E-7
7.919000E+3	3.892950E-5	-1.974410E-7
7.908600E+3	3.860170E-5	-2.235180E-7
7.888200E+3	3.793110E-5	-1.750900E-7
7.878300E+3	3.747290E-5	-2.235190E-8
7.857400E+3	3.699610E-5	-2.309690E-7
7.848100E+3	3.649690E-5	-1.601880E-7
7.835900E+3	3.599400E-5	-2.607710E-8
7.814700E+3	3.528620E-5	-1.527380E-7
7.802700E+3	3.482050E-5	-5.587960E-8
7.792200E+3	3.453370E-5	-1.527380E-7
7.769100E+3	3.358000E-5	-3.352780E-8
7.759300E+3	3.318510E-5	-3.725320E-9
7.747900E+3	3.271950E-5	2.980250E-8
7.725400E+3	3.197440E-5	-1.154840E-7
7.714100E+3	3.140070E-5	7.450640E-9
7.692500E+3	3.058860E-5	2.607710E-8
7.681200E+3	3.030540E-5	-1.303860E-7
7.661800E+3	2.943360E-5	5.587960E-8
7.650600E+3	2.903130E-5	0.000000E+0
7.629200E+3	2.815590E-5	6.333040E-8
7.618100E+3	2.775350E-5	1.117590E-8
7.605000E+3	2.751880E-5	-1.043090E-7
7.585400E+3	2.653910E-5	6.333040E-8
7.572200E+3	2.632670E-5	-8.568210E-8
7.562300E+3	2.585360E-5	-7.450640E-9
7.539400E+3	2.516820E-5	-5.215430E-8
7.528800E+3	2.478820E-5	-3.725310E-8
7.519500E+3	2.424800E-5	8.940740E-8
7.495000E+3	2.370410E-5	-4.842900E-8
7.485700E+3	2.323100E-5	9.685800E-8
7.461500E+3	2.261260E-5	-9.313270E-8
7.452400E+3	2.217300E-5	4.097840E-8
7.431000E+3	2.154720E-5	1.490130E-8
7.421900E+3	2.134230E-5	-3.352780E-8
7.400700E+3	2.079840E-5	-2.235190E-8
7.391100E+3	2.042220E-5	9.313270E-8
7.379900E+3	2.015020E-5	9.685800E-8
7.358200E+3	1.956530E-5	1.005830E-7
7.347300E+3	1.932690E-5	-7.450640E-9
7.324800E+3	1.870480E-5	7.078100E-8
7.314500E+3	1.856700E-5	-5.587960E-8
7.294500E+3	1.795600E-5	6.705570E-8
7.294500E+3	1.795600E-5	6.705570E-8
7.273300E+3	1.757980E-5	-3.352780E-8
7.252900E+3	1.716630E-5	-5.960510E-8
7.233400E+3	1.661490E-5	7.450630E-8
7.222100E+3	1.651810E-5	-3.352780E-8
7.212600E+3	1.619770E-5	6.333040E-8
7.191500E+3	1.578790E-5	4.842900E-8
7.182300E+3	1.557930E-5	0.000000E+0
7.160900E+3	1.511360E-5	2.607710E-8
7.151800E+3	1.484910E-5	1.080340E-7
7.130400E+3	1.440950E-5	6.705570E-8
7.121000E+3	1.429400E-5	-7.450640E-9
7.100000E+3	1.396240E-5	-6.705570E-8
7.090100E+3	1.381340E-5	-6.705570E-8
7.069400E+3	1.331050E-5	8.195680E-8
7.059000E+3	1.326950E-5	-6.705570E-8
7.038800E+3	1.282250E-5	4.097840E-8
7.029000E+3	1.265860E-5	2.607710E-8
7.005400E+3	1.227120E-5	7.078100E-8
6.995500E+3	1.217060E-5	7.450640E-9
6.975200E+3	1.178690E-5	8.568210E-8
6.964700E+3	1.166020E-5	5.587960E-8
6.953900E+3	1.147770E-5	6.333040E-8
6.932000E+3	1.117590E-5	3.725320E-9
6.920700E+3	1.108280E-5	-4.842900E-8
6.901200E+3	1.072520E-5	2.235190E-8
6.890100E+3	1.059480E-5	1.862660E-8
6.870300E+3	1.031540E-5	-3.725320E-9
6.859800E+3	1.011790E-5	1.117590E-8
6.847800E+3	9.905610E-6	8.195680E-8
6.826500E+3	9.596410E-6	5.215430E-8
6.814200E+3	9.439940E-6	9.313270E-8
6.793500E+3	9.190350E-6	1.005830E-7
6.783800E+3	9.018990E-6	1.415620E-7
6.762700E+3	8.825270E-6	5.587960E-8
6.753400E+3	8.642730E-6	8.940740E-8
6.731900E+3	8.378240E-6	4.842900E-8
6.722800E+3	8.333530E-6	-3.352780E-8
6.711900E+3	8.095110E-6	6.333040E-8
6.689300E+3	7.830620E-6	2.980250E-8
6.678300E+3	7.763560E-6	-6.333040E-8
6.656100E+3	7.342580E-6	1.005830E-7
6.645700E+3	7.323950E-6	7.450640E-9
6.625700E+3	6.966320E-6	7.450630E-8
6.614800E+3	6.854560E-6	4.097840E-8
6.604400E+3	6.638500E-6	1.005830E-7
6.584000E+3	6.470860E-6	3.725320E-9
6.573900E+3	6.299490E-6	0.000000E+0
6.553000E+3	5.919520E-6	5.587960E-8
6.543600E+3	5.729530E-6	8.940740E-8
6.520300E+3	5.472480E-6	0.000000E+0
6.510200E+3	5.301120E-6	1.490130E-8
6.501000E+3	5.096230E-6	1.117590E-8
6.477000E+3	4.731150E-6	7.450640E-9
6.468000E+3	4.466650E-6	1.080340E-7
6.444200E+3	4.161180E-6	7.450640E-9
6.434800E+3	3.907860E-6	8.195680E-8
6.424800E+3	3.665700E-6	5.960510E-8
6.401100E+3	3.296900E-6	1.862660E-8
6.391700E+3	2.972800E-6	8.195680E-8
6.367700E+3	2.592820E-6	2.980250E-8
6.358500E+3	2.350670E-6	1.117590E-8
6.344800E+3	2.104800E-6	1.117590E-8
6.324900E+3	1.646590E-6	-4.097840E-8
6.312100E+3	1.356010E-6	-3.352780E-8
6.300800E+3	1.139950E-6	-5.587960E-8
6.281400E+3	6.519290E-7	-2.980250E-8
6.281400E+3	6.519290E-7	-2.980250E-8
6.250500E+3	-9.685800E-8	-3.725320E-9
6.240100E+3	-4.209600E-7	7.078100E-8
6.240100E+3	-4.209600E-7	7.078100E-8
6.209900E+3	-1.110140E-6	0.000000E+0
6.188800E+3	-1.620510E-6	-1.117590E-8
6.179500E+3	-1.922260E-6	4.842900E-8
6.158200E+3	-2.391650E-6	-2.235190E-8
6.149100E+3	-2.704580E-6	1.117590E-8
6.127700E+3	-3.185140E-6	-3.725310E-8
6.118600E+3	-3.539040E-6	1.862660E-8
6.094500E+3	-4.079220E-6	-2.607710E-8
6.085400E+3	-4.425670E-6	3.352780E-8
6.075000E+3	-4.790750E-6	5.215430E-8
6.052000E+3	-5.297390E-6	2.235190E-8
6.042300E+3	-5.662470E-6	5.960510E-8
6.018500E+3	-6.105780E-6	-3.725320E-9
6.009500E+3	-6.463410E-6	1.117590E-8
5.996600E+3	-6.724180E-6	1.117590E-8
5.976000E+3	-7.260620E-6	-3.725320E-9
5.963700E+3	-7.532570E-6	1.862660E-8
5.952300E+3	-7.722580E-6	-4.097840E-8
5.930000E+3	-8.337260E-6	0.000000E+0
5.918600E+3	-8.519800E-6	-6.333040E-8
5.918600E+3	-8.519800E-6	-6.333040E-8
5.885900E+3	-9.171720E-6	-7.823160E-8
5.875400E+3	-9.354260E-6	-8.940740E-8
5.855100E+3	-9.618760E-6	-2.533220E-7
5.835500E+3	-9.998740E-6	-2.197930E-7
5.824000E+3	-1.021480E-5	-2.197930E-7
5.811300E+3	-1.043090E-5	-1.527380E-7
5.802200E+3	-1.066930E-5	-9.313270E-8
5.778000E+3	-1.100460E-5	-1.192100E-7
5.768900E+3	-1.119460E-5	-7.078100E-8
5.745300E+3	-1.143670E-5	-7.078100E-8
5.735400E+3	-1.157450E-5	-4.097840E-8
5.714400E+3	-1.174590E-5	-7.078100E-8
5.705100E+3	-1.188000E-5	-2.980250E-8
5.683800E+3	-1.203270E-5	-6.333040E-8
5.674700E+3	-1.214450E-5	-3.352780E-8
5.653300E+3	-1.230100E-5	0.000000E+0
5.644200E+3	-1.235310E-5	-7.450640E-9
5.632900E+3	-1.236800E-5	-5.215430E-8
5.610800E+3	-1.250960E-5	0.000000E+0
5.600200E+3	-1.253570E-5	-1.490130E-8
5.580200E+3	-1.260270E-5	-3.725320E-9
5.569100E+3	-1.256550E-5	-8.940740E-8
5.549500E+3	-1.263250E-5	-7.450630E-8
5.538000E+3	-1.259900E-5	-6.333040E-8
5.538000E+3	-1.259900E-5	-6.333040E-8
5.505200E+3	-1.257660E-5	-4.097840E-8
5.492000E+3	-1.253190E-5	-6.705570E-8
5.482400E+3	-1.253190E-5	-3.352780E-8
5.458200E+3	-1.241650E-5	-1.005830E-7
5.448800E+3	-1.240150E-5	-9.313270E-8
5.425500E+3	-1.231590E-5	-9.313270E-8
5.415400E+3	-1.225630E-5	-7.450630E-8
5.394700E+3	-1.218550E-5	-7.450630E-8
5.385100E+3	-1.217800E-5	-1.490130E-8
5.363900E+3	-1.204760E-5	-4.097840E-8
5.354800E+3	-1.203650E-5	-2.607710E-8
5.345200E+3	-1.197310E-5	-2.980250E-8
5.321200E+3	-1.180180E-5	-5.587960E-8
5.311500E+3	-1.176830E-5	-1.490130E-8
5.287900E+3	-1.164160E-5	-8.195680E-8
5.278600E+3	-1.161550E-5	-3.725310E-8
5.267500E+3	-1.149630E-5	-5.960510E-8
5.245400E+3	-1.133980E-5	-6.705570E-8
5.235000E+3	-1.119080E-5	-1.154840E-7
5.212000E+3	-1.109020E-5	-5.960510E-8
5.202200E+3	-1.097480E-5	-9.685800E-8
5.190800E+3	-1.092630E-5	-8.568210E-8
5.168600E+3	-1.080340E-5	-6.705570E-8
5.158100E+3	-1.072520E-5	-7.823160E-8
5.138600E+3	-1.056130E-5	-1.005830E-7
5.127200E+3	-1.049420E-5	-8.568210E-8
5.107500E+3	-1.037500E-5	-5.960510E-8
5.096200E+3	-1.030420E-5	-3.725310E-8
5.083900E+3	-1.021110E-5	-2.980250E-8
5.062400E+3	-1.005460E-5	-4.470370E-8
5.053300E+3	-1.001360E-5	-3.352780E-8
5.032000E+3	-9.816200E-6	-1.080340E-7
5.020000E+3	-9.778950E-6	-7.078100E-8
4.998700E+3	-9.596410E-6	-1.154840E-7
4.989600E+3	-9.577780E-6	-4.470370E-8
4.968200E+3	-9.391520E-6	-3.725310E-8
4.959100E+3	-9.309560E-6	-3.352780E-8
4.948100E+3	-9.194070E-6	-4.842900E-8
4.925600E+3	-9.063690E-6	-2.235190E-8
4.915400E+3	-8.951930E-6	-8.195680E-8
4.895300E+3	-8.817820E-6	-9.685800E-8
4.884400E+3	-8.765670E-6	-9.313270E-8
4.864800E+3	-8.679980E-6	-1.862660E-8
4.853500E+3	-8.564500E-6	-7.450630E-8
4.831500E+3	-8.460190E-6	-2.235190E-8
4.821000E+3	-8.374510E-6	-6.333040E-8
4.810100E+3	-8.296280E-6	-8.568210E-8
4.788300E+3	-8.195700E-6	-4.470370E-8
4.777000E+3	-8.091390E-6	-8.940740E-8
4.757400E+3	-7.994530E-6	-6.705570E-8
4.743400E+3	-7.901400E-6	-1.005830E-7
4.734200E+3	-7.893950E-6	-5.215430E-8
4.713200E+3	-7.741210E-6	-5.960510E-8
4.704200E+3	-7.696510E-6	-3.725310E-8
4.683000E+3	-7.584720E-6	-4.097840E-8
4.673800E+3	-7.484140E-6	-6.333040E-8
4.652800E+3	-7.398460E-6	-3.725310E-8
4.643700E+3	-7.368650E-6	-1.490130E-8
4.622200E+3	-7.223370E-6	-6.705570E-8
4.612900E+3	-7.137690E-6	-1.005830E-7
4.588700E+3	-7.096710E-6	-4.097840E-8
4.579000E+3	-7.003570E-6	-7.823160E-8
4.558200E+3	-6.955150E-6	-3.352780E-8
4.548100E+3	-6.880640E-6	-4.470370E-8
4.527600E+3	-6.794960E-6	-2.607710E-8
4.518100E+3	-6.716730E-6	-5.215430E-8
4.503900E+3	-6.660850E-6	-5.587960E-8
4.484400E+3	-6.593790E-6	-2.980250E-8
4.473100E+3	-6.556540E-6	-2.607710E-8
4.451600E+3	-6.482030E-6	-2.607710E-8
4.440200E+3	-6.374000E-6	-9.685800E-8
4.420800E+3	-6.362820E-6	-3.352780E-8
4.409500E+3	-6.269690E-6	-8.568210E-8
4.400200E+3	-6.262240E-6	-4.842900E-8
4.376800E+3	-6.109510E-6	-1.043090E-7
4.366700E+3	-6.094600E-6	-6.705570E-8
4.346000E+3	-5.986570E-6	-7.823160E-8
4.336400E+3	-5.997750E-6	-3.725310E-8
4.326400E+3	-5.945590E-6	-3.725310E-8
4.302700E+3	-5.859910E-6	-1.117590E-8
4.293500E+3	-5.830110E-6	-1.117590E-8
4.272200E+3	-5.751880E-6	-1.117590E-8
4.262600E+3	-5.681100E-6	-4.470370E-8
4.241700E+3	-5.632670E-6	-2.980250E-8
4.231500E+3	-5.532090E-6	-9.685800E-8
4.211100E+3	-5.520910E-6	-4.097840E-8
4.200400E+3	-5.450130E-6	-6.705570E-8
4.180700E+3	-5.379350E-6	-4.097840E-8
4.167800E+3	-5.345820E-6	-3.725310E-8
4.147300E+3	-5.353270E-6	3.725320E-9
4.136900E+3	-5.260140E-6	-6.705570E-8
4.116800E+3	-5.263860E-6	7.450640E-9
4.105900E+3	-5.170730E-6	-5.215430E-8
4.095500E+3	-5.159560E-6	-4.470370E-8
4.073400E+3	-5.099950E-6	-3.352780E-8
4.073400E+3	-5.099950E-6	-3.352780E-8
4.042400E+3	-4.962120E-6	-5.587960E-8
4.031700E+3	-4.962120E-6	-2.980250E-8
4.011500E+3	-4.865260E-6	-3.725310E-8
4.001300E+3	-4.880160E-6	0.000000E+0
3.980700E+3	-4.783300E-6	-5.960510E-8
3.971100E+3	-4.787030E-6	-2.235190E-8
3.949900E+3	-4.753500E-6	-3.352780E-8
3.940800E+3	-4.723700E-6	-3.725310E-8
3.919200E+3	-4.611940E-6	-6.705570E-8
3.910100E+3	-4.641740E-6	0.000000E+0
3.899100E+3	-4.593310E-6	0.000000E+0
3.876400E+3	-4.559780E-6	-3.352780E-8
3.866100E+3	-4.552330E-6	-2.607710E-8
3.845400E+3	-4.451750E-6	-6.705570E-8
3.834700E+3	-4.403320E-6	-9.685800E-8
3.814600E+3	-4.410770E-6	-2.235190E-8
3.803500E+3	-4.410770E-6	-2.235190E-8
3.781300E+3	-4.310190E-6	-2.235190E-8
3.770900E+3	-4.291560E-6	-2.607710E-8
3.760000E+3	-4.224510E-6	-5.215430E-8
3.738100E+3	-4.235680E-6	1.490130E-8
3.726700E+3	-4.161180E-6	-2.980250E-8
3.705100E+3	-4.168630E-6	7.450640E-9
3.693800E+3	-4.116470E-6	-7.450640E-9
3.680700E+3	-4.027070E-6	-6.705570E-8
3.671800E+3	-4.079220E-6	1.862660E-8
3.647400E+3	-3.974910E-6	-5.215430E-8
3.638300E+3	-4.023340E-6	2.235190E-8
3.614400E+3	-3.926490E-6	-5.215430E-8
3.604800E+3	-3.948840E-6	-1.490130E-8
3.583600E+3	-3.900410E-6	-2.607710E-8
3.574400E+3	-3.907860E-6	7.450640E-9
3.552900E+3	-3.829630E-6	-4.842900E-8
3.543800E+3	-3.770010E-6	-8.568210E-8
3.530900E+3	-3.770010E-6	-5.587960E-8
3.510200E+3	-3.770010E-6	-2.235190E-8
3.500000E+3	-3.710400E-6	-5.960510E-8
3.479700E+3	-3.714130E-6	-1.862660E-8
3.469000E+3	-3.695500E-6	7.450640E-9
3.446100E+3	-3.617270E-6	-1.490130E-8
3.436000E+3	-3.561390E-6	-3.352780E-8
3.415500E+3	-3.568840E-6	2.607710E-8
3.404900E+3	-3.516690E-6	7.450640E-9
3.384800E+3	-3.475710E-6	1.117590E-8
3.373700E+3	-3.412380E-6	-4.842900E-8
3.363400E+3	-3.442180E-6	0.000000E+0
3.342800E+3	-3.349050E-6	-5.960510E-8
3.333100E+3	-3.360230E-6	-3.352780E-8
3.312100E+3	-3.356500E-6	-2.980250E-8
3.302700E+3	-3.386300E-6	7.450640E-9
3.281400E+3	-3.352780E-6	-7.450640E-9
3.272300E+3	-3.304350E-6	-3.352780E-8
3.248300E+3	-3.263370E-6	-6.705570E-8
3.238900E+3	-3.252190E-6	-3.725310E-8
3.226600E+3	-3.300620E-6	2.235190E-8
3.205100E+3	-3.207490E-6	-6.705570E-8
3.193200E+3	-3.263370E-6	-7.450640E-9
3.171800E+3	-3.166510E-6	-8.568210E-8
3.162700E+3	-3.185140E-6	-3.352780E-8
3.141500E+3	-3.170240E-6	-2.235190E-8
3.132300E+3	-3.110630E-6	-5.215430E-8
3.111000E+3	-3.077100E-6	-6.705570E-8
3.101500E+3	-3.103180E-6	-4.842900E-8
3.088400E+3	-3.065930E-6	-5.960510E-8
3.068400E+3	-3.073380E-6	4.470370E-8
3.054500E+3	-3.028680E-6	6.333040E-8
3.044200E+3	-2.980250E-6	-1.117590E-8
3.021800E+3	-3.013770E-6	4.470370E-8
3.010400E+3	-2.935540E-6	-3.352780E-8
2.988600E+3	-2.969070E-6	4.842900E-8
2.977300E+3	-2.887110E-6	-1.490130E-8
2.967400E+3	-2.857310E-6	-1.490130E-8
2.944400E+3	-2.872210E-6	-3.725320E-9
2.933900E+3	-2.831240E-6	-1.862660E-8
2.913400E+3	-2.820060E-6	-2.607710E-8
2.903400E+3	-2.849860E-6	7.450640E-9
2.882300E+3	-2.790260E-6	-5.587960E-8
2.872800E+3	-2.820060E-6	1.117590E-8
2.851400E+3	-2.790260E-6	1.117590E-8
2.851400E+3	-2.790260E-6	1.117590E-8
2.831600E+3	-2.771630E-6	1.490130E-8
2.808600E+3	-2.749280E-6	3.725320E-9
2.799000E+3	-2.760450E-6	2.980250E-8
2.775300E+3	-2.697120E-6	-2.235190E-8
2.766300E+3	-2.753000E-6	1.862660E-8
2.753300E+3	-2.712030E-6	1.490130E-8
2.733000E+3	-2.697120E-6	2.235190E-8
2.720400E+3	-2.704580E-6	2.980250E-8
2.708900E+3	-2.630070E-6	-4.842900E-8
2.686200E+3	-2.674770E-6	0.000000E+0
2.674700E+3	-2.581640E-6	-5.960510E-8
2.652800E+3	-2.630070E-6	1.862660E-8
2.641600E+3	-2.559290E-6	-3.725310E-8
2.631400E+3	-2.585370E-6	3.725320E-9
2.610600E+3	-2.484780E-6	-7.078100E-8
2.601000E+3	-2.503410E-6	-6.705570E-8
2.579900E+3	-2.536940E-6	-1.490130E-8
2.567400E+3	-2.507130E-6	-4.842900E-8
2.558300E+3	-2.529490E-6	-3.725320E-9
2.533800E+3	-2.436350E-6	-7.078100E-8
2.524600E+3	-2.484780E-6	-1.490130E-8
2.500700E+3	-2.414000E-6	-6.705570E-8
2.490900E+3	-2.469880E-6	-1.117590E-8
2.481100E+3	-2.473610E-6	3.725320E-9
2.457400E+3	-2.417730E-6	-2.980250E-8
2.448200E+3	-2.425180E-6	-1.117590E-8
2.424000E+3	-2.335770E-6	-6.333040E-8
2.415000E+3	-2.373020E-6	3.725320E-9
2.393600E+3	-2.376750E-6	0.000000E+0
2.393600E+3	-2.376750E-6	0.000000E+0
2.362900E+3	-2.309690E-6	-3.725320E-9
2.353500E+3	-2.291070E-6	-1.117590E-8
2.332400E+3	-2.343220E-6	5.215430E-8
2.322400E+3	-2.268720E-6	-2.607710E-8
2.301700E+3	-2.313420E-6	2.980250E-8
2.291200E+3	-2.242640E-6	-4.842900E-8
2.271000E+3	-2.305970E-6	2.607710E-8
2.260100E+3	-2.235190E-6	-4.842900E-8
2.249600E+3	-2.283620E-6	2.980250E-8
2.226200E+3	-2.183030E-6	-2.980250E-8
2.215900E+3	-2.231460E-6	2.980250E-8
2.203800E+3	-2.209110E-6	1.862660E-8
2.182300E+3	-2.220290E-6	1.490130E-8
2.173100E+3	-2.194210E-6	-1.862660E-8
2.151500E+3	-2.186760E-6	-2.235190E-8
2.142400E+3	-2.194210E-6	3.352780E-8
2.121000E+3	-2.104800E-6	-3.725320E-9
2.111300E+3	-2.048920E-6	-5.215430E-8
2.090400E+3	-2.082450E-6	1.117590E-8
2.080200E+3	-2.048920E-6	-3.725310E-8
2.056300E+3	-2.108530E-6	0.000000E+0
2.046600E+3	-2.067550E-6	-4.470370E-8
2.025200E+3	-2.127160E-6	3.352780E-8
2.015200E+3	-2.097350E-6	1.117590E-8
2.003600E+3	-2.026570E-6	-3.725310E-8
1.981300E+3	-2.048920E-6	1.490130E-8
1.969600E+3	-2.004220E-6	-2.980250E-8
1.946300E+3	-2.078730E-6	4.470370E-8
1.934800E+3	-2.030300E-6	1.862660E-8
1.913400E+3	-2.011670E-6	3.352780E-8
1.901300E+3	-1.903630E-6	-3.352780E-8
1.890300E+3	-1.933440E-6	-3.725320E-9
1.867700E+3	-1.896180E-6	-6.705570E-8
1.846200E+3	-1.966970E-6	-3.352780E-8
1.833900E+3	-1.937170E-6	-7.823160E-8
1.823600E+3	-1.981870E-6	-3.352780E-8
1.797600E+3	-1.925990E-6	-8.940740E-8
1.786700E+3	-1.993040E-6	-1.862660E-8
1.786700E+3	-1.993040E-6	-1.862660E-8
1.750000E+3	-1.922260E-6	-6.705570E-8
1.740000E+3	-1.896180E-6	-7.450630E-8
1.713600E+3	-1.896180E-6	-7.450630E-8
1.703600E+3	-1.933440E-6	-2.235190E-8
1.692300E+3	-1.896180E-6	-3.352780E-8
1.667700E+3	-1.911090E-6	2.980250E-8
1.656300E+3	-1.840300E-6	-1.490130E-8
1.635300E+3	-1.821670E-6	-2.980250E-8
1.623700E+3	-1.817950E-6	-3.725310E-8
1.603500E+3	-1.829120E-6	-3.725320E-9
1.591900E+3	-1.806770E-6	-2.235190E-8
1.572800E+3	-1.795600E-6	-1.490130E-8
1.561700E+3	-1.806770E-6	-2.607710E-8
1.542400E+3	-1.784420E-6	-2.235190E-8
1.530700E+3	-1.799320E-6	-1.117590E-8
1.512500E+3	-1.750890E-6	-4.097840E-8
1.501700E+3	-1.806770E-6	2.980250E-8
1.480800E+3	-1.821670E-6	6.333040E-8
1.470400E+3	-1.806770E-6	4.842900E-8
1.462200E+3	-1.743440E-6	-1.490130E-8
1.440400E+3	-1.747170E-6	0.000000E+0
1.431900E+3	-1.776970E-6	4.097840E-8
1.423200E+3	-1.754620E-6	2.235190E-8
1.402100E+3	-1.803050E-6	6.333040E-8
1.394200E+3	-1.750890E-6	1.117590E-8
1.373000E+3	-1.765790E-6	-2.235190E-8
1.365400E+3	-1.821670E-6	4.470370E-8
1.346600E+3	-1.762070E-6	1.862660E-8
1.338900E+3	-1.724820E-6	3.725320E-9
1.329100E+3	-1.743440E-6	0.000000E+0
1.310100E+3	-1.702460E-6	-1.490130E-8
1.300900E+3	-1.713640E-6	7.450640E-9
1.281000E+3	-1.713640E-6	-3.725320E-9
1.272700E+3	-1.754620E-6	2.980250E-8
1.260200E+3	-1.691290E-6	-2.235190E-8
1.244000E+3	-1.721090E-6	7.450640E-9
1.231600E+3	-1.706190E-6	-2.235190E-8
1.222500E+3	-1.676390E-6	-5.960510E-8
1.202900E+3	-1.721090E-6	-1.862660E-8
1.192800E+3	-1.668940E-6	-7.823160E-8
1.173800E+3	-1.758340E-6	7.450640E-9
1.163500E+3	-1.680110E-6	-7.450630E-8
1.155200E+3	-1.732270E-6	-7.450640E-9
1.136100E+3	-1.769520E-6	2.235190E-8
1.128100E+3	-1.750890E-6	1.117590E-8
1.109000E+3	-1.691290E-6	-5.960510E-8
1.101000E+3	-1.758340E-6	2.607710E-8
1.079500E+3	-1.680110E-6	-5.215430E-8
1.071400E+3	-1.728540E-6	2.607710E-8
1.062400E+3	-1.743440E-6	4.842900E-8
1.041900E+3	-1.706190E-6	2.980250E-8
1.033700E+3	-1.724820E-6	7.078100E-8
1.015500E+3	-1.695010E-6	1.117590E-8
1.006800E+3	-1.672660E-6	-3.352780E-8
9.893000E+2	-1.754620E-6	2.980250E-8
9.801000E+2	-1.713640E-6	-7.450640E-9
9.606000E+2	-1.743440E-6	2.980250E-8
9.523000E+2	-1.773250E-6	4.470370E-8
9.426000E+2	-1.750890E-6	2.235190E-8
9.262000E+2	-1.713640E-6	-1.862660E-8
9.168000E+2	-1.739720E-6	0.000000E+0
8.989000E+2	-1.799320E-6	3.352780E-8
8.893000E+2	-1.750890E-6	-2.235190E-8
8.734000E+2	-1.788150E-6	0.000000E+0
8.640000E+2	-1.776970E-6	-2.607710E-8
8.480000E+2	-1.858930E-6	4.470370E-8
8.370000E+2	-1.799320E-6	-2.235190E-8
8.292000E+2	-1.858930E-6	2.980250E-8
8.097000E+2	-1.810500E-6	-3.725310E-8
8.097000E+2	-1.810500E-6	-3.725310E-8
7.855000E+2	-1.873830E-6	-3.352780E-8
7.776000E+2	-1.922260E-6	1.117590E-8
7.607000E+2	-1.881280E-6	-2.235190E-8
7.534000E+2	-1.966970E-6	6.705570E-8
7.454000E+2	-1.907360E-6	-2.235190E-8
7.268000E+2	-2.004220E-6	2.607710E-8
7.195000E+2	-2.004220E-6	1.862660E-8
7.028000E+2	-2.030300E-6	1.490130E-8
6.953000E+2	-2.007950E-6	-3.352780E-8
6.792000E+2	-2.123430E-6	4.097840E-8
6.712000E+2	-2.101080E-6	-1.117590E-8
6.556000E+2	-2.101080E-6	-5.215430E-8
6.450000E+2	-2.153230E-6	-2.980250E-8
6.346000E+2	-2.130880E-6	-6.705570E-8
6.199000E+2	-2.186760E-6	-4.097840E-8
6.109000E+2	-2.250090E-6	7.450640E-9
5.960000E+2	-2.294790E-6	2.980250E-8
5.873000E+2	-2.294790E-6	-2.235190E-8
5.721000E+2	-2.346950E-6	-4.097840E-8
5.641000E+2	-2.443800E-6	2.235190E-8
5.573000E+2	-2.488510E-6	2.235190E-8
5.386000E+2	-2.503410E-6	-5.215430E-8
5.319000E+2	-2.581640E-6	-3.725320E-9
5.136000E+2	-2.596540E-6	-4.470370E-8
5.064000E+2	-2.644970E-6	-2.980250E-8
4.969000E+2	-2.756730E-6	3.725310E-8
4.806000E+2	-2.823780E-6	3.725320E-9
4.694000E+2	-2.890840E-6	2.980250E-8
4.332000E+2	-2.983970E-6	2.607710E-8
4.332000E+2	-2.983970E-6	2.607710E-8
3.930000E+2	-3.192590E-6	2.980250E-8
3.488000E+2	-3.397480E-6	1.117590E-8
3.266000E+2	-3.580020E-6	5.587960E-8
2.775000E+2	-3.859430E-6	0.000000E+0
2.532000E+2	-4.090400E-6	7.450640E-9
2.000000E+2	-4.556060E-6	3.725310E-8
1.744000E+2	-4.809380E-6	5.587960E-8
1.191000E+2	-5.271310E-6	-1.490130E-8
9.250000E+1	-5.669920E-6	7.450640E-9
2.930000E+1	-6.213810E-6	1.452870E-7
2.700000E+0	-4.936040E-6	1.341110E-7
-5.340000E+1	-6.333030E-7	-6.705570E-8
-7.960000E+1	1.106420E-6	-3.725310E-8
-1.344000E+2	3.628450E-6	-1.229350E-7
-1.605000E+2	4.377250E-6	-1.303860E-7
-2.131000E+2	4.857810E-6	-2.980250E-8
-2.387000E+2	4.895060E-6	-7.450640E-9
-2.648000E+2	4.939760E-6	-1.080340E-7
-3.132000E+2	4.693890E-6	-1.005830E-7
-3.591000E+2	4.693890E-6	-1.005830E-7
