Sample Name, Varga_5_4_48G
Freq, 48, GHz, Power, 10, dBm
SR850: f = 25 Hz; phase = 95.5 deg; output = 5 V; sens. = 5 uV; tc = 300 ms; 12dB/oct
Field	X	Y
Oe	V	V
*
-6.350000E+2	-2.351600E-8	1.303860E-8
-6.353000E+2	-4.633350E-8	3.282930E-8
-6.351000E+2	-4.237540E-8	2.514580E-8
-6.343000E+2	1.513410E-8	-3.422630E-8
-6.292000E+2	2.980250E-8	-5.983790E-8
-6.075000E+2	1.629820E-9	-8.847620E-9
-5.970000E+2	5.867350E-8	-7.101380E-8
-5.693000E+2	4.586790E-8	-5.844070E-8
-5.556000E+2	4.889470E-8	-4.121130E-8
-5.198000E+2	2.025640E-8	-6.286460E-9
-5.050000E+2	6.146770E-8	-5.657810E-8
-4.882000E+2	-2.770700E-8	3.026820E-8
-4.555000E+2	4.866180E-8	-5.005880E-8
-4.401000E+2	-3.119950E-8	2.793980E-8
-4.137000E+2	-3.329500E-8	3.539050E-8
-3.976000E+2	1.164160E-8	-4.656640E-9
-3.848000E+2	-1.955790E-8	4.027990E-8
-3.630000E+2	-1.769520E-8	4.563500E-8
-3.522000E+2	3.352780E-8	-3.026810E-9
-3.328000E+2	2.072200E-8	1.420270E-8
-3.238000E+2	7.846440E-8	-4.796330E-8
-3.052000E+2	-2.328320E-10	4.586790E-8
-2.968000E+2	5.378410E-8	-4.889470E-9
-2.755000E+2	1.769520E-8	2.165340E-8
-2.658000E+2	-2.677560E-8	4.796330E-8
-2.543000E+2	4.260820E-8	-4.004710E-8
-2.334000E+2	3.376070E-8	-4.214260E-8
-2.212000E+2	-1.164160E-8	7.450640E-9
-2.090000E+2	5.774220E-8	-6.635720E-8
-1.875000E+2	6.263190E-8	-5.145580E-8
-1.783000E+2	-2.584430E-8	3.259650E-8
-1.539000E+2	-1.862660E-9	3.329500E-8
-1.448000E+2	7.986140E-8	-6.356320E-8
-1.335000E+2	3.958140E-8	-3.096670E-8
-1.119000E+2	4.423800E-8	-5.448260E-8
-1.014000E+2	-2.933680E-8	2.910390E-8
-8.190000E+1	5.238710E-8	-5.820790E-8
-7.090000E+1	1.280570E-8	8.847620E-9
-5.180000E+1	4.656650E-10	4.330670E-8
-4.070000E+1	3.282930E-8	1.979070E-8
-2.160000E+1	8.544930E-8	-4.260820E-8
-1.030000E+1	7.543760E-8	-4.610070E-8
2.000000E+0	4.447090E-8	-3.236370E-8
2.220000E+1	-2.118770E-8	1.094310E-8
3.200000E+1	-3.469200E-8	3.282930E-8
5.470000E+1	-1.071030E-8	2.328320E-9
6.540000E+1	-6.309760E-8	2.421450E-8
8.550000E+1	-1.653110E-8	-5.215430E-8
9.830000E+1	-9.127010E-8	3.445920E-8
1.074000E+2	-4.889470E-9	-3.329500E-8
1.285000E+2	-3.166520E-8	-1.001180E-8
1.374000E+2	-4.423810E-9	-4.516940E-8
1.584000E+2	-8.381960E-9	-3.213090E-8
1.674000E+2	-9.988480E-8	6.961680E-8
1.912000E+2	-8.079270E-8	3.492480E-8
2.002000E+2	1.164160E-9	-4.959320E-8
2.125000E+2	-5.820790E-8	2.444730E-8
2.333000E+2	-2.118770E-8	2.165340E-8
2.457000E+2	2.537870E-8	-1.606540E-8
2.569000E+2	-7.101380E-8	6.449450E-8
2.783000E+2	-1.396990E-9	-8.149130E-9
2.895000E+2	-4.656640E-8	5.587960E-8
2.995000E+2	-6.961680E-8	7.008250E-8
3.216000E+2	-4.936030E-8	3.981430E-8
3.327000E+2	-5.913920E-8	3.445920E-8
3.546000E+2	1.117590E-8	-4.214260E-8
3.660000E+2	-6.705570E-8	3.934860E-8
3.754000E+2	-9.313280E-9	-2.072200E-8
3.990000E+2	-7.217800E-8	2.956960E-8
4.091000E+2	-3.282930E-8	-6.053630E-9
4.297000E+2	-3.306220E-8	-2.817260E-8
4.393000E+2	-5.727660E-8	-4.423810E-9
4.604000E+2	2.095490E-9	-4.586790E-8
4.695000E+2	3.981430E-8	-7.636890E-8
4.908000E+2	-3.771880E-8	4.190970E-8
4.998000E+2	-7.916300E-9	-6.984950E-10
5.211000E+2	-9.546110E-9	-5.587960E-9
5.301000E+2	-6.705570E-8	3.539050E-8
5.512000E+2	7.450640E-9	-5.215430E-8
5.607000E+2	-1.466840E-8	-2.188620E-8
5.812000E+2	-8.335380E-8	4.190970E-8
5.812000E+2	-8.335380E-8	4.190970E-8
6.046000E+2	-7.171230E-8	3.376070E-8
6.269000E+2	-8.568210E-8	3.678750E-8
6.269000E+2	-8.568210E-8	3.678750E-8
6.512000E+2	-8.754480E-8	5.029160E-8
6.712000E+2	-8.707910E-8	5.075730E-8
6.819000E+2	4.656640E-9	-4.074560E-8
7.026000E+2	-8.777760E-8	3.958140E-8
7.129000E+2	-3.655460E-8	8.149130E-9
7.340000E+2	3.492480E-8	-4.586790E-8
7.469000E+2	-3.236370E-8	2.305030E-8
7.672000E+2	-4.353960E-8	2.840550E-8
7.776000E+2	4.610070E-8	-5.983790E-8
7.870000E+2	-2.887110E-8	7.450640E-9
8.114000E+2	-1.373710E-8	-9.313300E-10
8.205000E+2	5.448260E-8	-6.752130E-8
8.421000E+2	-1.955790E-8	1.047740E-8
8.513000E+2	5.681090E-8	-7.427340E-8
8.730000E+2	8.149130E-9	-6.752120E-9
8.856000E+2	5.424980E-8	-5.052450E-8
8.972000E+2	-1.187440E-8	3.608900E-8
9.169000E+2	-1.350420E-8	2.677560E-8
9.379000E+2	3.958150E-9	1.722960E-8
9.484000E+2	-3.795160E-8	4.516940E-8
9.597000E+2	5.099010E-8	-6.426170E-8
9.819000E+2	6.542590E-8	-6.053640E-8
9.935000E+2	-4.121130E-8	3.934860E-8
1.006400E+3	-2.118770E-8	0.000000E+0
1.027100E+3	-6.868550E-8	1.350420E-8
1.040600E+3	-9.150290E-8	2.677560E-8
1.060700E+3	-2.351600E-8	-2.700850E-8
1.072000E+3	-6.076930E-8	4.144410E-8
1.081400E+3	8.847620E-9	-1.862660E-9
1.105900E+3	4.982600E-8	-2.980250E-8
1.115700E+3	1.606540E-8	3.492470E-9
1.128200E+3	5.844070E-8	-2.747410E-8
1.153100E+3	-3.469200E-8	6.798700E-8
1.162400E+3	4.656640E-8	-2.095490E-8
1.187000E+3	-6.752130E-8	6.216620E-8
1.196100E+3	3.259640E-9	-1.769520E-8
1.206900E+3	2.165340E-8	-2.491300E-8
1.230100E+3	-3.306220E-8	3.166520E-8
1.239800E+3	-7.636890E-8	6.496020E-8
1.263800E+3	-3.608900E-8	-2.328320E-10
1.273100E+3	2.328320E-9	-5.401690E-8
1.284300E+3	-6.519290E-9	-3.469200E-8
1.303900E+3	-2.374880E-8	8.149130E-9
1.315300E+3	3.329500E-8	-4.936030E-8
1.330800E+3	-5.820790E-8	3.562330E-8
1.350900E+3	-1.164160E-9	-1.536690E-8
1.364100E+3	-4.749770E-8	2.165340E-8
1.383500E+3	-2.025640E-8	-3.539050E-8
1.396700E+3	-4.842900E-8	1.047740E-8
1.406900E+3	3.655460E-8	-5.285280E-8
1.429000E+3	1.210730E-8	-1.722960E-8
1.440000E+3	-2.072200E-8	5.122300E-9
1.459600E+3	-4.470370E-8	1.909220E-8
1.470000E+3	9.313280E-9	-3.515770E-8
1.478900E+3	5.029160E-8	-7.543760E-8
1.502700E+3	1.210730E-8	-2.631000E-8
1.511500E+3	4.796330E-8	-6.496020E-8
1.532500E+3	3.865010E-8	-5.401690E-8
1.541400E+3	8.847620E-9	-4.516940E-8
1.552400E+3	-4.121130E-8	3.236370E-8
1.574500E+3	1.210730E-8	-3.143240E-8
1.584600E+3	-5.122300E-8	3.865010E-8
1.607500E+3	4.167690E-8	-5.122300E-8
1.618000E+3	4.656640E-9	-2.491300E-8
1.637700E+3	4.656640E-8	-8.288820E-8
1.648700E+3	-1.536690E-8	-2.817260E-8
1.667900E+3	-4.330670E-8	7.450640E-9
1.680700E+3	3.236370E-8	-6.076930E-8
1.691700E+3	5.122300E-8	-5.704370E-8
1.711500E+3	-2.770700E-8	5.215430E-8
1.731000E+3	6.659000E-8	-4.307390E-8
1.742200E+3	1.443560E-8	5.820790E-9
1.752100E+3	3.399350E-8	-2.747410E-8
1.774500E+3	-2.561150E-9	5.122300E-9
1.785200E+3	5.099010E-8	-3.050100E-8
1.805200E+3	-3.655460E-8	3.026820E-8
1.815400E+3	-3.096670E-8	-1.420270E-8
1.835800E+3	-6.356320E-8	3.329500E-8
1.845300E+3	-5.518110E-8	1.513410E-8
1.857300E+3	3.189800E-8	-7.310930E-8
1.878400E+3	-5.331840E-8	7.217780E-9
1.887500E+3	-5.285280E-8	-8.381960E-9
1.908400E+3	-1.862660E-8	-5.122300E-8
1.917800E+3	-6.123490E-8	2.444730E-8
1.932500E+3	2.491300E-8	-5.285280E-8
1.953200E+3	-8.149130E-9	-1.955790E-8
1.962800E+3	-5.122300E-8	2.374880E-8
1.983100E+3	2.840550E-8	-3.981430E-8
1.993400E+3	-5.355130E-9	2.793980E-9
2.016200E+3	-1.653110E-8	-7.916300E-9
2.025600E+3	2.793980E-9	-3.562330E-8
2.036800E+3	-4.773050E-8	4.610070E-8
2.056000E+3	-3.050100E-8	2.211900E-8
2.067000E+3	3.608900E-8	-3.422630E-8
2.086400E+3	-6.984950E-10	3.026810E-9
2.097100E+3	5.844070E-8	-5.750940E-8
2.118500E+3	-4.167690E-8	3.213090E-8
2.129600E+3	1.047740E-8	-1.676390E-8
2.148800E+3	-2.421450E-8	9.080450E-9
2.159700E+3	4.307390E-8	-3.143240E-8
2.171700E+3	5.564680E-8	-6.076930E-8
2.192400E+3	-4.237540E-8	4.190970E-8
2.201600E+3	4.097840E-8	-5.471540E-8
2.225700E+3	-6.472740E-8	2.398170E-8
2.234800E+3	-1.187440E-8	-2.491300E-8
2.245100E+3	-7.217800E-8	3.329500E-8
2.268000E+3	-1.001180E-8	9.313280E-9
2.277400E+3	-2.328320E-8	2.770700E-8
2.297900E+3	-2.095490E-9	-7.683470E-9
2.307900E+3	4.144410E-8	-4.703200E-8
2.331000E+3	-3.003540E-8	3.189800E-8
2.340100E+3	3.352780E-8	-3.306220E-8
2.351400E+3	-1.071030E-8	2.654280E-8
2.372800E+3	3.934860E-8	-2.700850E-8
2.383400E+3	-1.001180E-8	3.282930E-8
2.393800E+3	2.724130E-8	-7.450640E-9
2.415400E+3	-4.097840E-8	4.237540E-8
2.426400E+3	5.681090E-8	-5.634520E-8
2.445900E+3	-1.257290E-8	1.955790E-8
2.456500E+3	1.164160E-8	-2.095490E-9
2.478300E+3	1.955790E-8	3.259640E-9
2.489500E+3	5.867350E-8	-2.840550E-8
2.504800E+3	-2.607710E-8	6.076930E-8
2.524800E+3	-3.469200E-8	3.539050E-8
2.534700E+3	2.747410E-8	-3.678750E-8
2.543900E+3	3.026820E-8	-3.841730E-8
2.567600E+3	-4.819620E-8	2.677560E-8
2.576600E+3	2.631000E-8	-5.797510E-8
2.597800E+3	2.421450E-8	-5.937200E-8
2.606800E+3	-6.100210E-8	2.142050E-8
2.630800E+3	-3.934860E-8	1.327140E-8
2.639700E+3	-4.284110E-8	9.778940E-9
2.660800E+3	-6.519290E-9	-1.466840E-8
2.669600E+3	9.313280E-9	-4.540220E-8
2.680600E+3	-6.193340E-8	5.029160E-8
2.702400E+3	1.653110E-8	-2.118770E-8
2.712800E+3	-3.189800E-8	1.606540E-8
2.735500E+3	1.909220E-8	-4.074560E-8
2.745100E+3	-3.259640E-9	-2.165340E-8
2.756300E+3	-6.426170E-8	3.865010E-8
2.775700E+3	-4.377240E-8	2.025640E-8
2.786800E+3	2.514580E-8	-3.329500E-8
2.806500E+3	-3.795160E-8	2.444730E-8
2.817000E+3	-2.258470E-8	-1.536690E-8
2.839700E+3	-1.839370E-8	-1.676390E-8
2.849600E+3	-6.170060E-8	1.396990E-8
2.858600E+3	6.984950E-10	-3.003540E-8
2.882500E+3	-5.424980E-8	4.330670E-8
2.891500E+3	3.352780E-8	-4.936030E-8
2.912500E+3	-6.053640E-8	3.748600E-8
2.921400E+3	-2.211900E-8	-1.955790E-8
2.945200E+3	-5.075730E-8	9.313280E-9
2.954200E+3	1.443560E-8	-6.076930E-8
2.975300E+3	-3.771880E-8	1.373710E-8
2.984200E+3	-1.094310E-8	-6.984950E-10
3.005200E+3	1.396990E-8	-2.863830E-8
3.014300E+3	5.401690E-8	-7.939570E-8
3.035000E+3	-2.468020E-8	-1.606540E-8
3.044100E+3	3.445920E-8	-7.753310E-8
3.055100E+3	-2.584430E-8	-1.327140E-8
3.077300E+3	1.001180E-8	-5.704370E-8
3.088500E+3	1.559980E-8	-5.331840E-8
3.110300E+3	1.094310E-8	-5.750940E-8
3.120600E+3	-1.350420E-8	-1.862660E-8
3.133700E+3	-8.125830E-8	2.863830E-8
3.152900E+3	1.443560E-8	-5.681090E-8
3.164200E+3	-7.078100E-8	3.445920E-8
3.173500E+3	-4.400520E-8	2.235190E-8
3.196900E+3	-6.216620E-8	4.097840E-8
3.206800E+3	1.234010E-8	-1.629830E-8
3.227500E+3	-3.934860E-8	1.699680E-8
3.236900E+3	3.981430E-8	-4.540220E-8
3.257900E+3	-5.681090E-8	3.748600E-8
3.270200E+3	-1.792810E-8	-2.793980E-9
3.279200E+3	3.236370E-8	-5.029160E-8
3.303200E+3	-5.005880E-8	3.748600E-8
3.312100E+3	3.282930E-8	-5.518110E-8
3.333200E+3	-3.934860E-8	-1.606540E-8
3.342100E+3	-7.217800E-8	2.724130E-8
3.363200E+3	3.096670E-8	-4.796330E-8
3.372300E+3	1.885940E-8	-2.561150E-8
3.392900E+3	-7.590320E-8	4.959320E-8
3.405700E+3	0.000000E+0	-4.959320E-8
3.416900E+3	-5.634520E-8	3.934860E-8
3.435400E+3	-5.471540E-8	2.700850E-8
3.446700E+3	-4.190970E-8	1.839370E-8
3.466000E+3	-1.606540E-8	-2.421450E-8
3.477400E+3	-9.033870E-8	2.654280E-8
3.496800E+3	-5.634520E-8	-2.933680E-8
3.507700E+3	1.629820E-9	-7.078100E-8
3.527400E+3	-6.705570E-8	2.072200E-8
3.537800E+3	2.910390E-8	-7.520480E-8
3.557900E+3	-3.888290E-8	1.257290E-8
3.567800E+3	-2.770700E-8	-3.026810E-9
3.590000E+3	-1.909220E-8	-7.683470E-9
3.600700E+3	2.793980E-8	-6.123490E-8
3.612700E+3	4.866180E-8	-7.753310E-8
3.633900E+3	-2.165340E-8	1.746240E-8
3.643000E+3	6.519290E-9	-3.213090E-8
3.664100E+3	9.778940E-9	-3.981430E-8
3.673100E+3	2.677560E-8	-5.331840E-8
3.694200E+3	-2.817260E-8	6.053630E-9
3.703200E+3	-6.007080E-8	4.423800E-8
3.724100E+3	2.514580E-8	-5.704370E-8
3.733300E+3	-2.887110E-8	-2.118770E-8
3.753700E+3	6.286460E-9	-2.421450E-8
3.763600E+3	-7.986140E-8	4.912750E-8
3.774700E+3	1.210730E-8	-2.770700E-8
3.796000E+3	4.656650E-10	-2.095490E-8
3.807300E+3	2.328320E-8	-3.119950E-8
3.829700E+3	-6.053630E-9	-1.210730E-8
3.841100E+3	2.211900E-8	-3.515770E-8
3.860600E+3	-2.584430E-8	2.258470E-8
3.871700E+3	-4.167690E-8	3.818450E-8
3.880900E+3	3.259640E-9	-1.094310E-8
3.904300E+3	-5.494830E-8	5.378410E-8
3.913700E+3	-1.420270E-8	1.210730E-8
3.936400E+3	-8.381960E-9	3.026810E-9
3.946800E+3	-2.933680E-8	4.190970E-8
3.966800E+3	-6.053630E-9	1.792810E-8
3.976600E+3	-1.396990E-9	-6.519290E-9
3.988600E+3	5.750940E-8	-7.939570E-8
4.009700E+3	3.818450E-8	-7.217800E-8
4.018700E+3	2.095490E-9	-3.608900E-8
4.029800E+3	-4.889470E-8	3.422630E-8
4.055100E+3	3.795160E-8	-6.542590E-8
4.064000E+3	-9.080450E-9	-4.423810E-9
4.088000E+3	6.519290E-9	1.164160E-9
4.096900E+3	6.333040E-8	-7.334210E-8
4.118000E+3	1.746240E-8	-5.099010E-8
4.127000E+3	4.307390E-8	-6.100210E-8
4.148300E+3	-1.653110E-8	-1.187440E-8
4.157500E+3	3.096670E-8	-5.471540E-8
4.171500E+3	-6.309760E-8	4.284110E-8
4.190300E+3	4.633350E-8	-5.448260E-8
4.201100E+3	-9.313280E-9	-2.095490E-9
4.211400E+3	-1.071030E-8	-8.847620E-9
4.234400E+3	-1.955790E-8	1.373710E-8
4.244500E+3	5.355130E-8	-3.678750E-8
4.264900E+3	-2.468020E-8	3.469200E-8
4.274400E+3	3.329500E-8	-2.933680E-8
4.297300E+3	-4.959320E-8	6.030360E-8
4.307700E+3	3.259640E-9	1.373710E-8
4.328000E+3	3.026820E-8	-4.353960E-8
4.340700E+3	-4.540220E-8	2.980250E-8
4.349800E+3	4.679920E-8	-7.078100E-8
4.371100E+3	6.659000E-8	-6.286470E-8
4.380000E+3	2.328320E-8	-1.001180E-8
4.401300E+3	-1.024460E-8	1.234010E-8
4.410400E+3	5.541390E-8	-6.752130E-8
4.434300E+3	-5.215430E-8	3.771880E-8
4.443400E+3	3.958150E-9	-2.374880E-8
4.455900E+3	7.916300E-9	-3.306220E-8
4.476500E+3	-1.885940E-8	0.000000E+0
4.489300E+3	1.722960E-8	-4.121130E-8
4.509900E+3	-2.887110E-8	-4.889470E-9
4.519100E+3	2.468020E-8	-3.585610E-8
4.533100E+3	-4.121130E-8	3.399350E-8
4.552400E+3	-4.936030E-8	1.583260E-8
4.565400E+3	-1.466840E-8	-7.450640E-9
4.576000E+3	-4.051280E-8	2.514580E-8
4.596000E+3	4.423800E-8	-4.214260E-8
4.609000E+3	-8.381960E-9	1.443560E-8
4.628200E+3	4.097840E-8	1.094310E-8
4.639100E+3	1.555320E-7	-4.563500E-8
4.659000E+3	8.591500E-8	6.984950E-10
4.669300E+3	5.727660E-8	2.561150E-8
4.689500E+3	1.932510E-8	1.443560E-8
4.699300E+3	5.890640E-8	-5.401690E-8
4.720000E+3	-3.119950E-8	2.048920E-8
4.729200E+3	-1.862660E-9	-1.071030E-8
4.741400E+3	6.542590E-8	-6.821980E-8
4.752500E+3	-2.421450E-8	2.305030E-8
4.777500E+3	-2.281750E-8	-3.492470E-9
4.786700E+3	-5.960510E-8	2.607710E-8
4.807700E+3	4.214260E-8	-5.774220E-8
4.817100E+3	-1.140880E-8	-4.423810E-9
4.837600E+3	3.166520E-8	-1.420270E-8
4.847600E+3	-6.286460E-9	2.188620E-8
4.867500E+3	4.796330E-8	-5.168860E-8
4.878100E+3	-1.117590E-8	1.932510E-8
4.897600E+3	-5.867350E-8	2.793980E-8
4.910300E+3	-1.164160E-9	-3.073390E-8
4.921500E+3	2.793980E-8	-5.611240E-8
4.940800E+3	-6.938400E-8	3.050100E-8
4.951600E+3	-1.187440E-8	-3.119950E-8
4.971600E+3	-5.401690E-8	3.748600E-8
4.981800E+3	5.820790E-9	-1.280570E-8
5.002200E+3	-7.380780E-8	3.888290E-8
5.012000E+3	-1.629830E-8	-1.513410E-8
5.033000E+3	3.515770E-8	-6.752130E-8
5.045200E+3	2.863830E-8	-6.309760E-8
5.055100E+3	3.515770E-8	-6.053640E-8
5.078600E+3	4.377240E-8	-4.633350E-8
5.090600E+3	1.629830E-8	-1.653110E-8
5.111900E+3	1.932510E-8	-1.862660E-9
5.120800E+3	-6.984950E-10	3.492470E-9
5.131300E+3	-1.234010E-8	1.699680E-8
5.150700E+3	-8.847620E-9	1.257290E-8
5.171700E+3	-1.769520E-8	2.258470E-8
5.180900E+3	4.353960E-8	-1.001180E-8
5.192200E+3	-3.911580E-8	7.962850E-8
5.213800E+3	1.420270E-8	-5.355130E-9
5.224800E+3	-5.005880E-8	5.052450E-8
5.244600E+3	-3.422630E-8	2.165340E-8
5.255900E+3	-6.030360E-8	4.516940E-8
5.275400E+3	2.561150E-8	-6.076930E-8
5.286700E+3	3.981430E-8	-6.915120E-8
5.299300E+3	-1.816090E-8	2.328320E-9
5.322300E+3	-2.700850E-8	-2.770700E-8
5.332400E+3	1.722960E-8	-7.660170E-8
5.341500E+3	-1.303860E-8	-4.470370E-8
5.365300E+3	2.863830E-8	-7.427340E-8
5.377400E+3	-3.725310E-8	-1.117590E-8
5.397900E+3	1.769520E-8	-1.606540E-8
5.407200E+3	5.005880E-8	-5.168860E-8
5.417300E+3	-1.071030E-8	2.537870E-8
5.443400E+3	-3.818450E-8	6.589150E-8
5.452700E+3	5.448260E-8	-2.258470E-8
5.463000E+3	3.678750E-8	-1.396990E-9
5.486300E+3	4.330670E-8	-3.189800E-8
5.496900E+3	3.213090E-8	-4.656640E-8
5.519800E+3	-1.816090E-8	-1.885940E-8
5.529400E+3	-6.635720E-8	2.211900E-8
5.542400E+3	-5.890640E-8	2.561150E-9
5.561800E+3	-3.189800E-8	-5.820790E-9
5.572900E+3	-7.706740E-8	3.352780E-8
5.582800E+3	-5.867350E-8	1.187440E-8
5.605000E+3	-7.054810E-8	2.444730E-8
5.615600E+3	-1.015150E-7	4.563500E-8
5.635500E+3	-9.592670E-8	4.982600E-8
5.645800E+3	-2.561150E-9	-2.491300E-8
5.666200E+3	-5.285280E-8	2.165340E-8
5.675900E+3	-3.352780E-8	-1.303860E-8
5.698700E+3	-9.569380E-8	4.493650E-8
5.709200E+3	-4.866180E-8	-3.725320E-9
5.729600E+3	-9.033870E-8	4.866180E-8
5.739600E+3	-1.629830E-8	-2.398170E-8
5.760500E+3	-4.400520E-8	1.071030E-8
5.769900E+3	-4.330670E-8	6.752120E-9
5.791400E+3	-6.426170E-8	-1.839370E-8
5.800700E+3	4.656650E-10	-6.053640E-8
5.811200E+3	-1.722960E-8	-1.839370E-8
5.834300E+3	2.910390E-8	-6.170060E-8
5.844100E+3	-1.909220E-8	-6.053630E-9
5.864600E+3	-3.213090E-8	2.444730E-8
5.877600E+3	-2.770700E-8	2.002350E-8
5.888800E+3	4.307390E-8	-4.074560E-8
5.910100E+3	3.981430E-8	-4.447090E-8
5.921200E+3	1.629820E-9	-1.746240E-8
5.940300E+3	2.258470E-8	-3.306220E-8
5.951400E+3	-4.307390E-8	3.166520E-8
5.970600E+3	-1.885940E-8	1.629820E-9
5.983700E+3	-5.704370E-8	4.656640E-8
5.993600E+3	8.149130E-9	-3.026810E-9
6.014300E+3	-4.423800E-8	5.215430E-8
6.023600E+3	1.001180E-8	1.094310E-8
6.044900E+3	-4.470370E-8	7.147950E-8
6.054000E+3	-4.237540E-8	5.494830E-8
6.077800E+3	-6.379610E-8	3.678750E-8
6.087500E+3	-1.001180E-8	-3.585610E-8
6.108500E+3	-7.054810E-8	-3.725320E-9
6.117600E+3	-3.725320E-9	-5.029160E-8
6.127900E+3	-8.288820E-8	2.537870E-8
6.151100E+3	-4.656640E-9	-6.146770E-8
6.160600E+3	-2.188620E-8	-4.121130E-8
6.184200E+3	2.165340E-8	-6.193340E-8
6.193900E+3	1.606540E-8	-4.959320E-8
6.205100E+3	1.699680E-8	-4.516940E-8
6.224500E+3	-3.236370E-8	2.142050E-8
6.235500E+3	-3.934860E-8	1.210730E-8
6.255400E+3	2.677560E-8	-2.188620E-8
6.268400E+3	-2.724130E-8	4.819620E-8
6.287900E+3	-5.099010E-8	6.123490E-8
6.299100E+3	-1.047740E-8	1.792810E-8
6.318700E+3	-1.909220E-8	9.313280E-9
6.329400E+3	2.281750E-8	-3.655460E-8
6.338700E+3	-6.868550E-8	5.774220E-8
6.362900E+3	-6.356320E-8	4.610070E-8
6.372200E+3	1.327140E-8	-2.235190E-8
6.393500E+3	1.769520E-8	-4.167690E-8
6.402600E+3	1.420270E-8	-3.096670E-8
6.423900E+3	-6.821980E-8	2.281750E-8
6.432900E+3	-4.121130E-8	-8.614790E-9
6.456800E+3	-5.937200E-8	7.450640E-9
6.465800E+3	1.396990E-8	-5.587960E-8
6.476400E+3	2.747410E-8	-5.890640E-8
6.499100E+3	-4.190980E-9	-3.399350E-8
6.508900E+3	-5.401690E-8	3.562330E-8
6.532500E+3	-2.305030E-8	-2.561150E-9
6.541600E+3	9.546110E-9	-3.329500E-8
6.552800E+3	-4.051280E-8	2.840550E-8
6.572300E+3	-4.284110E-8	3.143240E-8
6.593000E+3	3.725320E-9	-1.117590E-8
6.603000E+3	1.187440E-8	-4.586790E-8
6.616200E+3	-5.983790E-8	1.792810E-8
6.635500E+3	2.817260E-8	-5.867350E-8
6.646700E+3	2.048920E-8	-4.842900E-8
6.666100E+3	-4.074560E-8	5.122300E-9
6.677400E+3	-6.216620E-8	2.817260E-8
6.686500E+3	-5.005880E-8	2.840550E-8
6.710000E+3	-6.612440E-8	3.399350E-8
6.719800E+3	-5.844070E-8	7.450640E-9
6.743400E+3	-6.356320E-8	2.351600E-8
6.753000E+3	-8.754480E-8	5.681090E-8
6.765100E+3	-4.167690E-8	3.422630E-8
6.786500E+3	-2.770700E-8	-6.053630E-9
6.795600E+3	-7.590320E-8	4.610070E-8
6.819700E+3	-6.938400E-8	4.796330E-8
6.828900E+3	6.752120E-9	-2.398170E-8
6.850100E+3	-3.678750E-8	5.820790E-9
6.859200E+3	1.885940E-8	-5.564680E-8
6.870200E+3	-3.795160E-8	1.047740E-8
6.892300E+3	-3.026810E-9	-5.844070E-8
6.902600E+3	-2.165340E-8	-2.188620E-8
6.925600E+3	-8.381960E-9	-4.214260E-8
6.935200E+3	1.303860E-8	-6.216620E-8
6.946500E+3	-6.612440E-8	3.329500E-8
6.965900E+3	-4.516940E-8	3.096670E-8
6.977000E+3	2.165340E-8	-3.213090E-8
6.996700E+3	-5.005880E-8	1.373710E-8
7.007400E+3	-6.868550E-8	1.280570E-8
7.027400E+3	-5.448260E-8	1.350420E-8
7.037500E+3	-3.026810E-9	-1.536690E-8
7.059800E+3	-1.466840E-8	2.118770E-8
7.070600E+3	3.515770E-8	-3.236370E-8
7.082600E+3	2.048920E-8	-2.631000E-8
7.103800E+3	4.214260E-8	-4.423800E-8
7.112800E+3	9.313280E-9	2.561150E-9
7.134000E+3	-3.329500E-8	3.632180E-8
7.143400E+3	-3.469200E-8	3.865010E-8
7.164200E+3	5.005880E-8	-5.518110E-8
7.174200E+3	-2.747410E-8	1.373710E-8
7.194800E+3	-1.862660E-9	-1.955790E-8
7.205100E+3	1.280570E-8	-3.259650E-8
7.228200E+3	-3.655460E-8	2.793980E-9
7.237900E+3	-3.725320E-9	-5.052450E-8
7.249100E+3	-5.587960E-8	8.847620E-9
7.268500E+3	-8.381950E-8	5.844070E-8
7.288600E+3	1.024460E-8	-1.536690E-8
7.299200E+3	-2.514580E-8	2.421450E-8
7.309800E+3	-1.536690E-8	-1.420270E-8
7.331600E+3	5.355130E-9	-3.841730E-8
7.342900E+3	-1.816090E-8	-2.048920E-8
7.362400E+3	-3.119950E-8	9.313300E-10
7.373200E+3	-8.242250E-8	4.400520E-8
7.393000E+3	-2.211900E-8	-1.839370E-8
7.405900E+3	-9.709080E-8	5.494830E-8
7.415100E+3	-1.490130E-8	-2.468020E-8
7.438500E+3	-3.655460E-8	2.374880E-8
7.448600E+3	6.984950E-9	-4.237540E-8
7.460700E+3	-6.100210E-8	3.562330E-8
7.474000E+3	-3.050100E-8	1.955790E-8
7.497400E+3	-1.653110E-8	-3.189800E-8
7.506900E+3	4.144410E-8	-5.890640E-8
7.530900E+3	7.683470E-9	-1.466840E-8
7.540100E+3	-6.868550E-8	4.540220E-8
7.552700E+3	3.096670E-8	-5.634520E-8
7.573300E+3	-7.078100E-8	2.072200E-8
7.586300E+3	2.398170E-8	-8.242250E-8
7.606700E+3	9.778940E-9	-9.452970E-8
7.617100E+3	-5.820790E-8	0.000000E+0
7.627800E+3	3.026810E-9	-7.310930E-8
7.639800E+3	-1.350420E-8	-6.216620E-8
7.664200E+3	6.984950E-9	-7.636890E-8
7.675400E+3	-8.195680E-8	1.280570E-8
7.684800E+3	-6.821980E-8	-1.862660E-9
7.708100E+3	-4.936030E-8	-3.026820E-8
7.721400E+3	-6.146770E-8	5.820790E-9
7.730600E+3	-3.865010E-8	-1.024460E-8
7.754700E+3	-7.054810E-8	5.378410E-8
7.774500E+3	2.817260E-8	-1.653110E-8
7.785300E+3	1.210730E-8	-2.305030E-8
7.797500E+3	-8.917460E-8	6.076930E-8
7.807200E+3	-7.450640E-9	-3.282930E-8
7.831000E+3	-1.327140E-8	-4.493650E-8
7.840100E+3	-6.402890E-8	4.889470E-9
7.861300E+3	-7.101380E-8	2.444730E-8
7.873400E+3	-7.217780E-9	-4.027990E-8
7.886600E+3	-1.164160E-8	-3.119950E-8
7.909800E+3	-9.662520E-8	4.214260E-8
7.919300E+3	-4.004710E-8	4.214260E-8
7.932400E+3	-2.188620E-8	-3.585610E-8
7.952500E+3	-1.629820E-9	-4.516940E-8
7.963600E+3	-8.218970E-8	2.561150E-8
7.976700E+3	-1.047740E-8	-3.865010E-8
7.998200E+3	-4.703200E-8	9.313280E-9
8.009400E+3	-6.938400E-8	2.444730E-8
8.031300E+3	3.026810E-9	-4.516940E-8
8.041700E+3	-5.052450E-8	2.374880E-8
8.052500E+3	-7.217780E-9	-2.002350E-8
8.075300E+3	-6.984960E-8	5.401690E-8
8.085800E+3	-2.305030E-8	-1.396990E-9
8.097800E+3	-2.584430E-8	-1.839370E-8
8.119000E+3	-4.703200E-8	4.656640E-9
8.131400E+3	-2.328320E-8	-4.074560E-8
8.152000E+3	-6.472740E-8	1.513410E-8
8.161700E+3	-1.606540E-8	-3.655460E-8
8.182800E+3	-8.777760E-8	4.936030E-8
8.192000E+3	-7.916300E-9	-1.071030E-8
8.202300E+3	-8.824330E-8	7.404060E-8
8.222300E+3	-3.492470E-9	-1.420270E-8
8.243400E+3	-6.263190E-8	1.164160E-8
8.252600E+3	4.656640E-9	-4.866180E-8
8.273800E+3	-6.426170E-8	3.213090E-8
8.283300E+3	-8.149120E-8	5.494830E-8
8.294600E+3	-7.450640E-9	-1.722960E-8
8.316200E+3	-8.754480E-8	4.679920E-8
8.329100E+3	-8.498360E-8	3.725310E-8
8.340300E+3	-4.121130E-8	-1.583260E-8
8.359900E+3	-8.265530E-8	2.747410E-8
8.371000E+3	-1.746240E-8	-2.537870E-8
8.390900E+3	-3.422630E-8	-1.047740E-8
8.401400E+3	-1.071030E-8	-4.167690E-8
8.423300E+3	-1.350420E-8	-9.080450E-9
8.434400E+3	3.282930E-8	-6.426170E-8
8.446600E+3	-1.653110E-8	-6.519290E-9
8.467600E+3	1.466840E-8	-5.494830E-8
8.476700E+3	6.984950E-9	-8.475080E-8
8.497900E+3	-7.287640E-8	-1.164160E-9
8.509900E+3	-8.847620E-9	-3.492480E-8
8.519900E+3	-7.404060E-8	2.747410E-8
8.543500E+3	2.188620E-8	-4.493650E-8
8.552900E+3	-4.656640E-9	-2.002350E-8
8.574000E+3	3.026810E-9	-3.818450E-8
8.583800E+3	-7.636890E-8	3.306220E-8
8.607500E+3	-5.424980E-8	1.862660E-9
8.616600E+3	-1.022130E-7	4.074560E-8
8.627700E+3	-7.450630E-8	-9.546110E-9
8.647100E+3	-4.656640E-8	-1.885940E-8
8.658300E+3	-1.210730E-7	6.239910E-8
8.680500E+3	-3.050100E-8	-1.653110E-8
8.691800E+3	-8.218970E-8	4.447090E-8
8.711300E+3	-7.124660E-8	4.516940E-8
8.722300E+3	-2.631000E-8	-2.561150E-9
8.734500E+3	-3.306220E-8	-3.725320E-9
8.755400E+3	-7.520480E-8	5.168860E-8
8.764800E+3	-3.469200E-8	7.217780E-9
8.785900E+3	1.396990E-9	-4.330670E-8
8.798200E+3	-2.887110E-8	-2.607710E-8
8.818800E+3	-4.190980E-9	-4.819620E-8
8.828500E+3	-5.890640E-8	1.210730E-8
8.840700E+3	4.423810E-9	-4.819620E-8
8.862000E+3	-5.052450E-8	1.536690E-8
8.871000E+3	-7.869720E-8	3.422630E-8
8.895100E+3	-6.682280E-8	2.514580E-8
8.904300E+3	1.047740E-8	-5.168860E-8
8.925700E+3	-4.773050E-8	2.677560E-8
8.934900E+3	-7.241080E-8	4.563500E-8
8.947900E+3	-5.308560E-8	2.770700E-8
8.968400E+3	-9.010590E-8	6.496020E-8
8.981600E+3	-9.010590E-8	6.496020E-8
8.992800E+3	-3.748600E-8	-3.213090E-8
9.014300E+3	-3.795160E-8	-5.005880E-8
9.025500E+3	-8.638060E-8	6.984950E-9
9.044900E+3	-6.635720E-8	-3.725320E-9
9.056100E+3	-8.638060E-8	2.840550E-8
9.075600E+3	-8.754480E-8	2.817260E-8
9.086500E+3	9.313300E-10	-5.355130E-8
9.106500E+3	-6.868550E-8	3.119950E-8
9.116800E+3	-7.497190E-8	3.515770E-8
9.126000E+3	1.047740E-8	-4.470370E-8
9.150100E+3	-5.867350E-8	2.328320E-8
9.159200E+3	2.165340E-8	-5.960510E-8
9.180400E+3	-3.026820E-8	-2.351600E-8
9.192500E+3	2.281750E-8	-8.149120E-8
9.213600E+3	-6.961680E-8	2.211900E-8
9.222800E+3	-7.916300E-9	-3.702030E-8
9.244000E+3	-7.171230E-8	7.683470E-9
9.253200E+3	-2.421450E-8	-2.584430E-8
9.266000E+3	-8.801040E-8	4.074560E-8
9.286600E+3	-3.725310E-8	-3.562330E-8
9.296900E+3	-3.562330E-8	-2.677560E-8
9.317100E+3	8.381960E-9	-6.333040E-8
9.327800E+3	-5.401690E-8	-7.916300E-9
9.347500E+3	-5.820790E-8	-2.584430E-8
9.358600E+3	-1.909220E-8	-6.589150E-8
9.358600E+3	-1.909220E-8	-6.589150E-8
9.391100E+3	-6.519290E-9	-6.379610E-8
9.404200E+3	-9.522820E-8	3.376070E-8
9.414000E+3	-4.307390E-8	-1.350420E-8
9.436900E+3	-7.217800E-8	3.795160E-8
9.447500E+3	-2.072200E-8	-1.955790E-8
9.468000E+3	3.073390E-8	-4.121130E-8
9.481100E+3	-5.471540E-8	3.306220E-8
9.501000E+3	-6.379610E-8	2.468020E-8
9.511900E+3	2.444730E-8	-6.775420E-8
9.532200E+3	-7.287640E-8	2.677560E-8
9.542600E+3	-1.979070E-8	-2.654280E-8
9.551800E+3	-8.102550E-8	4.214260E-8
9.576100E+3	-7.287640E-8	4.540220E-8
9.585300E+3	4.656640E-9	-4.330670E-8
9.606700E+3	5.820790E-9	-5.471540E-8
9.606700E+3	5.820790E-9	-5.471540E-8
9.629800E+3	-3.562330E-8	4.190980E-9
9.649300E+3	-1.979070E-8	4.656650E-10
9.660500E+3	-6.565870E-8	5.401690E-8
9.680000E+3	-7.008250E-8	2.095490E-8
9.693200E+3	-7.054810E-8	1.932510E-8
9.713100E+3	-8.242250E-8	3.725310E-8
9.726200E+3	-3.422630E-8	-2.328320E-9
9.737500E+3	-4.027990E-8	1.024460E-8
9.757400E+3	-1.466840E-8	-1.327140E-8
9.770700E+3	-4.284110E-8	3.841730E-8
9.790300E+3	-4.493650E-8	3.702030E-8
9.801500E+3	-3.352780E-8	2.910390E-8
9.821100E+3	1.164160E-8	-1.676390E-8
9.832000E+3	3.050100E-8	-3.003540E-8
9.844300E+3	1.559980E-8	-1.513410E-8
9.865100E+3	-2.374880E-8	-1.396990E-9
9.874700E+3	1.816090E-8	-3.050100E-8
9.898000E+3	-6.239910E-8	5.262000E-8
9.908300E+3	-2.468020E-8	2.048920E-8
9.928800E+3	-4.749770E-8	4.423800E-8
9.938700E+3	-1.210730E-8	-7.217780E-9
9.959800E+3	-1.955790E-8	1.071030E-8
9.969100E+3	2.747410E-8	-3.702030E-8
9.990300E+3	3.865010E-8	-4.237540E-8
9.999400E+3	-3.934860E-8	3.632180E-8
1.001190E+4	2.374880E-8	-1.955790E-8
1.002320E+4	-1.955790E-8	2.933680E-8
1.004540E+4	2.863830E-8	-1.536690E-8
1.005670E+4	-1.303860E-8	2.863830E-8
1.007620E+4	3.050100E-8	-2.095490E-9
1.008660E+4	7.916290E-8	-6.356320E-8
1.009950E+4	4.959320E-8	-2.584430E-8
1.012240E+4	1.303860E-8	2.747410E-8
1.013330E+4	-1.280570E-8	5.681090E-8
1.015360E+4	2.421450E-8	3.399350E-8
1.016390E+4	7.730020E-8	-9.080450E-9
1.018460E+4	-3.492470E-9	6.076930E-8
1.019440E+4	8.079270E-8	-3.236370E-8
1.021530E+4	7.031530E-8	-1.303860E-8
1.022460E+4	9.569380E-8	-3.399350E-8
1.024560E+4	1.862660E-8	2.956960E-8
1.025480E+4	8.079270E-8	-6.309760E-8
1.027610E+4	9.010590E-8	-7.404060E-8
1.028540E+4	4.190970E-8	-2.700850E-8
1.030670E+4	4.353960E-8	-2.235190E-8
1.031640E+4	8.964030E-8	-5.797510E-8
1.034040E+4	5.913920E-8	6.984950E-9
1.034960E+4	1.103620E-7	-2.817260E-8
1.036070E+4	4.074560E-8	3.795160E-8
1.038300E+4	1.019800E-7	-2.537870E-8
1.039330E+4	3.771880E-8	3.632180E-8
1.041660E+4	1.003500E-7	-9.080450E-9
1.042630E+4	1.364400E-7	-5.145580E-8
1.043950E+4	7.171230E-8	-1.164160E-9
1.045030E+4	6.891830E-8	-1.862660E-9
1.047230E+4	6.193340E-8	1.885940E-8
1.049290E+4	1.075680E-7	-4.004710E-8
1.050320E+4	2.700850E-8	4.237540E-8
1.051420E+4	1.147860E-7	-4.307390E-8
1.053410E+4	4.097840E-8	4.423800E-8
1.054460E+4	5.913920E-8	1.513410E-8
1.056500E+4	1.213060E-7	-3.771880E-8
1.057790E+4	6.915120E-8	2.398170E-8
1.058710E+4	1.310850E-7	-4.470370E-8
1.061140E+4	4.377240E-8	4.330670E-8
1.062060E+4	1.213060E-7	-4.447090E-8
1.064440E+4	2.747410E-8	3.515770E-8
1.065390E+4	1.059380E-7	-2.537870E-8
1.066400E+4	6.402890E-8	2.374880E-8
1.068760E+4	9.872060E-8	-1.466840E-8
1.069700E+4	1.296880E-7	-5.331840E-8
1.072110E+4	4.773050E-8	3.096670E-8
1.073030E+4	1.331800E-7	-4.819620E-8
1.074110E+4	4.959320E-8	3.981430E-8
1.076360E+4	1.438900E-7	-3.515770E-8
1.077380E+4	1.187440E-7	-2.095490E-9
1.079420E+4	1.271260E-7	-2.793980E-9
1.080500E+4	7.404060E-8	4.749770E-8
1.082500E+4	1.012820E-7	3.329500E-8
1.083610E+4	1.520390E-7	-3.282930E-8
1.084930E+4	8.731190E-8	1.676390E-8
1.086890E+4	1.259620E-7	-1.350420E-8
1.088290E+4	1.401650E-7	4.423810E-9
1.090280E+4	1.059380E-7	4.400520E-8
1.091350E+4	1.376040E-7	2.747410E-8
1.093250E+4	1.080340E-7	7.171230E-8
1.094360E+4	1.387680E-7	2.584430E-8
1.096340E+4	1.124580E-7	2.747410E-8
1.097410E+4	1.562300E-7	-2.537870E-8
1.099430E+4	1.445890E-7	-2.002350E-8
1.100450E+4	1.953460E-7	-6.868550E-8
1.102520E+4	1.024460E-7	3.492470E-9
1.103490E+4	1.755550E-7	-7.334210E-8
1.105590E+4	7.962850E-8	8.381960E-9
1.106520E+4	1.762540E-7	-7.753310E-8
1.108630E+4	1.920860E-7	-5.122300E-8
1.109540E+4	2.025640E-7	-4.470370E-8
1.110640E+4	1.676390E-7	1.210730E-8
1.112610E+4	1.296880E-7	6.030360E-8
1.113910E+4	1.308520E-7	6.216620E-8
1.115970E+4	1.061710E-7	7.776590E-8
1.117050E+4	1.052400E-7	7.753310E-8
1.118120E+4	1.401650E-7	3.725310E-8
1.120340E+4	1.089650E-7	3.678750E-8
1.122390E+4	2.002350E-7	-4.703200E-8
1.123430E+4	1.641470E-7	-4.656640E-9
1.124520E+4	2.144380E-7	-4.936030E-8
1.126540E+4	1.224700E-7	3.166520E-8
1.127580E+4	1.725280E-7	-9.313300E-10
1.129650E+4	2.263120E-7	-4.749770E-8
1.130940E+4	1.695020E-7	1.792810E-8
1.131860E+4	2.163010E-7	-2.770700E-8
1.134310E+4	1.569290E-7	3.422630E-8
1.135220E+4	2.051250E-7	-2.631000E-8
1.137610E+4	1.946470E-7	-1.862660E-9
1.138550E+4	2.530890E-7	-4.982600E-8
1.140680E+4	1.741580E-7	4.749770E-8
1.141600E+4	2.561160E-7	-7.916300E-9
1.142850E+4	2.149040E-7	1.885940E-8
1.144930E+4	2.505280E-7	-1.234010E-8
1.145930E+4	2.703180E-7	-5.401690E-8
1.148300E+4	2.488980E-7	-3.306220E-8
1.149240E+4	2.959300E-7	-7.287640E-8
1.150360E+4	2.679900E-7	-2.747410E-8
1.152300E+4	3.022160E-7	-5.238710E-8
1.153610E+4	2.300380E-7	4.703200E-8
1.155600E+4	2.568140E-7	4.237540E-8
1.156700E+4	2.402830E-7	4.447090E-8
1.158660E+4	2.260790E-7	2.677560E-8
1.159790E+4	2.519250E-7	9.313280E-9
1.160760E+4	3.089680E-7	-3.259650E-8
1.163090E+4	2.360910E-7	4.121130E-8
1.164130E+4	2.863840E-7	2.910390E-8
1.166190E+4	3.599580E-7	-3.888290E-8
1.167490E+4	3.192130E-7	4.656640E-9
1.169460E+4	3.092010E-7	1.885940E-8
1.170530E+4	3.580950E-7	-4.749770E-8
1.172580E+4	2.668260E-7	4.982600E-8
1.173580E+4	3.231710E-7	3.492470E-9
1.174530E+4	2.731120E-7	6.775420E-8
1.176910E+4	3.785840E-7	-1.885940E-8
1.177830E+4	3.837070E-7	-3.934860E-8
1.180260E+4	3.168840E-7	3.050100E-8
1.181180E+4	4.053600E-7	-5.587960E-8
1.182300E+4	3.997720E-7	-4.633350E-8
1.184530E+4	3.932530E-7	-1.769520E-8
1.185580E+4	4.279450E-7	-5.890640E-8
1.187900E+4	3.951150E-7	-1.885940E-8
1.188890E+4	4.407500E-7	-6.309760E-8
1.190220E+4	3.920890E-7	-1.513410E-8
1.192230E+4	4.568160E-7	-7.683460E-8
1.193550E+4	4.491320E-7	-4.586790E-8
1.194670E+4	4.163030E-7	6.984950E-10
1.196940E+4	4.514600E-7	-4.144410E-8
1.198050E+4	4.051270E-7	2.095490E-8
1.199950E+4	3.881310E-7	1.699680E-8
1.201080E+4	4.190970E-7	-5.587960E-9
1.203030E+4	5.115330E-7	-7.241080E-8
1.204450E+4	4.759080E-7	-1.140880E-8
1.205370E+4	5.397050E-7	-6.100210E-8
1.207500E+4	5.606600E-7	-5.355130E-8
1.208420E+4	5.650840E-7	-6.193340E-8
1.210530E+4	4.784710E-7	4.027990E-8
1.211760E+4	5.362130E-7	-2.305030E-8
1.212780E+4	5.413350E-7	-3.469200E-8
1.215120E+4	5.066430E-7	-1.164160E-9
1.216080E+4	5.739310E-7	-5.797510E-8
1.218180E+4	5.741640E-7	-5.355130E-8
1.219180E+4	5.345830E-7	-8.847620E-9
1.221540E+4	5.133950E-7	3.492470E-9
1.222480E+4	4.915090E-7	2.770700E-8
1.223600E+4	5.448270E-7	-2.328320E-10
1.225800E+4	5.357470E-7	3.026810E-9
1.226870E+4	5.285290E-7	1.932510E-8
1.228850E+4	6.170050E-7	-6.984960E-8
1.229970E+4	5.383080E-7	8.847620E-9
1.230980E+4	5.618240E-7	-2.980250E-8
1.233260E+4	5.078070E-7	2.654280E-8
1.234350E+4	5.802180E-7	-6.123490E-8
1.236410E+4	4.873180E-7	2.211900E-8
1.237450E+4	5.299260E-7	-2.188620E-8
1.239540E+4	5.699730E-7	-4.633350E-8
1.240840E+4	5.059450E-7	3.748600E-8
1.242930E+4	4.828940E-7	3.748600E-8
1.243900E+4	5.238730E-7	-9.080450E-9
1.244900E+4	5.394720E-7	-3.445920E-8
1.247260E+4	4.842910E-7	2.863830E-8
1.248190E+4	5.634540E-7	-5.937200E-8
1.250590E+4	4.631020E-7	4.353960E-8
1.251510E+4	5.411020E-7	-5.355130E-8
1.252580E+4	5.338840E-7	-6.915120E-8
1.254840E+4	5.217770E-7	-5.052450E-8
1.255860E+4	5.210790E-7	-5.587960E-8
1.257190E+4	4.391200E-7	1.559980E-8
1.259440E+4	5.082730E-7	-6.821980E-8
1.260460E+4	4.316700E-7	3.958150E-9
1.262500E+4	4.174670E-7	2.910390E-8
1.263850E+4	4.537890E-7	-9.546110E-9
1.264930E+4	4.051270E-7	2.770700E-8
1.266960E+4	3.851040E-7	4.656640E-9
1.267990E+4	4.237540E-7	-2.281750E-8
1.269950E+4	4.116460E-7	6.984950E-9
1.271020E+4	4.682240E-7	-4.936030E-8
1.273050E+4	3.699700E-7	3.632180E-8
1.274090E+4	4.223570E-7	-3.329500E-8
1.276150E+4	4.253830E-7	-6.752130E-8
1.277450E+4	3.604240E-7	-2.305030E-8
1.279560E+4	3.341140E-7	-2.118770E-8
1.280540E+4	3.739280E-7	-6.635720E-8
1.282610E+4	2.752080E-7	3.050100E-8
1.283630E+4	3.387700E-7	-2.584430E-8
1.285730E+4	3.278270E-7	9.313280E-9
1.286700E+4	3.657790E-7	-3.143240E-8
1.287710E+4	3.259650E-7	9.313300E-10
1.290060E+4	3.543700E-7	-5.937200E-8
1.291010E+4	2.905740E-7	-1.792810E-8
1.293130E+4	2.563480E-7	-3.492470E-9
1.294120E+4	2.097810E-7	3.632180E-8
1.295250E+4	2.156020E-7	2.700850E-8
1.297740E+4	2.777690E-7	-6.123490E-8
1.298840E+4	1.993040E-7	4.656640E-9
1.300810E+4	2.153690E-7	-2.258470E-8
1.302110E+4	1.606540E-7	3.632180E-8
1.303210E+4	2.048920E-7	-2.235190E-8
1.305230E+4	1.180460E-7	4.540220E-8
1.306290E+4	1.175800E-7	2.863830E-8
1.308530E+4	1.594900E-7	-3.469200E-8
1.309650E+4	8.451800E-8	1.513410E-8
1.310890E+4	1.329470E-7	-4.284110E-8
1.312970E+4	4.493650E-8	7.450640E-9
1.314250E+4	8.614790E-9	2.491300E-8
1.315180E+4	8.475080E-8	-7.217800E-8
1.317620E+4	-2.561150E-8	3.562330E-8
1.318550E+4	6.565870E-8	-5.145580E-8
1.320680E+4	6.798700E-8	-4.679920E-8
1.321590E+4	-3.026820E-8	4.493650E-8
1.323720E+4	2.142050E-8	-6.053630E-9
1.324650E+4	4.610070E-8	-2.491300E-8
1.326790E+4	-1.420270E-8	4.284110E-8
1.328030E+4	-1.746240E-8	1.490130E-8
1.330180E+4	-7.008250E-8	3.958140E-8
1.331150E+4	-9.662520E-8	5.518110E-8
1.332480E+4	-1.085000E-7	4.027990E-8
1.334500E+4	-1.308520E-7	4.889470E-9
1.335620E+4	-1.818420E-7	4.493650E-8
1.337610E+4	-1.185110E-7	-4.307390E-8
1.338730E+4	-2.176980E-7	5.122300E-8
1.340700E+4	-2.167660E-7	4.726480E-8
1.341830E+4	-1.734600E-7	-6.984950E-10
1.343730E+4	-1.292220E-7	-3.725310E-8
1.344850E+4	-2.193270E-7	4.819620E-8
1.345830E+4	-2.265450E-7	4.516940E-8
1.348250E+4	-2.374880E-7	4.516940E-8
1.349220E+4	-1.620510E-7	-2.235190E-8
1.351360E+4	-2.481990E-7	7.264360E-8
1.352310E+4	-1.632150E-7	-3.259650E-8
1.354690E+4	-2.745090E-7	5.611240E-8
1.355670E+4	-2.433100E-7	1.653110E-8
1.357800E+4	-2.235180E-7	-1.466840E-8
1.358750E+4	-1.876620E-7	-3.958140E-8
1.360880E+4	-2.626350E-7	4.796330E-8
1.361810E+4	-1.916210E-7	-4.237540E-8
1.363910E+4	-2.048920E-7	-5.285280E-8
1.364880E+4	-1.969760E-7	-4.656640E-8
1.366000E+4	-2.838220E-7	5.052450E-8
1.368210E+4	-2.228200E-7	-2.840550E-8
1.369290E+4	-2.416800E-7	-1.257290E-8
1.371290E+4	-2.973270E-7	4.400520E-8
1.372400E+4	-3.136250E-7	5.541390E-8
1.374390E+4	-2.498290E-7	-1.001180E-8
1.375520E+4	-3.192130E-7	6.752130E-8
1.376480E+4	-2.416800E-7	0.000000E+0
1.378820E+4	-2.891770E-7	4.610070E-8
1.379870E+4	-3.003530E-7	5.867350E-8
1.381950E+4	-2.870820E-7	3.981430E-8
1.382950E+4	-2.312020E-7	-3.818450E-8
1.385080E+4	-3.366750E-7	4.190970E-8
1.386060E+4	-2.523900E-7	-5.262000E-8
1.388210E+4	-2.994220E-7	1.513410E-8
1.389150E+4	-2.442410E-7	-3.422630E-8
1.391260E+4	-2.626350E-7	-1.350420E-8
1.392210E+4	-3.392360E-7	5.378410E-8
1.394640E+4	-3.362090E-7	4.447090E-8
1.395570E+4	-3.026820E-7	0.000000E+0
1.396820E+4	-2.498290E-7	-6.216620E-8
1.398920E+4	-3.038460E-7	-5.355130E-9
1.399900E+4	-2.791660E-7	-3.539050E-8
1.402280E+4	-3.045440E-7	0.000000E+0
1.403210E+4	-2.996550E-7	4.656650E-10
1.404320E+4	-3.522750E-7	5.960510E-8
1.406580E+4	-2.626350E-7	-5.378410E-8
1.407620E+4	-3.338810E-7	1.979070E-8
1.409640E+4	-2.579780E-7	-4.936030E-8
1.410730E+4	-3.252660E-7	3.166520E-8
1.412700E+4	-3.185140E-7	6.263190E-8
1.413830E+4	-2.740430E-7	3.073390E-8
1.415820E+4	-2.314350E-7	-1.420270E-8
1.416950E+4	-3.001210E-7	6.030360E-8
1.417910E+4	-1.983730E-7	-5.005880E-8
1.420260E+4	-2.787000E-7	5.424980E-8
1.421280E+4	-2.284080E-7	3.958150E-9
1.423360E+4	-2.172320E-7	-6.752120E-9
1.424330E+4	-1.983730E-7	-1.885940E-8
1.426460E+4	-2.582110E-7	6.472740E-8
1.427420E+4	-2.561160E-7	4.377240E-8
1.429780E+4	-2.754400E-7	4.889470E-8
1.430770E+4	-2.307360E-7	-8.381960E-9
1.432880E+4	-2.784670E-7	1.769520E-8
1.433820E+4	-2.277090E-7	-1.955790E-8
1.435970E+4	-2.463370E-7	1.210730E-8
1.436900E+4	-2.943000E-7	7.264360E-8
1.438170E+4	-2.640320E-7	4.190970E-8
1.440270E+4	-2.898760E-7	4.493650E-8
1.441510E+4	-2.745090E-7	2.747410E-8
1.443660E+4	-2.109450E-7	-1.769520E-8
1.444610E+4	-1.809100E-7	-5.518110E-8
1.446730E+4	-1.790480E-7	-4.400520E-8
1.447710E+4	-1.911550E-7	-3.096670E-8
1.448840E+4	-2.502950E-7	3.469200E-8
1.451110E+4	-1.771850E-7	-4.563500E-8
1.452160E+4	-1.951130E-7	1.234010E-8
1.453490E+4	-1.348100E-7	-3.888290E-8
1.455570E+4	-2.046590E-7	3.282930E-8
1.456570E+4	-1.150190E-7	-3.934860E-8
1.458700E+4	-1.713640E-7	1.466840E-8
1.459670E+4	-1.308520E-7	-3.376070E-8
1.461820E+4	-2.321330E-7	7.543760E-8
1.462760E+4	-1.895250E-7	2.514580E-8
1.465160E+4	-2.125750E-7	4.703200E-8
1.466130E+4	-2.093160E-7	4.563500E-8
1.467370E+4	-1.320160E-7	-1.350420E-8
1.469510E+4	-1.261950E-7	-1.001180E-8
1.470460E+4	-1.760210E-7	3.911580E-8
1.472580E+4	-1.331800E-7	-7.683470E-9
1.473570E+4	-2.081520E-7	5.913920E-8
1.475940E+4	-1.541350E-7	-1.234010E-8
1.476870E+4	-2.111780E-7	5.890640E-8
1.478260E+4	-1.571620E-7	3.259640E-9
1.480210E+4	-1.033770E-7	-5.262000E-8
1.481270E+4	-1.571620E-7	1.164160E-9
1.483300E+4	-1.380690E-7	-4.423810E-9
1.484410E+4	-1.546000E-7	4.610070E-8
1.485780E+4	-1.052400E-7	-1.722960E-8
1.487850E+4	-1.625170E-7	2.817260E-8
1.488860E+4	-9.988480E-8	-4.470370E-8
1.490870E+4	-1.913880E-7	3.189800E-8
1.491940E+4	-1.385350E-7	-1.629830E-8
1.494300E+4	-1.802120E-7	-5.122300E-9
1.495350E+4	-1.925520E-7	2.048920E-8
1.496300E+4	-1.238670E-7	-3.306220E-8
1.498710E+4	-1.760210E-7	3.352780E-8
1.499950E+4	-1.117590E-7	-3.911580E-8
1.502030E+4	-1.392340E-7	-2.677560E-8
1.503010E+4	-9.499540E-8	-6.333040E-8
1.505150E+4	-1.378370E-7	5.820790E-9
1.506090E+4	-9.685800E-8	-3.702030E-8
1.507150E+4	-1.655430E-7	4.796330E-8
1.509460E+4	-1.061710E-7	-4.190980E-9
1.510450E+4	-1.017470E-7	-1.280570E-8
1.511580E+4	-8.335380E-8	-5.494830E-8
1.513780E+4	-1.131560E-7	-1.443560E-8
1.514890E+4	-4.516940E-8	-6.961680E-8
1.517120E+4	-4.936030E-8	-7.823160E-8
1.518180E+4	-6.938400E-8	-5.355130E-8
1.520500E+4	-7.101380E-8	-4.703200E-8
1.521590E+4	-1.625170E-7	5.005880E-8
1.522660E+4	-1.308520E-7	2.328320E-8
1.524720E+4	-1.213060E-7	2.724130E-8
1.525730E+4	-5.052450E-8	-5.471540E-8
1.527750E+4	-1.306190E-7	7.683470E-9
1.528810E+4	-8.102550E-8	-4.912750E-8
1.530880E+4	-1.585590E-7	2.747410E-8
1.532200E+4	-6.891830E-8	-4.889470E-8
1.534260E+4	-1.117590E-7	9.313300E-10
1.535250E+4	-1.222370E-7	2.351600E-8
1.536490E+4	-3.492480E-8	-6.263190E-8
1.538630E+4	-1.243320E-7	2.048920E-8
1.539580E+4	-7.869720E-8	-2.654280E-8
1.541740E+4	-5.448260E-8	-6.356320E-8
1.542720E+4	-7.869720E-8	-2.235190E-8
1.544830E+4	-1.471500E-7	8.149130E-9
1.546080E+4	-8.638060E-8	-5.401690E-8
1.548230E+4	-1.150190E-7	-1.210730E-8
1.549190E+4	-1.413290E-7	2.025640E-8
1.551340E+4	-9.220140E-8	-3.399350E-8
1.552340E+4	-7.334210E-8	-5.890640E-8
1.553480E+4	-1.695020E-7	4.214260E-8
1.555690E+4	-7.753310E-8	-4.190970E-8
1.556810E+4	-1.543680E-7	3.166520E-8
1.559050E+4	-5.238710E-8	-3.934860E-8
1.560110E+4	-9.010590E-8	2.537870E-8
1.561190E+4	-1.117590E-7	4.586790E-8
1.563230E+4	-8.102550E-8	1.629820E-9
1.564270E+4	-2.607710E-8	-3.376070E-8
1.566350E+4	-1.115260E-7	6.682280E-8
1.567330E+4	-5.005880E-8	-4.889470E-9
1.569650E+4	-6.659000E-8	2.328320E-8
1.570700E+4	-8.265530E-8	3.469200E-8
1.571640E+4	-3.958140E-8	-2.048920E-8
1.574070E+4	-1.257290E-7	4.540220E-8
1.575010E+4	-4.633350E-8	-4.330670E-8
1.577400E+4	-1.259620E-7	2.631000E-8
1.578390E+4	-4.982600E-8	-4.889470E-8
1.580520E+4	-5.005880E-8	-4.400520E-8
1.581470E+4	-3.445920E-8	-5.052450E-8
1.583630E+4	-9.546100E-8	4.214260E-8
1.584570E+4	-7.567040E-8	2.747410E-8
1.585660E+4	-3.725320E-9	-4.400520E-8
1.587940E+4	-1.420270E-8	-5.494830E-8
1.588960E+4	-6.821980E-8	-1.722960E-8
1.591030E+4	-1.213060E-7	5.587960E-9
1.592100E+4	-1.338790E-7	2.258470E-8
1.594110E+4	-4.167690E-8	-7.101380E-8
1.595230E+4	-1.238670E-7	3.096670E-8
1.597500E+4	-4.726480E-8	-3.050100E-8
1.598540E+4	-1.126900E-7	5.681090E-8
1.599660E+4	-1.243320E-7	7.101380E-8
1.601900E+4	-8.754480E-8	4.726480E-8
1.603030E+4	-1.059380E-7	6.752130E-8
1.605040E+4	-8.847610E-8	1.629830E-8
1.606160E+4	-8.801040E-8	4.190980E-9
1.608180E+4	-9.452970E-8	-1.606540E-8
1.609260E+4	-9.057160E-8	-1.955790E-8
1.610200E+4	-1.268940E-7	1.490130E-8
1.612660E+4	-1.105950E-7	2.863830E-8
1.613610E+4	-6.286470E-8	-4.656640E-9
1.615750E+4	-8.032700E-8	1.490130E-8
1.616750E+4	-8.847620E-9	-6.426170E-8
1.618860E+4	-7.799870E-8	-6.984950E-10
1.620110E+4	4.423810E-9	-8.568210E-8
1.621230E+4	-8.358670E-8	1.234010E-8
1.623230E+4	-6.193340E-8	5.122300E-9
1.625340E+4	-2.374880E-8	-4.004710E-8
1.626340E+4	-8.638060E-8	3.050100E-8
1.627460E+4	-1.862660E-9	-4.936030E-8
1.629370E+4	-5.634520E-8	1.234010E-8
1.631480E+4	-1.164160E-8	-3.050100E-8
1.632490E+4	-4.959320E-8	-6.053630E-9
1.633910E+4	-1.087320E-7	5.122300E-8
1.635900E+4	-1.126900E-7	5.890640E-8
1.637020E+4	-6.565870E-8	-8.149130E-9
1.638950E+4	-2.817260E-8	-9.313280E-9
1.640080E+4	-9.918630E-8	6.752130E-8
1.641040E+4	-4.307390E-8	1.862660E-9
1.643490E+4	-1.150190E-7	4.097840E-8
1.644430E+4	-2.235190E-8	-4.307390E-8
1.645960E+4	-2.072200E-8	-3.492480E-8
1.648100E+4	-2.095490E-8	-3.655460E-8
1.649340E+4	-2.817260E-8	-3.655460E-8
1.651470E+4	-2.561150E-8	-1.490130E-8
1.652410E+4	-1.010490E-7	6.030360E-8
1.653700E+4	-1.280570E-8	-3.492480E-8
1.655780E+4	-4.121130E-8	-2.887110E-8
1.656820E+4	-1.308520E-7	4.027990E-8
1.659190E+4	-8.335380E-8	-1.071030E-8
1.660170E+4	-7.287640E-8	-2.956960E-8
1.661490E+4	-1.331800E-7	5.331840E-8
1.663540E+4	-9.196860E-8	3.143240E-8
1.664640E+4	-4.819620E-8	-3.306220E-8
1.666920E+4	-2.235190E-8	-4.353960E-8
1.667950E+4	-7.962850E-8	1.699680E-8
1.669070E+4	-8.614790E-9	-5.820790E-8
1.671100E+4	-8.638060E-8	2.910390E-8
1.672170E+4	-2.235190E-8	-2.700850E-8
1.674210E+4	-6.449450E-8	2.048920E-8
1.675240E+4	-1.955790E-8	-3.771880E-8
1.677340E+4	3.119950E-8	-5.285280E-8
1.678310E+4	-5.355130E-8	3.445920E-8
1.680670E+4	3.748600E-8	-4.586790E-8
1.682030E+4	-2.351600E-8	8.149130E-9
1.682980E+4	2.468020E-8	-5.634520E-8
1.685130E+4	-9.941910E-8	3.958140E-8
1.686380E+4	-1.722960E-8	-5.983790E-8
1.688530E+4	-3.585610E-8	-5.005880E-8
1.689470E+4	-2.654280E-8	-3.888290E-8
1.690580E+4	-9.196860E-8	2.281750E-8
1.692860E+4	-1.536690E-8	-7.008250E-8
1.693890E+4	-5.867350E-8	-2.700850E-8
1.695940E+4	-8.218970E-8	9.313280E-9
1.697010E+4	-1.112940E-7	5.378410E-8
1.699020E+4	3.958150E-9	-4.330670E-8
1.700130E+4	-5.913920E-8	3.213090E-8
1.701160E+4	-2.002350E-8	3.958150E-9
1.703450E+4	-5.122300E-8	1.909220E-8
1.704540E+4	-2.211900E-8	-1.024460E-8
1.706890E+4	-2.142050E-8	-9.546110E-9
1.707950E+4	1.583260E-8	-4.493650E-8
1.710010E+4	-3.073390E-8	-7.683470E-9
1.711020E+4	-5.937200E-8	5.308560E-8
1.712260E+4	1.792810E-8	-1.699680E-8
1.714410E+4	6.984950E-9	-1.606540E-8
1.715340E+4	-6.752120E-9	-1.350420E-8
1.717510E+4	-4.167690E-8	8.149130E-9
1.718460E+4	-7.753310E-8	3.259650E-8
1.720870E+4	-6.821980E-8	8.149130E-9
1.721820E+4	-7.450630E-8	2.980250E-8
1.723090E+4	-1.164160E-9	-5.052450E-8
1.725180E+4	1.094310E-8	-5.471540E-8
1.726200E+4	-6.402890E-8	1.350420E-8
1.728270E+4	-3.143240E-8	-4.423800E-8
1.729540E+4	-1.071030E-8	-6.053640E-8
1.731670E+4	-2.118770E-8	-4.773050E-8
1.732670E+4	-8.754480E-8	3.958140E-8
1.733800E+4	2.793980E-9	-5.448260E-8
1.735820E+4	-1.022130E-7	3.865010E-8
1.736920E+4	3.026810E-9	-5.750940E-8
1.738480E+4	-6.239910E-8	1.653110E-8
1.740570E+4	-3.422630E-8	1.606540E-8
1.741560E+4	3.050100E-8	-6.076930E-8
1.743610E+4	-6.449450E-8	3.119950E-8
1.744650E+4	-2.910390E-8	-4.656650E-10
1.746750E+4	-3.539050E-8	-3.469200E-8
1.747760E+4	2.561150E-9	-7.287640E-8
1.749910E+4	-1.015150E-7	1.443560E-8
1.750880E+4	-2.328320E-10	-7.054810E-8
1.753360E+4	-8.451800E-8	3.352780E-8
1.754310E+4	-1.885940E-8	-3.585610E-8
1.756430E+4	3.562330E-8	-5.168860E-8
1.757400E+4	2.398170E-8	-3.003540E-8
1.759540E+4	-4.470370E-8	2.677560E-8
1.760480E+4	-4.773050E-8	3.981430E-8
1.761840E+4	-2.724130E-8	5.401690E-8
1.763900E+4	1.715970E-7	-3.213090E-8
1.764880E+4	1.147860E-7	2.677560E-8
1.766980E+4	1.441230E-7	-6.705570E-8
1.768020E+4	5.727660E-8	-7.450640E-9
1.770070E+4	-7.683470E-9	4.796330E-8
1.771460E+4	3.189800E-8	-7.450640E-9
1.772540E+4	5.122300E-9	-1.955790E-8
1.774790E+4	1.559980E-8	-5.750940E-8
1.775930E+4	-2.910390E-8	-2.328320E-8
1.777940E+4	-7.823160E-8	1.629830E-8
1.779050E+4	-6.356320E-8	-1.117590E-8
1.781090E+4	1.629830E-8	-4.633350E-8
1.782420E+4	-6.845270E-8	3.539050E-8
1.783390E+4	-6.752120E-9	-1.699680E-8
1.785530E+4	1.490130E-8	-3.026820E-8
1.786490E+4	5.820790E-9	-2.072200E-8
1.788660E+4	-5.262000E-8	4.982600E-8
1.789610E+4	-3.189800E-8	2.328320E-8
1.792040E+4	-3.329500E-8	4.447090E-8
1.793000E+4	1.979070E-8	-2.421450E-8
1.794060E+4	-4.889470E-9	-5.122300E-9
1.796400E+4	-3.073390E-8	9.080450E-9
1.797390E+4	1.327140E-8	-2.980250E-8
1.799800E+4	-4.097840E-8	2.118770E-8
1.800750E+4	2.281750E-8	-4.819620E-8
1.802140E+4	-2.817260E-8	8.847620E-9
1.804140E+4	7.450640E-9	-1.210730E-8
1.805470E+4	2.281750E-8	-3.748600E-8
1.806600E+4	-5.215430E-8	3.166520E-8
1.808850E+4	-6.798700E-8	3.143240E-8
1.809980E+4	-1.653110E-8	-6.053630E-9
1.810970E+4	-4.260820E-8	4.051280E-8
1.813300E+4	-3.981430E-8	3.702030E-8
1.814360E+4	1.653110E-8	-1.932510E-8
1.816420E+4	-2.421450E-8	3.306220E-8
1.817440E+4	5.611240E-8	-4.377240E-8
1.819570E+4	7.031530E-8	-5.704370E-8
1.820850E+4	1.350420E-8	-2.840550E-8
1.822920E+4	-1.559980E-8	-1.862660E-9
1.823960E+4	2.211900E-8	-4.190970E-8
1.824930E+4	-3.236370E-8	-9.313300E-10
1.827350E+4	-2.956960E-8	1.164160E-9
1.828340E+4	-8.405230E-8	4.097840E-8
1.830740E+4	-9.452970E-8	3.981430E-8
1.831700E+4	-8.032700E-8	1.117590E-8
1.833010E+4	-1.816090E-8	-2.468020E-8
1.835100E+4	6.984950E-9	-2.584430E-8
1.836130E+4	-7.683460E-8	6.007080E-8
1.838200E+4	-2.118770E-8	1.769520E-8
1.839300E+4	-2.980250E-8	2.770700E-8
1.841610E+4	-8.614790E-9	-2.700850E-8
1.842650E+4	-2.561150E-9	-3.818450E-8
1.843780E+4	-8.172400E-8	3.282930E-8
1.845820E+4	-7.380780E-8	2.654280E-8
1.847870E+4	3.189800E-8	-6.030360E-8
1.848980E+4	-3.306220E-8	1.117590E-8
1.850010E+4	2.933680E-8	-3.958140E-8
1.852120E+4	-9.080450E-9	-2.607710E-8
1.853110E+4	3.282930E-8	-6.472740E-8
1.855220E+4	-5.634520E-8	3.748600E-8
1.856180E+4	9.080450E-9	-2.537870E-8
1.858550E+4	-8.707910E-8	6.053640E-8
1.859570E+4	-4.051280E-8	-1.932510E-8
1.861700E+4	-3.492470E-9	-5.518110E-8
1.862690E+4	-1.029120E-7	3.282930E-8
1.863950E+4	-3.934860E-8	-2.793980E-8
1.866100E+4	2.677560E-8	-8.521650E-8
1.867070E+4	-2.188620E-8	-1.746240E-8
1.869190E+4	5.122300E-9	-5.587960E-8
1.870200E+4	-6.193340E-8	1.629830E-8
1.872300E+4	-3.329500E-8	-2.025640E-8
1.873360E+4	-9.010590E-8	3.958140E-8
1.875420E+4	9.313300E-10	-4.726480E-8
1.876520E+4	1.117590E-8	-4.121130E-8
1.877890E+4	-4.889470E-8	3.492480E-8
1.879950E+4	-3.539050E-8	2.444730E-8
1.880980E+4	2.305030E-8	-5.983790E-8
1.883090E+4	-4.796330E-8	7.217780E-9
1.884080E+4	3.026820E-8	-7.520480E-8
1.886220E+4	8.381960E-9	-1.979070E-8
1.887180E+4	5.844070E-8	-5.331840E-8
1.889340E+4	2.700850E-8	-1.559980E-8
1.890290E+4	-2.793980E-8	3.702030E-8
1.892450E+4	2.328320E-9	-1.420270E-8
1.893400E+4	4.237540E-8	-5.285280E-8
1.895520E+4	4.773050E-8	-3.236370E-8
1.896470E+4	-1.606540E-8	2.607710E-8
1.898630E+4	2.048920E-8	-1.722960E-8
1.899590E+4	-4.586790E-8	3.725310E-8
1.901720E+4	2.677560E-8	-5.471540E-8
1.902720E+4	-1.979070E-8	7.217780E-9
1.904810E+4	5.448260E-8	-6.612440E-8
1.905860E+4	4.074560E-8	-5.564680E-8
1.908250E+4	1.420270E-8	-2.211900E-8
1.909240E+4	-3.818450E-8	3.445920E-8
1.910380E+4	1.327140E-8	-9.080450E-9
1.912390E+4	-7.799870E-8	5.587960E-8
1.913520E+4	-3.492470E-9	-1.862660E-8
1.915830E+4	-6.984960E-8	5.168860E-8
1.916940E+4	-1.094310E-8	-1.187440E-8
1.917900E+4	-6.589150E-8	5.378410E-8
1.920300E+4	-7.660170E-8	5.960510E-8
1.921290E+4	-2.072200E-8	-3.725320E-9
1.923430E+4	-5.122300E-8	3.795160E-8
1.924390E+4	1.629830E-8	-2.468020E-8
1.926560E+4	2.654280E-8	-3.166520E-8
1.927810E+4	1.071030E-8	-3.050100E-8
1.929930E+4	4.237540E-8	-6.030360E-8
1.930900E+4	1.699680E-8	-3.888290E-8
1.933050E+4	-3.026820E-8	2.537870E-8
1.934010E+4	3.539050E-8	-4.633350E-8
1.935090E+4	-1.420270E-8	1.722960E-8
1.937430E+4	-5.983790E-8	5.448260E-8
1.938690E+4	-1.257290E-8	-1.024460E-8
1.940870E+4	-5.727660E-8	1.396990E-8
1.941840E+4	-8.707910E-8	4.377240E-8
1.943170E+4	-5.471540E-8	2.514580E-8
1.945240E+4	-2.421450E-8	-7.916300E-9
1.946340E+4	-6.519300E-8	2.537870E-8
1.948360E+4	2.654280E-8	-3.585610E-8
1.949670E+4	1.862660E-8	-1.094310E-8
1.950800E+4	7.008250E-8	-5.960510E-8
1.953120E+4	-3.585610E-8	1.396990E-8
1.954230E+4	-2.351600E-8	1.164160E-9
1.955430E+4	8.614790E-9	-3.771880E-8
1.957240E+4	1.583260E-8	-4.819620E-8
1.957970E+4	-3.958140E-8	2.468020E-8
1.958820E+4	3.445920E-8	-3.585610E-8
1.960030E+4	-4.237540E-8	4.656640E-8
1.960290E+4	3.865010E-8	-2.887110E-8
1.960710E+4	1.234010E-8	-2.514580E-8
1.960660E+4	-5.704370E-8	4.586790E-8
1.960350E+4	1.583260E-8	-4.307390E-8
1.959970E+4	-2.584430E-8	6.053630E-9
1.958780E+4	-3.050100E-8	5.122300E-9
1.957950E+4	1.979070E-8	-4.656640E-8
1.957160E+4	-1.164160E-9	-3.771880E-8
1.954940E+4	-6.798700E-8	2.840550E-8
1.952450E+4	6.286460E-9	-3.771880E-8
1.951130E+4	1.396990E-8	-4.027990E-8
1.949480E+4	-5.471540E-8	3.539050E-8
1.946620E+4	1.909220E-8	-5.238710E-8
1.944940E+4	-3.725310E-8	4.190980E-9
1.943620E+4	2.398170E-8	-5.168860E-8
1.940590E+4	-3.702030E-8	3.515770E-8
1.939370E+4	-4.819620E-8	4.051280E-8
1.936980E+4	-4.027990E-8	5.867350E-8
1.935930E+4	-1.839370E-8	2.677560E-8
1.933750E+4	3.003540E-8	-1.769520E-8
1.932770E+4	-4.470370E-8	4.214260E-8
1.931420E+4	-4.982600E-8	3.981430E-8
1.929400E+4	-5.704370E-8	4.982600E-8
1.928380E+4	-1.117590E-8	-3.725320E-9
1.927430E+4	-3.562330E-8	2.584430E-8
1.925280E+4	1.071030E-8	-1.536690E-8
1.924230E+4	2.118770E-8	-1.513410E-8
1.922230E+4	-1.396990E-9	-1.490130E-8
1.920910E+4	3.119950E-8	-6.426170E-8
1.919930E+4	-1.909220E-8	-1.653110E-8
1.917770E+4	-1.862660E-9	-5.750940E-8
1.916820E+4	-7.567040E-8	2.514580E-8
1.914670E+4	-2.072200E-8	-3.585610E-8
1.913420E+4	-6.356320E-8	3.166520E-8
1.911320E+4	-5.401690E-8	1.909220E-8
1.910370E+4	-1.466840E-8	-2.700850E-8
1.908250E+4	-4.284110E-8	1.699680E-8
1.907310E+4	-4.773050E-8	1.816090E-8
1.905200E+4	-5.401690E-8	2.235190E-8
1.904250E+4	2.747410E-8	-7.334210E-8
1.902940E+4	2.793980E-8	-6.821980E-8
1.900910E+4	-5.727660E-8	1.303860E-8
1.899560E+4	-2.724130E-8	-1.862660E-8
1.898480E+4	-5.029160E-8	-4.889470E-9
1.896280E+4	-3.306220E-8	-3.725320E-9
1.895180E+4	3.865010E-8	-6.682280E-8
1.893210E+4	4.400520E-8	-5.238710E-8
1.892120E+4	-5.797510E-8	5.727660E-8
1.890120E+4	1.071030E-8	-3.562330E-8
1.889070E+4	-3.259640E-9	-2.677560E-8
1.887030E+4	-1.536690E-8	-1.071030E-8
1.885740E+4	9.778940E-9	-3.515770E-8
1.884800E+4	-6.705570E-8	4.586790E-8
1.882440E+4	-8.149130E-9	-3.352780E-8
1.881430E+4	-6.170060E-8	2.398170E-8
1.879130E+4	-2.025640E-8	-5.587960E-9
1.878080E+4	-1.350420E-8	-7.683470E-9
1.877140E+4	-9.825500E-8	6.239910E-8
1.875030E+4	-6.612440E-8	3.306220E-8
1.874060E+4	4.656640E-9	-3.119950E-8
1.871980E+4	-5.285280E-8	6.519290E-9
1.870970E+4	3.003540E-8	-7.939570E-8
1.868920E+4	-5.029160E-8	-1.653110E-8
1.867870E+4	1.187440E-8	-7.683460E-8
1.865840E+4	-5.285280E-8	1.862660E-8
1.864750E+4	-4.447090E-8	5.355130E-9
1.862500E+4	-3.888290E-8	2.211900E-8
1.861470E+4	4.190970E-8	-6.193340E-8
1.860160E+4	5.029160E-8	-6.728850E-8
1.858190E+4	-4.353960E-8	2.095490E-8
1.856880E+4	5.029160E-8	-8.009420E-8
1.854890E+4	-5.401690E-8	1.699680E-8
1.853790E+4	2.165340E-8	-7.101380E-8
1.852770E+4	1.932510E-8	-5.005880E-8
1.850510E+4	-1.117590E-8	-3.376070E-8
1.849420E+4	2.235190E-8	-6.635720E-8
1.847410E+4	-2.887110E-8	3.725320E-9
1.846350E+4	-6.402890E-8	4.330670E-8
1.844310E+4	4.074560E-8	-4.074560E-8
1.843320E+4	-1.792810E-8	2.980250E-8
1.840970E+4	1.071030E-8	-4.214260E-8
1.839990E+4	-1.071030E-8	-9.546110E-9
1.839010E+4	3.166520E-8	-6.612440E-8
1.836940E+4	-7.334210E-8	2.747410E-8
1.835920E+4	-1.187440E-8	-3.352780E-8
1.833900E+4	-2.933680E-8	-7.916300E-9
1.832640E+4	-7.171230E-8	2.421450E-8
1.831520E+4	1.932510E-8	-6.984960E-8
1.829320E+4	-6.868550E-8	3.026820E-8
1.828230E+4	1.816090E-8	-4.819620E-8
1.826250E+4	-2.165340E-8	1.629820E-9
1.824940E+4	2.980250E-8	-3.469200E-8
1.822920E+4	-5.122300E-8	4.330670E-8
1.821850E+4	2.631000E-8	-3.143240E-8
1.819870E+4	-5.471540E-8	3.236370E-8
1.818770E+4	2.398170E-8	-4.516940E-8
1.817480E+4	-3.259650E-8	1.769520E-8
1.815490E+4	1.722960E-8	-3.282930E-8
1.814420E+4	-5.634520E-8	1.955790E-8
1.812200E+4	-1.396990E-8	-2.770700E-8
1.811090E+4	-4.423810E-9	-5.937200E-8
1.809090E+4	-4.167690E-8	-4.377240E-8
1.808000E+4	-9.220140E-8	2.374880E-8
1.807050E+4	-1.466840E-8	-4.842900E-8
1.804640E+4	-7.194510E-8	3.166520E-8
1.803710E+4	-6.565870E-8	1.210730E-8
1.801620E+4	3.725320E-9	-4.237540E-8
1.800690E+4	-6.193340E-8	3.841730E-8
1.799630E+4	-4.004710E-8	-9.546110E-9
1.797350E+4	-7.217800E-8	2.980250E-8
1.796270E+4	-4.470370E-8	-9.313280E-9
1.794310E+4	2.724130E-8	-5.401690E-8
1.793200E+4	2.328320E-8	-4.726480E-8
1.791220E+4	-6.170060E-8	1.792810E-8
1.790110E+4	-2.724130E-8	-7.683470E-9
1.788150E+4	3.958150E-9	-6.333040E-8
1.787040E+4	-1.979070E-8	-5.564680E-8
1.785050E+4	-7.613610E-8	-1.373710E-8
1.783730E+4	-4.423810E-9	-8.358670E-8
1.781760E+4	-7.334210E-8	1.932510E-8
1.780650E+4	-7.753310E-8	4.377240E-8
1.779390E+4	-1.792810E-8	2.444730E-8
1.777340E+4	-5.075730E-8	5.774220E-8
1.776060E+4	-1.769520E-8	2.281750E-8
1.775130E+4	-5.424980E-8	6.263190E-8
1.773000E+4	-4.610070E-8	2.887110E-8
1.770980E+4	3.515770E-8	-5.797510E-8
1.769970E+4	-4.889470E-8	3.422630E-8
1.769020E+4	4.330670E-8	-4.679920E-8
1.766940E+4	-3.841730E-8	5.005880E-8
1.765950E+4	-1.606540E-8	2.561150E-8
1.763900E+4	-1.024460E-8	3.376070E-8
1.762660E+4	-6.170060E-8	5.727660E-8
1.760560E+4	-3.445920E-8	2.048920E-8
1.759590E+4	2.118770E-8	-4.307390E-8
1.757520E+4	-6.216620E-8	3.888290E-8
1.756500E+4	9.313300E-10	-1.979070E-8
1.754470E+4	-7.404060E-8	3.213090E-8
1.753420E+4	-6.053640E-8	2.654280E-8
1.752100E+4	-2.561150E-9	-2.514580E-8
1.750130E+4	2.048920E-8	-3.771880E-8
1.749030E+4	-4.190970E-8	2.142050E-8
1.746850E+4	-3.236370E-8	1.862660E-8
1.745730E+4	1.769520E-8	-5.587960E-8
1.744730E+4	-4.866180E-8	-6.286460E-9
1.742350E+4	-3.026810E-9	-4.563500E-8
1.741380E+4	-2.165340E-8	-1.583260E-8
1.740450E+4	-1.187440E-8	-3.236370E-8
1.738020E+4	-3.189800E-8	1.559980E-8
1.737090E+4	-8.172400E-8	5.727660E-8
1.734990E+4	-6.845270E-8	4.284110E-8
1.734020E+4	-4.726480E-8	2.561150E-9
1.731960E+4	-6.612440E-8	2.025640E-8
1.731020E+4	-7.520480E-8	2.607710E-8
1.728600E+4	-7.217800E-8	3.143240E-8
1.727650E+4	1.839370E-8	-5.122300E-8
1.726530E+4	-3.306220E-8	4.656640E-9
1.724320E+4	-3.981430E-8	-1.420270E-8
1.723220E+4	-8.521650E-8	2.398170E-8
1.720960E+4	-9.080440E-8	3.981430E-8
1.719940E+4	-9.569380E-8	4.540220E-8
1.718620E+4	-1.071030E-8	-3.329500E-8
1.716630E+4	-9.522820E-8	3.865010E-8
1.715330E+4	-4.493650E-8	-3.702030E-8
1.713320E+4	-9.406400E-8	3.189800E-8
1.712230E+4	-7.450630E-8	1.699680E-8
1.710950E+4	-3.073390E-8	-4.400520E-8
1.708970E+4	-4.353960E-8	-3.236370E-8
1.707870E+4	-9.732370E-8	2.421450E-8
1.705860E+4	1.629820E-9	-6.542590E-8
1.704810E+4	-4.586790E-8	-1.071030E-8
1.702770E+4	1.164160E-9	-4.540220E-8
1.701760E+4	-8.475080E-8	3.445920E-8
1.699690E+4	-3.702030E-8	2.980250E-8
1.698730E+4	-5.774220E-8	4.610070E-8
1.696610E+4	1.606540E-8	-2.468020E-8
1.695680E+4	-6.449450E-8	5.541390E-8
1.693550E+4	-7.194510E-8	5.145580E-8
1.692610E+4	-2.887110E-8	-8.847620E-9
1.691510E+4	2.165340E-8	-5.424980E-8
1.688960E+4	-4.121130E-8	2.142050E-8
1.687950E+4	-7.031530E-8	3.189800E-8
1.685900E+4	-9.522820E-8	3.562330E-8
1.684840E+4	-6.402890E-8	-7.683470E-9
1.682860E+4	-8.009420E-8	0.000000E+0
1.681780E+4	-1.050070E-7	2.211900E-8
1.680470E+4	-3.934860E-8	-4.656640E-8
1.678520E+4	-4.167690E-8	-5.820790E-8
1.677430E+4	-9.755650E-8	4.656650E-10
1.675430E+4	-3.469200E-8	-3.492480E-8
1.674370E+4	-8.521650E-8	4.726480E-8
1.672320E+4	1.466840E-8	-5.238710E-8
1.671310E+4	-6.053640E-8	5.122300E-9
1.669220E+4	-4.656640E-9	-5.564680E-8
1.668250E+4	-4.167690E-8	-2.374880E-8
1.666200E+4	-8.568210E-8	3.306220E-8
1.665190E+4	-6.635720E-8	3.492470E-9
1.663060E+4	2.584430E-8	-6.170060E-8
1.662130E+4	-7.823160E-8	2.747410E-8
1.662130E+4	-7.823160E-8	2.747410E-8
1.658800E+4	-8.987310E-8	3.352780E-8
1.657780E+4	7.450640E-9	-4.819620E-8
1.655770E+4	-8.568210E-8	3.748600E-8
1.654700E+4	-4.284110E-8	-2.142050E-8
1.652730E+4	1.303860E-8	-7.799870E-8
1.651440E+4	-4.563500E-8	-2.887110E-8
1.649410E+4	-2.607710E-8	-4.889470E-8
1.648140E+4	-6.286470E-8	6.984950E-9
1.647030E+4	5.122300E-9	-5.634520E-8
1.645050E+4	-1.303860E-8	-1.420270E-8
1.643940E+4	2.328320E-9	-2.631000E-8
1.641960E+4	-3.702030E-8	9.778940E-9
1.640870E+4	-8.195680E-8	4.936030E-8
1.638680E+4	-7.683470E-9	-1.280570E-8
1.637570E+4	-8.987310E-8	6.612440E-8
1.635610E+4	-2.514580E-8	-1.629830E-8
1.634500E+4	-3.376070E-8	-4.190980E-9
1.633570E+4	-1.145530E-7	6.286470E-8
1.631200E+4	-5.820790E-9	-5.168860E-8
1.630210E+4	-6.915120E-8	2.211900E-8
1.628120E+4	-7.357490E-8	1.443560E-8
1.627170E+4	-1.119920E-7	4.121130E-8
1.625030E+4	-1.676390E-8	-6.426170E-8
1.624090E+4	-1.420270E-8	-7.217800E-8
1.622820E+4	-7.427340E-8	-1.234010E-8
1.620740E+4	-9.522820E-8	-1.187440E-8
1.619720E+4	-2.072200E-8	-7.869720E-8
1.617670E+4	-1.145530E-7	1.071030E-8
1.616620E+4	-1.839370E-8	-6.589150E-8
1.614630E+4	-4.353960E-8	-2.468020E-8
1.613540E+4	-1.315500E-7	5.262000E-8
1.611300E+4	-1.366720E-7	5.844070E-8
1.610270E+4	-8.218970E-8	-6.752120E-9
1.608880E+4	-2.677560E-8	-4.307390E-8
1.606890E+4	-8.498360E-8	-1.187440E-8
1.605830E+4	-6.426170E-8	-2.514580E-8
1.603610E+4	-1.094310E-7	4.493650E-8
1.602500E+4	-3.189800E-8	-4.307390E-8
1.601560E+4	-4.260820E-8	-3.166520E-8
1.599220E+4	-1.722960E-8	-4.586790E-8
1.598220E+4	-9.941910E-8	1.839370E-8
1.596130E+4	-1.583260E-8	-4.284110E-8
1.595190E+4	-7.636890E-8	3.492480E-8
1.592860E+4	-2.118770E-8	-3.562330E-8
1.591830E+4	-5.238710E-8	0.000000E+0
1.590870E+4	-5.238710E-8	-1.187440E-8
1.588790E+4	-1.280580E-7	6.193340E-8
1.587780E+4	-8.614780E-8	1.117590E-8
1.585750E+4	-5.890640E-8	-3.166520E-8
1.584510E+4	-1.306190E-7	4.493650E-8
1.582400E+4	-1.029120E-7	3.492470E-9
1.581440E+4	-4.610070E-8	-5.122300E-8
1.579370E+4	-3.445920E-8	-5.541390E-8
1.578140E+4	-4.470370E-8	-2.887110E-8
1.577050E+4	-1.769520E-8	-5.634520E-8
1.575090E+4	-1.075680E-7	1.746240E-8
1.573980E+4	-6.519290E-9	-7.916290E-8
1.572010E+4	-1.769520E-8	-7.799870E-8
1.570890E+4	-1.245650E-7	2.561150E-8
1.568900E+4	-3.189800E-8	-7.706740E-8
1.567810E+4	-9.452970E-8	-1.280570E-8
1.565790E+4	-7.799870E-8	-4.051280E-8
1.564480E+4	-4.400520E-8	-4.377240E-8
1.563520E+4	-4.633350E-8	-2.305030E-8
1.561110E+4	-5.378410E-8	-2.072200E-8
1.560170E+4	-1.178130E-7	4.167690E-8
1.558100E+4	-1.143200E-7	4.190980E-9
1.557130E+4	-6.775420E-8	-4.284110E-8
1.555870E+4	-1.022130E-7	-1.513410E-8
1.553810E+4	-8.684630E-8	-3.026810E-9
1.552790E+4	-3.166520E-8	-6.472740E-8
1.550760E+4	-1.362070E-7	2.631000E-8
1.549690E+4	-1.122250E-7	5.122300E-9
1.547430E+4	-1.133890E-7	4.656640E-9
1.546440E+4	-4.307390E-8	-6.216620E-8
1.544390E+4	-1.075680E-7	2.747410E-8
1.543360E+4	-4.284110E-8	-3.608900E-8
1.541340E+4	-1.280580E-7	4.796330E-8
1.540250E+4	-9.173570E-8	-1.373710E-8
1.538940E+4	-4.679920E-8	-5.983790E-8
1.536950E+4	-1.471500E-7	4.214260E-8
1.535620E+4	-6.426170E-8	-4.353960E-8
1.534600E+4	-1.420280E-7	3.748600E-8
1.532330E+4	-5.960510E-8	-4.027990E-8
1.531250E+4	-1.294550E-7	1.443560E-8
1.528950E+4	-7.567040E-8	-6.659000E-8
1.527890E+4	-6.821980E-8	-5.331840E-8
1.526970E+4	-6.356320E-8	-6.426170E-8
1.524580E+4	-7.706740E-8	-7.939570E-8
1.523650E+4	-1.741580E-7	2.281750E-8
1.521540E+4	-1.098970E-7	-4.470370E-8
1.520620E+4	-1.697340E-7	3.655460E-8
1.518480E+4	-1.580930E-7	3.958140E-8
1.517560E+4	-9.639230E-8	-2.468020E-8
1.515470E+4	-1.327140E-7	9.313280E-9
1.514490E+4	-1.597230E-7	3.539050E-8
1.512430E+4	-1.695020E-7	4.610070E-8
1.511420E+4	-1.615850E-7	2.607710E-8
1.510100E+4	-1.073350E-7	-4.004710E-8
1.508130E+4	-1.508750E-7	2.980250E-8
1.507000E+4	-6.891830E-8	-4.097840E-8
1.505030E+4	-8.894180E-8	-2.607710E-8
1.503710E+4	-6.542590E-8	-3.911580E-8
1.501730E+4	-1.471500E-7	3.888290E-8
1.500620E+4	-8.638060E-8	-2.584430E-8
1.498660E+4	-1.208400E-7	-1.280570E-8
1.497540E+4	-7.124660E-8	-7.124660E-8
1.495570E+4	-1.378370E-7	-1.164160E-9
1.494470E+4	-8.358670E-8	-7.194510E-8
1.493240E+4	-1.296880E-7	-3.143240E-8
1.491160E+4	-1.103620E-7	-3.189800E-8
1.489890E+4	-1.126900E-7	-2.351600E-8
1.487870E+4	-1.026790E-7	-1.909220E-8
1.486840E+4	-1.825400E-7	6.263190E-8
1.485900E+4	-9.499540E-8	-2.305030E-8
1.483480E+4	-2.048920E-7	4.214260E-8
1.482520E+4	-1.192100E-7	-3.911580E-8
1.481220E+4	-1.913880E-7	5.099010E-8
1.479230E+4	-1.282910E-7	-6.752120E-9
1.478130E+4	-1.152520E-7	-2.328320E-8
1.476150E+4	-2.000020E-7	4.330670E-8
1.475030E+4	-1.338790E-7	-3.585610E-8
1.472830E+4	-1.818420E-7	2.095490E-8
1.471760E+4	-1.261950E-7	-3.771880E-8
1.470710E+4	-1.012820E-7	-7.683460E-8
1.468490E+4	-1.695020E-7	-1.699680E-8
1.467370E+4	-1.217710E-7	-6.891830E-8
1.465190E+4	-1.732270E-7	-7.217780E-9
1.464070E+4	-1.122250E-7	-6.519300E-8
1.463090E+4	-1.736930E-7	5.355130E-9
1.460980E+4	-1.585590E-7	-9.546110E-9
1.460050E+4	-1.902240E-7	2.817260E-8
1.457940E+4	-1.571620E-7	-1.187440E-8
1.457020E+4	-1.119920E-7	-5.587960E-8
1.454900E+4	-1.715970E-7	5.122300E-9
1.453980E+4	-1.383020E-7	-1.420270E-8
1.451870E+4	-1.564630E-7	-2.421450E-8
1.450650E+4	-2.153690E-7	4.726480E-8
1.448510E+4	-1.431920E-7	-3.422630E-8
1.447580E+4	-1.394660E-7	-3.189800E-8
1.446300E+4	-1.625170E-7	-1.187440E-8
1.444240E+4	-1.823070E-7	-5.355130E-9
1.443210E+4	-1.594900E-7	-3.515770E-8
1.441180E+4	-2.637990E-7	4.912750E-8
1.440110E+4	-1.864980E-7	-2.374880E-8
1.438160E+4	-1.736930E-7	-3.119950E-8
1.437040E+4	-2.048920E-7	-5.355130E-9
1.435070E+4	-2.598410E-7	5.285280E-8
1.433760E+4	-1.925520E-7	-1.350420E-8
1.432680E+4	-1.965100E-7	-1.699680E-8
1.430360E+4	-2.507600E-7	3.445920E-8
1.429310E+4	-1.941820E-7	-1.885940E-8
1.427090E+4	-2.926700E-7	8.335380E-8
1.425970E+4	-2.169990E-7	-6.519290E-9
1.425040E+4	-2.679900E-7	3.026820E-8
1.422670E+4	-2.388860E-7	-3.236370E-8
1.421700E+4	-2.728790E-7	-5.122300E-9
1.419410E+4	-2.451720E-7	-3.492480E-8
1.418370E+4	-2.717150E-7	-5.355130E-9
1.417450E+4	-2.614710E-7	-4.190980E-9
1.415330E+4	-3.131590E-7	5.750940E-8
1.414370E+4	-3.066400E-7	4.377240E-8
1.412290E+4	-2.873150E-7	1.327140E-8
1.411280E+4	-2.419130E-7	-3.376070E-8
1.408950E+4	-2.570470E-7	-1.653110E-8
1.408000E+4	-3.115290E-7	3.818450E-8
1.406870E+4	-3.261980E-7	4.237540E-8
1.404620E+4	-3.427290E-7	4.679920E-8
1.403500E+4	-2.735780E-7	-3.958140E-8
1.401590E+4	-2.770700E-7	-3.818450E-8
1.400480E+4	-2.780020E-7	-4.004710E-8
1.398510E+4	-2.600740E-7	-5.168860E-8
1.397370E+4	-3.576300E-7	3.236370E-8
1.395310E+4	-2.621690E-7	-6.891830E-8
1.394300E+4	-2.984910E-7	-3.143240E-8
1.392330E+4	-3.343470E-7	7.450640E-9
1.391260E+4	-3.345790E-7	1.047740E-8
1.389240E+4	-2.377210E-7	-9.452970E-8
1.388230E+4	-3.292240E-7	7.916300E-9
1.386150E+4	-3.066400E-7	-1.140880E-8
1.385170E+4	-3.136250E-7	-5.355130E-9
1.383070E+4	-3.301560E-7	1.932510E-8
1.382120E+4	-2.426110E-7	-4.400520E-8
1.380810E+4	-2.663600E-7	-3.352780E-8
1.378770E+4	-3.282930E-7	1.047740E-8
1.377720E+4	-2.570470E-7	-6.193340E-8
1.375730E+4	-3.366750E-7	3.608900E-8
1.374620E+4	-2.570470E-7	-5.750940E-8
1.372710E+4	-2.933680E-7	-4.214260E-8
1.371550E+4	-2.677570E-7	-7.916290E-8
1.369620E+4	-3.420300E-7	-1.396990E-9
1.368510E+4	-3.550690E-7	1.839370E-8
1.366370E+4	-3.424960E-7	2.235190E-8
1.365240E+4	-3.301560E-7	7.683470E-9
1.363970E+4	-2.891770E-7	-3.352780E-8
1.362750E+4	-3.585610E-7	3.259650E-8
1.360680E+4	-3.490150E-7	4.121130E-8
1.359390E+4	-2.684560E-7	-2.793980E-8
1.357360E+4	-2.537870E-7	-2.211900E-8
1.356320E+4	-3.261980E-7	4.493650E-8
1.353970E+4	-2.393520E-7	-2.584430E-8
1.352950E+4	-2.535540E-7	2.561150E-9
1.352050E+4	-2.628680E-7	4.121130E-8
1.349630E+4	-1.902240E-7	-5.587960E-8
1.348720E+4	-2.665930E-7	3.306220E-8
1.347640E+4	-2.090830E-7	-1.350420E-8
1.345420E+4	-2.258470E-7	5.355130E-9
1.344410E+4	-2.351600E-7	1.164160E-8
1.342390E+4	-2.111780E-7	-3.958150E-9
1.341320E+4	-1.920860E-7	-6.286460E-9
1.339020E+4	-2.032620E-7	1.140880E-8
1.338000E+4	-1.420280E-7	-3.096670E-8
1.336670E+4	-1.280580E-7	-2.002350E-8
1.334680E+4	-1.015150E-7	-6.216620E-8
1.333550E+4	-1.415620E-7	-1.885940E-8
1.331580E+4	-1.380690E-7	1.164160E-9
1.330450E+4	-1.161830E-7	1.396990E-9
1.328500E+4	-4.749770E-8	-6.868550E-8
1.327400E+4	-5.331840E-8	-6.589150E-8
1.325430E+4	-6.891830E-8	-3.445920E-8
1.324390E+4	-1.241000E-7	3.981430E-8
1.322370E+4	-3.259640E-9	-3.795160E-8
1.321360E+4	-2.747410E-8	1.210730E-8
1.319300E+4	-6.659000E-8	5.681090E-8
1.318040E+4	-1.909220E-8	2.956960E-8
1.317110E+4	-5.913920E-8	6.635720E-8
1.314710E+4	7.520480E-8	-3.771880E-8
1.313760E+4	3.958150E-9	4.563500E-8
1.311640E+4	8.824330E-8	-3.445920E-8
1.310720E+4	7.497190E-8	-2.118770E-8
1.308600E+4	3.748600E-8	9.778940E-9
1.307690E+4	1.257290E-8	4.237540E-8
1.305570E+4	9.103720E-8	-1.559980E-8
1.304630E+4	1.366720E-7	-4.889470E-8
1.303500E+4	6.030360E-8	3.515770E-8
1.301330E+4	8.498360E-8	2.328320E-8
1.300230E+4	1.816090E-7	-5.960510E-8
1.297990E+4	1.445890E-7	2.328320E-10
1.296980E+4	2.437760E-7	-7.869720E-8
1.294960E+4	2.437760E-7	-7.241080E-8
1.293880E+4	2.484320E-7	-6.705570E-8
1.291920E+4	1.732270E-7	3.352780E-8
1.290800E+4	2.626350E-7	-4.516940E-8
1.289810E+4	2.409820E-7	-2.328320E-9
1.287540E+4	2.980250E-7	-3.073390E-8
1.286460E+4	2.980250E-7	-3.073390E-8
1.284440E+4	3.362090E-7	-6.333040E-8
1.283410E+4	2.989560E-7	-2.351600E-8
1.281180E+4	3.275950E-7	-2.817260E-8
1.280070E+4	3.520420E-7	-6.053640E-8
1.279150E+4	3.776530E-7	-6.682280E-8
1.276730E+4	4.067570E-7	-7.287640E-8
1.275810E+4	3.264300E-7	2.118770E-8
1.274720E+4	3.487820E-7	-8.381960E-9
1.272510E+4	3.622860E-7	3.958150E-9
1.271490E+4	3.688060E-7	1.862660E-8
1.269470E+4	4.130430E-7	-2.351600E-8
1.268390E+4	4.626360E-7	-6.426170E-8
1.266400E+4	3.792830E-7	3.678750E-8
1.265270E+4	4.407500E-7	-2.677560E-8
1.263300E+4	4.672930E-7	-4.214260E-8
1.262180E+4	4.810320E-7	-5.122300E-8
1.260210E+4	4.239860E-7	1.629820E-9
1.259090E+4	4.665940E-7	-4.097840E-8
1.256910E+4	4.055930E-7	2.048920E-8
1.255780E+4	4.987270E-7	-5.704370E-8
1.254510E+4	5.122310E-7	-7.054810E-8
1.252530E+4	4.589110E-7	-1.303860E-8
1.251240E+4	5.310900E-7	-7.543760E-8
1.249280E+4	4.612390E-7	9.546110E-9
1.248170E+4	4.740450E-7	0.000000E+0
1.247260E+4	5.515790E-7	-6.868550E-8
1.244900E+4	5.862710E-7	-7.823160E-8
1.243930E+4	5.792860E-7	-6.612440E-8
1.242660E+4	5.674120E-7	-4.773050E-8
1.240590E+4	5.248040E-7	-3.026810E-9
1.239570E+4	5.809160E-7	-5.937200E-8
1.237220E+4	5.199140E-7	2.118770E-8
1.236290E+4	5.688090E-7	-4.121130E-8
1.234190E+4	5.357470E-7	7.683470E-9
1.233200E+4	5.816150E-7	-4.423800E-8
1.232080E+4	4.773060E-7	6.030360E-8
1.229930E+4	4.766060E-7	6.076930E-8
1.228810E+4	5.047800E-7	2.607710E-8
1.226600E+4	5.457590E-7	1.001180E-8
1.225550E+4	5.862710E-7	-3.608900E-8
1.223570E+4	4.994250E-7	4.493650E-8
1.222470E+4	5.760270E-7	-4.773050E-8
1.221170E+4	5.767250E-7	-7.543760E-8
1.219200E+4	5.161890E-7	-3.655460E-8
1.217810E+4	6.565860E-7	-3.539050E-8
1.216890E+4	6.128140E-7	5.750940E-8
1.214520E+4	6.503000E-7	-2.095490E-9
1.213550E+4	6.048980E-7	2.235190E-8
1.211440E+4	6.251540E-7	-3.655460E-8
1.210510E+4	5.795190E-7	-8.381960E-9
1.208150E+4	5.858060E-7	-2.025640E-8
1.207150E+4	5.054790E-7	5.960510E-8
1.206200E+4	5.830120E-7	-1.420270E-8
1.203810E+4	5.089710E-7	1.932510E-8
1.202890E+4	4.882490E-7	2.095490E-8
1.200760E+4	5.236400E-7	-5.262000E-8
1.199810E+4	5.660150E-7	-7.962850E-8
1.198690E+4	4.712510E-7	2.328320E-9
1.196500E+4	4.535560E-7	9.778940E-9
1.195420E+4	4.938370E-7	-5.075730E-8
1.193190E+4	4.267800E-7	1.629830E-8
1.192180E+4	4.423800E-7	-1.722960E-8
1.190780E+4	5.029180E-7	-8.847610E-8
1.188820E+4	4.072230E-7	1.699680E-8
1.187500E+4	4.614720E-7	-5.052450E-8
1.186510E+4	4.300400E-7	-3.771880E-8
1.184240E+4	4.225890E-7	-1.071030E-8
1.183170E+4	4.535560E-7	-4.260820E-8
1.181140E+4	3.716000E-7	1.164160E-8
1.179840E+4	4.293420E-7	-4.377240E-8
1.178920E+4	3.518090E-7	2.514580E-8
1.176800E+4	3.660120E-7	1.536690E-8
1.174800E+4	4.067570E-7	-2.817260E-8
1.173770E+4	4.074550E-7	-4.330670E-8
1.172850E+4	4.428460E-7	-6.263190E-8
1.170430E+4	4.027990E-7	-3.702030E-8
1.169530E+4	3.362090E-7	2.188620E-8
1.167400E+4	3.199110E-7	2.910390E-8
1.166480E+4	3.385380E-7	-5.355130E-9
1.164360E+4	3.147890E-7	4.190980E-9
1.163430E+4	3.909240E-7	-7.217800E-8
1.161340E+4	2.835900E-7	2.863830E-8
1.160350E+4	3.499460E-7	-5.518110E-8
1.158750E+4	3.012850E-7	-2.793980E-9
1.156780E+4	2.994220E-7	-1.303860E-8
1.155660E+4	3.268960E-7	-3.958140E-8
1.154630E+4	2.693870E-7	9.546110E-9
1.152150E+4	2.286410E-7	4.167690E-8
1.151010E+4	2.856850E-7	-2.281750E-8
1.149040E+4	3.019830E-7	-4.586790E-8
1.147920E+4	3.015180E-7	-5.005880E-8
1.145970E+4	2.402830E-7	1.164160E-8
1.144860E+4	3.024490E-7	-4.516940E-8
1.143950E+4	2.505280E-7	2.048920E-8
1.141850E+4	2.179300E-7	4.214260E-8
1.140930E+4	1.851010E-7	5.727660E-8
1.138530E+4	2.561160E-7	-3.725310E-8
1.137610E+4	1.764870E-7	3.958140E-8
1.136560E+4	1.685700E-7	4.423800E-8
1.134250E+4	2.116440E-7	7.217780E-9
1.133260E+4	2.589090E-7	-2.654280E-8
1.130870E+4	2.237510E-7	1.443560E-8
1.129960E+4	1.981400E-7	4.307390E-8
1.127830E+4	2.202590E-7	3.282930E-8
1.126890E+4	2.784670E-7	-3.143240E-8
1.124820E+4	1.695020E-7	3.981430E-8
1.123830E+4	2.614710E-7	-5.355130E-8
1.122710E+4	1.848680E-7	2.281750E-8
1.120550E+4	1.732270E-7	2.747410E-8
1.119430E+4	1.499440E-7	4.679920E-8
1.117190E+4	2.228200E-7	-3.236370E-8
1.116070E+4	1.657760E-7	1.583260E-8
1.114190E+4	1.613530E-7	1.303860E-8
1.113070E+4	2.000020E-7	-4.400520E-8
1.112060E+4	1.951130E-7	-5.168860E-8
1.109720E+4	1.846360E-7	-3.469200E-8
1.108730E+4	1.050070E-7	4.353960E-8
1.106630E+4	1.338790E-7	5.820790E-9
1.105690E+4	1.012820E-7	3.678750E-8
1.103600E+4	1.098970E-7	1.234010E-8
1.102300E+4	1.359740E-7	-2.281750E-8
1.101330E+4	9.429690E-8	2.793980E-8
1.099230E+4	9.848780E-8	4.447090E-8
1.098220E+4	1.902240E-7	-3.771880E-8
1.096170E+4	1.317830E-7	3.492470E-9
1.095120E+4	1.997700E-7	-7.613610E-8
1.093140E+4	1.257290E-7	-5.355130E-8
1.092040E+4	1.762540E-7	-1.073350E-7
1.090100E+4	1.476160E-7	-7.753310E-8
1.088990E+4	8.498360E-8	-2.561150E-9
1.086810E+4	7.078100E-8	1.583260E-8
1.085740E+4	9.941910E-8	-1.396990E-9
1.084420E+4	1.839370E-7	-8.591500E-8
1.082470E+4	1.078010E-7	-1.722960E-8
1.081130E+4	1.643790E-7	-8.032700E-8
1.079140E+4	7.310930E-8	2.793980E-9
1.077990E+4	7.497190E-8	-8.381960E-9
1.076700E+4	1.590240E-7	-7.869720E-8
1.074600E+4	1.657760E-7	-4.586790E-8
1.073630E+4	1.313170E-7	7.916300E-9
1.071520E+4	9.033870E-8	3.119950E-8
1.070610E+4	7.217800E-8	4.610070E-8
1.068290E+4	1.559970E-7	-4.214260E-8
1.067330E+4	1.159500E-7	-2.002350E-8
1.066350E+4	5.145580E-8	5.122300E-8
1.063990E+4	4.423800E-8	5.494830E-8
1.063080E+4	8.591500E-8	-7.450640E-9
1.061960E+4	4.540220E-8	4.610070E-8
1.059750E+4	4.796330E-8	6.263190E-8
1.058700E+4	1.378370E-7	-1.722960E-8
1.056690E+4	4.679920E-8	7.194510E-8
1.055590E+4	1.189770E-7	7.217780E-9
1.053630E+4	1.520390E-7	-3.958140E-8
1.052500E+4	1.303860E-7	-2.468020E-8
1.050540E+4	1.466840E-7	-7.357490E-8
1.049410E+4	1.257290E-7	-5.797510E-8
1.047230E+4	7.427340E-8	-1.396990E-9
1.046100E+4	1.282910E-7	-6.030360E-8
1.044130E+4	1.273590E-7	-6.356320E-8
1.042990E+4	1.208400E-7	-6.356320E-8
1.041020E+4	7.101380E-8	3.958150E-9
1.039910E+4	5.960510E-8	1.396990E-8
1.037930E+4	1.217710E-7	-3.096670E-8
1.036870E+4	1.292220E-7	-2.677560E-8
1.035950E+4	1.019800E-7	4.656650E-10
1.033540E+4	1.413290E-7	-4.889470E-8
1.032620E+4	5.937200E-8	3.818450E-8
1.030490E+4	5.494830E-8	3.306220E-8
1.029570E+4	2.561150E-8	5.401690E-8
1.027430E+4	9.196860E-8	-2.817260E-8
1.026520E+4	2.095490E-8	4.936030E-8
1.025400E+4	4.400520E-8	1.047740E-8
1.023190E+4	4.423810E-9	2.258470E-8
1.022140E+4	5.797510E-8	-3.678750E-8
1.020140E+4	1.094310E-8	2.677560E-8
1.019030E+4	7.636890E-8	-4.516940E-8
1.016810E+4	-3.306220E-8	4.726480E-8
1.015770E+4	5.355130E-9	1.583260E-8
1.014660E+4	3.026820E-8	-3.422630E-8
1.014660E+4	3.026820E-8	-3.422630E-8
1.012490E+4	-2.002350E-8	1.350420E-8
1.009140E+4	3.958150E-9	2.677560E-8
1.008010E+4	7.124660E-8	-4.400520E-8
1.007090E+4	4.540220E-8	-1.117590E-8
1.004730E+4	8.312100E-8	-3.469200E-8
1.003740E+4	-1.164160E-9	4.819620E-8
1.001460E+4	8.288820E-8	-4.284110E-8
1.000390E+4	4.144410E-8	6.286460E-9
9.983600E+3	6.728850E-8	-4.423800E-8
9.973500E+3	2.561150E-8	-2.561150E-9
9.964100E+3	6.915120E-8	-5.704370E-8
9.943200E+3	-4.190980E-9	9.546110E-9
9.933300E+3	7.543760E-8	-7.730020E-8
9.912900E+3	1.140880E-8	-5.611240E-8
9.902400E+3	4.423800E-8	-1.024460E-7
9.882100E+3	2.654280E-8	-8.870890E-8
9.871100E+3	-6.030360E-8	0.000000E+0
9.857900E+3	-6.007080E-8	1.327140E-8
9.835600E+3	-6.170060E-8	3.492470E-9
9.824200E+3	1.769520E-8	-5.983790E-8
9.804600E+3	-5.238710E-8	5.611240E-8
9.791400E+3	3.026820E-8	-6.752120E-9
9.771900E+3	-6.333040E-8	6.565870E-8
9.760700E+3	-2.468020E-8	2.258470E-8
9.751200E+3	-1.071030E-8	1.746240E-8
9.730000E+3	-2.188620E-8	3.329500E-8
9.720900E+3	-4.121130E-8	2.677560E-8
9.696900E+3	2.468020E-8	-6.821980E-8
9.687300E+3	-3.236370E-8	-3.725320E-9
9.666200E+3	-8.218970E-8	2.281750E-8
9.656900E+3	-7.078100E-8	1.094310E-8
9.646500E+3	-8.149130E-9	-5.262000E-8
9.620700E+3	-3.282930E-8	-1.839370E-8
9.620700E+3	-3.282930E-8	-1.839370E-8
9.590300E+3	-1.096640E-7	4.330670E-8
9.581300E+3	-1.029120E-7	1.629830E-8
9.570300E+3	-4.284110E-8	-3.865010E-8
9.548000E+3	-1.199090E-7	4.819620E-8
9.537800E+3	-6.053640E-8	-1.559980E-8
9.517900E+3	-6.100210E-8	-1.071030E-8
9.506900E+3	-2.002350E-8	-6.076930E-8
9.487100E+3	-9.872060E-8	1.490130E-8
9.475800E+3	-4.004710E-8	-3.911580E-8
9.475800E+3	-4.004710E-8	-3.911580E-8
9.442000E+3	1.280570E-8	-7.939570E-8
9.432400E+3	-1.187440E-8	-4.679920E-8
9.407300E+3	-9.150290E-8	9.546110E-9
9.396000E+3	-1.629820E-9	-9.103720E-8
9.376500E+3	-4.330670E-8	-5.331840E-8
9.365400E+3	-1.075680E-7	1.513410E-8
9.353200E+3	-9.266710E-8	1.257290E-8
9.332500E+3	-5.587960E-8	1.769520E-8
9.322900E+3	-8.265530E-8	3.306220E-8
9.301500E+3	6.752120E-9	-6.286470E-8
9.292300E+3	-5.657810E-8	6.053630E-9
9.281900E+3	-3.888290E-8	1.979070E-8
9.259000E+3	-5.937200E-8	1.443560E-8
9.248400E+3	1.979070E-8	-7.124660E-8
9.229000E+3	3.282930E-8	-8.777760E-8
9.215900E+3	4.144410E-8	-9.569380E-8
9.195300E+3	-6.868550E-8	1.396990E-8
9.184800E+3	-5.867350E-8	-2.421450E-8
9.164800E+3	1.396990E-9	-7.310930E-8
9.151900E+3	-6.915120E-8	6.984950E-9
9.140600E+3	2.561150E-9	-5.168860E-8
9.121100E+3	5.122300E-9	-3.189800E-8
9.110100E+3	5.820790E-9	-3.934860E-8
9.090000E+3	-3.841730E-8	-4.889470E-9
9.079400E+3	-6.333040E-8	3.492470E-9
9.057300E+3	-5.937200E-8	-4.656640E-9
9.045800E+3	-5.355130E-9	-5.704370E-8
9.036700E+3	-6.984960E-8	2.374880E-8
9.012900E+3	6.519290E-9	-5.518110E-8
9.003000E+3	-2.374880E-8	-1.280570E-8
8.982100E+3	-2.933680E-8	-1.420270E-8
8.972800E+3	-8.405230E-8	2.118770E-8
8.951700E+3	1.047740E-8	-6.705570E-8
8.942500E+3	-3.702030E-8	-1.327140E-8
8.918500E+3	-8.381960E-9	-5.983790E-8
8.908900E+3	-1.536690E-8	-4.819620E-8
8.896500E+3	1.164160E-8	-4.912750E-8
8.883600E+3	-6.146770E-8	2.956960E-8
8.862900E+3	-9.755650E-8	5.587960E-8
8.852500E+3	6.984950E-9	-3.026820E-8
8.832200E+3	-7.101380E-8	4.749770E-8
8.821400E+3	2.863830E-8	-4.237540E-8
8.801700E+3	3.050100E-8	-5.122300E-8
8.790600E+3	-7.287640E-8	4.470370E-8
8.768400E+3	-7.334210E-8	6.146770E-8
8.758000E+3	-1.979070E-8	6.984950E-9
8.747200E+3	-8.172400E-8	6.682280E-8
8.725300E+3	-4.190980E-9	-2.468020E-8
8.714000E+3	1.373710E-8	-4.470370E-8
8.694500E+3	-4.190980E-9	-3.934860E-8
8.683300E+3	-4.586790E-8	3.329500E-8
8.660600E+3	8.614790E-9	-4.027990E-8
8.649800E+3	-1.280570E-8	-2.305030E-8
8.640800E+3	-7.520480E-8	3.399350E-8
8.616800E+3	-4.470370E-8	-5.587960E-9
8.607700E+3	-7.753310E-8	3.189800E-8
8.586400E+3	-7.939570E-8	2.211900E-8
8.577200E+3	-7.567040E-8	1.396990E-8
8.555900E+3	8.381960E-9	-7.520480E-8
8.546800E+3	-7.194510E-8	2.607710E-8
8.525400E+3	-5.122300E-9	-5.401690E-8
8.516200E+3	-5.355130E-9	-4.190970E-8
8.494800E+3	-5.960510E-8	1.629830E-8
8.485600E+3	-8.405230E-8	2.514580E-8
8.464400E+3	-2.514580E-8	-4.633350E-8
8.452100E+3	-5.331840E-8	-1.606540E-8
8.440900E+3	-4.656650E-10	-5.727660E-8
8.419000E+3	-1.005830E-7	4.586790E-8
8.408000E+3	-4.493650E-8	-1.164160E-8
8.388200E+3	-6.030360E-8	2.933680E-8
8.376700E+3	6.984950E-9	-1.420270E-8
8.366700E+3	-1.164160E-9	-1.350420E-8
8.343800E+3	-1.420270E-8	-3.026810E-9
8.343800E+3	-1.420270E-8	-3.026810E-9
8.323800E+3	-6.612440E-8	5.122300E-8
8.299700E+3	-2.817260E-8	4.889470E-9
8.280200E+3	-6.402890E-8	5.820790E-9
8.269300E+3	-5.378410E-8	-1.257290E-8
8.249100E+3	-1.629830E-8	-6.402890E-8
8.238600E+3	-7.869720E-8	6.286460E-9
8.229400E+3	-8.894180E-8	1.979070E-8
8.208200E+3	-6.891830E-8	5.587960E-9
8.198600E+3	-2.444730E-8	-5.797510E-8
8.177900E+3	-5.983790E-8	-4.656640E-9
8.167800E+3	-8.381950E-8	1.932510E-8
8.144300E+3	-2.305030E-8	-3.888290E-8
8.135000E+3	-6.845270E-8	2.793980E-9
8.113900E+3	-6.635720E-8	-6.984950E-10
8.104100E+3	-1.129230E-7	4.167690E-8
8.091000E+3	-3.469200E-8	-2.118770E-8
8.071400E+3	-5.052450E-8	1.513410E-8
8.058500E+3	-4.330670E-8	1.490130E-8
8.038200E+3	-6.356320E-8	5.378410E-8
8.027700E+3	-4.330670E-8	2.188620E-8
8.014400E+3	1.396990E-9	-3.539050E-8
7.994900E+3	-2.328320E-9	-4.679920E-8
7.983600E+3	-9.383120E-8	3.888290E-8
7.961000E+3	8.149130E-9	-7.217800E-8
7.949800E+3	-8.801040E-8	1.653110E-8
7.937400E+3	-4.540220E-8	-7.916300E-9
7.916900E+3	-6.612440E-8	1.746240E-8
7.907300E+3	-6.309760E-8	1.234010E-8
7.897500E+3	1.722960E-8	-6.728850E-8
7.874100E+3	-4.400520E-8	-1.327140E-8
7.864800E+3	-7.567040E-8	2.491300E-8
7.840600E+3	1.257290E-8	-3.585610E-8
7.831200E+3	-6.821980E-8	4.866180E-8
7.810100E+3	-6.682280E-8	4.097840E-8
7.801000E+3	2.095490E-8	-6.170060E-8
7.787000E+3	1.164160E-9	-5.471540E-8
7.767300E+3	1.513410E-8	-6.402890E-8
7.754400E+3	-3.236370E-8	-3.236370E-8
7.734100E+3	1.420270E-8	-6.635720E-8
7.723400E+3	2.211900E-8	-7.217800E-8
7.703600E+3	-5.704370E-8	3.096670E-8
7.692300E+3	8.381960E-9	-3.818450E-8
7.672800E+3	-5.750940E-8	6.449450E-8
7.661400E+3	3.981430E-8	-2.887110E-8
7.648800E+3	-2.491300E-8	1.746240E-8
7.628800E+3	1.047740E-8	-4.610070E-8
7.618300E+3	-2.188620E-8	-3.119950E-8
7.596100E+3	-4.773050E-8	-1.513410E-8
7.585100E+3	-6.519290E-9	-5.029160E-8
7.576000E+3	-3.655460E-8	-1.420270E-8
7.576000E+3	-3.655460E-8	-1.420270E-8
7.542500E+3	-7.124660E-8	4.121130E-8
7.521300E+3	2.561150E-8	-4.819620E-8
7.512000E+3	-3.492480E-8	1.559980E-8
7.499600E+3	0.000000E+0	2.142050E-8
7.478400E+3	9.033870E-8	2.561150E-9
7.468700E+3	1.057060E-7	-1.839370E-8
7.445000E+3	2.258470E-8	1.792810E-8
7.435000E+3	-3.236370E-8	5.308560E-8
7.414600E+3	-9.546110E-9	3.585610E-8
7.404100E+3	1.862660E-8	-4.004710E-8
7.393200E+3	-1.001180E-8	-4.167690E-8
7.371400E+3	-7.147950E-8	2.677560E-8
7.360100E+3	1.280570E-8	-4.237540E-8
7.340700E+3	-1.862660E-9	-2.025640E-8
7.327400E+3	2.817260E-8	-4.982600E-8
7.317300E+3	-3.352780E-8	4.656640E-9
7.293600E+3	-4.423810E-9	-2.211900E-8
7.283800E+3	-5.355130E-9	-4.377240E-8
7.262800E+3	5.820790E-9	-5.029160E-8
7.253500E+3	-5.937200E-8	1.979070E-8
7.232100E+3	-4.819620E-8	2.468020E-8
7.222900E+3	3.073390E-8	-3.236370E-8
7.210400E+3	-6.821980E-8	6.659000E-8
7.186500E+3	-6.053630E-9	-1.117590E-8
7.177400E+3	-8.475080E-8	5.727660E-8
7.156000E+3	-8.731190E-8	5.681090E-8
7.146700E+3	-5.285280E-8	2.025640E-8
7.125700E+3	-1.909220E-8	-4.190980E-9
7.116000E+3	-8.312100E-8	3.865010E-8
7.095400E+3	-4.400520E-8	-2.328320E-9
7.085200E+3	1.909220E-8	-6.356320E-8
7.064900E+3	-6.915120E-8	4.563500E-8
7.054100E+3	-3.585610E-8	2.188620E-8
7.043400E+3	-2.328320E-9	1.490130E-8
7.021500E+3	-1.094310E-8	8.614790E-9
7.010300E+3	3.050100E-8	-4.167690E-8
6.988600E+3	-6.076930E-8	5.238710E-8
6.977300E+3	1.187440E-8	-3.143240E-8
6.967500E+3	1.932510E-8	-3.329500E-8
6.944800E+3	2.817260E-8	-3.795160E-8
6.934300E+3	-4.074560E-8	1.955790E-8
6.912300E+3	-3.306220E-8	2.677560E-8
6.901100E+3	-1.280570E-8	1.792810E-8
6.881500E+3	-4.889470E-9	4.656650E-10
6.881500E+3	-4.889470E-9	4.656650E-10
6.855300E+3	-3.259640E-9	4.190980E-9
6.845900E+3	-5.518110E-8	5.797510E-8
6.824900E+3	-5.471540E-8	5.611240E-8
6.814900E+3	6.053630E-9	-2.188620E-8
6.791200E+3	-3.818450E-8	2.956960E-8
6.781900E+3	4.144410E-8	-4.586790E-8
6.770500E+3	-1.769520E-8	3.026810E-9
6.748800E+3	-8.172400E-8	4.819620E-8
6.738100E+3	-2.887110E-8	-1.001180E-8
6.715600E+3	-5.262000E-8	9.778940E-9
6.705600E+3	-3.771880E-8	-1.420270E-8
6.692400E+3	3.469200E-8	-7.939570E-8
6.672900E+3	3.003540E-8	-6.984960E-8
6.658800E+3	4.097840E-8	-7.823160E-8
6.639200E+3	-5.587960E-8	1.816090E-8
6.628700E+3	1.862660E-8	-4.074560E-8
6.608700E+3	1.606540E-8	-5.681090E-8
6.596500E+3	-7.171230E-8	3.865010E-8
6.584100E+3	-5.168860E-8	2.328320E-8
6.584100E+3	-5.168860E-8	2.328320E-8
6.553900E+3	2.165340E-8	-2.025640E-8
6.544200E+3	-2.677560E-8	2.235190E-8
6.520800E+3	-1.979070E-8	1.001180E-8
6.511800E+3	-4.656640E-8	3.725310E-8
6.490600E+3	-5.262000E-8	4.330670E-8
6.481100E+3	3.608900E-8	-4.889470E-8
6.460400E+3	-5.145580E-8	5.681090E-8
6.439000E+3	4.749770E-8	-3.143240E-8
6.429800E+3	-1.536690E-8	4.447090E-8
6.417400E+3	-4.214260E-8	7.310930E-8
6.406000E+3	3.981430E-8	-1.420270E-8
6.384000E+3	-3.562330E-8	2.724130E-8
6.373200E+3	2.211900E-8	-4.516940E-8
6.350700E+3	-7.124660E-8	2.956960E-8
6.340700E+3	-3.562330E-8	-2.188620E-8
6.320300E+3	-8.754480E-8	2.421450E-8
6.309600E+3	-8.731190E-8	3.445920E-8
6.296400E+3	1.164160E-9	-3.282930E-8
6.276900E+3	-6.519290E-9	-1.420270E-8
6.262700E+3	1.676390E-8	-3.934860E-8
6.253300E+3	-3.469200E-8	1.629830E-8
6.229800E+3	1.979070E-8	-5.774220E-8
6.219600E+3	-3.306220E-8	1.257290E-8
6.199000E+3	-8.568210E-8	3.213090E-8
6.186200E+3	-6.053630E-9	-4.773050E-8
6.177100E+3	-6.100210E-8	2.048920E-8
6.155500E+3	-3.003540E-8	3.678750E-8
6.143500E+3	-3.632180E-8	4.982600E-8
6.133300E+3	-2.700850E-8	1.513410E-8
6.109600E+3	2.793980E-9	-8.149130E-9
6.100200E+3	-5.215430E-8	3.166520E-8
6.076000E+3	-6.309760E-8	2.444730E-8
6.066800E+3	-6.030360E-8	1.629820E-9
6.045600E+3	-1.490130E-8	-4.353960E-8
6.036500E+3	2.793980E-8	-6.030360E-8
6.022300E+3	-2.584430E-8	3.492470E-9
6.002700E+3	-4.097840E-8	1.792810E-8
5.992400E+3	2.328320E-8	-5.424980E-8
5.972400E+3	-6.356320E-8	4.796330E-8
5.961100E+3	-1.350420E-8	1.094310E-8
5.938600E+3	-4.656640E-9	-1.885940E-8
5.927200E+3	-8.218970E-8	3.376070E-8
5.914200E+3	1.862660E-8	-5.983790E-8
5.894300E+3	-2.677560E-8	-4.889470E-9
5.883600E+3	-5.238710E-8	1.839370E-8
5.861700E+3	1.396990E-8	-5.331840E-8
5.850300E+3	-8.684630E-8	2.281750E-8
5.838000E+3	-6.309760E-8	6.752120E-9
5.817500E+3	-4.656650E-10	-5.727660E-8
5.807700E+3	-5.331840E-8	2.910390E-8
5.784800E+3	5.052450E-8	-5.029160E-8
5.774200E+3	3.632180E-8	-3.026820E-8
5.765000E+3	-4.516940E-8	4.423800E-8
5.740800E+3	4.400520E-8	-5.168860E-8
5.731600E+3	-4.516940E-8	2.188620E-8
5.710000E+3	6.286460E-9	-7.636890E-8
5.700900E+3	3.492470E-9	-8.754480E-8
5.687100E+3	-2.351600E-8	-6.263190E-8
5.667300E+3	-1.234010E-8	-5.192150E-8
5.657000E+3	3.026820E-8	-8.684630E-8
5.633300E+3	-6.752130E-8	1.792810E-8
5.622700E+3	-1.466840E-8	-3.934860E-8
5.611700E+3	-5.471540E-8	-5.122300E-9
5.589900E+3	2.374880E-8	-7.101380E-8
5.578600E+3	-1.536690E-8	-2.724130E-8
5.557200E+3	-8.125830E-8	1.536690E-8
5.546000E+3	-8.614790E-9	-5.820790E-8
5.535900E+3	-1.443560E-8	-5.262000E-8
5.513400E+3	-4.726480E-8	-3.702030E-8
5.502500E+3	3.958150E-9	-7.730020E-8
5.482300E+3	-3.515770E-8	-1.769520E-8
5.472000E+3	-4.074560E-8	-1.466840E-8
5.459900E+3	-6.123490E-8	1.466840E-8
5.438600E+3	-3.422630E-8	1.396990E-8
5.418800E+3	-7.217780E-9	1.466840E-8
5.408200E+3	-5.587960E-8	6.193340E-8
5.388000E+3	3.562330E-8	-3.352780E-8
5.377900E+3	-1.885940E-8	1.885940E-8
5.357200E+3	1.653110E-8	-3.119950E-8
5.347500E+3	1.862660E-9	-2.374880E-8
5.335300E+3	-6.519300E-8	4.377240E-8
5.313800E+3	-4.540220E-8	4.936030E-8
5.304600E+3	7.450640E-9	7.450640E-9
5.304600E+3	7.450640E-9	7.450640E-9
5.271200E+3	-2.211900E-8	2.910390E-8
5.260500E+3	2.537870E-8	-2.863830E-8
5.240800E+3	-6.659000E-8	5.029160E-8
5.229600E+3	1.699680E-8	-4.703200E-8
5.207600E+3	-6.286470E-8	3.818450E-8
5.197200E+3	4.656640E-9	-2.933680E-8
5.183400E+3	3.888290E-8	-6.519300E-8
5.163400E+3	9.080450E-9	-4.237540E-8
5.163400E+3	9.080450E-9	-4.237540E-8
5.140600E+3	-2.281750E-8	-3.725320E-9
5.117100E+3	-1.303860E-8	-3.492480E-8
5.106700E+3	-8.149130E-9	-3.376070E-8
5.086100E+3	2.654280E-8	-5.005880E-8
5.076300E+3	7.217780E-9	-2.700850E-8
5.053400E+3	3.376070E-8	-2.724130E-8
5.042800E+3	-4.190980E-9	5.262000E-8
5.030800E+3	-3.818450E-8	7.287640E-8
5.009600E+3	-5.355130E-8	7.962850E-8
5.000500E+3	-4.656640E-9	4.447090E-8
4.979100E+3	1.071030E-8	-9.778940E-9
4.970000E+3	2.514580E-8	-1.746240E-8
4.958900E+3	-4.563500E-8	4.097840E-8
4.936300E+3	-6.356320E-8	6.100210E-8
4.925000E+3	-2.561150E-9	2.793980E-9
4.905100E+3	2.118770E-8	-1.420270E-8
4.891900E+3	6.356320E-8	-5.005880E-8
4.871800E+3	-3.422630E-8	4.470370E-8
4.860700E+3	2.118770E-8	-1.187440E-8
4.850300E+3	-5.308560E-8	3.562330E-8
4.829700E+3	-2.793980E-9	-4.097840E-8
4.810200E+3	-3.306220E-8	7.217780E-9
4.798800E+3	4.353960E-8	-6.356320E-8
4.789500E+3	-2.468020E-8	2.328320E-8
4.768200E+3	-7.078100E-8	3.841730E-8
4.748200E+3	2.793980E-9	-4.144410E-8
4.737700E+3	-2.281750E-8	-2.305030E-8
4.717300E+3	-2.933680E-8	-1.909220E-8
4.707300E+3	7.916300E-9	-3.981430E-8
4.695200E+3	-8.614780E-8	5.448260E-8
4.673600E+3	-7.450630E-8	4.377240E-8
4.664600E+3	1.629820E-9	-1.001180E-8
4.643000E+3	-2.770700E-8	-1.862660E-8
4.633600E+3	4.190980E-9	-5.471540E-8
4.618200E+3	-5.052450E-8	1.327140E-8
4.596700E+3	7.916300E-9	-1.210730E-8
4.584200E+3	-1.769520E-8	1.234010E-8
4.572800E+3	4.097840E-8	-3.934860E-8
4.553300E+3	-1.047740E-8	4.633350E-8
4.540200E+3	1.862660E-8	0.000000E+0
4.520500E+3	-3.119950E-8	1.164160E-9
4.509200E+3	-9.639230E-8	6.076930E-8
4.496300E+3	-2.328320E-8	-6.286460E-9
4.476500E+3	-6.100210E-8	8.149130E-9
4.465700E+3	-9.057160E-8	7.543760E-8
4.445400E+3	-5.727660E-8	4.749770E-8
4.432400E+3	1.699680E-8	-2.817260E-8
4.423200E+3	-4.889470E-8	2.724130E-8
4.401700E+3	-1.396990E-9	-2.537870E-8
4.381700E+3	4.656650E-10	-4.516940E-8
4.371300E+3	-8.125830E-8	2.724130E-8
4.362200E+3	8.381960E-9	-5.331840E-8
4.340800E+3	-6.123490E-8	3.748600E-8
4.331300E+3	-5.471540E-8	3.143240E-8
4.307000E+3	-6.053640E-8	4.097840E-8
4.307000E+3	-6.053640E-8	4.097840E-8
4.276100E+3	-6.519290E-9	1.699680E-8
4.263900E+3	-6.053630E-9	1.769520E-8
4.253500E+3	6.123490E-8	-4.400520E-8
4.230100E+3	-9.313280E-9	2.747410E-8
4.219400E+3	-2.188620E-8	1.769520E-8
4.199500E+3	-2.002350E-8	3.608900E-8
4.189400E+3	4.679920E-8	-2.770700E-8
4.169100E+3	-4.493650E-8	5.308560E-8
4.158600E+3	1.071030E-8	-2.817260E-8
4.147900E+3	-5.192150E-8	4.493650E-8
4.124900E+3	6.542590E-8	-4.004710E-8
4.114500E+3	3.725310E-8	2.793980E-9
4.095100E+3	5.238710E-8	-6.984950E-10
4.084000E+3	-4.423810E-9	2.654280E-8
4.061200E+3	-9.546110E-9	1.816090E-8
4.050500E+3	-4.586790E-8	4.447090E-8
4.041500E+3	3.282930E-8	-3.166520E-8
4.017500E+3	4.190970E-8	-4.679920E-8
4.008400E+3	-2.444730E-8	2.281750E-8
3.984900E+3	3.818450E-8	-5.704370E-8
3.974900E+3	-4.889470E-9	-1.676390E-8
3.965200E+3	8.149130E-9	-4.610070E-8
3.941200E+3	1.583260E-8	-4.633350E-8
3.932000E+3	1.909220E-8	-5.122300E-8
3.920800E+3	-6.496020E-8	3.073390E-8
3.898500E+3	4.912750E-8	-4.447090E-8
3.885200E+3	-4.633350E-8	3.725310E-8
3.864600E+3	-6.053640E-8	4.400520E-8
3.854000E+3	1.047740E-8	-3.911580E-8
3.834100E+3	-7.660170E-8	4.097840E-8
3.822900E+3	-2.840550E-8	-2.072200E-8
3.803900E+3	2.351600E-8	-2.631000E-8
3.793300E+3	1.955790E-8	-1.047740E-8
3.773400E+3	-3.725310E-8	7.613610E-8
3.762200E+3	4.423800E-8	-3.725320E-9
3.752000E+3	1.606540E-8	1.513410E-8
3.728500E+3	1.234010E-8	-1.699680E-8
3.718500E+3	1.047740E-8	-4.819620E-8
3.695500E+3	1.420270E-8	-6.519300E-8
3.684700E+3	-7.310930E-8	1.653110E-8
3.675600E+3	-4.959320E-8	-2.281750E-8
3.651200E+3	-1.839370E-8	-3.562330E-8
3.642100E+3	-2.817260E-8	-3.003540E-8
3.620800E+3	-5.750940E-8	1.140880E-8
3.611700E+3	-5.471540E-8	-1.746240E-8
3.590200E+3	-2.840550E-8	-1.001180E-8
3.581000E+3	-4.237540E-8	2.514580E-8
3.559800E+3	4.936030E-8	-3.236370E-8
3.550000E+3	6.891830E-8	-6.123490E-8
3.534900E+3	-1.396990E-8	2.724130E-8
3.513800E+3	-1.443560E-8	2.165340E-8
3.503800E+3	3.119950E-8	-2.235190E-8
3.483400E+3	-4.400520E-8	3.492480E-8
3.472900E+3	-1.350420E-8	6.286460E-9
3.459600E+3	6.565870E-8	-6.496020E-8
3.440100E+3	6.356320E-8	-5.518110E-8
3.428700E+3	-3.143240E-8	4.656640E-8
3.409100E+3	5.448260E-8	-6.472740E-8
3.397900E+3	1.443560E-8	-4.051280E-8
3.378000E+3	-1.536690E-8	4.656650E-10
3.364300E+3	5.913920E-8	-6.961680E-8
3.355300E+3	-2.863830E-8	2.398170E-8
3.331200E+3	5.378410E-8	-6.076930E-8
3.321900E+3	-1.559980E-8	1.629820E-9
3.311700E+3	-2.468020E-8	2.025640E-8
3.288100E+3	-2.305030E-8	1.816090E-8
3.267300E+3	1.676390E-8	-3.119950E-8
3.257700E+3	3.981430E-8	-3.981430E-8
3.245500E+3	-4.703200E-8	3.934860E-8
3.224000E+3	2.444730E-8	-2.421450E-8
3.214700E+3	-6.496020E-8	5.681090E-8
3.193600E+3	-5.378410E-8	1.094310E-8
3.184000E+3	-7.497190E-8	1.047740E-8
3.172800E+3	1.396990E-9	-5.355130E-8
3.151200E+3	-7.590320E-8	1.536690E-8
3.140000E+3	-1.606540E-8	-4.633350E-8
3.117800E+3	-3.608900E-8	3.678750E-8
3.107300E+3	-1.536690E-8	2.561150E-8
3.093900E+3	4.353960E-8	-3.865010E-8
3.074400E+3	-2.374880E-8	1.513410E-8
3.060200E+3	1.164160E-8	-2.305030E-8
3.041200E+3	-6.961680E-8	7.380780E-8
3.029900E+3	1.327140E-8	-1.722960E-8
3.019800E+3	-8.614790E-9	6.286460E-9
2.998500E+3	-1.606540E-8	2.491300E-8
2.979500E+3	-2.444730E-8	1.210730E-8
2.968400E+3	-7.636890E-8	5.005880E-8
2.959300E+3	-1.466840E-8	-3.515770E-8
2.938000E+3	-2.281750E-8	-1.559980E-8
2.929000E+3	-5.448260E-8	2.235190E-8
2.904600E+3	-2.956960E-8	2.281750E-8
2.895500E+3	-5.215430E-8	4.610070E-8
2.873900E+3	-5.587960E-8	6.426170E-8
2.864400E+3	-2.700850E-8	4.260820E-8
2.843200E+3	1.164160E-8	1.513410E-8
2.833900E+3	3.399350E-8	-4.889470E-9
2.819700E+3	2.095490E-9	2.118770E-8
2.800100E+3	4.447090E-8	-3.213090E-8
2.787100E+3	-2.561150E-9	1.722960E-8
2.766900E+3	3.632180E-8	-2.118770E-8
2.756100E+3	1.094310E-8	0.000000E+0
2.743000E+3	5.192150E-8	-4.284110E-8
2.723400E+3	-2.933680E-8	1.210730E-8
2.712200E+3	2.025640E-8	-3.958140E-8
2.692500E+3	1.117590E-8	-3.771880E-8
2.681700E+3	-1.019800E-7	6.146770E-8
2.661400E+3	-7.450640E-9	-5.424980E-8
2.651100E+3	-1.699680E-8	-3.562330E-8
2.630300E+3	-8.335380E-8	2.514580E-8
2.617300E+3	-2.584430E-8	-2.514580E-8
2.608000E+3	-7.939570E-8	2.514580E-8
2.586300E+3	-4.703200E-8	1.420270E-8
2.565500E+3	2.514580E-8	-4.633350E-8
2.555200E+3	-6.239910E-8	3.865010E-8
2.545600E+3	2.165340E-8	-3.748600E-8
2.524600E+3	-7.520480E-8	5.029160E-8
2.514600E+3	-2.281750E-8	-2.561150E-9
2.494100E+3	-1.234010E-8	1.280570E-8
2.481700E+3	-8.847620E-9	-2.095490E-8
2.460600E+3	-8.777760E-8	4.447090E-8
2.450800E+3	1.536690E-8	-5.937200E-8
2.439400E+3	-7.869720E-8	3.585610E-8
2.417800E+3	-7.101380E-8	3.399350E-8
2.406500E+3	-5.960510E-8	1.909220E-8
2.386900E+3	-6.053630E-9	-2.910390E-8
2.375500E+3	3.329500E-8	-7.008250E-8
2.355900E+3	-5.122300E-9	-3.352780E-8
2.344500E+3	-5.704370E-8	3.213090E-8
2.324700E+3	7.450640E-9	-3.003540E-8
2.313900E+3	2.118770E-8	-5.122300E-8
2.291600E+3	7.450640E-9	-4.516940E-8
2.280200E+3	-3.795160E-8	1.653110E-8
2.270900E+3	2.724130E-8	-4.773050E-8
2.249300E+3	-2.491300E-8	3.306220E-8
2.240100E+3	-2.584430E-8	1.629830E-8
2.215300E+3	3.213090E-8	-6.752130E-8
2.206200E+3	-6.100210E-8	2.863830E-8
2.184600E+3	-6.868550E-8	2.724130E-8
2.175200E+3	-3.888290E-8	-8.149130E-9
2.154100E+3	-1.722960E-8	-4.237540E-8
2.144300E+3	-7.683460E-8	8.381960E-9
2.133000E+3	-7.217780E-9	-7.962850E-8
2.111400E+3	-8.777760E-8	3.259640E-9
2.100100E+3	2.165340E-8	-8.684630E-8
2.077700E+3	-7.334210E-8	2.747410E-8
2.066900E+3	-1.722960E-8	-2.863830E-8
2.046500E+3	2.328320E-8	-5.750940E-8
2.035100E+3	8.614790E-9	-4.167690E-8
2.024500E+3	-3.608900E-8	3.678750E-8
2.001400E+3	3.306220E-8	-1.559980E-8
1.990000E+3	4.051280E-8	-2.351600E-8
1.969100E+3	5.122300E-9	1.396990E-8
1.957900E+3	4.097840E-8	-3.189800E-8
1.936000E+3	5.355130E-9	-3.958150E-9
1.922000E+3	3.841730E-8	-4.167690E-8
1.912100E+3	-3.795160E-8	2.514580E-8
1.886000E+3	3.865010E-8	-5.867350E-8
1.875300E+3	-1.816090E-8	1.094310E-8
1.852100E+3	6.705570E-8	-4.889470E-8
1.841900E+3	-6.984950E-9	2.328320E-9
1.815800E+3	5.145580E-8	-5.355130E-8
1.804900E+3	-3.562330E-8	3.888290E-8
1.791600E+3	2.095490E-8	-1.420270E-8
1.768100E+3	3.515770E-8	-3.818450E-8
1.758100E+3	-3.189800E-8	2.211900E-8
1.734800E+3	-3.469200E-8	1.862660E-8
1.724700E+3	-2.444730E-8	1.955790E-8
1.702000E+3	-3.422630E-8	6.286460E-9
1.691500E+3	5.099010E-8	-7.101380E-8
1.677300E+3	5.331840E-8	-8.591500E-8
1.656600E+3	-2.165340E-8	-2.188620E-8
1.641900E+3	-7.916300E-9	-4.144410E-8
1.621700E+3	1.746240E-8	-5.704370E-8
1.610200E+3	7.916300E-9	-4.866180E-8
1.600600E+3	-3.585610E-8	8.614790E-9
1.580400E+3	-9.546110E-9	1.629820E-9
1.570600E+3	5.378410E-8	-5.401690E-8
1.547800E+3	5.727660E-8	-6.915120E-8
1.538300E+3	-1.885940E-8	1.862660E-9
1.518500E+3	2.328320E-8	-6.356320E-8
1.509900E+3	-4.773050E-8	-4.889470E-9
1.490300E+3	7.683470E-9	-7.287640E-8
1.482200E+3	-4.889470E-8	-5.820790E-9
1.462800E+3	-7.310930E-8	5.029160E-8
1.454800E+3	-4.400520E-8	2.374880E-8
1.444900E+3	-6.402890E-8	5.587960E-8
1.422400E+3	-1.769520E-8	3.143240E-8
1.414500E+3	3.888290E-8	-1.350420E-8
1.402100E+3	1.629820E-9	2.677560E-8
1.385400E+3	-1.513410E-8	-1.676390E-8
1.376000E+3	-3.492470E-9	-5.867350E-8
1.358800E+3	-8.521650E-8	3.352780E-8
1.348900E+3	-2.956960E-8	-2.770700E-8
1.331900E+3	2.235190E-8	-5.983790E-8
1.321800E+3	1.839370E-8	-4.703200E-8
1.304800E+3	-2.002350E-8	1.373710E-8
1.294700E+3	-2.817260E-8	2.328320E-8
1.275500E+3	2.793980E-9	5.820790E-9
1.265300E+3	4.633350E-8	-4.773050E-8
1.256500E+3	-2.305030E-8	2.002350E-8
1.237500E+3	-1.396990E-9	-1.629820E-9
1.219800E+3	-3.026820E-8	-5.587960E-9
1.209600E+3	1.420270E-8	-4.633350E-8
1.201400E+3	2.654280E-8	-5.587960E-8
1.179600E+3	2.863830E-8	-4.493650E-8
1.170900E+3	2.956960E-8	-3.282930E-8
1.149100E+3	4.912750E-8	-4.074560E-8
1.140700E+3	-2.235190E-8	2.328320E-8
1.131500E+3	4.027990E-8	-3.073390E-8
1.113000E+3	-2.700850E-8	1.559980E-8
1.104400E+3	-3.958150E-9	-2.770700E-8
1.083000E+3	-5.308560E-8	8.149130E-9
1.074300E+3	-2.095490E-9	-6.170060E-8
1.056200E+3	-9.243420E-8	3.399350E-8
1.046900E+3	-4.656640E-8	-6.519290E-9
1.037200E+3	2.793980E-9	-5.867350E-8
1.018200E+3	-4.866180E-8	-1.187440E-8
1.008200E+3	2.165340E-8	-5.681090E-8
9.915000E+2	3.143240E-8	-3.748600E-8
9.819000E+2	-3.166520E-8	2.328320E-8
9.650000E+2	1.164160E-9	-1.885940E-8
9.559000E+2	-5.750940E-8	4.144410E-8
9.376000E+2	2.002350E-8	-1.327140E-8
9.280000E+2	5.494830E-8	-4.936030E-8
9.206000E+2	5.494830E-8	-5.518110E-8
9.008000E+2	5.634520E-8	-6.170060E-8
8.927000E+2	-4.889470E-9	7.450640E-9
8.753000E+2	3.166520E-8	-4.773050E-8
8.679000E+2	-5.005880E-8	2.374880E-8
8.503000E+2	-9.639230E-8	3.632180E-8
8.432000E+2	-6.635720E-8	1.187440E-8
8.256000E+2	-3.655460E-8	-2.584430E-8
8.184000E+2	-6.938400E-8	2.188620E-8
8.091000E+2	2.933680E-8	-6.472740E-8
7.915000E+2	-4.936030E-8	1.769520E-8
7.829000E+2	2.235190E-8	-4.959320E-8
7.672000E+2	-4.470370E-8	2.840550E-8
7.581000E+2	3.771880E-8	-5.052450E-8
7.428000E+2	1.164160E-8	-4.773050E-8
7.335000E+2	3.632180E-8	-5.704370E-8
7.184000E+2	-4.633350E-8	3.329500E-8
7.092000E+2	-5.355130E-8	4.726480E-8
6.941000E+2	2.793980E-8	-3.282930E-8
6.853000E+2	2.444730E-8	-1.746240E-8
6.698000E+2	-3.050100E-8	2.351600E-8
6.594000E+2	3.981430E-8	-4.703200E-8
6.522000E+2	-2.002350E-8	3.026820E-8
6.341000E+2	7.217780E-9	-4.121130E-8
6.261000E+2	-3.911580E-8	-3.725320E-9
6.191000E+2	-6.752130E-8	1.816090E-8
6.003000E+2	-4.773050E-8	1.047740E-8
5.931000E+2	3.259650E-8	-5.192150E-8
5.744000E+2	-1.047740E-8	7.217780E-9
5.677000E+2	4.260820E-8	-5.355130E-8
5.511000E+2	-3.329500E-8	2.607710E-8
5.443000E+2	-5.727660E-8	3.795160E-8
5.352000E+2	-4.284110E-8	3.329500E-8
5.187000E+2	-4.237540E-8	5.052450E-8
5.104000E+2	2.165340E-8	-3.189800E-8
4.955000E+2	-1.187440E-8	-8.381960E-9
4.868000E+2	4.004710E-8	-6.053640E-8
4.642000E+2	3.399350E-8	-4.284110E-8
4.483000E+2	3.469200E-8	-5.215430E-8
4.126000E+2	-1.955790E-8	-8.847620E-9
3.922000E+2	-6.891830E-8	2.444730E-8
3.492000E+2	2.188620E-8	-6.402890E-8
3.267000E+2	3.026810E-9	-4.842900E-8
3.039000E+2	-8.684630E-8	4.144410E-8
2.544000E+2	-9.150290E-8	3.795160E-8
2.290000E+2	-3.119950E-8	-1.699680E-8
1.767000E+2	-9.173570E-8	4.167690E-8
1.496000E+2	-4.889470E-9	-3.818450E-8
9.610000E+1	-8.381960E-9	-3.981430E-8
6.800000E+1	-1.653110E-8	-1.862660E-8
1.410000E+1	-8.242250E-8	2.584430E-8
-1.420000E+1	-1.420270E-8	-5.378410E-8
-6.740000E+1	-7.799870E-8	3.422630E-8
-1.011000E+2	2.095490E-8	-6.705570E-8
-1.532000E+2	-3.702030E-8	1.979070E-8
-1.802000E+2	4.051280E-8	-6.030360E-8
-2.301000E+2	-3.189800E-8	2.631000E-8
-2.563000E+2	4.679920E-8	-3.795160E-8
-2.798000E+2	4.959320E-8	-2.421450E-8
-3.330000E+2	-1.187440E-8	1.513410E-8
