Sample Name, Varga_5_4_16G
Freq, 16, GHz, Power, 10, dBm
SR850: f = 25 Hz; phase = 97 deg; output = 5 V; sens. = 10 uV; tc = 300 ms; 12dB/oct
Field	X	Y
Oe	V	V
*
-6.891000E+2	1.955790E-8	-8.381960E-9
-6.891000E+2	1.955790E-8	-8.381960E-9
-6.880000E+2	1.583260E-8	2.328320E-9
-6.870000E+2	2.188620E-8	1.210730E-8
-6.810000E+2	2.328320E-8	1.396990E-8
-6.609000E+2	4.190970E-8	-3.259640E-9
-6.505000E+2	5.262000E-8	-3.259640E-9
-6.271000E+2	8.288820E-8	-1.396990E-9
-6.153000E+2	8.521650E-8	-2.793980E-9
-5.917000E+2	9.266710E-8	-1.210730E-8
-5.795000E+2	9.359840E-8	-1.210730E-8
-5.551000E+2	1.005830E-7	-1.350420E-8
-5.453000E+2	1.029120E-7	-1.071030E-8
-5.349000E+2	1.103620E-7	-3.259640E-9
-5.182000E+2	1.033770E-7	-1.816090E-8
-5.105000E+2	1.089650E-7	-2.142050E-8
-4.999000E+2	1.229350E-7	-2.095490E-8
-4.954000E+2	1.252640E-7	-1.164160E-8
-4.907000E+2	1.238670E-7	-1.396990E-9
-4.866000E+2	1.238670E-7	8.847620E-9
-4.832000E+2	1.303860E-7	4.656650E-10
-4.797000E+2	1.243320E-7	-1.396990E-8
-4.768000E+2	1.345770E-7	-1.583260E-8
-4.756000E+2	1.387680E-7	-2.002350E-8
-4.684000E+2	1.275920E-7	-8.381960E-9
-4.662000E+2	1.429590E-7	-1.210730E-8
-4.582000E+2	1.434250E-7	-3.259640E-9
-4.554000E+2	1.448220E-7	-6.984950E-9
-4.460000E+2	1.569290E-7	-4.656650E-10
-4.412000E+2	1.629820E-7	-6.984950E-9
-4.370000E+2	1.601880E-7	1.396990E-9
-4.266000E+2	1.951130E-7	2.514580E-8
-4.221000E+2	2.086170E-7	1.955790E-8
-4.122000E+2	2.109450E-7	5.587960E-9
-4.088000E+2	2.142050E-7	-2.328320E-9
-4.035000E+2	2.100140E-7	-3.725320E-9
-3.957000E+2	2.230530E-7	-4.656640E-9
-3.910000E+2	2.323660E-7	-4.656650E-10
-3.827000E+2	2.542530E-7	-1.443560E-8
-3.788000E+2	2.612380E-7	-1.350420E-8
-3.733000E+2	2.565810E-7	-8.847620E-9
-3.663000E+2	2.589090E-7	-1.164160E-8
-3.608000E+2	2.644970E-7	-5.122300E-9
-3.563000E+2	2.677570E-7	-7.450640E-9
-3.477000E+2	2.696200E-7	-1.629830E-8
-3.434000E+2	2.719480E-7	-1.071030E-8
-3.354000E+2	3.054760E-7	-9.778940E-9
-3.317000E+2	3.278270E-7	-6.519290E-9
-3.232000E+2	3.455220E-7	4.656640E-9
-3.195000E+2	3.492480E-7	-1.862660E-9
-3.155000E+2	3.622860E-7	-9.778940E-9
-3.066000E+2	3.678740E-7	-1.443560E-8
-3.023000E+2	3.716000E-7	-1.536690E-8
-2.934000E+2	3.902260E-7	-1.210730E-8
-2.907000E+2	4.018680E-7	-8.381960E-9
-2.819000E+2	4.242190E-7	-1.769520E-8
-2.790000E+2	4.479680E-7	-2.980250E-8
-2.704000E+2	4.791690E-7	-2.793980E-8
-2.671000E+2	4.889480E-7	-2.142050E-8
-2.616000E+2	4.991930E-7	-2.142050E-8
-2.543000E+2	5.210790E-7	-2.468020E-8
-2.495000E+2	5.341170E-7	-2.468020E-8
-2.424000E+2	5.639190E-7	-2.374880E-8
-2.372000E+2	5.816150E-7	-1.909220E-8
-2.293000E+2	6.170050E-7	-2.235190E-8
-2.247000E+2	6.281810E-7	-7.916300E-9
-2.204000E+2	6.430820E-7	-9.313300E-10
-2.123000E+2	6.584490E-7	-8.381960E-9
-2.072000E+2	6.700900E-7	-1.257290E-8
-1.996000E+2	7.171220E-7	-1.583260E-8
-1.945000E+2	7.269010E-7	-5.122300E-9
-1.911000E+2	7.399390E-7	-6.053630E-9
-1.819000E+2	7.753300E-7	9.313280E-9
-1.775000E+2	7.986130E-7	1.955790E-8
-1.734000E+2	8.293460E-7	2.374880E-8
-1.644000E+2	8.642710E-7	1.583260E-8
-1.600000E+2	8.861570E-7	9.778940E-9
-1.511000E+2	9.322580E-7	4.656640E-9
-1.483000E+2	9.541470E-7	0.000000E+0
-1.394000E+2	9.937280E-7	-5.122300E-9
-1.365000E+2	1.024000E-6	-3.725320E-9
-1.278000E+2	1.073820E-6	4.656640E-9
-1.245000E+2	1.085930E-6	2.328320E-9
-1.157000E+2	1.107820E-6	-4.656640E-9
-1.129000E+2	1.122250E-6	-7.916300E-9
-1.078000E+2	1.140880E-6	-1.071030E-8
-9.960000E+1	1.190700E-6	3.259640E-9
-9.440000E+1	1.216780E-6	-5.122300E-9
-8.740000E+1	1.263810E-6	-2.933680E-8
-8.240000E+1	1.289890E-6	-3.213090E-8
-7.590000E+1	1.336920E-6	-3.213090E-8
-7.080000E+1	1.355550E-6	-3.166520E-8
-6.280000E+1	1.427260E-6	-4.097840E-8
-5.770000E+1	1.461720E-6	-4.097840E-8
-5.450000E+1	1.504560E-6	-3.678750E-8
-4.520000E+1	1.600490E-6	-4.703200E-8
-4.120000E+1	1.658230E-6	-6.519300E-8
-3.690000E+1	1.713640E-6	-8.242250E-8
-2.790000E+1	1.765330E-6	-1.196760E-7
-2.360000E+1	1.735060E-6	-1.275920E-7
-2.040000E+1	1.649850E-6	-1.192100E-7
-1.040000E+1	1.382090E-6	-1.103620E-7
-7.600000E+0	1.196760E-6	-9.499540E-8
2.700000E+0	7.115340E-7	-5.774220E-8
5.700000E+0	4.624030E-7	-3.865010E-8
1.460000E+1	-8.335380E-8	2.607710E-8
1.740000E+1	-4.009360E-7	5.168860E-8
2.310000E+1	-6.430820E-7	7.683460E-8
3.060000E+1	-1.162760E-6	1.168810E-7
3.570000E+1	-1.342970E-6	1.359740E-7
4.080000E+1	-1.490590E-6	1.485470E-7
4.850000E+1	-1.638670E-6	1.289890E-7
5.380000E+1	-1.662420E-6	1.275920E-7
6.180000E+1	-1.628420E-6	7.730020E-8
6.640000E+1	-1.611660E-6	6.659000E-8
7.090000E+1	-1.574410E-6	5.587960E-8
7.890000E+1	-1.487800E-6	3.865010E-8
8.400000E+1	-1.453800E-6	4.796330E-8
9.140000E+1	-1.376040E-6	3.399350E-8
9.640000E+1	-1.353680E-6	3.119950E-8
1.000000E+2	-1.326680E-6	1.722960E-8
1.086000E+2	-1.292680E-6	2.654280E-8
1.117000E+2	-1.273590E-6	2.048920E-8
1.205000E+2	-1.229350E-6	1.722960E-8
1.232000E+2	-1.210260E-6	5.587960E-9
1.323000E+2	-1.172080E-6	3.259640E-9
1.352000E+2	-1.148330E-6	1.862660E-9
1.455000E+2	-1.097110E-6	7.916300E-9
1.485000E+2	-1.071960E-6	6.984950E-9
1.574000E+2	-1.034710E-6	1.490130E-8
1.603000E+2	-1.024000E-6	1.117590E-8
1.694000E+2	-9.937280E-7	2.374880E-8
1.726000E+2	-9.820870E-7	1.909220E-8
1.813000E+2	-9.350520E-7	-3.259640E-9
1.847000E+2	-9.150280E-7	-5.122300E-9
1.899000E+2	-8.894170E-7	-5.122300E-9
1.976000E+2	-8.577520E-7	-1.536690E-8
2.026000E+2	-8.340030E-7	-5.587960E-9
2.097000E+2	-7.967500E-7	4.656640E-9
2.148000E+2	-7.823150E-7	5.587960E-9
2.218000E+2	-7.525120E-7	-5.122300E-9
2.270000E+2	-7.241070E-7	-1.071030E-8
2.299000E+2	-7.045490E-7	-5.122300E-9
2.398000E+2	-6.477380E-7	-8.381960E-9
2.434000E+2	-6.281810E-7	-3.259640E-9
2.521000E+2	-5.895310E-7	3.259640E-9
2.553000E+2	-5.750950E-7	-9.313300E-10
2.642000E+2	-5.397050E-7	4.656640E-9
2.681000E+2	-5.322540E-7	9.313300E-10
2.771000E+2	-5.280640E-7	-9.313300E-10
2.799000E+2	-5.234070E-7	1.396990E-9
2.890000E+2	-5.126970E-7	1.117590E-8
2.921000E+2	-4.991930E-7	6.984950E-9
3.009000E+2	-4.726480E-7	1.396990E-8
3.044000E+2	-4.656630E-7	8.381960E-9
3.127000E+2	-4.419140E-7	2.328320E-9
3.167000E+2	-4.349290E-7	1.862660E-9
3.223000E+2	-4.321350E-7	5.122300E-9
3.293000E+2	-4.014020E-7	0.000000E+0
3.345000E+2	-4.000050E-7	1.257290E-8
3.421000E+2	-3.790500E-7	-7.450640E-9
3.469000E+2	-3.809130E-7	4.656640E-9
3.510000E+2	-3.804470E-7	1.629830E-8
3.592000E+2	-3.702030E-7	1.164160E-8
3.642000E+2	-3.599580E-7	7.916300E-9
3.717000E+2	-3.194450E-7	-4.656640E-9
3.762000E+2	-3.101320E-7	-1.164160E-8
3.792000E+2	-3.050100E-7	-3.725320E-9
3.897000E+2	-2.677570E-7	-9.778940E-9
3.927000E+2	-2.561160E-7	-1.769520E-8
4.026000E+2	-2.398170E-7	-7.450640E-9
4.063000E+2	-2.202590E-7	-7.916300E-9
4.151000E+2	-2.100140E-7	1.862660E-9
4.182000E+2	-2.062890E-7	-3.725320E-9
4.272000E+2	-1.965100E-7	-8.381960E-9
4.300000E+2	-1.946470E-7	-5.122300E-9
4.349000E+2	-1.909220E-7	-1.164160E-8
4.433000E+2	-1.774180E-7	-2.002350E-8
4.481000E+2	-1.713640E-7	-2.281750E-8
4.563000E+2	-1.625170E-7	-2.793980E-8
4.603000E+2	-1.657760E-7	-2.142050E-8
4.679000E+2	-1.625170E-7	-2.142050E-8
4.726000E+2	-1.601880E-7	-1.164160E-8
4.771000E+2	-1.583260E-7	-2.328320E-9
4.853000E+2	-1.601880E-7	2.328320E-9
4.904000E+2	-1.513410E-7	-2.328320E-9
4.983000E+2	-1.364400E-7	-2.793980E-9
5.034000E+2	-1.303860E-7	-6.053630E-9
5.069000E+2	-1.271260E-7	-1.722960E-8
5.154000E+2	-1.317830E-7	-1.536690E-8
5.185000E+2	-1.280580E-7	-2.002350E-8
5.283000E+2	-1.355080E-7	-1.490130E-8
5.321000E+2	-1.308520E-7	-1.862660E-8
5.406000E+2	-1.275920E-7	-9.778940E-9
5.439000E+2	-1.117590E-7	-1.117590E-8
5.527000E+2	-1.043090E-7	9.313300E-10
5.556000E+2	-9.778930E-8	-9.313280E-9
5.601000E+2	-9.033870E-8	-1.164160E-8
5.692000E+2	-7.683460E-8	-3.259640E-9
5.726000E+2	-8.475080E-8	2.328320E-9
5.809000E+2	-8.940740E-8	1.257290E-8
5.850000E+2	-9.173570E-8	1.583260E-8
5.927000E+2	-8.707910E-8	4.656650E-10
5.973000E+2	-9.173570E-8	1.583260E-8
6.048000E+2	-1.010490E-7	2.095490E-8
6.099000E+2	-1.029120E-7	2.281750E-8
6.168000E+2	-1.071030E-7	1.862660E-8
6.220000E+2	-1.024460E-7	2.281750E-8
6.292000E+2	-9.406400E-8	2.561150E-8
6.342000E+2	-7.171230E-8	1.862660E-8
6.416000E+2	-4.237540E-8	2.561150E-8
6.463000E+2	-2.468020E-8	8.847620E-9
6.491000E+2	-2.980250E-8	1.210730E-8
6.594000E+2	-2.002350E-8	9.313300E-10
6.626000E+2	-1.443560E-8	-5.122300E-9
6.723000E+2	-1.909220E-8	-1.257290E-8
6.761000E+2	-1.443560E-8	-2.514580E-8
6.849000E+2	-3.725310E-8	-1.862660E-8
6.881000E+2	-3.911580E-8	-2.374880E-8
6.968000E+2	-2.561150E-8	-1.769520E-8
6.997000E+2	-2.700850E-8	-2.095490E-8
7.086000E+2	-1.676390E-8	-6.053630E-9
7.116000E+2	-2.142050E-8	8.381960E-9
7.205000E+2	-2.840550E-8	1.303860E-8
7.237000E+2	-2.933680E-8	1.350420E-8
7.324000E+2	-1.769520E-8	6.984950E-9
7.360000E+2	-1.303860E-8	1.629830E-8
7.415000E+2	-1.164160E-8	2.235190E-8
7.488000E+2	-1.909220E-8	1.583260E-8
7.539000E+2	-4.656640E-9	-1.396990E-9
7.618000E+2	5.587960E-9	0.000000E+0
7.665000E+2	7.450640E-9	4.190980E-9
7.737000E+2	2.328320E-9	-9.313300E-10
7.788000E+2	-5.122300E-9	9.313300E-10
7.866000E+2	-1.071030E-8	-1.164160E-8
7.913000E+2	-3.259640E-9	-2.002350E-8
7.994000E+2	-1.629830E-8	-2.142050E-8
8.035000E+2	-1.769520E-8	-2.235190E-8
8.079000E+2	-4.190980E-9	-2.700850E-8
8.168000E+2	9.313300E-10	-2.281750E-8
8.211000E+2	9.313280E-9	-3.399350E-8
8.302000E+2	3.492480E-8	-2.933680E-8
8.346000E+2	3.911580E-8	-3.818450E-8
8.381000E+2	3.492480E-8	-3.073390E-8
8.481000E+2	3.352780E-8	-4.004710E-8
8.511000E+2	2.980250E-8	-3.865010E-8
8.599000E+2	4.097840E-8	-2.328320E-8
8.634000E+2	4.004710E-8	-1.210730E-8
8.686000E+2	3.259650E-8	-1.210730E-8
8.770000E+2	4.237540E-8	-1.071030E-8
8.820000E+2	3.259650E-8	7.450640E-9
8.888000E+2	3.725310E-8	7.916300E-9
8.941000E+2	4.190970E-8	3.259640E-9
9.014000E+2	5.168860E-8	2.328320E-9
9.065000E+2	5.587960E-8	-4.190980E-9
9.139000E+2	5.820790E-8	-5.122300E-9
9.186000E+2	6.845270E-8	-9.313280E-9
9.263000E+2	6.472740E-8	-5.587960E-9
9.308000E+2	6.938400E-8	2.328320E-9
9.350000E+2	7.776590E-8	-1.396990E-9
9.442000E+2	7.590320E-8	-3.259640E-9
9.488000E+2	7.730020E-8	-1.722960E-8
9.534000E+2	7.683460E-8	-1.769520E-8
9.628000E+2	6.845270E-8	-1.769520E-8
9.661000E+2	6.798700E-8	-1.071030E-8
9.763000E+2	4.796330E-8	-8.847620E-9
9.791000E+2	3.958140E-8	-4.656640E-9
9.842000E+2	4.284110E-8	-6.984950E-9
9.926000E+2	6.333040E-8	-1.536690E-8
9.969000E+2	5.634520E-8	-6.519290E-9
1.004700E+3	6.705570E-8	4.656650E-10
1.009700E+3	7.497190E-8	1.396990E-9
1.015200E+3	8.242250E-8	4.656640E-9
1.022600E+3	1.089650E-7	-1.583260E-8
1.028700E+3	1.085000E-7	-7.450640E-9
1.035400E+3	1.289890E-7	-1.816090E-8
1.040700E+3	1.243320E-7	-1.862660E-8
1.049100E+3	1.112940E-7	-3.119950E-8
1.054300E+3	1.052400E-7	-2.002350E-8
1.057500E+3	1.182780E-7	-2.235190E-8
1.066500E+3	1.196760E-7	-7.916300E-9
1.069400E+3	1.271260E-7	-1.443560E-8
1.078800E+3	1.313170E-7	-1.490130E-8
1.082200E+3	1.257290E-7	-1.210730E-8
1.092700E+3	1.322490E-7	-9.778940E-9
1.096000E+3	1.424930E-7	-3.166520E-8
1.105600E+3	1.299200E-7	-4.004710E-8
1.108700E+3	1.289890E-7	-4.377240E-8
1.117900E+3	1.383020E-7	-2.142050E-8
1.121100E+3	1.429590E-7	2.793980E-9
1.130000E+3	1.592570E-7	1.955790E-8
1.133600E+3	1.578600E-7	1.490130E-8
1.138100E+3	1.564630E-7	1.722960E-8
1.145400E+3	1.755550E-7	-3.725320E-9
1.154300E+3	1.871970E-7	-1.769520E-8
1.157900E+3	1.946470E-7	-1.490130E-8
1.163300E+3	2.128080E-7	-2.421450E-8
1.171700E+3	2.258470E-7	-1.536690E-8
1.176800E+3	2.216560E-7	-9.778940E-9
1.184700E+3	2.202590E-7	-1.443560E-8
1.190000E+3	2.100140E-7	0.000000E+0
1.195200E+3	2.072200E-7	1.583260E-8
1.202700E+3	2.267780E-7	5.122300E-9
1.208400E+3	2.202590E-7	1.024460E-8
1.211700E+3	2.346940E-7	-1.396990E-9
1.220800E+3	2.356260E-7	1.024460E-8
1.224000E+3	2.365570E-7	4.656650E-10
1.233500E+3	2.370230E-7	9.313300E-10
1.236300E+3	2.426110E-7	0.000000E+0
1.246800E+3	2.612380E-7	-3.725320E-9
1.250000E+3	2.724140E-7	-6.053630E-9
1.254800E+3	2.766050E-7	-2.793980E-9
1.263800E+3	2.686880E-7	8.847620E-9
1.268400E+3	2.789330E-7	0.000000E+0
1.272900E+3	2.705510E-7	1.117590E-8
1.282000E+3	3.031470E-7	1.443560E-8
1.286700E+3	3.017500E-7	1.396990E-8
1.294400E+3	3.152550E-7	-9.313300E-10
1.299600E+3	3.129260E-7	1.210730E-8
1.306900E+3	3.259650E-7	-2.328320E-9
1.312300E+3	3.180480E-7	-1.862660E-9
1.319000E+3	3.180480E-7	-1.350420E-8
1.324000E+3	3.259650E-7	-1.816090E-8
1.329100E+3	3.101320E-7	-2.002350E-8
1.337500E+3	2.952310E-7	-1.769520E-8
1.341200E+3	3.147890E-7	-1.816090E-8
1.350100E+3	3.268960E-7	-2.793980E-9
1.353400E+3	3.464540E-7	-9.778940E-9
1.362700E+3	3.352780E-7	3.259640E-9
1.365800E+3	3.534390E-7	-1.071030E-8
1.375200E+3	3.757900E-7	-3.725320E-9
1.378400E+3	3.809130E-7	-5.122300E-9
1.387500E+3	3.837070E-7	-3.259640E-9
1.391700E+3	3.967450E-7	-5.122300E-9
1.400900E+3	3.902260E-7	9.313300E-10
1.403900E+3	4.009360E-7	-9.313280E-9
1.413000E+3	4.149060E-7	-2.374880E-8
1.417600E+3	4.102490E-7	-3.213090E-8
1.421900E+3	3.916230E-7	-2.002350E-8
1.429700E+3	4.116460E-7	-2.793980E-8
1.434300E+3	4.149060E-7	-2.142050E-8
1.443200E+3	4.433110E-7	-1.769520E-8
1.447100E+3	4.419140E-7	-1.024460E-8
1.452200E+3	4.400520E-7	-5.587960E-9
1.459700E+3	4.377230E-7	1.257290E-8
1.467300E+3	4.628690E-7	0.000000E+0
1.472200E+3	4.698540E-7	7.916300E-9
1.476300E+3	4.782380E-7	5.587960E-9
1.485100E+3	4.773060E-7	1.024460E-8
1.490000E+3	4.861540E-7	9.313300E-10
1.497600E+3	4.875510E-7	6.053630E-9
1.502200E+3	5.005900E-7	3.259640E-9
1.510400E+3	5.043150E-7	2.654280E-8
1.514100E+3	5.103680E-7	3.632180E-8
1.518500E+3	5.355140E-7	3.073390E-8
1.527600E+3	5.485530E-7	1.862660E-8
1.530400E+3	5.522780E-7	1.303860E-8
1.539300E+3	5.574000E-7	-1.862660E-9
1.542400E+3	5.499500E-7	5.122300E-9
1.551000E+3	5.578660E-7	-6.053630E-9
1.554400E+3	5.723010E-7	-4.190980E-9
1.562500E+3	5.764920E-7	1.164160E-8
1.566700E+3	5.699730E-7	1.955790E-8
1.574400E+3	5.806830E-7	4.656640E-9
1.579100E+3	5.853400E-7	9.313300E-10
1.587800E+3	6.095540E-7	-6.984950E-9
1.591800E+3	6.109510E-7	9.313280E-9
1.596900E+3	6.333030E-7	7.916300E-9
1.604300E+3	6.556550E-7	-6.053630E-9
1.611900E+3	6.677620E-7	-1.396990E-8
1.616900E+3	6.742810E-7	-2.002350E-8
1.622300E+3	6.789380E-7	-1.955790E-8
1.629600E+3	6.826630E-7	-1.676390E-8
1.634400E+3	6.826630E-7	-1.769520E-8
1.642000E+3	6.845260E-7	-7.916300E-9
1.646300E+3	6.887170E-7	-2.002350E-8
1.654400E+3	7.045490E-7	-1.210730E-8
1.658000E+3	7.171220E-7	-2.235190E-8
1.666500E+3	7.185190E-7	-2.142050E-8
1.666500E+3	7.185190E-7	-2.142050E-8
1.674100E+3	7.436650E-7	-2.747410E-8
1.683000E+3	7.487870E-7	-2.468020E-8
1.686100E+3	7.483210E-7	-1.769520E-8
1.694700E+3	7.795210E-7	-6.519290E-9
1.698400E+3	7.888340E-7	-1.071030E-8
1.708200E+3	7.958190E-7	9.313280E-9
1.711200E+3	8.032690E-7	8.381960E-9
1.716300E+3	8.018720E-7	1.350420E-8
1.724200E+3	8.158420E-7	6.984950E-9
1.728700E+3	8.279490E-7	1.164160E-8
1.737200E+3	8.535610E-7	3.958140E-8
1.742000E+3	8.665990E-7	4.330670E-8
1.747600E+3	8.647370E-7	5.075730E-8
1.754700E+3	8.977990E-7	3.166520E-8
1.760300E+3	9.052490E-7	2.933680E-8
1.767600E+3	9.206160E-7	1.210730E-8
1.772900E+3	8.982640E-7	1.722960E-8
1.776300E+3	9.029210E-7	3.725320E-9
1.785200E+3	8.991960E-7	1.536690E-8
1.788300E+3	9.080430E-7	3.259640E-9
1.797500E+3	9.345860E-7	3.259640E-9
1.802200E+3	9.438990E-7	4.656650E-10
1.810800E+3	9.569410E-7	2.328320E-9
1.813900E+3	9.760330E-7	-2.793980E-9
1.817900E+3	9.867440E-7	-1.396990E-9
1.827400E+3	1.008630E-6	4.190980E-9
1.830500E+3	1.018870E-6	0.000000E+0
1.840600E+3	9.932630E-7	-9.313300E-10
1.843400E+3	1.000710E-6	-2.002350E-8
1.848200E+3	9.965220E-7	-2.607710E-8
1.856900E+3	9.993160E-7	-3.073390E-8
1.860900E+3	1.000710E-6	-2.840550E-8
1.870000E+3	1.010030E-6	-8.381960E-9
1.874300E+3	1.023070E-6	-3.725320E-9
1.879900E+3	1.028650E-6	9.778940E-9
1.887100E+3	1.071490E-6	-4.656650E-10
1.892200E+3	1.065910E-6	7.916300E-9
1.899900E+3	1.077550E-6	9.313280E-9
1.905000E+3	1.085930E-6	2.328320E-9
1.908900E+3	1.101300E-6	-5.122300E-9
1.917400E+3	1.104560E-6	-3.725320E-9
1.920700E+3	1.105490E-6	-1.909220E-8
1.929600E+3	1.138550E-6	-1.303860E-8
1.932700E+3	1.153450E-6	-1.071030E-8
1.941600E+3	1.163690E-6	-3.725320E-9
1.944300E+3	1.164160E-6	-1.676390E-8
1.953300E+3	1.177200E-6	4.190980E-9
1.956200E+3	1.181860E-6	9.313300E-10
1.966400E+3	1.185580E-6	6.984950E-9
1.969300E+3	1.203280E-6	-4.190980E-9
1.973900E+3	1.216780E-6	-1.862660E-9
1.982600E+3	1.216310E-6	-1.210730E-8
1.986200E+3	1.214920E-6	-6.519290E-9
1.996000E+3	1.217250E-6	-1.210730E-8
1.999000E+3	1.222830E-6	-1.816090E-8
2.004100E+3	1.234010E-6	-9.778940E-9
2.011100E+3	1.247050E-6	1.722960E-8
2.019300E+3	1.267070E-6	1.536690E-8
2.023500E+3	1.267540E-6	2.235190E-8
2.028400E+3	1.263810E-6	2.468020E-8
2.036100E+3	1.280110E-6	1.257290E-8
2.041500E+3	1.292220E-6	1.629830E-8
2.049500E+3	1.289890E-6	1.257290E-8
2.054300E+3	1.287560E-6	3.026820E-8
2.058400E+3	1.303390E-6	2.933680E-8
2.066700E+3	1.323420E-6	5.168860E-8
2.071900E+3	1.323880E-6	6.379610E-8
2.079400E+3	1.338320E-6	6.752130E-8
2.083900E+3	1.346230E-6	5.401690E-8
2.086800E+3	1.357880E-6	3.678750E-8
2.097100E+3	1.366260E-6	5.122300E-8
2.100200E+3	1.363460E-6	3.725310E-8
2.109200E+3	1.380690E-6	3.539050E-8
2.112100E+3	1.396990E-6	3.166520E-8
2.121100E+3	1.414690E-6	2.887110E-8
2.124100E+3	1.402580E-6	4.097840E-8
2.132800E+3	1.410500E-6	4.237540E-8
2.136400E+3	1.408170E-6	4.982600E-8
2.144700E+3	1.413290E-6	3.166520E-8
2.148800E+3	1.410030E-6	3.352780E-8
2.158200E+3	1.401650E-6	1.350420E-8
2.161600E+3	1.387210E-6	1.769520E-8
2.170100E+3	1.394200E-6	1.350420E-8
2.173900E+3	1.383490E-6	3.026820E-8
2.178800E+3	1.395130E-6	1.676390E-8
2.186300E+3	1.412820E-6	6.519290E-9
2.191400E+3	1.419810E-6	9.778940E-9
2.198400E+3	1.437040E-6	1.862660E-8
2.203600E+3	1.456130E-6	2.514580E-8
2.210800E+3	1.432850E-6	3.632180E-8
2.215600E+3	1.437970E-6	2.700850E-8
2.223400E+3	1.444020E-6	2.328320E-8
2.228700E+3	1.444950E-6	3.213090E-8
2.231900E+3	1.469170E-6	2.281750E-8
2.240800E+3	1.484070E-6	3.958140E-8
2.243700E+3	1.510150E-6	3.725310E-8
2.252600E+3	1.512480E-6	3.492480E-8
2.255600E+3	1.510150E-6	3.352780E-8
2.264500E+3	1.519930E-6	1.816090E-8
2.267600E+3	1.521320E-6	2.095490E-8
2.276300E+3	1.527840E-6	2.188620E-8
2.279900E+3	1.527840E-6	2.654280E-8
2.290000E+3	1.552060E-6	1.396990E-9
2.292900E+3	1.561840E-6	8.847620E-9
2.301700E+3	1.565560E-6	7.916300E-9
2.305000E+3	1.560900E-6	1.303860E-8
2.310300E+3	1.568820E-6	5.122300E-9
2.318400E+3	1.566960E-6	3.166520E-8
2.323400E+3	1.567890E-6	4.190970E-8
2.330400E+3	1.580930E-6	3.213090E-8
2.335200E+3	1.585580E-6	1.955790E-8
2.341900E+3	1.562770E-6	-4.190980E-9
2.348200E+3	1.555780E-6	-1.396990E-9
2.351500E+3	1.574410E-6	-9.778940E-9
2.360900E+3	1.581390E-6	9.313280E-9
2.365000E+3	1.583260E-6	1.490130E-8
2.368200E+3	1.584650E-6	2.235190E-8
2.378400E+3	1.602810E-6	4.097840E-8
2.381200E+3	1.614450E-6	3.911580E-8
2.390400E+3	1.607000E-6	1.629830E-8
2.393500E+3	1.609800E-6	-4.190980E-9
2.402400E+3	1.600490E-6	-7.450640E-9
2.405800E+3	1.591640E-6	2.328320E-9
2.414300E+3	1.594430E-6	-6.053630E-9
2.418900E+3	1.598160E-6	-1.862660E-9
2.427800E+3	1.597690E-6	1.909220E-8
2.431000E+3	1.598620E-6	2.142050E-8
2.439600E+3	1.591170E-6	3.026820E-8
2.443100E+3	1.578130E-6	3.399350E-8
2.451300E+3	1.593030E-6	3.259650E-8
2.455500E+3	1.580000E-6	4.190970E-8
2.462900E+3	1.594900E-6	2.561150E-8
2.467400E+3	1.609330E-6	1.676390E-8
2.472900E+3	1.603740E-6	3.259650E-8
2.480200E+3	1.608400E-6	2.095490E-8
2.485800E+3	1.594430E-6	3.166520E-8
2.489800E+3	1.605610E-6	2.421450E-8
2.498400E+3	1.604680E-6	1.629830E-8
2.503100E+3	1.603280E-6	4.190980E-9
2.510600E+3	1.593970E-6	7.916300E-9
2.515100E+3	1.598160E-6	6.519290E-9
2.523300E+3	1.598160E-6	1.676390E-8
2.526900E+3	1.598620E-6	6.053630E-9
2.535400E+3	1.583260E-6	1.955790E-8
2.538700E+3	1.586980E-6	1.164160E-8
2.547500E+3	1.588840E-6	1.071030E-8
2.552000E+3	1.584190E-6	-2.793980E-9
2.555100E+3	1.566490E-6	-9.313300E-10
2.563500E+3	1.573010E-6	-1.303860E-8
2.567200E+3	1.566960E-6	-1.024460E-8
2.575300E+3	1.561370E-6	-1.210730E-8
2.579600E+3	1.573940E-6	-7.916300E-9
2.585200E+3	1.568820E-6	1.583260E-8
2.592200E+3	1.564630E-6	2.235190E-8
2.597900E+3	1.562770E-6	3.445920E-8
2.605600E+3	1.569290E-6	2.933680E-8
2.610600E+3	1.568820E-6	2.048920E-8
2.617800E+3	1.559510E-6	1.257290E-8
2.623200E+3	1.547400E-6	4.656640E-9
2.626600E+3	1.539480E-6	2.793980E-9
2.635800E+3	1.535760E-6	2.514580E-8
2.639900E+3	1.536690E-6	1.909220E-8
2.648800E+3	1.509220E-6	2.840550E-8
2.652600E+3	1.503630E-6	2.328320E-8
2.661100E+3	1.509680E-6	1.490130E-8
2.664500E+3	1.504560E-6	0.000000E+0
2.672500E+3	1.482670E-6	9.313300E-10
2.676500E+3	1.475220E-6	-8.847620E-9
2.679700E+3	1.459860E-6	-9.778940E-9
2.689700E+3	1.460790E-6	-8.381960E-9
2.693100E+3	1.471960E-6	-1.862660E-8
2.703100E+3	1.464510E-6	-1.257290E-8
2.705900E+3	1.468240E-6	-2.095490E-8
2.714900E+3	1.456600E-6	7.916300E-9
2.718200E+3	1.451010E-6	1.816090E-8
2.726900E+3	1.432850E-6	9.313280E-9
2.730500E+3	1.417480E-6	2.654280E-8
2.735600E+3	1.410030E-6	4.097840E-8
2.742900E+3	1.414690E-6	3.213090E-8
2.750800E+3	1.418410E-6	2.421450E-8
2.754500E+3	1.404910E-6	3.632180E-8
2.759500E+3	1.392800E-6	3.259650E-8
2.767800E+3	1.360670E-6	1.722960E-8
2.772700E+3	1.352290E-6	2.002350E-8
2.780100E+3	1.331800E-6	8.381960E-9
2.784600E+3	1.332730E-6	5.122300E-9
2.791700E+3	1.313640E-6	1.536690E-8
2.796700E+3	1.313170E-6	1.816090E-8
2.799700E+3	1.312240E-6	1.629830E-8
2.810200E+3	1.264280E-6	1.909220E-8
2.813100E+3	1.261020E-6	6.984950E-9
2.823500E+3	1.229820E-6	1.443560E-8
2.826800E+3	1.228890E-6	1.024460E-8
2.830800E+3	1.214920E-6	4.656650E-10
2.840300E+3	1.197690E-6	2.328320E-9
2.843500E+3	1.185580E-6	4.656640E-9
2.853600E+3	1.178600E-6	6.984950E-9
2.856500E+3	1.160900E-6	1.536690E-8
2.861500E+3	1.159970E-6	-3.725320E-9
2.869800E+3	1.137620E-6	1.164160E-8
2.874400E+3	1.135760E-6	9.778940E-9
2.879400E+3	1.122250E-6	2.468020E-8
2.886200E+3	1.110140E-6	4.470370E-8
2.894800E+3	1.099900E-6	2.654280E-8
2.898500E+3	1.079880E-6	2.933680E-8
2.906400E+3	1.051940E-6	1.490130E-8
2.910700E+3	1.044950E-6	2.421450E-8
2.918100E+3	1.044950E-6	2.421450E-8
2.922900E+3	1.031910E-6	1.816090E-8
2.928400E+3	1.017940E-6	1.396990E-8
2.935500E+3	9.983850E-7	1.024460E-8
2.940400E+3	9.932630E-7	1.536690E-8
2.947800E+3	9.560100E-7	3.632180E-8
2.952300E+3	9.615980E-7	2.095490E-8
2.960300E+3	9.215470E-7	2.421450E-8
2.964100E+3	9.168910E-7	1.257290E-8
2.972800E+3	9.127000E-7	1.490130E-8
2.976200E+3	9.122340E-7	-3.725320E-9
2.985100E+3	8.665990E-7	0.000000E+0
2.988000E+3	8.489040E-7	-7.450640E-9
2.992700E+3	8.349340E-7	-1.816090E-8
3.001400E+3	7.860400E-7	-1.490130E-8
3.006000E+3	7.827800E-7	-1.490130E-8
3.011200E+3	7.902310E-7	-3.073390E-8
3.019000E+3	7.678790E-7	-1.769520E-8
3.023800E+3	7.408710E-7	4.656640E-9
3.031000E+3	7.557720E-7	1.490130E-8
3.036200E+3	7.497180E-7	1.816090E-8
3.043400E+3	7.133970E-7	-9.313300E-10
3.049000E+3	6.835940E-7	3.259640E-9
3.053600E+3	6.677620E-7	-6.053630E-9
3.061900E+3	6.398220E-7	-6.053630E-9
3.065800E+3	6.472730E-7	-7.450640E-9
3.074800E+3	6.211960E-7	-8.381960E-9
3.079500E+3	6.132800E-7	-6.053630E-9
3.087300E+3	5.648510E-7	-1.816090E-8
3.091400E+3	5.536750E-7	-2.654280E-8
3.099600E+3	5.411020E-7	-2.514580E-8
3.103100E+3	5.308580E-7	-2.421450E-8
3.111700E+3	4.922080E-7	-9.313300E-10
3.114800E+3	4.791690E-7	6.519290E-9
3.124000E+3	4.540220E-7	7.450640E-9
3.126700E+3	4.605410E-7	-3.259640E-9
3.131300E+3	4.605410E-7	-7.450640E-9
3.140200E+3	4.367920E-7	-1.676390E-8
3.144100E+3	4.121120E-7	-8.381960E-9
3.152200E+3	3.981420E-7	-2.235190E-8
3.156800E+3	3.743930E-7	-1.303860E-8
3.165800E+3	3.343470E-7	-4.656650E-10
3.169300E+3	3.301560E-7	3.259640E-9
3.174400E+3	3.110640E-7	1.955790E-8
3.182000E+3	2.989560E-7	2.328320E-9
3.187000E+3	2.966280E-7	4.656640E-9
3.195000E+3	2.859180E-7	-1.396990E-9
3.200100E+3	2.733450E-7	3.725320E-9
3.206700E+3	2.579780E-7	-1.303860E-8
3.211500E+3	2.239840E-7	-1.303860E-8
3.215500E+3	2.207240E-7	-2.887110E-8
3.223900E+3	2.146710E-7	-9.778940E-9
3.227400E+3	2.216560E-7	-2.793980E-9
3.236100E+3	1.946470E-7	4.656640E-9
3.239100E+3	1.946470E-7	0.000000E+0
3.248100E+3	1.769520E-7	1.722960E-8
3.250900E+3	1.695020E-7	-6.053630E-9
3.260000E+3	1.359740E-7	-2.468020E-8
3.262900E+3	1.182780E-7	-9.778940E-9
3.271800E+3	1.029120E-7	6.984950E-9
3.275000E+3	8.614780E-8	1.024460E-8
3.283500E+3	5.820790E-8	9.778940E-9
3.287400E+3	3.958140E-8	1.350420E-8
3.295400E+3	2.095490E-8	2.421450E-8
3.299900E+3	4.656640E-9	3.865010E-8
3.307200E+3	9.313300E-10	2.700850E-8
3.312000E+3	-3.166520E-8	4.097840E-8
3.320500E+3	-1.909220E-8	2.328320E-8
3.324800E+3	-3.399350E-8	2.933680E-8
3.330400E+3	-4.703200E-8	3.026820E-8
3.334200E+3	-4.284110E-8	1.862660E-8
3.343100E+3	-5.774220E-8	2.374880E-8
3.350700E+3	-5.355130E-8	2.374880E-8
3.355700E+3	-7.078100E-8	3.865010E-8
3.359700E+3	-6.659000E-8	2.747410E-8
3.368100E+3	-1.071030E-7	2.095490E-8
3.371600E+3	-1.019800E-7	9.778940E-9
3.380400E+3	-1.210730E-7	2.048920E-8
3.383500E+3	-1.331800E-7	2.654280E-8
3.392500E+3	-1.504100E-7	9.313280E-9
3.395400E+3	-1.364400E-7	-1.164160E-8
3.405900E+3	-1.578600E-7	-6.984950E-9
3.409200E+3	-1.620510E-7	-1.816090E-8
3.413200E+3	-1.825400E-7	-1.210730E-8
3.422300E+3	-1.736930E-7	-2.235190E-8
3.426500E+3	-1.811430E-7	-2.188620E-8
3.434400E+3	-2.044260E-7	-2.002350E-8
3.438000E+3	-2.114110E-7	-3.771880E-8
3.447300E+3	-2.449400E-7	-3.585610E-8
3.451300E+3	-2.561160E-7	-2.607710E-8
3.456800E+3	-2.738110E-7	-1.164160E-8
3.463900E+3	-2.728790E-7	5.587960E-9
3.469100E+3	-2.821930E-7	7.450640E-9
3.476200E+3	-2.845210E-7	-8.381960E-9
3.481400E+3	-2.924370E-7	9.313300E-10
3.488800E+3	-2.975590E-7	-4.190980E-9
3.493700E+3	-2.938340E-7	-2.700850E-8
3.501600E+3	-3.194450E-7	-1.862660E-8
3.505900E+3	-3.241020E-7	-1.862660E-8
3.514000E+3	-3.497130E-7	-1.117590E-8
3.519200E+3	-3.534390E-7	-1.396990E-9
3.522100E+3	-3.520420E-7	2.793980E-9
3.531100E+3	-3.436600E-7	2.328320E-9
3.533900E+3	-3.487820E-7	3.259640E-9
3.542700E+3	-3.604240E-7	1.024460E-8
3.545800E+3	-3.813780E-7	1.303860E-8
3.554300E+3	-3.823100E-7	-1.443560E-8
3.558100E+3	-3.925540E-7	-2.048920E-8
3.566300E+3	-3.851040E-7	-1.769520E-8
3.570700E+3	-3.892950E-7	-9.313300E-10
3.578500E+3	-3.827750E-7	-1.396990E-9
3.583700E+3	-3.776530E-7	-2.793980E-9
3.588900E+3	-3.832410E-7	1.396990E-8
3.596900E+3	-3.776530E-7	-1.164160E-8
3.601800E+3	-3.897600E-7	-3.725320E-9
3.608800E+3	-4.186310E-7	5.587960E-9
3.614000E+3	-4.200280E-7	-1.071030E-8
3.621900E+3	-4.246850E-7	-2.002350E-8
3.626600E+3	-4.251510E-7	-7.450640E-9
3.630900E+3	-4.256160E-7	-1.164160E-8
3.639000E+3	-4.381890E-7	1.536690E-8
3.642500E+3	-4.214250E-7	-5.587960E-9
3.651400E+3	-4.307390E-7	-5.122300E-9
3.655800E+3	-4.377230E-7	-1.629830E-8
3.658700E+3	-4.535560E-7	-9.778940E-9
3.669000E+3	-4.461050E-7	-2.514580E-8
3.672000E+3	-4.493650E-7	-3.771880E-8
3.681100E+3	-4.638000E-7	-4.051280E-8
3.684000E+3	-4.563500E-7	-4.144410E-8
3.693200E+3	-4.661290E-7	-1.722960E-8
3.696300E+3	-4.586780E-7	-1.024460E-8
3.705300E+3	-4.554190E-7	-2.793980E-9
3.709800E+3	-4.498310E-7	-1.676390E-8
3.718700E+3	-4.516930E-7	-5.122300E-9
3.722500E+3	-4.586780E-7	-1.210730E-8
3.727600E+3	-4.586780E-7	-2.654280E-8
3.735300E+3	-4.535560E-7	-2.793980E-9
3.740400E+3	-4.670600E-7	1.164160E-8
3.748600E+3	-4.600750E-7	0.000000E+0
3.753200E+3	-4.763730E-7	7.916300E-9
3.757700E+3	-4.624030E-7	-6.519290E-9
3.765700E+3	-4.735790E-7	4.656640E-9
3.769500E+3	-4.679910E-7	-4.656650E-10
3.778400E+3	-4.763730E-7	3.259640E-9
3.783100E+3	-4.796350E-7	3.259640E-9
3.790800E+3	-4.852230E-7	-2.002350E-8
3.795200E+3	-4.726480E-7	-2.840550E-8
3.803400E+3	-4.614720E-7	-2.328320E-9
3.807000E+3	-4.475020E-7	-2.048920E-8
3.815600E+3	-4.610060E-7	-8.847620E-9
3.818700E+3	-4.526250E-7	-1.583260E-8
3.827800E+3	-4.633350E-7	-8.381960E-9
3.832300E+3	-4.675260E-7	-1.676390E-8
3.835500E+3	-4.624030E-7	-2.002350E-8
3.844100E+3	-4.544870E-7	-2.468020E-8
3.848000E+3	-4.610060E-7	-1.676390E-8
3.856000E+3	-4.507620E-7	-2.235190E-8
3.860300E+3	-4.638000E-7	-4.656650E-10
3.867800E+3	-4.586780E-7	2.793980E-9
3.872700E+3	-4.586780E-7	8.847620E-9
3.879900E+3	-4.526250E-7	-1.303860E-8
3.885200E+3	-4.582130E-7	-5.122300E-9
3.892400E+3	-4.651970E-7	3.725320E-9
3.897700E+3	-4.610060E-7	1.629830E-8
3.905100E+3	-4.679910E-7	2.793980E-8
3.910800E+3	-4.679910E-7	1.862660E-8
3.914800E+3	-4.754420E-7	-9.313300E-10
3.923500E+3	-4.782380E-7	-5.122300E-9
3.926800E+3	-4.656630E-7	-1.583260E-8
3.935700E+3	-4.717170E-7	-1.583260E-8
3.938700E+3	-4.745110E-7	-1.955790E-8
3.948500E+3	-4.805660E-7	-1.396990E-9
3.952000E+3	-4.693880E-7	-5.122300E-9
3.960700E+3	-4.842910E-7	9.313300E-10
3.963700E+3	-4.586780E-7	-6.053630E-9
3.967800E+3	-4.521590E-7	-2.793980E-9
3.977100E+3	-4.358610E-7	-2.840550E-8
3.980400E+3	-4.377230E-7	-2.607710E-8
3.990300E+3	-4.363260E-7	-2.607710E-8
3.993800E+3	-4.237540E-7	-1.816090E-8
4.002500E+3	-4.195630E-7	-3.725320E-9
4.005700E+3	-4.363260E-7	1.071030E-8
4.014600E+3	-4.153720E-7	-1.210730E-8
4.018300E+3	-4.270130E-7	-1.396990E-9
4.023500E+3	-4.339980E-7	1.583260E-8
4.031800E+3	-4.274790E-7	1.769520E-8
4.036400E+3	-4.437770E-7	3.259650E-8
4.044800E+3	-4.461050E-7	1.396990E-8
4.050100E+3	-4.577470E-7	2.887110E-8
4.053700E+3	-4.493650E-7	3.958140E-8
4.062700E+3	-4.400520E-7	3.306220E-8
4.067000E+3	-4.339980E-7	1.629830E-8
4.071400E+3	-4.284100E-7	7.916300E-9
4.080300E+3	-4.242190E-7	-1.210730E-8
4.083300E+3	-4.344640E-7	-1.490130E-8
4.092400E+3	-4.484340E-7	-1.443560E-8
4.095300E+3	-4.377230E-7	-2.188620E-8
4.104200E+3	-4.302730E-7	-1.396990E-8
4.107400E+3	-4.451740E-7	1.164160E-8
4.116100E+3	-4.381890E-7	1.955790E-8
4.119600E+3	-4.451740E-7	3.725310E-8
4.129500E+3	-4.144400E-7	1.676390E-8
4.132500E+3	-4.265480E-7	2.933680E-8
4.141400E+3	-4.260820E-7	2.281750E-8
4.144800E+3	-4.270130E-7	2.654280E-8
4.151200E+3	-4.307390E-7	2.468020E-8
4.158200E+3	-4.246850E-7	-4.656650E-10
4.163300E+3	-4.153720E-7	-1.769520E-8
4.169800E+3	-3.790500E-7	-4.004710E-8
4.175000E+3	-3.678740E-7	-3.119950E-8
4.183100E+3	-3.753250E-7	-8.381960E-9
4.188300E+3	-3.883630E-7	3.259640E-9
4.191500E+3	-4.093180E-7	2.887110E-8
4.200900E+3	-4.302730E-7	-5.122300E-9
4.204900E+3	-4.335320E-7	-3.725310E-8
4.213200E+3	-4.288760E-7	-6.659000E-8
4.218400E+3	-4.153720E-7	-6.007080E-8
4.221400E+3	-3.916230E-7	-5.215430E-8
4.230600E+3	-3.702030E-7	-3.119950E-8
4.233700E+3	-3.641490E-7	-2.561150E-8
4.242700E+3	-3.669430E-7	0.000000E+0
4.246200E+3	-3.692710E-7	5.122300E-9
4.254600E+3	-3.729970E-7	9.313280E-9
4.258600E+3	-3.753250E-7	-1.117590E-8
4.268300E+3	-3.976770E-7	-7.450640E-9
4.271500E+3	-4.097840E-7	6.984950E-9
4.276800E+3	-4.083870E-7	1.396990E-8
4.284600E+3	-3.972110E-7	-5.587960E-9
4.289400E+3	-3.683400E-7	-1.816090E-8
4.298300E+3	-3.520420E-7	-2.561150E-8
4.302200E+3	-3.604240E-7	-2.468020E-8
4.307100E+3	-3.557670E-7	-2.235190E-8
4.314800E+3	-3.478510E-7	9.313280E-9
4.320000E+3	-3.650800E-7	1.490130E-8
4.328000E+3	-3.674090E-7	1.629830E-8
4.333200E+3	-3.837070E-7	2.654280E-8
4.336200E+3	-3.743930E-7	9.313300E-10
4.345700E+3	-3.725310E-7	-1.676390E-8
4.349700E+3	-3.641490E-7	-3.445920E-8
4.354100E+3	-3.543700E-7	-3.771880E-8
4.363200E+3	-3.404000E-7	-1.396990E-8
4.366100E+3	-3.441260E-7	-1.396990E-8
4.375300E+3	-3.487820E-7	-1.722960E-8
4.378600E+3	-3.585610E-7	-9.313280E-9
4.389000E+3	-3.697370E-7	-1.909220E-8
4.392100E+3	-3.580950E-7	-4.237540E-8
4.401300E+3	-3.427290E-7	-2.933680E-8
4.404300E+3	-3.306210E-7	-2.980250E-8
4.404300E+3	-3.306210E-7	-2.980250E-8
4.416400E+3	-3.320180E-7	-9.313300E-10
4.421500E+3	-3.264300E-7	-1.024460E-8
4.429400E+3	-3.413320E-7	1.210730E-8
4.434200E+3	-3.473850E-7	1.490130E-8
4.441500E+3	-3.268960E-7	-1.164160E-8
4.446700E+3	-3.203770E-7	-1.490130E-8
4.454700E+3	-2.938340E-7	-2.142050E-8
4.459200E+3	-3.073380E-7	-4.656650E-10
4.463800E+3	-2.863840E-7	-2.002350E-8
4.471800E+3	-3.059410E-7	2.328320E-9
4.475900E+3	-3.180480E-7	0.000000E+0
4.484700E+3	-3.366750E-7	-4.656640E-9
4.489500E+3	-3.436600E-7	-1.676390E-8
4.493700E+3	-3.394690E-7	-2.607710E-8
4.502800E+3	-3.608890E-7	-2.887110E-8
4.507300E+3	-3.557670E-7	-3.213090E-8
4.511000E+3	-3.404000E-7	-2.887110E-8
4.521000E+3	-3.217740E-7	-1.862660E-8
4.524000E+3	-3.143230E-7	-1.583260E-8
4.534400E+3	-3.227050E-7	1.257290E-8
4.537300E+3	-3.096670E-7	-1.257290E-8
4.546500E+3	-3.185140E-7	-5.587960E-9
4.549400E+3	-3.133920E-7	-8.847620E-9
4.554700E+3	-3.110640E-7	-1.536690E-8
4.562700E+3	-3.152550E-7	-2.142050E-8
4.567500E+3	-2.910400E-7	-2.374880E-8
4.572600E+3	-2.901090E-7	5.122300E-9
4.581100E+3	-2.631000E-7	-5.122300E-9
4.586300E+3	-2.780020E-7	-1.024460E-8
4.594200E+3	-3.031470E-7	-1.722960E-8
4.599000E+3	-3.250330E-7	-5.122300E-9
4.603100E+3	-3.199110E-7	-2.002350E-8
4.611600E+3	-3.101320E-7	-3.958140E-8
4.616400E+3	-2.947650E-7	-4.004710E-8
4.624100E+3	-2.766050E-7	-3.073390E-8
4.629200E+3	-2.738110E-7	-7.450640E-9
4.636400E+3	-2.626350E-7	6.984950E-9
4.641400E+3	-2.961620E-7	1.769520E-8
4.646200E+3	-3.068730E-7	9.313280E-9
4.654500E+3	-3.124610E-7	6.984950E-9
4.659600E+3	-3.143230E-7	2.328320E-8
4.662500E+3	-2.933680E-7	1.396990E-8
4.671500E+3	-2.859180E-7	2.002350E-8
4.674500E+3	-2.733450E-7	1.629830E-8
4.685000E+3	-2.575130E-7	1.164160E-8
4.688100E+3	-2.454050E-7	9.313300E-10
4.697300E+3	-2.277090E-7	-2.142050E-8
4.700400E+3	-2.430770E-7	-1.350420E-8
4.709500E+3	-2.640320E-7	-9.313280E-9
4.712700E+3	-2.668260E-7	-2.048920E-8
4.721400E+3	-2.584440E-7	-1.536690E-8
4.725000E+3	-2.770700E-7	-5.122300E-9
4.730200E+3	-2.854520E-7	9.313300E-10
4.738000E+3	-2.780020E-7	-5.587960E-9
4.743000E+3	-2.840550E-7	1.071030E-8
4.750200E+3	-2.807960E-7	1.862660E-9
4.755500E+3	-2.728790E-7	3.259640E-9
4.762600E+3	-2.640320E-7	-4.656650E-10
4.767700E+3	-2.677570E-7	8.847620E-9
4.775200E+3	-3.315530E-7	4.796330E-8
4.780300E+3	-3.566980E-7	6.333040E-8
4.783800E+3	-3.334150E-7	3.958140E-8
4.792600E+3	-3.045440E-7	1.722960E-8
4.795800E+3	-2.901090E-7	1.396990E-8
4.804600E+3	-2.570470E-7	-3.259640E-9
4.807400E+3	-2.654290E-7	2.328320E-9
4.816600E+3	-2.388860E-7	-1.443560E-8
4.819600E+3	-2.314350E-7	-1.303860E-8
4.828500E+3	-2.421460E-7	1.396990E-9
4.833200E+3	-2.440080E-7	-8.381960E-9
4.842500E+3	-2.523900E-7	-5.587960E-9
4.845400E+3	-2.672910E-7	0.000000E+0
4.854300E+3	-2.519250E-7	4.656650E-10
4.857400E+3	-2.528560E-7	1.955790E-8
4.866100E+3	-2.421460E-7	1.164160E-8
4.869700E+3	-2.584440E-7	2.793980E-8
4.877900E+3	-2.570470E-7	6.984950E-9
4.882000E+3	-2.640320E-7	-2.793980E-9
4.886800E+3	-2.472680E-7	-1.909220E-8
4.895200E+3	-2.481990E-7	-4.656640E-9
4.899800E+3	-2.551840E-7	-5.122300E-9
4.907500E+3	-2.598410E-7	-9.778940E-9
4.911500E+3	-2.491310E-7	-6.984950E-9
4.919300E+3	-2.491310E-7	2.793980E-9
4.923900E+3	-2.346940E-7	5.587960E-9
4.926900E+3	-2.114110E-7	4.190980E-9
4.937100E+3	-2.272440E-7	3.771880E-8
4.940200E+3	-2.314350E-7	3.399350E-8
4.950700E+3	-2.500620E-7	2.421450E-8
4.953700E+3	-2.584440E-7	1.303860E-8
4.958500E+3	-2.430770E-7	-3.725320E-9
4.967000E+3	-2.398170E-7	-1.396990E-9
4.971500E+3	-2.323660E-7	-1.676390E-8
4.976200E+3	-2.500620E-7	-1.071030E-8
4.985100E+3	-2.481990E-7	-3.445920E-8
4.988900E+3	-2.635660E-7	-1.210730E-8
4.996700E+3	-2.332970E-7	-8.381960E-9
5.002100E+3	-2.379540E-7	2.328320E-9
5.002100E+3	-2.379540E-7	2.328320E-9
5.014500E+3	-2.537870E-7	7.916300E-9
5.022000E+3	-2.379540E-7	-2.700850E-8
5.027200E+3	-2.556500E-7	-1.769520E-8
5.034200E+3	-2.342290E-7	-2.607710E-8
5.038900E+3	-2.332970E-7	-6.984950E-9
5.044500E+3	-2.416800E-7	6.053630E-9
5.052400E+3	-2.267780E-7	-9.778940E-9
5.057800E+3	-2.384200E-7	6.053630E-9
5.060800E+3	-2.211900E-7	-1.117590E-8
5.070500E+3	-2.137390E-7	6.984950E-9
5.074100E+3	-2.058230E-7	3.725320E-9
5.077500E+3	-2.030290E-7	9.313300E-10
5.087500E+3	-2.183960E-7	2.188620E-8
5.090300E+3	-2.053580E-7	4.190980E-9
5.099100E+3	-2.020980E-7	-8.847620E-9
5.102300E+3	-2.007010E-7	-3.725320E-9
5.110800E+3	-1.983730E-7	-8.381960E-9
5.115300E+3	-2.072200E-7	-2.328320E-8
5.120100E+3	-2.244500E-7	-3.725320E-9
5.129200E+3	-2.114110E-7	8.381960E-9
5.133100E+3	-2.146710E-7	1.210730E-8
5.142300E+3	-1.909220E-7	-2.142050E-8
5.146600E+3	-1.853340E-7	-3.119950E-8
5.154300E+3	-1.722960E-7	-2.840550E-8
5.159200E+3	-1.820740E-7	-1.490130E-8
5.166700E+3	-1.876620E-7	-3.073390E-8
5.170900E+3	-2.067550E-7	-1.350420E-8
5.178700E+3	-1.825400E-7	-2.793980E-9
5.183500E+3	-1.792810E-7	-4.656650E-10
5.187900E+3	-1.746240E-7	-1.257290E-8
5.197100E+3	-1.820740E-7	-5.122300E-9
5.201100E+3	-1.904560E-7	-3.725320E-9
5.209700E+3	-1.997700E-7	5.587960E-9
5.213200E+3	-1.904560E-7	-2.793980E-9
5.216800E+3	-1.806770E-7	-1.583260E-8
5.226500E+3	-1.913880E-7	-8.381960E-9
5.229600E+3	-1.867310E-7	-1.071030E-8
5.239900E+3	-2.053580E-7	9.313300E-10
5.243000E+3	-1.974410E-7	-2.002350E-8
5.247900E+3	-2.053580E-7	-6.519290E-9
5.256600E+3	-1.858000E-7	-2.514580E-8
5.261100E+3	-1.932500E-7	-2.235190E-8
5.265700E+3	-2.044260E-7	-1.024460E-8
5.274500E+3	-2.100140E-7	-1.210730E-8
5.278500E+3	-2.221210E-7	7.916300E-9
5.286200E+3	-2.174650E-7	7.916300E-9
5.290800E+3	-2.239840E-7	2.188620E-8
5.298300E+3	-2.291060E-7	2.002350E-8
5.303200E+3	-2.360910E-7	2.421450E-8
5.310600E+3	-2.225870E-7	0.000000E+0
5.316100E+3	-2.137390E-7	1.257290E-8
5.320900E+3	-2.132740E-7	1.303860E-8
5.329700E+3	-1.923190E-7	-1.071030E-8
5.334200E+3	-1.913880E-7	-3.259640E-9
5.342200E+3	-1.746240E-7	4.656640E-9
5.346200E+3	-1.578600E-7	-7.450640E-9
5.354900E+3	-1.648450E-7	1.722960E-8
5.358700E+3	-1.676390E-7	1.722960E-8
5.366600E+3	-1.797460E-7	5.820790E-8
5.370300E+3	-1.736930E-7	5.308560E-8
5.373500E+3	-1.699670E-7	5.262000E-8
5.383400E+3	-1.504100E-7	3.678750E-8
5.386900E+3	-1.317830E-7	1.257290E-8
5.395200E+3	-1.350430E-7	-2.793980E-9
5.398700E+3	-1.518060E-7	1.164160E-8
5.407500E+3	-1.429590E-7	9.778940E-9
5.411000E+3	-1.555320E-7	1.071030E-8
5.419600E+3	-1.699670E-7	1.257290E-8
5.423600E+3	-1.806770E-7	1.955790E-8
5.431300E+3	-1.750900E-7	4.656640E-9
5.435900E+3	-1.867310E-7	-1.862660E-9
5.443400E+3	-1.858000E-7	-3.539050E-8
5.448400E+3	-1.904560E-7	-2.793980E-8
5.455700E+3	-1.727610E-7	-1.769520E-8
5.461000E+3	-1.504100E-7	-2.607710E-8
5.466200E+3	-1.695020E-7	-7.450640E-9
5.474100E+3	-1.862650E-7	-2.793980E-9
5.481500E+3	-1.792810E-7	-4.190980E-9
5.486800E+3	-1.839370E-7	6.053630E-9
5.491800E+3	-1.825400E-7	1.396990E-8
5.495100E+3	-1.685700E-7	5.587960E-9
5.505300E+3	-1.774180E-7	2.561150E-8
5.508100E+3	-1.681050E-7	5.122300E-9
5.518300E+3	-1.760210E-7	2.188620E-8
5.521500E+3	-1.690360E-7	1.164160E-8
5.530500E+3	-1.937160E-7	1.443560E-8
5.533300E+3	-1.825400E-7	4.656640E-9
5.538000E+3	-1.895250E-7	8.847620E-9
5.546900E+3	-1.760210E-7	-5.122300E-9
5.550700E+3	-1.778840E-7	-6.984950E-9
5.559100E+3	-1.844030E-7	-1.396990E-8
5.564100E+3	-1.695020E-7	-1.629830E-8
5.569200E+3	-1.732270E-7	2.328320E-9
5.577400E+3	-1.508750E-7	-1.722960E-8
5.582100E+3	-1.690360E-7	-5.122300E-9
5.591100E+3	-1.611200E-7	-3.445920E-8
5.594800E+3	-1.569290E-7	-3.073390E-8
5.601000E+3	-1.704330E-7	-2.002350E-8
5.608300E+3	-1.592570E-7	-2.514580E-8
5.613200E+3	-1.424930E-7	-3.911580E-8
5.617800E+3	-1.573940E-7	-3.166520E-8
5.626800E+3	-1.871970E-7	-1.071030E-8
5.631500E+3	-1.951130E-7	-5.122300E-9
5.639300E+3	-1.960440E-7	-2.793980E-9
5.644800E+3	-1.937160E-7	8.847620E-9
5.648000E+3	-1.755550E-7	-2.793980E-9
5.656900E+3	-1.559970E-7	-1.862660E-9
5.659800E+3	-1.480810E-7	-4.190980E-9
5.669000E+3	-1.485470E-7	6.519290E-9
5.671900E+3	-1.573940E-7	1.583260E-8
5.680800E+3	-1.527380E-7	9.778940E-9
5.684300E+3	-1.681050E-7	1.164160E-8
5.692900E+3	-1.927850E-7	1.210730E-8
5.697600E+3	-1.983730E-7	6.053630E-9
5.702600E+3	-1.885940E-7	6.984950E-9
5.711100E+3	-1.760210E-7	8.847620E-9
5.716300E+3	-1.783490E-7	2.188620E-8
5.723500E+3	-1.420280E-7	1.210730E-8
5.728700E+3	-1.466840E-7	1.071030E-8
5.735400E+3	-1.396990E-7	0.000000E+0
5.740400E+3	-1.341110E-7	-2.793980E-9
5.748600E+3	-1.378370E-7	-1.071030E-8
5.753700E+3	-1.490130E-7	6.984950E-9
5.760800E+3	-1.341110E-7	-4.656650E-10
5.765900E+3	-1.387680E-7	4.656650E-10
5.769000E+3	-1.359740E-7	4.656650E-10
5.777800E+3	-1.345770E-7	-2.700850E-8
5.781400E+3	-1.396990E-7	-6.519290E-9
5.786100E+3	-1.154840E-7	-5.122300E-9
5.796300E+3	-1.019800E-7	-1.396990E-9
5.799300E+3	-1.154840E-7	6.519290E-9
5.808200E+3	-1.229350E-7	1.257290E-8
5.811400E+3	-1.159500E-7	5.587960E-9
5.820200E+3	-1.234010E-7	9.778940E-9
5.823800E+3	-1.331800E-7	1.909220E-8
5.832200E+3	-1.080340E-7	-1.024460E-8
5.836400E+3	-1.178130E-7	4.656650E-10
5.846000E+3	-1.131560E-7	-3.632180E-8
5.849400E+3	-1.071030E-7	-3.259650E-8
5.858000E+3	-1.145530E-7	-2.095490E-8
5.861900E+3	-1.369050E-7	-2.002350E-8
5.870100E+3	-1.164160E-7	-3.119950E-8
5.874600E+3	-1.234010E-7	-2.654280E-8
5.879200E+3	-1.019800E-7	-4.237540E-8
5.887200E+3	-1.178130E-7	-1.536690E-8
5.891200E+3	-1.206070E-7	-1.210730E-8
5.899700E+3	-1.378370E-7	6.984950E-9
5.903200E+3	-1.299200E-7	9.313300E-10
5.912200E+3	-1.122250E-7	2.328320E-9
5.916400E+3	-1.182780E-7	7.916300E-9
5.919400E+3	-1.206070E-7	1.862660E-9
5.929500E+3	-1.392340E-7	2.048920E-8
5.932500E+3	-1.466840E-7	2.095490E-8
5.942400E+3	-1.443560E-7	3.166520E-8
5.945800E+3	-1.303860E-7	3.073390E-8
5.950400E+3	-1.168810E-7	5.122300E-9
5.959400E+3	-1.033770E-7	5.122300E-9
5.962400E+3	-1.126900E-7	9.313280E-9
5.971200E+3	-1.168810E-7	-2.793980E-9
5.974600E+3	-1.196760E-7	1.024460E-8
5.983000E+3	-1.029120E-7	-5.587960E-9
5.986900E+3	-1.294550E-7	9.313280E-9
5.995100E+3	-1.145530E-7	-6.053630E-9
5.999700E+3	-1.364400E-7	9.778940E-9
6.007400E+3	-1.275920E-7	7.916300E-9
6.012600E+3	-1.252640E-7	9.778940E-9
6.020900E+3	-1.210730E-7	-5.122300E-9
6.025200E+3	-1.178130E-7	-1.303860E-8
6.030800E+3	-1.424930E-7	2.793980E-9
6.037900E+3	-1.559970E-7	1.024460E-8
6.043200E+3	-1.364400E-7	-4.656650E-10
6.050500E+3	-1.448220E-7	1.210730E-8
6.055400E+3	-1.355080E-7	-1.396990E-9
6.058400E+3	-1.587910E-7	2.281750E-8
6.068500E+3	-1.541350E-7	2.933680E-8
6.072000E+3	-1.271260E-7	4.190980E-9
6.080900E+3	-1.364400E-7	4.190980E-9
6.084100E+3	-1.229350E-7	-1.303860E-8
6.093200E+3	-1.247980E-7	-2.840550E-8
6.096200E+3	-1.434250E-7	-1.396990E-8
6.105300E+3	-1.611200E-7	2.188620E-8
6.108400E+3	-1.466840E-7	1.583260E-8
6.118600E+3	-1.597230E-7	3.306220E-8
6.121600E+3	-1.373710E-7	3.725320E-9
6.126000E+3	-1.452870E-7	1.396990E-9
6.134800E+3	-1.271260E-7	-2.142050E-8
6.138600E+3	-1.392340E-7	-6.053630E-9
6.146600E+3	-1.355080E-7	9.778940E-9
6.151800E+3	-1.289890E-7	-3.725320E-9
6.159600E+3	-1.243320E-7	-1.816090E-8
6.163400E+3	-1.378370E-7	-9.778940E-9
6.171900E+3	-1.373710E-7	-1.303860E-8
6.175900E+3	-1.490130E-7	-7.450640E-9
6.183700E+3	-1.341110E-7	-2.561150E-8
6.188200E+3	-1.466840E-7	-1.303860E-8
6.195700E+3	-1.336460E-7	-2.607710E-8
6.200800E+3	-1.229350E-7	-3.073390E-8
6.206300E+3	-1.224700E-7	-2.700850E-8
6.213800E+3	-1.196760E-7	-1.583260E-8
6.218500E+3	-1.061710E-7	-1.909220E-8
6.226400E+3	-1.052400E-7	-2.374880E-8
6.232000E+3	-1.047740E-7	-9.778940E-9
6.235000E+3	-9.127010E-8	-8.847620E-9
6.244000E+3	-1.094310E-7	3.259640E-9
6.247200E+3	-1.071030E-7	-1.536690E-8
6.256400E+3	-1.108280E-7	-4.190980E-9
6.259300E+3	-1.057060E-7	-1.676390E-8
6.268300E+3	-1.061710E-7	-4.004710E-8
6.271500E+3	-1.243320E-7	-1.676390E-8
6.280200E+3	-9.173570E-8	-2.235190E-8
6.284000E+3	-1.075680E-7	-1.443560E-8
6.292100E+3	-1.089650E-7	9.313300E-10
6.297500E+3	-9.546100E-8	-1.071030E-8
6.302400E+3	-1.154840E-7	-1.396990E-9
6.310300E+3	-9.778930E-8	-3.166520E-8
6.315600E+3	-1.108280E-7	-1.629830E-8
6.323500E+3	-9.406400E-8	-3.073390E-8
6.328300E+3	-9.825500E-8	-3.539050E-8
6.333800E+3	-1.122250E-7	-2.887110E-8
6.341300E+3	-1.271260E-7	-4.144410E-8
6.346200E+3	-1.303860E-7	-3.492480E-8
6.354200E+3	-1.061710E-7	-3.073390E-8
6.359500E+3	-9.965200E-8	-1.536690E-8
6.364200E+3	-1.122250E-7	1.396990E-8
6.372300E+3	-1.210730E-7	2.700850E-8
6.376500E+3	-1.001180E-7	6.519290E-9
6.384700E+3	-1.071030E-7	9.313300E-10
6.388300E+3	-8.940740E-8	-8.381960E-9
6.391900E+3	-9.266710E-8	-6.053630E-9
6.401700E+3	-7.869720E-8	-2.607710E-8
6.405500E+3	-9.872060E-8	-1.862660E-9
6.413400E+3	-8.707910E-8	-1.862660E-8
6.417900E+3	-9.872060E-8	-1.210730E-8
6.427100E+3	-1.047740E-7	-1.583260E-8
6.430700E+3	-1.131560E-7	-2.002350E-8
6.439200E+3	-1.052400E-7	-1.722960E-8
6.443400E+3	-1.145530E-7	-1.350420E-8
6.451200E+3	-1.131560E-7	-1.816090E-8
6.455900E+3	-1.261950E-7	5.587960E-9
6.460300E+3	-9.639230E-8	-1.164160E-8
6.468600E+3	-1.001180E-7	-1.396990E-8
6.473800E+3	-1.001180E-7	-2.142050E-8
6.478500E+3	-9.033870E-8	-2.374880E-8
6.487000E+3	-8.568210E-8	-7.916300E-9
6.490500E+3	-6.798700E-8	-1.164160E-8
6.499500E+3	-9.778930E-8	8.381960E-9
6.504100E+3	-9.639230E-8	9.313300E-10
6.507100E+3	-8.475080E-8	-1.164160E-8
6.517500E+3	-1.187440E-7	-5.587960E-9
6.520700E+3	-1.220040E-7	-2.793980E-9
6.531200E+3	-1.126900E-7	1.629830E-8
6.534200E+3	-8.195680E-8	1.396990E-9
6.543300E+3	-6.239910E-8	2.048920E-8
6.546500E+3	-6.100210E-8	2.607710E-8
6.546500E+3	-6.100210E-8	2.607710E-8
6.557300E+3	-5.774220E-8	2.980250E-8
6.558300E+3	-5.820790E-8	1.490130E-8
6.559700E+3	-7.264360E-8	6.053630E-9
6.558600E+3	-8.428510E-8	7.450640E-9
6.553600E+3	-7.776590E-8	3.259640E-9
6.550100E+3	-8.568210E-8	1.490130E-8
6.538000E+3	-7.962850E-8	-2.514580E-8
6.532600E+3	-9.406400E-8	-8.381960E-9
6.519200E+3	-9.546100E-8	7.450640E-9
6.513800E+3	-9.872060E-8	1.583260E-8
6.506900E+3	-9.546100E-8	1.722960E-8
6.494500E+3	-9.080440E-8	2.421450E-8
6.481600E+3	-7.776590E-8	9.313300E-10
6.476900E+3	-8.940740E-8	1.024460E-8
6.470200E+3	-9.639230E-8	1.164160E-8
6.464500E+3	-9.033870E-8	6.984950E-9
6.455700E+3	-1.117590E-7	2.933680E-8
6.450500E+3	-9.965200E-8	2.002350E-8
6.443600E+3	-1.131560E-7	3.492480E-8
6.439400E+3	-8.707910E-8	6.519290E-9
6.435900E+3	-8.195680E-8	0.000000E+0
6.428100E+3	-9.080440E-8	2.328320E-9
6.424700E+3	-8.940740E-8	-9.313300E-10
6.416800E+3	-7.310930E-8	-6.053630E-9
6.413300E+3	-7.683460E-8	4.656650E-10
6.405600E+3	-4.936030E-8	-1.164160E-8
6.401800E+3	-5.774220E-8	9.313300E-10
6.392100E+3	-7.357490E-8	-1.583260E-8
6.388400E+3	-8.381950E-8	-5.122300E-9
6.384900E+3	-1.075680E-7	1.862660E-8
6.374900E+3	-1.057060E-7	2.421450E-8
6.371900E+3	-1.201420E-7	3.399350E-8
6.361700E+3	-1.103620E-7	1.257290E-8
6.358700E+3	-1.192100E-7	1.676390E-8
6.354300E+3	-9.313270E-8	2.328320E-9
6.346900E+3	-1.024460E-7	1.722960E-8
6.338200E+3	-9.313270E-8	1.490130E-8
6.335200E+3	-1.098970E-7	2.468020E-8
6.330000E+3	-1.108280E-7	1.490130E-8
6.322200E+3	-1.117590E-7	1.955790E-8
6.317700E+3	-9.732370E-8	9.313280E-9
6.313400E+3	-1.094310E-7	2.374880E-8
6.305400E+3	-1.019800E-7	1.955790E-8
6.300400E+3	-8.568210E-8	1.862660E-9
6.293100E+3	-8.102550E-8	-5.122300E-9
6.287500E+3	-7.962850E-8	-9.313280E-9
6.284000E+3	-8.568210E-8	-7.916300E-9
6.274900E+3	-1.015150E-7	1.024460E-8
6.270400E+3	-1.145530E-7	1.629830E-8
6.261400E+3	-1.159500E-7	2.793980E-9
6.257200E+3	-1.159500E-7	-6.519290E-9
6.249000E+3	-1.085000E-7	-8.847620E-9
6.245400E+3	-1.294550E-7	9.313280E-9
6.236900E+3	-1.168810E-7	-4.656640E-9
6.233400E+3	-1.154840E-7	-4.656650E-10
6.229200E+3	-1.327140E-7	1.257290E-8
6.220400E+3	-1.150190E-7	1.396990E-9
6.216100E+3	-1.257290E-7	5.587960E-9
6.211800E+3	-1.345770E-7	6.053630E-9
6.202900E+3	-1.164160E-7	-7.450640E-9
6.199400E+3	-1.126900E-7	-8.847620E-9
6.189500E+3	-1.052400E-7	-2.607710E-8
6.186600E+3	-1.234010E-7	-1.303860E-8
6.181600E+3	-1.410960E-7	-1.769520E-8
6.176400E+3	-1.559970E-7	-7.916300E-9
6.168300E+3	-1.625170E-7	-1.396990E-9
6.163400E+3	-1.518060E-7	3.725320E-9
6.155900E+3	-1.094310E-7	-1.909220E-8
6.150300E+3	-1.024460E-7	-3.306220E-8
6.143200E+3	-8.009420E-8	-4.656640E-8
6.138200E+3	-9.266710E-8	-2.840550E-8
6.133400E+3	-8.568210E-8	-1.722960E-8
6.125200E+3	-8.894180E-8	-6.984950E-9
6.120100E+3	-8.754480E-8	-3.725320E-9
6.112800E+3	-8.661350E-8	-4.656640E-9
6.112800E+3	-8.661350E-8	-4.656640E-9
6.105400E+3	-8.754480E-8	-1.536690E-8
6.095400E+3	-1.015150E-7	2.793980E-9
6.092400E+3	-9.592670E-8	-1.816090E-8
6.083500E+3	-1.285230E-7	-1.676390E-8
6.080600E+3	-1.466840E-7	-1.024460E-8
6.070500E+3	-1.234010E-7	-3.399350E-8
6.067500E+3	-1.257290E-7	-2.235190E-8
6.062200E+3	-1.164160E-7	-4.190980E-9
6.057300E+3	-1.010490E-7	-1.443560E-8
6.049300E+3	-1.196760E-7	1.443560E-8
6.044100E+3	-1.010490E-7	-6.984950E-9
6.037100E+3	-1.010490E-7	-3.166520E-8
6.031900E+3	-1.164160E-7	-2.933680E-8
6.024600E+3	-1.257290E-7	-2.468020E-8
6.019000E+3	-1.019800E-7	-5.262000E-8
6.012100E+3	-9.359840E-8	-4.097840E-8
6.006900E+3	-1.052400E-7	-1.816090E-8
6.001900E+3	-9.918630E-8	-2.607710E-8
5.994200E+3	-1.210730E-7	-8.847620E-9
5.989000E+3	-1.094310E-7	-1.210730E-8
5.985900E+3	-1.308520E-7	7.916300E-9
5.977000E+3	-1.420280E-7	7.916300E-9
5.969500E+3	-1.327140E-7	-1.862660E-8
5.965200E+3	-1.378370E-7	-7.450640E-9
5.962300E+3	-1.313170E-7	-1.536690E-8
5.953500E+3	-1.601880E-7	1.024460E-8
5.950100E+3	-1.536690E-7	-1.769520E-8
5.950100E+3	-1.536690E-7	-1.769520E-8
5.937700E+3	-1.466840E-7	-1.955790E-8
5.930000E+3	-1.643790E-7	-1.024460E-8
5.925600E+3	-1.550660E-7	-1.490130E-8
5.918300E+3	-1.597230E-7	8.381960E-9
5.913500E+3	-1.532030E-7	1.396990E-9
5.906400E+3	-1.480810E-7	8.381960E-9
5.901100E+3	-1.331800E-7	-1.071030E-8
5.893500E+3	-1.355080E-7	-2.700850E-8
5.888500E+3	-1.387680E-7	-3.166520E-8
5.883200E+3	-1.415620E-7	-2.281750E-8
5.876000E+3	-1.685700E-7	-1.676390E-8
5.869900E+3	-1.587910E-7	-2.840550E-8
5.862700E+3	-1.597230E-7	-2.048920E-8
5.857900E+3	-1.387680E-7	-2.235190E-8
5.851000E+3	-1.117590E-7	-2.747410E-8
5.845900E+3	-1.098970E-7	-3.026820E-8
5.838800E+3	-1.117590E-7	-2.281750E-8
5.834200E+3	-1.383020E-7	-3.259640E-9
5.831300E+3	-1.350430E-7	-5.122300E-9
5.821100E+3	-1.294550E-7	2.328320E-9
5.818200E+3	-1.317830E-7	1.350420E-8
5.809100E+3	-1.387680E-7	1.629830E-8
5.806100E+3	-1.420280E-7	3.213090E-8
5.796900E+3	-1.341110E-7	1.117590E-8
5.794000E+3	-1.443560E-7	1.117590E-8
5.785000E+3	-1.541350E-7	1.816090E-8
5.781700E+3	-1.499440E-7	2.235190E-8
5.773000E+3	-1.443560E-7	4.330670E-8
5.769400E+3	-1.476160E-7	4.097840E-8
5.761500E+3	-1.448220E-7	2.887110E-8
5.757200E+3	-1.396990E-7	1.024460E-8
5.752600E+3	-1.327140E-7	-2.328320E-9
5.744700E+3	-1.429590E-7	2.328320E-9
5.739500E+3	-1.243320E-7	-1.909220E-8
5.731800E+3	-1.462190E-7	-7.450640E-9
5.727000E+3	-1.280580E-7	-2.561150E-8
5.723200E+3	-1.303860E-7	-2.933680E-8
5.714000E+3	-1.387680E-7	-3.213090E-8
5.710400E+3	-1.611200E-7	-1.117590E-8
5.701900E+3	-1.322490E-7	-2.048920E-8
5.698700E+3	-1.396990E-7	-6.519290E-9
5.689200E+3	-1.410960E-7	-1.443560E-8
5.685400E+3	-1.410960E-7	-7.916300E-9
5.677100E+3	-1.261950E-7	3.259640E-9
5.673700E+3	-1.406310E-7	2.328320E-8
5.665100E+3	-1.317830E-7	-1.024460E-8
5.662100E+3	-1.345770E-7	-9.313280E-9
5.657500E+3	-1.555320E-7	7.916300E-9
5.648700E+3	-1.592570E-7	-1.071030E-8
5.645100E+3	-1.504100E-7	-2.142050E-8
5.636700E+3	-1.522720E-7	-1.071030E-8
5.632700E+3	-1.541350E-7	-8.847620E-9
5.624800E+3	-1.415620E-7	-2.933680E-8
5.620000E+3	-1.639140E-7	-1.909220E-8
5.614800E+3	-1.620510E-7	-2.328320E-8
5.607000E+3	-1.718300E-7	-2.002350E-8
5.602300E+3	-1.578600E-7	-3.818450E-8
5.598200E+3	-1.708990E-7	-1.955790E-8
5.589700E+3	-1.769520E-7	-1.909220E-8
5.583700E+3	-1.685700E-7	-3.306220E-8
5.576200E+3	-1.527380E-7	-3.771880E-8
5.571600E+3	-1.690360E-7	-2.235190E-8
5.568700E+3	-1.466840E-7	-3.445920E-8
5.558700E+3	-1.704330E-7	-2.235190E-8
5.555500E+3	-1.895250E-7	-1.303860E-8
5.546700E+3	-1.960440E-7	-1.164160E-8
5.543900E+3	-2.016320E-7	6.984950E-9
5.534800E+3	-1.965100E-7	8.847620E-9
5.531900E+3	-1.904560E-7	-1.164160E-8
5.523200E+3	-2.072200E-7	-1.350420E-8
5.520000E+3	-2.039610E-7	-1.862660E-8
5.511600E+3	-1.951130E-7	-7.916300E-9
5.507900E+3	-1.774180E-7	0.000000E+0
5.499800E+3	-1.657760E-7	4.656640E-9
5.495500E+3	-1.513410E-7	2.328320E-9
5.488100E+3	-1.611200E-7	1.862660E-8
5.483400E+3	-1.592570E-7	6.519290E-9
5.479300E+3	-1.513410E-7	-1.396990E-9
5.470800E+3	-1.592570E-7	-7.450640E-9
5.466000E+3	-1.690360E-7	-6.053630E-9
5.458500E+3	-1.448220E-7	-1.583260E-8
5.454100E+3	-1.508750E-7	0.000000E+0
5.446100E+3	-1.573940E-7	1.909220E-8
5.440900E+3	-1.518060E-7	-2.793980E-9
5.438000E+3	-1.718300E-7	6.984950E-9
5.429100E+3	-1.778840E-7	-1.071030E-8
5.421400E+3	-1.522720E-7	-2.700850E-8
5.417200E+3	-1.704330E-7	-9.313300E-10
5.414200E+3	-1.532030E-7	-1.722960E-8
5.405600E+3	-1.806770E-7	5.122300E-9
5.402200E+3	-1.620510E-7	-8.847620E-9
5.402200E+3	-1.620510E-7	-8.847620E-9
5.389300E+3	-1.690360E-7	8.847620E-9
5.379000E+3	-1.536690E-7	-2.235190E-8
5.376000E+3	-1.820740E-7	-1.862660E-9
5.371600E+3	-1.634480E-7	-1.629830E-8
5.364000E+3	-1.587910E-7	-1.909220E-8
5.359100E+3	-1.555320E-7	-2.654280E-8
5.351900E+3	-1.615850E-7	-3.026820E-8
5.346700E+3	-1.797460E-7	-2.188620E-8
5.338700E+3	-1.690360E-7	-2.002350E-8
5.334200E+3	-1.858000E-7	1.071030E-8
5.326400E+3	-1.825400E-7	5.587960E-9
5.321500E+3	-1.643790E-7	0.000000E+0
5.316800E+3	-1.606540E-7	-6.053630E-9
5.308400E+3	-1.667080E-7	-9.313280E-9
5.304800E+3	-1.830060E-7	1.117590E-8
5.296300E+3	-1.825400E-7	-6.984950E-9
5.293200E+3	-1.974410E-7	-6.984950E-9
5.284400E+3	-1.965100E-7	1.396990E-9
5.281600E+3	-1.727610E-7	-1.303860E-8
5.271600E+3	-1.750900E-7	0.000000E+0
5.268300E+3	-1.783490E-7	-6.053630E-9
5.264500E+3	-1.657760E-7	-2.188620E-8
5.256600E+3	-1.913880E-7	8.381960E-9
5.251700E+3	-1.979070E-7	9.313280E-9
5.242900E+3	-2.114110E-7	-7.450640E-9
5.239400E+3	-2.039610E-7	-9.313300E-10
5.233800E+3	-1.834710E-7	-3.119950E-8
5.226300E+3	-1.927850E-7	-2.468020E-8
5.221300E+3	-1.876620E-7	-2.887110E-8
5.214100E+3	-2.076860E-7	-7.450640E-9
5.208000E+3	-1.993040E-7	-1.071030E-8
5.200900E+3	-2.281750E-7	3.026820E-8
5.196400E+3	-2.188620E-7	2.793980E-8
5.191200E+3	-2.193270E-7	2.374880E-8
5.182900E+3	-2.244500E-7	3.259650E-8
5.179200E+3	-2.314350E-7	5.029160E-8
5.170200E+3	-2.034950E-7	2.188620E-8
5.165600E+3	-1.853340E-7	1.117590E-8
5.157900E+3	-1.457530E-7	-4.656650E-10
5.153900E+3	-1.611200E-7	1.257290E-8
5.145600E+3	-1.597230E-7	3.725320E-9
5.142200E+3	-1.727610E-7	1.024460E-8
5.137700E+3	-1.699670E-7	1.350420E-8
5.128600E+3	-1.890590E-7	7.916300E-9
5.125600E+3	-1.997700E-7	5.122300E-9
5.116900E+3	-1.997700E-7	-7.450640E-9
5.113700E+3	-2.076860E-7	5.587960E-9
5.105300E+3	-2.225870E-7	9.313280E-9
5.100700E+3	-2.500620E-7	1.490130E-8
5.095800E+3	-2.323660E-7	-1.164160E-8
5.088700E+3	-2.193270E-7	2.793980E-9
5.083700E+3	-2.174650E-7	7.916300E-9
5.075800E+3	-2.146710E-7	2.328320E-9
5.071200E+3	-2.263120E-7	-5.122300E-9
5.065700E+3	-2.090830E-7	-2.142050E-8
5.058700E+3	-2.076860E-7	-1.862660E-9
5.052600E+3	-1.848680E-7	-2.002350E-8
5.049800E+3	-2.007010E-7	-1.676390E-8
5.040200E+3	-2.183960E-7	-3.026820E-8
5.036500E+3	-2.225870E-7	-2.002350E-8
5.027600E+3	-2.402830E-7	-1.862660E-9
5.022900E+3	-2.426110E-7	9.313300E-10
5.019900E+3	-2.342290E-7	-3.725320E-9
5.009500E+3	-2.211900E-7	-4.656650E-10
5.006400E+3	-2.165330E-7	-6.053630E-9
4.997400E+3	-2.179300E-7	7.916300E-9
4.994500E+3	-2.291060E-7	2.095490E-8
4.985500E+3	-2.244500E-7	-1.583260E-8
4.981400E+3	-2.346940E-7	-4.656640E-9
4.976400E+3	-2.156020E-7	-3.073390E-8
4.969300E+3	-2.379540E-7	-9.313280E-9
4.964100E+3	-2.249150E-7	-1.769520E-8
4.957500E+3	-2.277090E-7	-1.769520E-8
4.952600E+3	-2.393520E-7	-9.778940E-9
4.945600E+3	-2.197930E-7	-2.328320E-8
4.940500E+3	-2.128080E-7	-2.793980E-8
4.933500E+3	-2.286410E-7	5.587960E-9
4.927300E+3	-2.165330E-7	-2.793980E-9
4.924300E+3	-2.263120E-7	-3.725320E-9
4.914900E+3	-1.974410E-7	-4.284110E-8
4.911000E+3	-2.044260E-7	-3.911580E-8
4.902300E+3	-2.188620E-7	-3.259650E-8
4.897600E+3	-2.160680E-7	-4.144410E-8
4.894800E+3	-2.356260E-7	-3.678750E-8
4.884900E+3	-2.607720E-7	-3.911580E-8
4.881700E+3	-2.840550E-7	-6.053630E-9
4.872000E+3	-2.551840E-7	-2.188620E-8
4.868000E+3	-2.733450E-7	-6.053630E-9
4.864700E+3	-2.565810E-7	-2.281750E-8
4.856100E+3	-2.705510E-7	-5.122300E-9
4.852300E+3	-2.509930E-7	-8.847620E-9
4.844200E+3	-2.603060E-7	1.955790E-8
4.839900E+3	-2.481990E-7	7.450640E-9
4.830700E+3	-2.561160E-7	-3.725320E-9
4.827300E+3	-2.332970E-7	-3.306220E-8
4.819000E+3	-2.607720E-7	-1.443560E-8
4.815100E+3	-2.509930E-7	-1.443560E-8
4.810200E+3	-2.607720E-7	1.396990E-9
4.802800E+3	-2.509930E-7	-1.396990E-9
4.797500E+3	-2.426110E-7	-1.257290E-8
4.789600E+3	-2.710170E-7	1.443560E-8
4.784400E+3	-2.710170E-7	1.443560E-8
4.781300E+3	-2.644970E-7	6.519290E-9
4.771700E+3	-2.505280E-7	-3.306220E-8
4.767800E+3	-2.784670E-7	-1.303860E-8
4.759100E+3	-2.584440E-7	-2.840550E-8
4.755600E+3	-2.682230E-7	-7.916300E-9
4.746900E+3	-2.724140E-7	-8.847620E-9
4.742200E+3	-2.668260E-7	-6.053630E-9
4.739100E+3	-2.793990E-7	2.048920E-8
4.728900E+3	-2.635660E-7	-8.381960E-9
4.726100E+3	-2.896430E-7	1.071030E-8
4.717200E+3	-2.700850E-7	-8.381960E-9
4.714300E+3	-2.733450E-7	-2.793980E-9
4.705500E+3	-2.915060E-7	1.490130E-8
4.702200E+3	-2.891770E-7	4.190980E-9
4.693500E+3	-2.938340E-7	-3.259640E-9
4.689800E+3	-2.780020E-7	-2.281750E-8
4.681600E+3	-2.756730E-7	-1.350420E-8
4.676700E+3	-2.756730E-7	-5.122300E-9
4.671500E+3	-2.640320E-7	-1.071030E-8
4.664300E+3	-2.770700E-7	1.722960E-8
4.658700E+3	-2.603060E-7	-9.313280E-9
4.651200E+3	-2.929030E-7	-8.381960E-9
4.646300E+3	-2.719480E-7	-4.144410E-8
4.642500E+3	-2.700850E-7	-5.308560E-8
4.633700E+3	-2.896430E-7	-4.610070E-8
4.629000E+3	-2.966280E-7	-4.423800E-8
4.621200E+3	-3.078040E-7	-1.350420E-8
4.616000E+3	-2.877800E-7	-2.561150E-8
4.611300E+3	-2.915060E-7	-1.769520E-8
4.603500E+3	-2.719480E-7	-1.676390E-8
4.598400E+3	-2.537870E-7	-2.374880E-8
4.590200E+3	-2.561160E-7	-8.847620E-9
4.586800E+3	-2.845210E-7	9.313280E-9
4.583400E+3	-2.672910E-7	-8.381960E-9
4.575100E+3	-2.933680E-7	1.071030E-8
4.566200E+3	-2.835900E-7	-1.536690E-8
4.563300E+3	-2.845210E-7	-6.984950E-9
4.563300E+3	-2.845210E-7	-6.984950E-9
4.549700E+3	-2.887120E-7	-1.536690E-8
4.545100E+3	-3.064070E-7	-2.793980E-9
4.540100E+3	-2.947650E-7	-2.235190E-8
4.531500E+3	-3.008190E-7	-2.793980E-9
4.527400E+3	-3.026820E-7	-1.443560E-8
4.522600E+3	-2.970940E-7	-2.002350E-8
4.514700E+3	-3.189800E-7	-2.374880E-8
4.509400E+3	-3.380720E-7	-2.095490E-8
4.501400E+3	-3.515760E-7	-3.725320E-9
4.496900E+3	-3.529730E-7	9.313300E-10
4.490000E+3	-3.413320E-7	-7.450640E-9
4.484600E+3	-3.254990E-7	-2.142050E-8
4.481100E+3	-3.422630E-7	2.328320E-9
4.471100E+3	-3.110640E-7	-3.352780E-8
4.467900E+3	-3.231710E-7	-2.933680E-8
4.467900E+3	-3.231710E-7	-2.933680E-8
4.456000E+3	-3.143230E-7	-1.257290E-8
4.447000E+3	-3.119950E-7	-2.328320E-8
4.444300E+3	-3.161860E-7	-2.421450E-8
4.439200E+3	-3.227050E-7	-1.117590E-8
4.431100E+3	-3.250330E-7	2.561150E-8
4.427000E+3	-3.082700E-7	1.164160E-8
4.419300E+3	-3.045440E-7	0.000000E+0
4.414200E+3	-3.040790E-7	-9.778940E-9
4.405600E+3	-3.268960E-7	-1.350420E-8
4.401800E+3	-3.287590E-7	-1.536690E-8
4.393900E+3	-3.310870E-7	-2.328320E-9
4.388800E+3	-3.306210E-7	-1.769520E-8
4.382300E+3	-3.487820E-7	1.024460E-8
4.377500E+3	-3.464540E-7	2.793980E-9
4.370500E+3	-3.608890E-7	1.024460E-8
4.365400E+3	-3.450570E-7	2.328320E-9
4.358400E+3	-3.599580E-7	2.374880E-8
4.353200E+3	-3.785840E-7	2.793980E-8
4.346000E+3	-3.343470E-7	-1.769520E-8
4.341200E+3	-3.362090E-7	-7.916300E-9
4.338400E+3	-3.473850E-7	4.656650E-10
4.328100E+3	-3.282930E-7	-3.213090E-8
4.324900E+3	-3.464540E-7	-8.381960E-9
4.316000E+3	-3.604240E-7	4.656640E-9
4.313000E+3	-3.431940E-7	-8.381960E-9
4.302700E+3	-3.450570E-7	7.916300E-9
4.299800E+3	-3.627520E-7	2.374880E-8
4.290700E+3	-3.529730E-7	1.257290E-8
4.287600E+3	-3.683400E-7	3.492480E-8
4.283400E+3	-3.534390E-7	1.396990E-8
4.275500E+3	-3.599580E-7	1.443560E-8
4.270700E+3	-3.678740E-7	1.862660E-8
4.262100E+3	-3.636830E-7	1.303860E-8
4.262100E+3	-3.636830E-7	1.303860E-8
4.249800E+3	-3.650800E-7	9.313300E-10
4.244300E+3	-3.664770E-7	-4.656650E-10
4.239600E+3	-3.580950E-7	-9.778940E-9
4.232100E+3	-3.767220E-7	2.188620E-8
4.226800E+3	-3.608890E-7	0.000000E+0
4.223600E+3	-3.771870E-7	8.381960E-9
4.214100E+3	-3.799810E-7	-3.725320E-9
4.210200E+3	-3.906920E-7	6.984950E-9
4.201600E+3	-3.743930E-7	-1.443560E-8
4.196900E+3	-3.757900E-7	3.259640E-9
4.189400E+3	-3.729970E-7	9.313300E-10
4.185100E+3	-3.827750E-7	1.303860E-8
4.182100E+3	-3.944170E-7	2.328320E-8
4.172100E+3	-4.023330E-7	4.190980E-9
4.169200E+3	-4.218910E-7	2.235190E-8
4.160100E+3	-4.363260E-7	1.769520E-8
4.157200E+3	-4.307390E-7	1.490130E-8
4.148200E+3	-4.442430E-7	3.399350E-8
4.145100E+3	-4.344640E-7	1.862660E-8
4.135000E+3	-4.293420E-7	-1.303860E-8
4.132100E+3	-4.447080E-7	9.313300E-10
4.127300E+3	-4.251510E-7	-1.769520E-8
4.120000E+3	-4.144400E-7	-2.142050E-8
4.114900E+3	-4.321350E-7	-8.381960E-9
4.106700E+3	-4.316700E-7	-1.257290E-8
4.101100E+3	-4.405170E-7	-5.122300E-9
4.096400E+3	-4.246850E-7	-1.676390E-8
4.088700E+3	-4.302730E-7	5.587960E-9
4.084400E+3	-4.363260E-7	7.450640E-9
4.076000E+3	-4.083870E-7	-5.122300E-9
4.071100E+3	-4.246850E-7	1.490130E-8
4.063800E+3	-4.172340E-7	1.722960E-8
4.063800E+3	-4.172340E-7	1.722960E-8
4.051600E+3	-4.190970E-7	-9.313280E-9
4.047700E+3	-4.400520E-7	-1.210730E-8
4.039200E+3	-4.475020E-7	-2.048920E-8
4.035800E+3	-4.642660E-7	1.071030E-8
4.027000E+3	-4.274790E-7	-6.053630E-9
4.024000E+3	-4.391200E-7	3.725320E-9
4.019100E+3	-4.419140E-7	6.984950E-9
4.010200E+3	-4.349290E-7	-1.816090E-8
4.005800E+3	-4.530900E-7	-9.778940E-9
4.001100E+3	-4.451740E-7	-5.122300E-9
3.992100E+3	-4.367920E-7	-9.778940E-9
3.988400E+3	-4.232880E-7	-2.421450E-8
3.980200E+3	-4.386550E-7	-1.024460E-8
3.975800E+3	-4.144400E-7	-1.909220E-8
3.968300E+3	-4.158370E-7	-1.350420E-8
3.963500E+3	-4.302730E-7	-1.443560E-8
3.958000E+3	-4.200280E-7	-3.073390E-8
3.950700E+3	-4.507620E-7	-9.778940E-9
3.945800E+3	-4.675260E-7	-1.396990E-9
3.937900E+3	-4.535560E-7	-2.048920E-8
3.934200E+3	-4.670600E-7	1.350420E-8
3.926300E+3	-4.521590E-7	-4.656640E-9
3.922400E+3	-4.698540E-7	1.490130E-8
3.914100E+3	-4.535560E-7	-1.396990E-9
3.910800E+3	-4.521590E-7	-1.862660E-9
3.900800E+3	-4.507620E-7	-2.840550E-8
3.897600E+3	-4.544870E-7	-3.678750E-8
3.893000E+3	-4.768410E-7	-1.722960E-8
3.888000E+3	-4.693880E-7	-3.399350E-8
3.879700E+3	-4.903450E-7	-3.725320E-9
3.875400E+3	-4.791690E-7	-1.583260E-8
3.866300E+3	-5.033830E-7	-2.700850E-8
3.862900E+3	-4.926730E-7	-4.749770E-8
3.853000E+3	-4.735790E-7	-4.703200E-8
3.850100E+3	-4.833600E-7	-1.257290E-8
3.845000E+3	-4.754420E-7	-6.519290E-9
3.836600E+3	-4.787030E-7	2.095490E-8
3.832200E+3	-4.735790E-7	6.984950E-9
3.826200E+3	-4.586780E-7	-1.583260E-8
3.818700E+3	-4.801000E-7	7.450640E-9
3.813100E+3	-4.577470E-7	-1.210730E-8
3.809800E+3	-4.638000E-7	-1.862660E-9
3.800400E+3	-4.488990E-7	-1.769520E-8
3.796400E+3	-4.563500E-7	-2.607710E-8
3.793200E+3	-4.516930E-7	-4.051280E-8
3.782900E+3	-4.777720E-7	-1.396990E-8
3.780000E+3	-4.577470E-7	-2.095490E-8
3.769700E+3	-4.670600E-7	-9.313300E-10
3.766400E+3	-4.898790E-7	1.862660E-8
3.756300E+3	-4.698540E-7	2.514580E-8
3.753300E+3	-4.870850E-7	4.610070E-8
3.744600E+3	-4.610060E-7	2.048920E-8
3.741100E+3	-4.461050E-7	7.916300E-9
3.736500E+3	-4.549530E-7	1.676390E-8
3.727800E+3	-4.540220E-7	1.909220E-8
3.724200E+3	-4.470370E-7	7.916300E-9
3.716300E+3	-4.754420E-7	1.257290E-8
3.711800E+3	-4.679910E-7	-4.190980E-9
3.704100E+3	-4.740450E-7	1.583260E-8
3.700300E+3	-4.684570E-7	1.862660E-9
3.694100E+3	-4.577470E-7	-1.303860E-8
3.686900E+3	-4.856880E-7	1.490130E-8
3.681300E+3	-4.698540E-7	0.000000E+0
3.677400E+3	-4.693880E-7	1.210730E-8
3.668500E+3	-4.414490E-7	1.117590E-8
3.663800E+3	-4.475020E-7	6.984950E-9
3.656000E+3	-4.470370E-7	-3.725320E-9
3.651900E+3	-4.670600E-7	7.916300E-9
3.643500E+3	-4.461050E-7	-2.933680E-8
3.640000E+3	-4.605410E-7	-2.281750E-8
3.631400E+3	-4.381890E-7	-2.700850E-8
3.628200E+3	-4.516930E-7	-7.450640E-9
3.619200E+3	-4.395860E-7	-1.210730E-8
3.614600E+3	-4.484340E-7	-9.313300E-10
3.611400E+3	-4.591440E-7	1.071030E-8
3.601100E+3	-4.377230E-7	1.862660E-9
3.598200E+3	-4.475020E-7	2.654280E-8
3.587900E+3	-3.953480E-7	-7.450640E-9
3.584900E+3	-4.121120E-7	9.313300E-10
3.580800E+3	-4.037300E-7	-1.396990E-9
3.571500E+3	-4.041960E-7	-3.725320E-9
3.568200E+3	-4.153720E-7	5.587960E-9
3.561800E+3	-3.911570E-7	-1.909220E-8
3.554800E+3	-3.958140E-7	0.000000E+0
3.549300E+3	-3.925540E-7	-9.778940E-9
3.542000E+3	-3.986080E-7	-2.328320E-9
3.536900E+3	-3.986080E-7	-9.313280E-9
3.531800E+3	-3.660120E-7	-3.865010E-8
3.524400E+3	-3.501790E-7	-3.771880E-8
3.519900E+3	-3.650800E-7	-1.536690E-8
3.512100E+3	-3.380720E-7	-3.306220E-8
3.508100E+3	-3.296900E-7	-2.887110E-8
3.499500E+3	-3.566980E-7	-1.071030E-8
3.494700E+3	-3.394690E-7	-1.909220E-8
3.490200E+3	-3.422630E-7	6.519290E-9
3.481800E+3	-3.124610E-7	-2.281750E-8
3.478600E+3	-3.227050E-7	-1.583260E-8
3.469600E+3	-3.227050E-7	-1.862660E-9
3.465000E+3	-3.064070E-7	-1.396990E-9
3.461800E+3	-2.840550E-7	-2.328320E-8
3.453100E+3	-2.859180E-7	-1.117590E-8
3.444200E+3	-2.575130E-7	-3.632180E-8
3.441100E+3	-2.575130E-7	-2.002350E-8
3.436900E+3	-2.300380E-7	-2.281750E-8
3.429200E+3	-2.523900E-7	1.862660E-8
3.424500E+3	-2.407490E-7	-3.725320E-9
3.415700E+3	-2.584440E-7	6.984950E-9
3.411800E+3	-2.323660E-7	-1.210730E-8
3.406900E+3	-2.225870E-7	-2.142050E-8
3.399300E+3	-2.193270E-7	-1.071030E-8
3.394100E+3	-1.923190E-7	-3.026820E-8
3.386000E+3	-1.997700E-7	-1.955790E-8
3.381000E+3	-1.806770E-7	-4.237540E-8
3.373700E+3	-1.550660E-7	-3.865010E-8
3.368800E+3	-1.718300E-7	-1.071030E-8
3.364200E+3	-1.550660E-7	-2.374880E-8
3.355800E+3	-1.313170E-7	-1.769520E-8
3.352300E+3	-1.457530E-7	1.071030E-8
3.343700E+3	-1.234010E-7	2.793980E-9
3.340600E+3	-1.238670E-7	1.071030E-8
3.331600E+3	-1.071030E-7	-8.847620E-9
3.328700E+3	-1.117590E-7	1.862660E-9
3.319600E+3	-1.089650E-7	-2.421450E-8
3.315200E+3	-9.033870E-8	-1.676390E-8
3.311200E+3	-8.381950E-8	-1.955790E-8
3.303200E+3	-5.960510E-8	-6.053630E-9
3.294200E+3	-1.164160E-8	-1.396990E-8
3.291300E+3	-1.536690E-8	0.000000E+0
3.286400E+3	1.257290E-8	-3.725320E-9
3.278000E+3	2.607710E-8	1.629830E-8
3.273500E+3	5.634520E-8	-3.259640E-9
3.265800E+3	4.284110E-8	9.778940E-9
3.261000E+3	6.705570E-8	-1.350420E-8
3.253900E+3	1.122250E-7	-2.281750E-8
3.248700E+3	1.238670E-7	-2.374880E-8
3.241600E+3	1.322490E-7	-1.350420E-8
3.236400E+3	1.536690E-7	-2.142050E-8
3.233300E+3	1.685700E-7	-1.117590E-8
3.233300E+3	1.685700E-7	-1.117590E-8
3.219700E+3	1.769520E-7	1.071030E-8
3.211300E+3	2.118770E-7	9.313300E-10
3.208000E+3	2.132740E-7	1.676390E-8
3.199100E+3	2.104800E-7	1.816090E-8
3.196000E+3	2.034950E-7	1.769520E-8
3.186900E+3	2.146710E-7	-1.769520E-8
3.184100E+3	1.993040E-7	-2.328320E-9
3.174100E+3	2.584440E-7	-1.816090E-8
3.170900E+3	2.752080E-7	6.984950E-9
3.166900E+3	3.213080E-7	3.259640E-9
3.157500E+3	3.548360E-7	9.313300E-10
3.154400E+3	3.920890E-7	-2.235190E-8
3.145800E+3	3.958140E-7	3.259640E-9
3.142100E+3	3.976770E-7	9.313300E-10
3.132200E+3	4.009360E-7	0.000000E+0
3.129200E+3	4.046610E-7	9.313280E-9
3.123900E+3	4.163030E-7	5.587960E-9
3.116100E+3	4.512280E-7	-1.536690E-8
3.110400E+3	4.679910E-7	-1.769520E-8
3.105700E+3	4.735790E-7	-7.916300E-9
3.097900E+3	5.089710E-7	-4.656650E-10
3.093700E+3	5.154910E-7	4.190980E-9
3.085300E+3	5.355140E-7	4.190980E-9
3.081700E+3	5.150250E-7	2.887110E-8
3.073600E+3	5.452930E-7	-1.862660E-9
3.069600E+3	5.378420E-7	8.381960E-9
3.061500E+3	5.639190E-7	5.122300E-9
3.057900E+3	5.802180E-7	0.000000E+0
3.049100E+3	6.109510E-7	-1.396990E-8
3.046000E+3	6.109510E-7	1.490130E-8
3.036400E+3	6.607770E-7	5.587960E-9
3.032600E+3	6.598460E-7	1.722960E-8
3.029200E+3	6.794030E-7	7.450640E-9
3.019200E+3	6.957020E-7	5.587960E-9
3.015700E+3	6.961670E-7	5.122300E-9
3.007300E+3	7.092060E-7	-1.396990E-9
3.003300E+3	7.399390E-7	-1.303860E-8
2.995100E+3	7.543750E-7	-1.396990E-9
2.991600E+3	7.683450E-7	-5.587960E-9
2.985300E+3	8.009410E-7	-3.306220E-8
2.978300E+3	8.037350E-7	-1.024460E-8
2.973300E+3	8.149110E-7	-4.656640E-9
2.966000E+3	8.246900E-7	3.725320E-9
2.961300E+3	8.470420E-7	-7.450640E-9
2.953300E+3	8.610110E-7	9.778940E-9
2.948200E+3	9.029210E-7	-9.313280E-9
2.943400E+3	8.968670E-7	5.587960E-9
2.935100E+3	9.234100E-7	1.955790E-8
2.931200E+3	9.145620E-7	3.725310E-8
2.922600E+3	9.383110E-7	2.514580E-8
2.919200E+3	9.401740E-7	3.259650E-8
2.909600E+3	9.923310E-7	-1.396990E-9
2.905500E+3	1.009560E-6	-5.122300E-9
2.902200E+3	1.008160E-6	1.257290E-8
2.891700E+3	1.041230E-6	-5.122300E-9
2.888800E+3	1.040290E-6	1.071030E-8
2.878600E+3	1.095240E-6	-2.374880E-8
2.875300E+3	1.110140E-6	-1.676390E-8
2.870900E+3	1.108280E-6	4.656640E-9
2.862000E+3	1.096170E-6	1.164160E-8
2.859200E+3	1.098500E-6	1.210730E-8
2.850500E+3	1.136220E-6	1.396990E-9
2.845900E+3	1.131100E-6	2.654280E-8
2.840600E+3	1.140880E-6	3.911580E-8
2.832800E+3	1.169750E-6	3.026820E-8
2.828000E+3	1.183250E-6	-5.122300E-9
2.820800E+3	1.195360E-6	3.259640E-9
2.815700E+3	1.199550E-6	2.328320E-8
2.810500E+3	1.191170E-6	4.796330E-8
2.803000E+3	1.239130E-6	2.514580E-8
2.798500E+3	1.262880E-6	2.188620E-8
2.790300E+3	1.307580E-6	1.164160E-8
2.785300E+3	1.330870E-6	3.259640E-9
2.777900E+3	1.325280E-6	6.984950E-9
2.773300E+3	1.305720E-6	2.468020E-8
2.765600E+3	1.322020E-6	4.656650E-10
2.761500E+3	1.320160E-6	1.071030E-8
2.753400E+3	1.340180E-6	9.313280E-9
2.750000E+3	1.343910E-6	2.188620E-8
2.741200E+3	1.382560E-6	-1.257290E-8
2.738100E+3	1.384880E-6	4.656650E-10
2.728900E+3	1.396530E-6	-9.778940E-9
2.726100E+3	1.376500E-6	1.536690E-8
2.721400E+3	1.408170E-6	-1.862660E-9
2.714200E+3	1.402110E-6	2.188620E-8
2.709000E+3	1.421670E-6	2.328320E-9
2.701700E+3	1.408630E-6	1.629830E-8
2.696400E+3	1.439830E-6	-1.071030E-8
2.689300E+3	1.455200E-6	-7.916300E-9
2.684300E+3	1.471960E-6	-2.002350E-8
2.676800E+3	1.470100E-6	-2.793980E-9
2.672100E+3	1.480810E-6	-8.381960E-9
2.664300E+3	1.491990E-6	2.142050E-8
2.658800E+3	1.510610E-6	-9.313300E-10
2.655700E+3	1.498510E-6	2.328320E-8
2.645700E+3	1.532500E-6	7.916300E-9
2.641800E+3	1.522720E-6	9.313300E-10
2.633000E+3	1.539480E-6	-2.421450E-8
2.629700E+3	1.540410E-6	-1.676390E-8
2.620700E+3	1.567890E-6	-1.071030E-8
2.617700E+3	1.549730E-6	1.862660E-8
2.607800E+3	1.549730E-6	1.722960E-8
2.604400E+3	1.527840E-6	3.865010E-8
2.600900E+3	1.545070E-6	1.396990E-8
2.592800E+3	1.512480E-6	2.747410E-8
2.588500E+3	1.532960E-6	1.629830E-8
2.579300E+3	1.558580E-6	4.656640E-9
2.575800E+3	1.563230E-6	1.396990E-9
2.570600E+3	1.587910E-6	-2.235190E-8
2.562800E+3	1.575810E-6	1.350420E-8
2.557800E+3	1.612130E-6	-1.303860E-8
2.549600E+3	1.586520E-6	1.210730E-8
2.544500E+3	1.604680E-6	9.313300E-10
2.539300E+3	1.610730E-6	-5.122300E-9
2.532000E+3	1.595830E-6	2.607710E-8
2.527300E+3	1.598160E-6	2.980250E-8
2.519600E+3	1.618180E-6	2.374880E-8
2.519600E+3	1.618180E-6	2.374880E-8
2.506700E+3	1.599550E-6	1.955790E-8
2.501900E+3	1.613520E-6	2.328320E-9
2.499000E+3	1.618180E-6	-1.862660E-9
2.488700E+3	1.623300E-6	-1.396990E-9
2.485500E+3	1.593500E-6	2.561150E-8
2.476500E+3	1.592570E-6	1.955790E-8
2.473500E+3	1.586520E-6	2.328320E-8
2.464400E+3	1.585580E-6	1.676390E-8
2.459900E+3	1.574870E-6	2.421450E-8
2.456100E+3	1.588380E-6	1.117590E-8
2.448000E+3	1.585580E-6	2.328320E-8
2.443800E+3	1.606540E-6	1.257290E-8
2.436400E+3	1.603280E-6	2.002350E-8
2.431500E+3	1.601420E-6	3.026820E-8
2.423100E+3	1.608870E-6	4.423800E-8
2.418800E+3	1.635410E-6	2.235190E-8
2.410900E+3	1.614920E-6	2.002350E-8
2.406200E+3	1.652170E-6	-4.656640E-9
2.398500E+3	1.633080E-6	1.862660E-8
2.392300E+3	1.627490E-6	7.916300E-9
2.388000E+3	1.599550E-6	2.281750E-8
2.380400E+3	1.603280E-6	-5.587960E-9
2.375500E+3	1.585580E-6	1.443560E-8
2.366700E+3	1.613520E-6	-2.793980E-9
2.362200E+3	1.605140E-6	6.519290E-9
2.359300E+3	1.612590E-6	1.816090E-8
2.349100E+3	1.616320E-6	6.984950E-9
2.346200E+3	1.603740E-6	2.328320E-9
2.336500E+3	1.600490E-6	9.313280E-9
2.333000E+3	1.590240E-6	1.536690E-8
2.328800E+3	1.579530E-6	7.916300E-9
2.319700E+3	1.569750E-6	5.122300E-9
2.316900E+3	1.607470E-6	-1.350420E-8
2.307800E+3	1.648910E-6	3.259640E-9
2.304500E+3	1.630290E-6	1.862660E-8
2.295600E+3	1.590710E-6	3.026820E-8
2.291800E+3	1.552520E-6	4.330670E-8
2.286100E+3	1.562300E-6	2.514580E-8
2.278600E+3	1.544140E-6	2.607710E-8
2.272400E+3	1.544140E-6	1.396990E-8
2.268200E+3	1.546470E-6	4.656650E-10
2.259600E+3	1.518530E-6	-6.053630E-9
2.254800E+3	1.535760E-6	-2.980250E-8
2.246700E+3	1.509680E-6	6.519290E-9
2.241400E+3	1.540880E-6	-1.536690E-8
2.241400E+3	1.540880E-6	-1.536690E-8
2.228500E+3	1.524120E-6	2.328320E-9
2.224700E+3	1.512010E-6	9.778940E-9
2.216000E+3	1.488730E-6	1.722960E-8
2.211300E+3	1.500830E-6	-6.053630E-9
2.203600E+3	1.502230E-6	1.024460E-8
2.199500E+3	1.480810E-6	2.002350E-8
2.196400E+3	1.485470E-6	2.188620E-8
2.196400E+3	1.485470E-6	2.188620E-8
2.183300E+3	1.483600E-6	2.374880E-8
2.172800E+3	1.489190E-6	-4.656650E-10
2.169400E+3	1.459390E-6	1.862660E-8
2.165600E+3	1.441690E-6	2.374880E-8
2.156100E+3	1.430520E-6	4.190970E-8
2.152000E+3	1.423070E-6	4.703200E-8
2.142500E+3	1.439830E-6	2.840550E-8
2.139100E+3	1.438430E-6	2.793980E-8
2.133400E+3	1.446820E-6	1.443560E-8
2.125900E+3	1.404910E-6	1.629830E-8
2.121000E+3	1.412820E-6	9.313280E-9
2.113800E+3	1.389540E-6	2.887110E-8
2.108600E+3	1.403510E-6	1.164160E-8
2.101500E+3	1.414220E-6	-1.769520E-8
2.101500E+3	1.414220E-6	-1.769520E-8
2.091400E+3	1.373710E-6	-9.313300E-10
2.083500E+3	1.369520E-6	-1.024460E-8
2.079600E+3	1.339710E-6	2.142050E-8
2.070900E+3	1.345300E-6	4.190980E-9
2.067500E+3	1.329940E-6	2.142050E-8
2.058600E+3	1.344840E-6	1.350420E-8
2.055600E+3	1.322950E-6	3.539050E-8
2.046500E+3	1.308520E-6	4.097840E-8
2.043600E+3	1.330870E-6	7.450640E-9
2.043600E+3	1.330870E-6	7.450640E-9
2.030000E+3	1.307120E-6	6.519290E-9
2.024900E+3	1.286160E-6	3.259650E-8
2.016900E+3	1.283370E-6	1.769520E-8
2.012200E+3	1.260550E-6	3.725310E-8
2.007000E+3	1.271730E-6	2.095490E-8
1.998900E+3	1.278250E-6	3.026820E-8
1.994100E+3	1.280580E-6	1.536690E-8
1.986700E+3	1.274060E-6	9.313280E-9
1.981600E+3	1.275450E-6	9.313300E-10
1.974500E+3	1.254500E-6	2.421450E-8
1.969300E+3	1.263810E-6	1.164160E-8
1.964800E+3	1.234940E-6	3.865010E-8
1.956400E+3	1.240060E-6	2.095490E-8
1.951800E+3	1.240530E-6	1.303860E-8
1.949100E+3	1.215850E-6	3.119950E-8
1.939400E+3	1.191170E-6	2.980250E-8
1.936800E+3	1.161830E-6	4.516940E-8
1.928600E+3	1.156710E-6	2.235190E-8
1.926400E+3	1.151120E-6	1.396990E-9
1.918500E+3	1.150190E-6	-2.328320E-9
1.916000E+3	1.120850E-6	3.026820E-8
1.907400E+3	1.135290E-6	1.164160E-8
1.905300E+3	1.128300E-6	2.328320E-8
1.901400E+3	1.113870E-6	3.958140E-8
1.894800E+3	1.111540E-6	4.749770E-8
1.891800E+3	1.132500E-6	2.235190E-8
1.885800E+3	1.102230E-6	3.632180E-8
1.882300E+3	1.114800E-6	1.490130E-8
1.877000E+3	1.071030E-6	3.445920E-8
1.873100E+3	1.075220E-6	2.468020E-8
1.868200E+3	1.066840E-6	3.585610E-8
1.864100E+3	1.090590E-6	1.350420E-8
1.859300E+3	1.092910E-6	3.725320E-9
1.855200E+3	1.083600E-6	1.396990E-9
1.850300E+3	1.068700E-6	1.350420E-8
1.846600E+3	1.062180E-6	8.847620E-9
1.841200E+3	1.049610E-6	2.328320E-8
1.837200E+3	1.059850E-6	2.328320E-8
1.835000E+3	1.035170E-6	4.982600E-8
1.828300E+3	1.037970E-6	1.676390E-8
1.826400E+3	1.015610E-6	2.421450E-8
1.819500E+3	1.007230E-6	1.350420E-8
1.817700E+3	1.015610E-6	6.053630E-9
1.810700E+3	9.704450E-7	1.862660E-9
1.808500E+3	9.709110E-7	-1.024460E-8
1.804400E+3	9.639260E-7	-2.048920E-8
1.798500E+3	9.774300E-7	-1.722960E-8
1.794500E+3	9.802240E-7	-2.700850E-8
1.788900E+3	9.532120E-7	3.725320E-9
1.784500E+3	9.629950E-7	-1.816090E-8
1.778800E+3	9.671860E-7	-1.769520E-8
1.778800E+3	9.671860E-7	-1.769520E-8
1.767800E+3	9.434330E-7	-7.450640E-9
1.763200E+3	9.150280E-7	-1.396990E-9
1.763200E+3	9.150280E-7	-1.396990E-9
1.758500E+3	9.136310E-7	-2.747410E-8
1.747400E+3	8.815000E-7	-1.909220E-8
1.739200E+3	8.898820E-7	-2.654280E-8
1.734800E+3	8.801030E-7	-1.396990E-8
1.731700E+3	8.572860E-7	1.396990E-9
1.721600E+3	8.619430E-7	-2.607710E-8
1.718600E+3	8.279490E-7	-3.725320E-9
1.709400E+3	8.079260E-7	1.443560E-8
1.706300E+3	8.149110E-7	8.381960E-9
1.696900E+3	8.107200E-7	-1.862660E-9
1.693500E+3	8.014070E-7	2.793980E-9
1.682600E+3	7.767270E-7	-1.117590E-8
1.679400E+3	7.581000E-7	6.053630E-9
1.674500E+3	7.660160E-7	-1.396990E-9
1.664600E+3	7.655510E-7	-7.450640E-9
1.660400E+3	7.622910E-7	-5.587960E-9
1.651500E+3	7.394740E-7	-1.257290E-8
1.646700E+3	7.441300E-7	-2.840550E-8
1.638100E+3	7.045490E-7	-4.656650E-10
1.632900E+3	7.133970E-7	-1.676390E-8
1.624900E+3	6.891820E-7	-6.519290E-9
1.619300E+3	6.938390E-7	-1.862660E-8
1.615300E+3	6.845260E-7	-1.117590E-8
1.605500E+3	6.710220E-7	-3.445920E-8
1.600700E+3	6.658990E-7	-4.516940E-8
1.592400E+3	6.402880E-7	-4.377240E-8
1.588300E+3	6.184020E-7	-2.607710E-8
1.579400E+3	6.258520E-7	-3.213090E-8
1.574300E+3	6.170050E-7	-2.095490E-8
1.574300E+3	6.170050E-7	-2.095490E-8
1.571300E+3	6.090890E-7	-1.071030E-8
1.557600E+3	6.044320E-7	-3.678750E-8
1.547400E+3	5.993100E-7	-3.678750E-8
1.544400E+3	5.648510E-7	1.862660E-9
1.540800E+3	5.709040E-7	-8.381960E-9
1.531000E+3	5.555380E-7	-9.313280E-9
1.527700E+3	5.727670E-7	-2.887110E-8
1.517800E+3	5.816150E-7	-2.142050E-8
1.515000E+3	5.601940E-7	-6.053630E-9
1.510000E+3	5.490180E-7	4.656640E-9
1.502100E+3	5.401710E-7	-2.095490E-8
1.497500E+3	5.140940E-7	-1.443560E-8
1.492500E+3	5.252700E-7	-2.980250E-8
1.485700E+3	5.061770E-7	-1.909220E-8
1.480300E+3	4.963990E-7	-2.002350E-8
1.473200E+3	4.670600E-7	2.095490E-8
1.468400E+3	4.814970E-7	1.862660E-9
1.461600E+3	4.898790E-7	2.793980E-9
1.456500E+3	4.889480E-7	8.381960E-9
1.449600E+3	4.940700E-7	1.210730E-8
1.444600E+3	5.085060E-7	-9.778940E-9
1.440500E+3	4.875510E-7	-2.793980E-9
1.431900E+3	4.558840E-7	-1.862660E-8
1.427100E+3	4.349290E-7	-1.955790E-8
1.423800E+3	4.102490E-7	6.053630E-9
1.413500E+3	4.377230E-7	-1.676390E-8
1.410500E+3	4.209600E-7	1.303860E-8
1.400000E+3	4.363260E-7	9.313300E-10
1.396700E+3	4.079210E-7	2.980250E-8
1.392600E+3	3.855690E-7	2.188620E-8
1.382600E+3	3.827750E-7	1.862660E-8
1.379200E+3	3.636830E-7	3.399350E-8
1.368400E+3	3.608890E-7	-1.071030E-8
1.365400E+3	3.315530E-7	-6.053630E-9
1.359200E+3	3.362090E-7	-5.587960E-9
1.354600E+3	3.608890E-7	-2.468020E-8
1.345900E+3	3.492480E-7	-4.656650E-10
1.345900E+3	3.492480E-7	-4.656650E-10
1.332900E+3	3.543700E-7	-2.421450E-8
1.327900E+3	3.264300E-7	-4.656650E-10
1.319800E+3	3.571640E-7	-2.328320E-8
1.315500E+3	3.557670E-7	-2.514580E-8
1.306900E+3	3.306210E-7	-1.862660E-9
1.301600E+3	3.445910E-7	-2.002350E-8
1.298600E+3	3.059410E-7	6.519290E-9
1.288200E+3	3.078040E-7	-3.073390E-8
1.288200E+3	3.078040E-7	-3.073390E-8
1.275400E+3	2.989560E-7	1.862660E-9
1.271300E+3	3.008190E-7	-1.303860E-8
1.268300E+3	2.952310E-7	0.000000E+0
1.258200E+3	3.050100E-7	9.313300E-10
1.255500E+3	2.784670E-7	3.073390E-8
1.246800E+3	2.672910E-7	3.492480E-8
1.246800E+3	2.672910E-7	3.492480E-8
1.239300E+3	2.738110E-7	-1.303860E-8
1.231600E+3	2.435430E-7	2.048920E-8
1.231600E+3	2.435430E-7	2.048920E-8
1.220400E+3	2.197930E-7	1.024460E-8
1.215800E+3	2.058230E-7	5.122300E-9
1.209100E+3	2.002350E-7	-1.396990E-9
1.204300E+3	2.132740E-7	-2.328320E-8
1.197800E+3	2.398170E-7	-1.816090E-8
1.191900E+3	2.495960E-7	-2.840550E-8
1.185400E+3	2.449400E-7	-3.073390E-8
1.181100E+3	2.193270E-7	-1.303860E-8
1.174700E+3	1.932500E-7	-2.328320E-9
1.169900E+3	1.685700E-7	-5.122300E-9
1.163400E+3	1.438900E-7	1.862660E-9
1.158700E+3	1.406310E-7	1.396990E-8
1.156000E+3	1.518060E-7	-6.984950E-9
1.146500E+3	1.899910E-7	-4.097840E-8
1.143500E+3	1.788150E-7	-2.188620E-8
1.135400E+3	1.643790E-7	-1.769520E-8
1.132600E+3	1.629820E-7	-1.396990E-8
1.124300E+3	1.732270E-7	-1.816090E-8
1.121700E+3	1.690360E-7	-1.629830E-8
1.117200E+3	1.741580E-7	-3.632180E-8
1.109400E+3	1.532030E-7	-2.188620E-8
1.105500E+3	1.746240E-7	-5.308560E-8
1.098200E+3	1.452870E-7	-5.308560E-8
1.089600E+3	1.629820E-7	-3.818450E-8
1.087100E+3	1.746240E-7	-3.911580E-8
1.082300E+3	1.681050E-7	-2.607710E-8
1.075600E+3	1.392340E-7	1.117590E-8
1.070700E+3	1.569290E-7	-1.676390E-8
1.064000E+3	1.639140E-7	-1.071030E-8
1.059100E+3	1.587910E-7	-1.443560E-8
1.052300E+3	1.597230E-7	9.313280E-9
1.047600E+3	1.280580E-7	3.306220E-8
1.040600E+3	1.462190E-7	2.328320E-9
1.040600E+3	1.462190E-7	2.328320E-9
1.029000E+3	1.350430E-7	3.166520E-8
1.024200E+3	1.499440E-7	-1.071030E-8
1.017400E+3	1.364400E-7	-3.678750E-8
1.013200E+3	1.317830E-7	-3.585610E-8
1.010700E+3	1.234010E-7	-2.607710E-8
1.001300E+3	1.406310E-7	-3.119950E-8
9.986000E+2	1.196760E-7	-1.210730E-8
9.894000E+2	1.145530E-7	-2.654280E-8
9.865000E+2	7.823160E-8	-1.396990E-9
9.836000E+2	9.033870E-8	-1.816090E-8
9.750000E+2	7.962850E-8	1.862660E-9
9.719000E+2	1.061710E-7	-1.676390E-8
9.719000E+2	1.061710E-7	-1.676390E-8
9.609000E+2	1.159500E-7	-1.862660E-8
9.563000E+2	9.732370E-8	-7.916300E-9
9.504000E+2	4.423800E-8	3.213090E-8
9.457000E+2	5.262000E-8	3.259650E-8
9.398000E+2	6.333040E-8	1.909220E-8
9.353000E+2	5.960510E-8	9.313280E-9
9.292000E+2	5.587960E-8	-1.490130E-8
9.253000E+2	2.980250E-8	3.259640E-9
9.188000E+2	6.193340E-8	-2.421450E-8
9.154000E+2	5.820790E-8	-2.793980E-9
9.084000E+2	8.987310E-8	7.916300E-9
9.041000E+2	9.918630E-8	9.313280E-9
9.019000E+2	7.450630E-8	2.980250E-8
8.932000E+2	8.288820E-8	1.583260E-8
8.905000E+2	5.587960E-8	3.306220E-8
8.828000E+2	4.563500E-8	1.536690E-8
8.805000E+2	6.705570E-8	1.862660E-9
8.725000E+2	7.310930E-8	-2.328320E-9
8.703000E+2	5.075730E-8	2.421450E-8
8.611000E+2	6.146770E-8	-2.793980E-9
8.586000E+2	5.820790E-8	4.656650E-10
8.546000E+2	5.587960E-8	-1.210730E-8
8.468000E+2	2.281750E-8	5.587960E-9
8.468000E+2	2.281750E-8	5.587960E-9
8.353000E+2	3.213090E-8	-2.840550E-8
8.323000E+2	3.492480E-8	-3.539050E-8
8.276000E+2	2.561150E-8	-2.561150E-8
8.220000E+2	3.632180E-8	-2.840550E-8
8.174000E+2	4.936030E-8	-3.213090E-8
8.113000E+2	4.889470E-8	-9.778940E-9
8.067000E+2	2.793980E-8	1.443560E-8
8.005000E+2	2.700850E-8	1.722960E-8
7.963000E+2	1.583260E-8	2.793980E-9
7.897000E+2	-9.778940E-9	1.629830E-8
7.850000E+2	-1.164160E-8	1.490130E-8
7.791000E+2	2.747410E-8	-2.002350E-8
7.747000E+2	1.722960E-8	-1.071030E-8
7.684000E+2	4.842900E-8	-4.610070E-8
7.646000E+2	2.514580E-8	-2.468020E-8
7.612000E+2	2.281750E-8	-1.909220E-8
7.535000E+2	-1.862660E-9	-1.071030E-8
7.511000E+2	5.122300E-9	-1.909220E-8
7.435000E+2	-7.916300E-9	-3.725320E-9
7.407000E+2	-3.725320E-9	-1.303860E-8
7.336000E+2	-2.840550E-8	-6.053630E-9
7.308000E+2	-2.328320E-8	-6.053630E-9
7.254000E+2	-1.629830E-8	-6.053630E-9
7.197000E+2	-3.445920E-8	6.053630E-9
7.150000E+2	-2.374880E-8	-2.793980E-9
7.088000E+2	-1.955790E-8	0.000000E+0
7.046000E+2	-1.210730E-8	-8.381960E-9
7.001000E+2	-8.381960E-9	-1.071030E-8
6.943000E+2	2.328320E-9	-2.700850E-8
6.901000E+2	-6.053630E-9	-8.847620E-9
6.840000E+2	-9.313300E-10	-1.443560E-8
6.802000E+2	-2.840550E-8	1.396990E-9
6.736000E+2	-5.587960E-9	-1.583260E-8
6.704000E+2	-2.840550E-8	8.381960E-9
6.633000E+2	-2.793980E-8	2.235190E-8
6.593000E+2	-3.399350E-8	4.004710E-8
6.593000E+2	-3.399350E-8	4.004710E-8
6.483000E+2	-4.004710E-8	2.095490E-8
6.459000E+2	-5.867350E-8	2.700850E-8
6.382000E+2	-3.259650E-8	2.328320E-9
6.345000E+2	-4.004710E-8	1.164160E-8
6.320000E+2	-3.585610E-8	6.984950E-9
6.237000E+2	-2.235190E-8	-1.909220E-8
6.209000E+2	-2.235190E-8	-1.909220E-8
6.164000E+2	-5.820790E-8	-3.725320E-9
6.103000E+2	-4.237540E-8	-3.213090E-8
6.059000E+2	-6.007080E-8	-1.676390E-8
5.991000E+2	-7.543760E-8	-1.303860E-8
5.955000E+2	-4.796330E-8	-3.585610E-8
5.893000E+2	-5.075730E-8	-2.188620E-8
5.851000E+2	-5.867350E-8	1.862660E-9
5.806000E+2	-4.144410E-8	-6.519290E-9
5.740000E+2	-8.475080E-8	1.816090E-8
5.701000E+2	-6.705570E-8	-1.676390E-8
5.670000E+2	-9.546100E-8	-2.793980E-9
5.591000E+2	-8.614780E-8	-1.909220E-8
5.561000E+2	-8.940740E-8	-1.955790E-8
5.489000E+2	-8.475080E-8	-1.396990E-8
5.452000E+2	-8.428510E-8	-2.002350E-8
5.431000E+2	-1.029120E-7	4.656640E-9
5.345000E+2	-1.108280E-7	-2.235190E-8
5.324000E+2	-1.499440E-7	-3.259640E-9
5.244000E+2	-1.234010E-7	-2.235190E-8
5.216000E+2	-1.364400E-7	-1.024460E-8
5.189000E+2	-1.299200E-7	-9.778940E-9
5.123000E+2	-1.313170E-7	-1.303860E-8
5.050000E+2	-1.196760E-7	-3.678750E-8
5.029000E+2	-1.434250E-7	-3.725320E-9
4.991000E+2	-1.327140E-7	-1.676390E-8
4.921000E+2	-9.778930E-8	-4.516940E-8
4.850000E+2	-1.341110E-7	-1.443560E-8
4.585000E+2	-1.289890E-7	-4.470370E-8
4.412000E+2	-1.494780E-7	-4.470370E-8
4.245000E+2	-1.760210E-7	-2.514580E-8
3.836000E+2	-2.007010E-7	-4.842900E-8
3.573000E+2	-2.481990E-7	-2.002350E-8
3.100000E+2	-2.933680E-7	-1.769520E-8
2.866000E+2	-3.399350E-7	-1.862660E-8
2.343000E+2	-4.633350E-7	-7.450640E-9
2.088000E+2	-5.317890E-7	0.000000E+0
1.532000E+2	-6.863880E-7	9.313300E-10
1.263000E+2	-8.074600E-7	2.561150E-8
6.920000E+1	-1.076150E-6	3.911580E-8
4.130000E+1	-1.166490E-6	3.725310E-8
-1.570000E+1	-6.933730E-7	1.071030E-8
-4.430000E+1	-1.634480E-7	-2.980250E-8
-7.330000E+1	1.895250E-7	-2.235190E-8
-1.347000E+2	6.891820E-7	-4.842900E-8
-1.635000E+2	7.455270E-7	-9.778940E-9
-2.169000E+2	7.902310E-7	-1.909220E-8
-2.521000E+2	7.716040E-7	-4.377240E-8
-3.030000E+2	6.388910E-7	-9.313280E-9
-3.287000E+2	5.974470E-7	-2.328320E-8
