Sample Name, Varga_5_4_40G
Freq, 40, GHz, Power, 10, dBm
SR850: f = 25 Hz; phase = 95.5 deg; output = 5 V; sens. = 10 uV; tc = 300 ms; 12dB/oct
Field	X	Y
Oe	V	V
*
-6.443000E+2	2.137390E-7	-2.374880E-8
-6.447000E+2	1.457530E-7	5.401690E-8
-6.450000E+2	2.421460E-7	-3.213090E-8
-6.387000E+2	1.988380E-7	9.313300E-10
-6.311000E+2	2.412140E-7	-2.840550E-8
-6.226000E+2	2.291060E-7	-4.190980E-9
-5.994000E+2	1.979070E-7	2.561150E-8
-5.878000E+2	2.263120E-7	-4.656640E-9
-5.736000E+2	2.342290E-7	-1.722960E-8
-5.438000E+2	1.797460E-7	5.681090E-8
-5.283000E+2	2.551840E-7	-2.048920E-8
-5.099000E+2	2.589090E-7	-4.051280E-8
-4.788000E+2	2.873150E-7	-6.193340E-8
-4.637000E+2	2.728790E-7	-2.514580E-8
-4.377000E+2	2.291060E-7	3.725310E-8
-4.238000E+2	2.672910E-7	1.396990E-9
-4.005000E+2	2.635660E-7	2.468020E-8
-3.884000E+2	2.589090E-7	6.891830E-8
-3.678000E+2	2.565810E-7	8.055990E-8
-3.576000E+2	2.789330E-7	4.656640E-8
-3.387000E+2	3.278270E-7	-2.468020E-8
-3.268000E+2	3.012850E-7	1.257290E-8
-3.089000E+2	2.896430E-7	4.330670E-8
-2.989000E+2	4.051270E-7	-5.075730E-8
-2.801000E+2	3.385380E-7	2.607710E-8
-2.703000E+2	4.065240E-7	-2.840550E-8
-2.614000E+2	4.433110E-7	-4.237540E-8
-2.376000E+2	3.785840E-7	4.889470E-8
-2.285000E+2	4.605410E-7	-2.747410E-8
-2.042000E+2	3.874320E-7	7.683460E-8
-1.951000E+2	4.847570E-7	-1.443560E-8
-1.841000E+2	5.145590E-7	1.396990E-9
-1.620000E+2	5.015210E-7	3.725310E-8
-1.517000E+2	5.429650E-7	2.793980E-9
-1.385000E+2	4.712510E-7	8.521650E-8
-1.191000E+2	5.611250E-7	7.916300E-9
-1.061000E+2	5.145590E-7	5.867350E-8
-8.640000E+1	6.211960E-7	-3.492480E-8
-7.540000E+1	6.472730E-7	-1.862660E-8
-6.260000E+1	6.244550E-7	2.747410E-8
-4.330000E+1	6.519290E-7	6.333040E-8
-3.230000E+1	7.762610E-7	-2.840550E-8
-1.250000E+1	6.598460E-7	2.095490E-8
-2.200000E+0	5.913930E-7	2.793980E-9
1.800000E+1	1.946470E-7	5.122300E-9
2.790000E+1	7.916300E-9	-4.144410E-8
4.860000E+1	-4.507620E-7	2.048920E-8
6.100000E+1	-5.387740E-7	6.519290E-9
6.990000E+1	-5.257350E-7	-7.310930E-8
9.670000E+1	-6.519290E-7	2.188620E-8
1.059000E+2	-5.676450E-7	-6.938400E-8
1.158000E+2	-6.570520E-7	1.955790E-8
1.359000E+2	-5.532090E-7	-8.475080E-8
1.569000E+2	-6.244550E-7	2.421450E-8
1.658000E+2	-5.401710E-7	-3.632180E-8
1.785000E+2	-4.954670E-7	-5.448260E-8
1.898000E+2	-5.629880E-7	4.190970E-8
2.109000E+2	-5.336510E-7	5.029160E-8
2.221000E+2	-5.415680E-7	7.264360E-8
2.413000E+2	-4.530900E-7	-1.769520E-8
2.525000E+2	-4.940700E-7	1.676390E-8
2.718000E+2	-4.759080E-7	-8.381960E-9
2.830000E+2	-5.196820E-7	5.262000E-8
3.026000E+2	-4.796350E-7	2.747410E-8
3.132000E+2	-4.190970E-7	-1.676390E-8
3.333000E+2	-4.330670E-7	9.313280E-9
3.432000E+2	-4.526250E-7	3.771880E-8
3.637000E+2	-4.223570E-7	3.725310E-8
3.733000E+2	-3.958140E-7	2.188620E-8
3.963000E+2	-3.520420E-7	1.024460E-8
4.068000E+2	-3.622860E-7	3.026820E-8
4.159000E+2	-2.700850E-7	-6.472740E-8
4.402000E+2	-3.580950E-7	3.399350E-8
4.493000E+2	-2.663600E-7	-6.193340E-8
4.731000E+2	-3.450570E-7	4.284110E-8
4.826000E+2	-2.845210E-7	-1.396990E-8
4.925000E+2	-3.026820E-7	-3.259640E-9
5.160000E+2	-2.551840E-7	-5.820790E-8
5.251000E+2	-2.617030E-7	-3.911580E-8
5.493000E+2	-2.956970E-7	1.303860E-8
5.585000E+2	-2.039610E-7	-6.705570E-8
5.795000E+2	-2.593750E-7	-1.210730E-8
5.886000E+2	-2.114110E-7	-6.286470E-8
5.998000E+2	-2.682230E-7	-3.725320E-9
6.221000E+2	-1.927850E-7	-6.239910E-8
6.335000E+2	-2.342290E-7	-9.778940E-9
6.530000E+2	-2.360910E-7	-2.793980E-9
6.662000E+2	-2.183960E-7	-8.381960E-9
6.769000E+2	-2.165330E-7	5.122300E-9
6.974000E+2	-2.314350E-7	3.259640E-9
7.077000E+2	-1.783490E-7	-5.867350E-8
7.287000E+2	-2.202590E-7	-1.303860E-8
7.384000E+2	-1.941820E-7	-4.470370E-8
7.618000E+2	-2.044260E-7	-4.237540E-8
7.724000E+2	-1.396990E-7	-9.872060E-8
7.816000E+2	-1.750900E-7	-5.075730E-8
8.061000E+2	-1.695020E-7	-3.539050E-8
8.154000E+2	-1.089650E-7	-9.406400E-8
8.368000E+2	-1.280580E-7	-3.352780E-8
8.460000E+2	-1.085000E-7	-5.401690E-8
8.674000E+2	-1.229350E-7	-4.237540E-8
8.770000E+2	-1.396990E-7	-2.840550E-8
8.981000E+2	-1.396990E-7	-4.470370E-8
9.082000E+2	-2.020980E-7	1.117590E-8
9.292000E+2	-1.396990E-7	-5.634520E-8
9.399000E+2	-1.876620E-7	-7.450640E-9
9.605000E+2	-2.370230E-7	3.492480E-8
9.718000E+2	-2.221210E-7	2.933680E-8
9.923000E+2	-1.387680E-7	-2.561150E-8
1.003800E+3	-2.067550E-7	3.306220E-8
1.013800E+3	-1.844030E-7	2.421450E-8
1.037800E+3	-1.783490E-7	1.583260E-8
1.047400E+3	-1.615850E-7	4.656640E-9
1.070700E+3	-1.578600E-7	1.071030E-8
1.081200E+3	-9.685800E-8	-5.168860E-8
1.090500E+3	-1.909220E-7	2.887110E-8
1.115100E+3	-8.940740E-8	-6.984960E-8
1.124500E+3	-1.150190E-7	-2.328320E-8
1.135500E+3	-9.127010E-8	-5.401690E-8
1.158900E+3	-1.001180E-7	-4.237540E-8
1.169100E+3	-1.089650E-7	-2.468020E-8
1.193300E+3	-1.005830E-7	-3.213090E-8
1.203700E+3	-1.243320E-7	-1.071030E-8
1.224400E+3	-1.187440E-7	-2.793980E-8
1.234300E+3	-1.802120E-7	1.536690E-8
1.255600E+3	-1.350430E-7	-3.026820E-8
1.267000E+3	-2.007010E-7	2.700850E-8
1.286600E+3	-1.993040E-7	2.188620E-8
1.299700E+3	-1.797460E-7	1.443560E-8
1.310500E+3	-1.844030E-7	3.399350E-8
1.330900E+3	-1.909220E-7	3.539050E-8
1.341400E+3	-1.494780E-7	-1.909220E-8
1.362100E+3	-1.685700E-7	8.381960E-9
1.371900E+3	-1.257290E-7	-2.561150E-8
1.394800E+3	-1.527380E-7	1.303860E-8
1.405400E+3	-1.410960E-7	-1.816090E-8
1.417200E+3	-1.369050E-7	-4.610070E-8
1.438100E+3	-1.341110E-7	-4.516940E-8
1.450200E+3	-1.727610E-7	-7.450640E-9
1.459200E+3	-1.280580E-7	-5.634520E-8
1.479900E+3	-9.452970E-8	-7.636890E-8
1.489500E+3	-1.522720E-7	-1.536690E-8
1.512800E+3	-1.196760E-7	-4.703200E-8
1.521800E+3	-1.271260E-7	-4.144410E-8
1.542900E+3	-1.466840E-7	-4.330670E-8
1.552200E+3	-2.454050E-7	6.659000E-8
1.572800E+3	-1.457530E-7	-2.980250E-8
1.582700E+3	-1.657760E-7	-2.281750E-8
1.596700E+3	-2.314350E-7	3.073390E-8
1.617800E+3	-1.639140E-7	-8.847620E-9
1.629100E+3	-2.076860E-7	4.051280E-8
1.648600E+3	-2.160680E-7	5.308560E-8
1.659900E+3	-1.960440E-7	3.119950E-8
1.679300E+3	-1.410960E-7	-4.516940E-8
1.690600E+3	-2.291060E-7	3.492480E-8
1.699700E+3	-1.927850E-7	1.164160E-8
1.723300E+3	-1.858000E-7	9.313280E-9
1.732800E+3	-2.109450E-7	4.097840E-8
1.755400E+3	-1.695020E-7	1.629830E-8
1.765800E+3	-2.179300E-7	4.610070E-8
1.777600E+3	-1.573940E-7	-1.071030E-8
1.798600E+3	-1.932500E-7	4.051280E-8
1.810600E+3	-1.792810E-7	1.629830E-8
1.819700E+3	-1.271260E-7	-3.678750E-8
1.843600E+3	-1.778840E-7	2.933680E-8
1.852500E+3	-1.247980E-7	-4.656640E-8
1.876600E+3	-2.258470E-7	2.654280E-8
1.885500E+3	-1.527380E-7	-6.100210E-8
1.896600E+3	-1.951130E-7	-1.862660E-9
1.915800E+3	-2.393520E-7	2.421450E-8
1.928600E+3	-1.909220E-7	-1.536690E-8
1.939500E+3	-2.221210E-7	1.955790E-8
1.961100E+3	-1.522720E-7	-6.053640E-8
1.972300E+3	-2.277090E-7	2.328320E-8
1.993800E+3	-1.373710E-7	-5.913920E-8
2.004900E+3	-2.291060E-7	3.026820E-8
2.015000E+3	-1.462190E-7	-4.470370E-8
2.037100E+3	-1.913880E-7	-3.725320E-9
2.048200E+3	-2.239840E-7	3.166520E-8
2.070700E+3	-1.750900E-7	-2.840550E-8
2.081400E+3	-1.979070E-7	-3.585610E-8
2.093300E+3	-1.634480E-7	-8.894180E-8
2.114000E+3	-2.440080E-7	5.122300E-9
2.123000E+3	-1.611200E-7	-6.705570E-8
2.144200E+3	-1.275920E-7	-5.168860E-8
2.156000E+3	-1.788150E-7	4.190980E-9
2.176600E+3	-2.207240E-7	4.097840E-8
2.185900E+3	-1.490130E-7	-4.097840E-8
2.206900E+3	-2.244500E-7	3.725310E-8
2.215900E+3	-1.513410E-7	-5.308560E-8
2.237000E+3	-2.416800E-7	2.328320E-8
2.246000E+3	-1.527380E-7	-6.472740E-8
2.258700E+3	-1.490130E-7	-8.428510E-8
2.269900E+3	-2.221210E-7	6.053630E-9
2.291100E+3	-1.634480E-7	-4.377240E-8
2.312200E+3	-2.137390E-7	-6.519290E-9
2.321700E+3	-1.783490E-7	-5.355130E-8
2.332900E+3	-2.458710E-7	1.955790E-8
2.352300E+3	-1.657760E-7	-4.703200E-8
2.365400E+3	-2.370230E-7	3.818450E-8
2.384600E+3	-2.118770E-7	3.352780E-8
2.396000E+3	-1.410960E-7	-4.982600E-8
2.408500E+3	-2.109450E-7	1.164160E-8
2.430900E+3	-2.030290E-7	8.847620E-9
2.441000E+3	-2.360910E-7	5.820790E-8
2.460300E+3	-2.258470E-7	6.286470E-8
2.471500E+3	-1.639140E-7	0.000000E+0
2.491200E+3	-2.114110E-7	2.793980E-8
2.501900E+3	-1.546000E-7	-4.703200E-8
2.522000E+3	-2.277090E-7	5.587960E-8
2.532100E+3	-1.587910E-7	1.862660E-9
2.541200E+3	-1.443560E-7	-6.984950E-9
2.565100E+3	-1.867310E-7	1.955790E-8
2.573900E+3	-1.420280E-7	-4.610070E-8
2.594900E+3	-1.601880E-7	-4.470370E-8
2.604000E+3	-2.300380E-7	4.656650E-10
2.624800E+3	-1.853340E-7	-3.818450E-8
2.634200E+3	-2.360910E-7	9.778940E-9
2.645400E+3	-1.364400E-7	-7.869720E-8
2.667400E+3	-2.319000E-7	1.583260E-8
2.680500E+3	-2.393520E-7	1.024460E-8
2.700100E+3	-1.811430E-7	-6.705570E-8
2.711400E+3	-2.221210E-7	-3.306220E-8
2.721200E+3	-2.738110E-7	1.722960E-8
2.743800E+3	-2.537870E-7	2.095490E-8
2.754300E+3	-1.769520E-7	-5.308560E-8
2.774300E+3	-2.360910E-7	1.257290E-8
2.787100E+3	-2.514590E-7	2.421450E-8
2.796200E+3	-1.620510E-7	-5.867350E-8
2.819500E+3	-2.542530E-7	6.984950E-9
2.829200E+3	-2.086170E-7	-5.029160E-8
2.851500E+3	-2.402830E-7	-1.024460E-8
2.862100E+3	-2.016320E-7	-3.306220E-8
2.871000E+3	-1.732270E-7	-5.634520E-8
2.895300E+3	-2.314350E-7	1.536690E-8
2.904400E+3	-1.448220E-7	-5.262000E-8
2.925100E+3	-1.643790E-7	-1.816090E-8
2.934700E+3	-2.221210E-7	2.793980E-8
2.955100E+3	-1.881280E-7	-2.793980E-8
2.965100E+3	-1.825400E-7	-5.727660E-8
2.985200E+3	-1.722960E-7	-5.215430E-8
2.994900E+3	-2.370230E-7	1.396990E-8
3.018400E+3	-2.305030E-7	5.122300E-9
3.028200E+3	-2.672910E-7	4.703200E-8
3.039400E+3	-2.221210E-7	7.916300E-9
3.058700E+3	-1.657760E-7	-3.166520E-8
3.069600E+3	-2.384200E-7	4.330670E-8
3.091100E+3	-1.587910E-7	-7.404060E-8
3.102400E+3	-2.621690E-7	1.396990E-8
3.111600E+3	-2.663600E-7	1.024460E-8
3.134900E+3	-2.691540E-7	-6.519290E-9
3.144800E+3	-2.076860E-7	-8.614780E-8
3.167100E+3	-2.854520E-7	-1.303860E-8
3.177900E+3	-2.188620E-7	-6.845270E-8
3.197700E+3	-2.579780E-7	-5.587960E-9
3.207900E+3	-2.067550E-7	-2.514580E-8
3.228100E+3	-3.040790E-7	3.725310E-8
3.237800E+3	-2.607720E-7	-5.122300E-9
3.258700E+3	-3.119950E-7	4.656640E-8
3.267900E+3	-2.570470E-7	-1.816090E-8
3.277900E+3	-3.096670E-7	2.887110E-8
3.298100E+3	-2.086170E-7	-6.100210E-8
3.308900E+3	-2.635660E-7	4.656640E-9
3.331300E+3	-2.328320E-7	-4.563500E-8
3.341300E+3	-2.328320E-7	-4.470370E-8
3.361600E+3	-2.197930E-7	-5.075730E-8
3.371800E+3	-2.812610E-7	5.587960E-9
3.391600E+3	-2.044260E-7	-6.752130E-8
3.402600E+3	-2.849870E-7	1.396990E-8
3.421900E+3	-2.840550E-7	8.381960E-9
3.433000E+3	-3.017500E-7	3.492480E-8
3.452200E+3	-3.157200E-7	1.210730E-8
3.463300E+3	-2.337630E-7	-6.845270E-8
3.475500E+3	-2.728790E-7	-1.676390E-8
3.495500E+3	-2.617030E-7	4.656640E-9
3.505400E+3	-2.663600E-7	1.024460E-8
3.527500E+3	-2.840550E-7	3.725310E-8
3.538300E+3	-2.230530E-7	-1.909220E-8
3.558300E+3	-2.747420E-7	3.306220E-8
3.568700E+3	-2.514590E-7	1.257290E-8
3.577800E+3	-2.169990E-7	-3.166520E-8
3.602100E+3	-3.078040E-7	3.678750E-8
3.611000E+3	-2.444740E-7	-3.911580E-8
3.635300E+3	-2.961620E-7	1.396990E-8
3.644400E+3	-2.370230E-7	-4.377240E-8
3.654300E+3	-2.682230E-7	9.313300E-10
3.677300E+3	-2.100140E-7	-4.004710E-8
3.687400E+3	-2.244500E-7	-2.002350E-8
3.707200E+3	-2.426110E-7	-2.374880E-8
3.717900E+3	-3.110640E-7	2.654280E-8
3.737300E+3	-2.984910E-7	1.164160E-8
3.747400E+3	-3.087350E-7	5.587960E-9
3.761400E+3	-3.282930E-7	4.796330E-8
3.782700E+3	-2.407490E-7	-5.960510E-8
3.793900E+3	-3.282930E-7	3.073390E-8
3.813200E+3	-3.371410E-7	2.887110E-8
3.824400E+3	-2.835900E-7	0.000000E+0
3.843600E+3	-3.287590E-7	3.213090E-8
3.854600E+3	-2.700850E-7	-1.443560E-8
3.874300E+3	-2.826580E-7	3.259640E-9
3.884800E+3	-2.300380E-7	-3.539050E-8
3.905200E+3	-3.292240E-7	7.310930E-8
3.915300E+3	-3.203770E-7	4.982600E-8
3.924700E+3	-3.394690E-7	6.659000E-8
3.948600E+3	-3.105980E-7	3.725310E-8
3.957600E+3	-2.477340E-7	-2.607710E-8
3.978700E+3	-2.440080E-7	-3.259650E-8
3.987900E+3	-2.803300E-7	-1.443560E-8
4.008600E+3	-2.854520E-7	-4.796330E-8
4.018100E+3	-3.851040E-7	4.051280E-8
4.038400E+3	-2.803300E-7	-5.541390E-8
4.048400E+3	-3.064070E-7	-1.909220E-8
4.068200E+3	-3.133920E-7	-3.725320E-9
4.079000E+3	-3.487820E-7	2.654280E-8
4.098400E+3	-2.486650E-7	-7.776590E-8
4.109700E+3	-2.617030E-7	-5.960510E-8
4.122600E+3	-3.385380E-7	2.188620E-8
4.142200E+3	-3.334150E-7	2.188620E-8
4.153100E+3	-2.505280E-7	-6.938400E-8
4.174900E+3	-2.970940E-7	-5.681090E-8
4.186200E+3	-2.873150E-7	-6.333040E-8
4.198300E+3	-3.217740E-7	-3.445920E-8
4.218700E+3	-3.702030E-7	1.396990E-9
4.228600E+3	-3.338810E-7	-3.306220E-8
4.249400E+3	-4.004710E-7	3.213090E-8
4.258800E+3	-3.073380E-7	-5.867350E-8
4.282900E+3	-3.823100E-7	4.190980E-9
4.292000E+3	-3.189800E-7	-5.727660E-8
4.313200E+3	-3.674090E-7	2.654280E-8
4.322200E+3	-3.678740E-7	3.911580E-8
4.334600E+3	-3.115290E-7	-1.769520E-8
4.355200E+3	-3.096670E-7	-3.678750E-8
4.365100E+3	-3.669430E-7	1.629830E-8
4.388600E+3	-3.823100E-7	2.235190E-8
4.397800E+3	-4.908110E-7	-1.862660E-8
4.410800E+3	-4.572810E-7	-9.825500E-8
4.430700E+3	-4.419140E-7	-9.266710E-8
4.441500E+3	-4.642660E-7	-4.237540E-8
4.451900E+3	-4.270130E-7	-4.284110E-8
4.474700E+3	-4.177000E-7	1.350420E-8
4.484700E+3	-3.343470E-7	-4.237540E-8
4.506600E+3	-3.837070E-7	3.259650E-8
4.506600E+3	-3.837070E-7	3.259650E-8
4.537300E+3	-4.130430E-7	6.659000E-8
4.547700E+3	-4.121120E-7	7.916290E-8
4.559700E+3	-3.632180E-7	7.916300E-9
4.580900E+3	-3.939510E-7	4.703200E-8
4.593200E+3	-3.180480E-7	-2.700850E-8
4.613700E+3	-4.037300E-7	5.494830E-8
4.623300E+3	-3.464540E-7	-3.166520E-8
4.633100E+3	-4.363260E-7	3.958140E-8
4.653400E+3	-4.488990E-7	3.958140E-8
4.665600E+3	-4.312040E-7	1.396990E-8
4.686700E+3	-3.757900E-7	-6.798700E-8
4.696200E+3	-4.195630E-7	-3.585610E-8
4.716800E+3	-4.740450E-7	-1.210730E-8
4.729000E+3	-4.060580E-7	-7.543760E-8
4.740200E+3	-4.516930E-7	-1.071030E-8
4.759500E+3	-4.121120E-7	-3.911580E-8
4.770700E+3	-3.743930E-7	-6.565870E-8
4.792500E+3	-3.674090E-7	-7.357490E-8
4.803300E+3	-4.386550E-7	1.396990E-9
4.813600E+3	-4.167690E-7	-3.445920E-8
4.836600E+3	-4.144400E-7	-3.073390E-8
4.846700E+3	-4.540220E-7	-1.396990E-9
4.868900E+3	-4.353950E-7	-4.051280E-8
4.879700E+3	-4.940700E-7	2.142050E-8
4.891800E+3	-4.386550E-7	-3.073390E-8
4.912700E+3	-5.043150E-7	4.097840E-8
4.925200E+3	-4.801000E-7	1.490130E-8
4.945300E+3	-4.880170E-7	1.722960E-8
4.955400E+3	-4.763730E-7	4.656650E-10
4.964700E+3	-4.945360E-7	1.303860E-8
4.988700E+3	-5.061770E-7	5.727660E-8
4.997900E+3	-5.057120E-7	5.820790E-8
5.021700E+3	-5.136280E-7	6.984960E-8
5.031000E+3	-4.353950E-7	-3.119950E-8
5.052300E+3	-5.234070E-7	3.166520E-8
5.061300E+3	-4.726480E-7	-1.210730E-8
5.073800E+3	-4.433110E-7	-4.936030E-8
5.094600E+3	-5.359800E-7	1.955790E-8
5.107200E+3	-4.875510E-7	-4.004710E-8
5.118400E+3	-5.411020E-7	1.210730E-8
5.137600E+3	-5.364450E-7	-1.676390E-8
5.148700E+3	-5.546060E-7	5.122300E-9
5.167200E+3	-4.833600E-7	-6.612440E-8
5.178400E+3	-5.471560E-7	-1.257290E-8
5.200400E+3	-5.094370E-7	-3.259650E-8
5.211700E+3	-5.196820E-7	-8.381960E-9
5.224000E+3	-5.033830E-7	-2.235190E-8
5.244400E+3	-5.257350E-7	-1.071030E-8
5.254200E+3	-5.266670E-7	-1.443560E-8
5.275000E+3	-5.783550E-7	0.000000E+0
5.284300E+3	-5.504150E-7	-1.722960E-8
5.305400E+3	-5.397050E-7	-3.725310E-8
5.317700E+3	-5.932560E-7	1.164160E-8
5.338200E+3	-6.062950E-7	2.887110E-8
5.347600E+3	-6.086230E-7	2.793980E-8
5.359700E+3	-5.248040E-7	-5.867350E-8
5.383500E+3	-5.913930E-7	2.654280E-8
5.392700E+3	-5.085060E-7	-6.891830E-8
5.402700E+3	-6.011720E-7	7.916300E-9
5.422800E+3	-6.090890E-7	0.000000E+0
5.435200E+3	-5.923250E-7	-3.725310E-8
5.446600E+3	-5.303920E-7	-9.778930E-8
5.468600E+3	-5.923250E-7	-5.215430E-8
5.478900E+3	-5.601940E-7	-7.683460E-8
5.501400E+3	-5.620570E-7	-5.820790E-8
5.512400E+3	-6.570520E-7	2.561150E-8
5.532100E+3	-6.817320E-7	1.350420E-8
5.545200E+3	-6.435480E-7	-1.676390E-8
5.556000E+3	-6.826630E-7	7.450640E-9
5.577900E+3	-6.347000E-7	-5.867350E-8
5.589300E+3	-7.161910E-7	1.490130E-8
5.608800E+3	-7.040840E-7	-2.747410E-8
5.622000E+3	-7.320230E-7	1.862660E-8
5.632100E+3	-6.943050E-7	-1.816090E-8
5.652800E+3	-7.078090E-7	-5.122300E-8
5.662200E+3	-6.486700E-7	-9.546100E-8
5.683300E+3	-7.259700E-7	4.656650E-10
5.692300E+3	-7.273670E-7	-4.656650E-10
5.713400E+3	-7.143280E-7	-2.840550E-8
5.722500E+3	-6.603110E-7	-6.938400E-8
5.743700E+3	-6.617080E-7	-5.867350E-8
5.753000E+3	-7.110680E-7	9.313300E-10
5.774100E+3	-6.984960E-7	-2.421450E-8
5.783900E+3	-7.073430E-7	-2.374880E-8
5.797100E+3	-7.343510E-7	-6.984950E-9
5.819700E+3	-7.068770E-7	-5.215430E-8
5.829600E+3	-7.529780E-7	-2.235190E-8
5.840800E+3	-8.014070E-7	1.536690E-8
5.862200E+3	-8.246900E-7	1.722960E-8
5.873500E+3	-7.934900E-7	-7.450640E-9
5.892600E+3	-8.014070E-7	-1.210730E-8
5.906600E+3	-8.433160E-7	2.980250E-8
5.926000E+3	-8.656680E-7	3.259650E-8
5.937200E+3	-8.703250E-7	2.328320E-8
5.949500E+3	-8.703250E-7	3.725320E-9
5.969900E+3	-8.940730E-7	7.916300E-9
5.979600E+3	-8.493700E-7	-4.144410E-8
6.000400E+3	-8.149110E-7	-8.940740E-8
6.012800E+3	-8.745160E-7	-9.778940E-9
6.033000E+3	-8.838290E-7	-6.984950E-9
6.043000E+3	-8.107200E-7	-8.009420E-8
6.063700E+3	-9.294640E-7	2.933680E-8
6.073100E+3	-8.875540E-7	-2.607710E-8
6.083100E+3	-9.620630E-7	3.445920E-8
6.106700E+3	-9.597350E-7	-9.313280E-9
6.116000E+3	-9.411050E-7	-4.703200E-8
6.136900E+3	-9.248070E-7	-8.475080E-8
6.146500E+3	-9.853470E-7	-2.700850E-8
6.157700E+3	-1.008160E-6	-3.259640E-9
6.179100E+3	-9.485560E-7	-9.592670E-8
6.190100E+3	-9.904690E-7	-6.007080E-8
6.205000E+3	-1.054260E-6	-4.190980E-9
6.227200E+3	-9.830180E-7	-7.962850E-8
6.238300E+3	-1.044020E-6	-3.213090E-8
6.257300E+3	-1.078940E-6	-2.421450E-8
6.268100E+3	-1.101300E-6	-4.656640E-9
6.287600E+3	-1.100360E-6	-2.328320E-9
6.298700E+3	-1.118990E-6	2.002350E-8
6.318100E+3	-1.133890E-6	4.330670E-8
6.329400E+3	-1.127840E-6	1.490130E-8
6.348800E+3	-1.121320E-6	-5.541390E-8
6.359900E+3	-1.193960E-6	1.722960E-8
6.372200E+3	-1.127840E-6	-4.936030E-8
6.381400E+3	-1.109210E-6	-7.310930E-8
6.408700E+3	-1.234010E-6	2.281750E-8
6.417900E+3	-1.189310E-6	-5.075730E-8
6.439200E+3	-1.243320E-6	-3.818450E-8
6.448300E+3	-1.219110E-6	-7.543760E-8
6.472300E+3	-1.335990E-6	3.213090E-8
6.481500E+3	-1.268000E-6	-4.842900E-8
6.491700E+3	-1.285700E-6	-3.119950E-8
6.514800E+3	-1.328070E-6	-1.676390E-8
6.524300E+3	-1.349960E-6	-4.097840E-8
6.548200E+3	-1.402110E-6	-6.053630E-9
6.557300E+3	-1.325280E-6	-8.475080E-8
6.568400E+3	-1.394200E-6	6.053630E-9
6.587800E+3	-1.433310E-6	3.725310E-8
6.599100E+3	-1.383020E-6	-1.676390E-8
6.618500E+3	-1.391870E-6	-5.075730E-8
6.629700E+3	-1.398390E-6	-8.614780E-8
6.649100E+3	-1.521320E-6	3.259640E-9
6.660100E+3	-1.536220E-6	-6.519290E-9
6.681500E+3	-1.552060E-6	-3.166520E-8
6.692700E+3	-1.620510E-6	3.492480E-8
6.712100E+3	-1.661950E-6	3.492480E-8
6.723300E+3	-1.668470E-6	2.328320E-8
6.732400E+3	-1.641930E-6	-3.306220E-8
6.756100E+3	-1.695480E-6	-2.514580E-8
6.765700E+3	-1.731800E-6	-1.676390E-8
6.789600E+3	-1.723890E-6	-3.818450E-8
6.799000E+3	-1.676390E-6	-1.024460E-7
6.819500E+3	-1.767190E-6	-3.678750E-8
6.829500E+3	-1.719690E-6	-1.057060E-7
6.850200E+3	-1.834710E-6	-3.073390E-8
6.859500E+3	-1.841700E-6	-4.190970E-8
6.869500E+3	-1.891990E-6	2.328320E-9
6.889800E+3	-1.823070E-6	-8.149120E-8
6.900300E+3	-1.890590E-6	-2.654280E-8
6.923100E+3	-1.855670E-6	-8.707910E-8
6.933000E+3	-1.910620E-6	-5.075730E-8
6.953300E+3	-1.925990E-6	-6.938400E-8
6.963700E+3	-2.009340E-6	-1.536690E-8
6.983700E+3	-1.969760E-6	-9.872060E-8
6.994600E+3	-2.000030E-6	-7.357490E-8
7.014100E+3	-2.019120E-6	-8.009420E-8
7.025200E+3	-2.088970E-6	-8.381960E-9
7.035100E+3	-2.039150E-6	-7.078100E-8
7.058500E+3	-2.114120E-6	-1.210730E-8
7.068100E+3	-2.124360E-6	-1.769520E-8
7.091200E+3	-2.144850E-6	-5.215430E-8
7.101600E+3	-2.199800E-6	-5.587960E-9
7.110800E+3	-2.161610E-6	-6.938400E-8
7.134900E+3	-2.226340E-6	-8.847620E-9
7.144000E+3	-2.251020E-6	-3.725320E-9
7.156500E+3	-2.274300E-6	1.862660E-9
7.177400E+3	-2.238450E-6	-5.494830E-8
7.187300E+3	-2.194210E-6	-1.052400E-7
7.210700E+3	-2.182570E-6	-8.754480E-8
7.219800E+3	-2.202590E-6	-3.771880E-8
7.240700E+3	-2.235650E-6	1.490130E-8
7.252700E+3	-2.146250E-6	-6.472740E-8
7.263300E+3	-2.224010E-6	1.117590E-8
7.286000E+3	-2.178840E-6	-1.909220E-8
7.296800E+3	-2.233790E-6	3.399350E-8
7.307200E+3	-2.244970E-6	3.632180E-8
7.329200E+3	-2.171390E-6	-2.933680E-8
7.340300E+3	-2.193280E-6	1.490130E-8
7.361800E+3	-2.139730E-6	-2.887110E-8
7.373200E+3	-2.164870E-6	2.514580E-8
7.385800E+3	-2.061960E-6	-5.727660E-8
7.405800E+3	-2.102940E-6	-1.862660E-9
7.418800E+3	-2.115980E-6	2.328320E-8
7.438400E+3	-2.053120E-6	-2.700850E-8
7.449600E+3	-1.986060E-6	-8.055990E-8
7.469500E+3	-2.032630E-6	-4.190980E-9
7.480300E+3	-1.966040E-6	-5.075730E-8
7.500800E+3	-1.977680E-6	1.024460E-8
7.511000E+3	-1.929710E-6	-1.676390E-8
7.523100E+3	-1.873360E-6	-4.936030E-8
7.544400E+3	-1.831920E-6	-4.004710E-8
7.553500E+3	-1.846820E-6	-1.257290E-8
7.574700E+3	-1.833320E-6	3.492480E-8
7.583800E+3	-1.837040E-6	6.053640E-8
7.604900E+3	-1.705720E-6	-3.725310E-8
7.614500E+3	-1.715970E-6	-1.303860E-8
7.634900E+3	-1.736460E-6	3.958140E-8
7.647100E+3	-1.705260E-6	2.468020E-8
7.658200E+3	-1.693620E-6	3.958140E-8
7.677600E+3	-1.635880E-6	2.654280E-8
7.688800E+3	-1.605610E-6	2.281750E-8
7.710400E+3	-1.495710E-6	-2.654280E-8
7.721300E+3	-1.556710E-6	4.703200E-8
7.740900E+3	-1.512480E-6	2.235190E-8
7.752100E+3	-1.449150E-6	-1.303860E-8
7.771600E+3	-1.373240E-6	-4.563500E-8
7.782800E+3	-1.424000E-6	3.399350E-8
7.792000E+3	-1.338320E-6	-3.026820E-8
7.815400E+3	-1.339250E-6	3.539050E-8
7.825500E+3	-1.272660E-6	-2.002350E-8
7.846100E+3	-1.201880E-6	-5.960510E-8
7.855700E+3	-1.207470E-6	-4.842900E-8
7.876900E+3	-1.261020E-6	2.887110E-8
7.886100E+3	-1.172080E-6	-4.936030E-8
7.909700E+3	-1.218640E-6	1.629830E-8
7.919500E+3	-1.135290E-6	-7.124660E-8
7.940700E+3	-1.125510E-6	-3.678750E-8
7.950100E+3	-1.168820E-6	1.443560E-8
7.963200E+3	-1.065440E-6	-7.031530E-8
7.983700E+3	-1.075680E-6	-3.166520E-8
7.994200E+3	-1.051000E-6	0.000000E+0
8.014000E+3	-9.201500E-7	-6.472740E-8
8.023900E+3	-9.648570E-7	-3.259640E-9
8.035000E+3	-8.996610E-7	-5.215430E-8
8.057300E+3	-9.522810E-7	2.188620E-8
8.068200E+3	-8.596140E-7	-5.541390E-8
8.088000E+3	-9.229440E-7	2.374880E-8
8.098600E+3	-9.113030E-7	6.984950E-9
8.117800E+3	-8.889510E-7	6.519290E-9
8.129000E+3	-8.051320E-7	-5.308560E-8
8.148800E+3	-8.349340E-7	2.002350E-8
8.159300E+3	-7.967500E-7	-2.002350E-8
8.179600E+3	-7.511150E-7	-1.303860E-8
8.189600E+3	-7.762610E-7	4.377240E-8
8.212900E+3	-7.590320E-7	4.423800E-8
8.222600E+3	-7.255040E-7	1.629830E-8
8.243500E+3	-7.161910E-7	3.492480E-8
8.252900E+3	-6.491350E-7	-4.190970E-8
8.273400E+3	-6.859230E-7	1.164160E-8
8.283200E+3	-6.016380E-7	-6.100210E-8
8.292900E+3	-6.170050E-7	-1.629830E-8
8.316600E+3	-5.606600E-7	-2.654280E-8
8.326600E+3	-5.308580E-7	-3.632180E-8
8.347000E+3	-4.819630E-7	-2.933680E-8
8.356500E+3	-5.220100E-7	5.820790E-8
8.377400E+3	-5.122310E-7	7.450630E-8
8.390400E+3	-4.274790E-7	-4.190980E-9
8.411000E+3	-4.041960E-7	1.164160E-8
8.421200E+3	-4.358610E-7	5.168860E-8
8.432300E+3	-3.553010E-7	-1.303860E-8
8.452100E+3	-3.767220E-7	1.303860E-8
8.462600E+3	-3.133920E-7	-5.075730E-8
8.484600E+3	-2.980250E-7	-4.144410E-8
8.495700E+3	-2.458710E-7	-6.891830E-8
8.508100E+3	-2.738110E-7	-2.002350E-8
8.528700E+3	-2.332970E-7	-1.257290E-8
8.538200E+3	-2.244500E-7	6.053630E-9
8.550300E+3	-1.299200E-7	-6.752130E-8
8.574400E+3	-1.820740E-7	2.980250E-8
8.583300E+3	-8.568210E-8	-4.749770E-8
8.604400E+3	-3.306220E-8	-4.656640E-9
8.616600E+3	1.769520E-8	-3.911580E-8
8.626800E+3	3.585610E-8	-2.002350E-8
8.649900E+3	9.220140E-8	-3.259650E-8
8.659500E+3	1.364400E-7	-5.727660E-8
8.680300E+3	1.899910E-7	-4.004710E-8
8.690300E+3	1.806770E-7	-3.725320E-9
8.710800E+3	2.626350E-7	-5.122300E-9
8.721200E+3	2.533220E-7	5.308560E-8
8.741200E+3	3.743930E-7	-1.583260E-8
8.752200E+3	3.501790E-7	2.654280E-8
8.771800E+3	3.739280E-7	3.865010E-8
8.783100E+3	4.139750E-7	2.188620E-8
8.802000E+3	5.536750E-7	-3.073390E-8
8.813100E+3	5.345830E-7	4.423800E-8
8.823300E+3	5.886000E-7	5.494830E-8
8.846800E+3	6.775410E-7	1.629830E-8
8.856800E+3	7.986130E-7	-4.377240E-8
8.877800E+3	8.042010E-7	5.541390E-8
8.887200E+3	8.796380E-7	1.816090E-8
8.907700E+3	1.018870E-6	-3.678750E-8
8.917700E+3	1.030980E-6	1.024460E-8
8.941300E+3	1.085000E-6	4.656640E-8
8.951000E+3	1.195360E-6	-1.676390E-8
8.960700E+3	1.279180E-6	-5.262000E-8
8.984200E+3	1.358810E-6	1.164160E-8
8.993300E+3	1.491990E-6	-5.541390E-8
9.017300E+3	1.573480E-6	2.793980E-8
9.026400E+3	1.698270E-6	-3.911580E-8
9.037000E+3	1.756020E-6	-9.313280E-9
9.060000E+3	1.895710E-6	-3.725320E-9
9.069700E+3	1.973950E-6	1.396990E-8
9.093400E+3	2.133210E-6	3.585610E-8
9.102600E+3	2.277560E-6	-2.700850E-8
9.116600E+3	2.303180E-6	7.916300E-9
9.126700E+3	2.353470E-6	2.281750E-8
9.148800E+3	2.522040E-6	1.350420E-8
9.159800E+3	2.563010E-6	4.796330E-8
9.181600E+3	2.820520E-6	-4.936030E-8
9.192800E+3	2.873140E-6	-5.587960E-9
9.205300E+3	2.971400E-6	-5.587960E-9
9.225400E+3	3.165110E-6	1.629830E-8
9.235600E+3	3.302480E-6	-1.909220E-8
9.256300E+3	3.421690E-6	2.654280E-8
9.266000E+3	3.571170E-6	-2.281750E-8
9.287100E+3	3.709470E-6	1.955790E-8
9.299500E+3	3.819380E-6	9.313280E-9
9.308600E+3	3.923690E-6	9.313300E-10
9.333000E+3	4.066180E-6	3.399350E-8
9.342300E+3	4.217990E-6	-4.144410E-8
9.366800E+3	4.347910E-6	1.955790E-8
9.375900E+3	4.527650E-6	-6.333040E-8
9.386800E+3	4.651990E-6	-8.335380E-8
9.409200E+3	4.835920E-6	-6.612440E-8
9.419300E+3	4.970960E-6	-1.140870E-7
9.442700E+3	5.085050E-6	-5.727660E-8
9.452200E+3	5.216830E-6	-8.009420E-8
9.465200E+3	5.255020E-6	-1.816090E-8
9.485200E+3	5.411480E-6	6.053630E-9
9.497900E+3	5.549780E-6	-3.678750E-8
9.509100E+3	5.573990E-6	3.166520E-8
9.528700E+3	5.729530E-6	4.703200E-8
9.539800E+3	5.814740E-6	1.722960E-8
9.559700E+3	5.930690E-6	2.188620E-8
9.570300E+3	6.052230E-6	-4.796330E-8
9.590600E+3	6.091340E-6	1.164160E-8
9.600800E+3	6.184480E-6	-4.470370E-8
9.621500E+3	6.319980E-6	-8.661350E-8
9.634300E+3	6.295300E-6	-1.443560E-8
9.654300E+3	6.401010E-6	-3.445920E-8
9.664700E+3	6.432210E-6	-1.722960E-8
9.676900E+3	6.526270E-6	-5.401690E-8
9.698200E+3	6.562590E-6	9.313300E-10
9.707500E+3	6.631980E-6	-2.188620E-8
9.728700E+3	6.676680E-6	3.259640E-9
9.738100E+3	6.717660E-6	-6.984950E-9
9.759400E+3	6.793100E-6	-4.144410E-8
9.768800E+3	6.849910E-6	-7.962850E-8
9.792800E+3	6.823360E-6	-1.536690E-8
9.802000E+3	6.874590E-6	-5.448260E-8
9.814600E+3	6.863410E-6	-2.468020E-8
9.835300E+3	6.944900E-6	-7.916290E-8
9.845500E+3	6.931400E-6	-5.541390E-8
9.865900E+3	6.960730E-6	-6.379610E-8
9.876600E+3	7.011030E-6	-1.108280E-7
9.890300E+3	6.978890E-6	-6.891830E-8
9.910400E+3	6.957010E-6	-4.610070E-8
9.920800E+3	6.966320E-6	-3.259650E-8
9.942900E+3	7.024530E-6	-7.264360E-8
9.953800E+3	6.984950E-6	-2.002350E-8
9.966100E+3	6.982620E-6	-2.142050E-8
9.986800E+3	6.954680E-6	-1.210730E-8
9.996400E+3	6.965860E-6	-3.771880E-8
1.001760E+4	6.925340E-6	-1.071030E-8
1.002680E+4	6.961200E-6	-6.612440E-8
1.004800E+4	6.855490E-6	-1.443560E-8
1.005740E+4	6.826620E-6	-3.259640E-9
1.007870E+4	6.800080E-6	-2.561150E-8
1.008810E+4	6.816840E-6	-6.007080E-8
1.010920E+4	6.778190E-6	-5.681090E-8
1.011900E+4	6.704620E-6	-3.026820E-8
1.013980E+4	6.661310E-6	-6.659000E-8
1.014920E+4	6.624060E-6	-6.798700E-8
1.017050E+4	6.530000E-6	-7.171230E-8
1.018020E+4	6.448040E-6	-2.840550E-8
1.020080E+4	6.318590E-6	-1.396990E-8
1.021390E+4	6.321850E-6	-6.007080E-8
1.022510E+4	6.253860E-6	-3.306220E-8
1.024500E+4	6.120680E-6	-3.166520E-8
1.025520E+4	6.081570E-6	-3.539050E-8
1.027490E+4	5.967010E-6	-4.423800E-8
1.028610E+4	5.937210E-6	-8.102550E-8
1.030590E+4	5.745820E-6	-1.862660E-8
1.031680E+4	5.738840E-6	-6.333040E-8
1.033700E+4	5.614970E-6	-4.423800E-8
1.034730E+4	5.594480E-6	-8.288820E-8
1.036780E+4	5.389590E-6	-2.328320E-8
1.037770E+4	5.354670E-6	-5.774220E-8
1.039870E+4	5.220560E-6	-8.475080E-8
1.041110E+4	5.132080E-6	-7.916290E-8
1.043160E+4	4.919270E-6	-2.840550E-8
1.044170E+4	4.904840E-6	-9.685800E-8
1.046230E+4	4.728350E-6	-4.516940E-8
1.047190E+4	4.688770E-6	-7.404060E-8
1.049320E+4	4.460600E-6	-4.190980E-9
1.050250E+4	4.427070E-6	-6.938400E-8
1.051300E+4	4.268750E-6	-8.847620E-9
1.053290E+4	4.151870E-6	-9.872060E-8
1.055430E+4	3.968390E-6	-6.612440E-8
1.056370E+4	3.921360E-6	-1.075680E-7
1.057510E+4	3.823570E-6	-9.406400E-8
1.059730E+4	3.600040E-6	-3.445920E-8
1.060800E+4	3.548820E-6	-6.193340E-8
1.062760E+4	3.397480E-6	-6.053640E-8
1.063860E+4	3.274540E-6	-1.443560E-8
1.065800E+4	3.088750E-6	-5.122300E-9
1.066920E+4	3.048230E-6	-3.445920E-8
1.068890E+4	2.888510E-6	-4.004710E-8
1.070010E+4	2.800500E-6	-4.982600E-8
1.071230E+4	2.746950E-6	-8.195680E-8
1.073320E+4	2.550440E-6	-3.166520E-8
1.074310E+4	2.445670E-6	-2.980250E-8
1.076440E+4	2.304110E-6	-2.095490E-8
1.077380E+4	2.265460E-6	-6.752130E-8
1.079530E+4	1.998170E-6	2.188620E-8
1.080780E+4	1.983270E-6	-4.703200E-8
1.081830E+4	1.901300E-6	-6.239910E-8
1.084140E+4	1.683840E-6	-3.073390E-8
1.085120E+4	1.658230E-6	-8.242250E-8
1.087480E+4	1.436570E-6	-1.164160E-8
1.088410E+4	1.436570E-6	-7.776590E-8
1.089520E+4	1.348560E-6	-6.705570E-8
1.091740E+4	1.180920E-6	-3.306220E-8
1.092790E+4	1.065440E-6	1.629830E-8
1.094790E+4	1.024460E-6	-5.401690E-8
1.095890E+4	9.122340E-7	0.000000E+0
1.097860E+4	7.376110E-7	1.164160E-8
1.099000E+4	7.185190E-7	-2.142050E-8
1.100980E+4	6.542580E-7	-6.379610E-8
1.102120E+4	5.904620E-7	-3.539050E-8
1.103060E+4	4.712510E-7	1.396990E-8
1.105410E+4	3.529730E-7	4.423800E-8
1.106410E+4	3.320180E-7	1.024460E-8
1.108500E+4	1.899910E-7	2.142050E-8
1.109460E+4	1.927850E-7	-3.818450E-8
1.111600E+4	1.210730E-8	5.587960E-8
1.112530E+4	5.029160E-8	-3.539050E-8
1.114930E+4	-1.071030E-7	2.654280E-8
1.115920E+4	-8.288820E-8	-3.585610E-8
1.116910E+4	-1.927850E-7	4.330670E-8
1.119290E+4	-2.589090E-7	1.303860E-8
1.120220E+4	-3.357440E-7	4.703200E-8
1.122330E+4	-3.213080E-7	-4.051280E-8
1.123290E+4	-4.484340E-7	5.355130E-8
1.125340E+4	-4.982610E-7	6.519300E-8
1.126640E+4	-5.266670E-7	6.659000E-8
1.127960E+4	-5.667130E-7	5.494830E-8
1.129930E+4	-6.323720E-7	4.377240E-8
1.131060E+4	-6.686930E-7	7.124660E-8
1.133040E+4	-6.887170E-7	4.889470E-8
1.134180E+4	-7.436650E-7	7.497190E-8
1.136150E+4	-6.947700E-7	-2.095490E-8
1.137200E+4	-7.860400E-7	5.168860E-8
1.138520E+4	-7.967500E-7	4.703200E-8
1.140600E+4	-7.953530E-7	-3.725320E-9
1.141890E+4	-8.787060E-7	4.796330E-8
1.142810E+4	-8.470420E-7	1.257290E-8
1.145220E+4	-9.387770E-7	1.038430E-7
1.146180E+4	-8.684620E-7	1.164160E-8
1.148510E+4	-1.006770E-6	7.031530E-8
1.149530E+4	-9.550790E-7	1.769520E-8
1.150480E+4	-9.113030E-7	-1.629830E-8
1.152870E+4	-9.764990E-7	5.168860E-8
1.153800E+4	-9.466930E-7	9.313300E-10
1.156220E+4	-1.027260E-6	5.122300E-8
1.157140E+4	-9.625290E-7	-2.328320E-8
1.158140E+4	-1.057060E-6	7.217800E-8
1.160170E+4	-1.023530E-6	5.262000E-8
1.162300E+4	-1.023070E-6	4.656640E-8
1.163230E+4	-9.741710E-7	-1.303860E-8
1.164340E+4	-9.993160E-7	2.468020E-8
1.166580E+4	-9.709110E-7	-2.468020E-8
1.167700E+4	-1.075680E-6	6.798700E-8
1.169620E+4	-1.071030E-6	5.029160E-8
1.170710E+4	-1.008630E-6	-6.984950E-9
1.172070E+4	-1.089190E-6	5.494830E-8
1.174100E+4	-1.075220E-6	5.494830E-8
1.175410E+4	-1.071960E-6	6.891830E-8
1.177380E+4	-1.102690E-6	1.164160E-7
1.178470E+4	-1.042620E-6	6.333040E-8
1.179390E+4	-1.000710E-6	1.164160E-8
1.181800E+4	-1.086860E-6	1.075680E-7
1.182740E+4	-1.021670E-6	1.862660E-8
1.185090E+4	-1.064510E-6	5.867350E-8
1.186110E+4	-9.955910E-7	-1.862660E-9
1.188200E+4	-1.057060E-6	7.590320E-8
1.189180E+4	-9.760330E-7	-7.450640E-9
1.191310E+4	-1.033310E-6	5.029160E-8
1.192240E+4	-9.713770E-7	-1.955790E-8
1.193290E+4	-1.045880E-6	6.053640E-8
1.195620E+4	-9.886060E-7	9.778940E-9
1.196600E+4	-1.023530E-6	1.350420E-8
1.198980E+4	-1.024460E-6	4.190970E-8
1.199910E+4	-1.047750E-6	8.102550E-8
1.201290E+4	-1.030520E-6	7.962850E-8
1.203240E+4	-1.040290E-6	8.987310E-8
1.204550E+4	-9.676510E-7	8.381960E-9
1.205660E+4	-1.028190E-6	8.149120E-8
1.207830E+4	-9.504180E-7	9.778940E-9
1.208960E+4	-1.020740E-6	7.543760E-8
1.210920E+4	-9.653230E-7	2.887110E-8
1.212250E+4	-1.013290E-6	7.357490E-8
1.213290E+4	-9.709110E-7	3.166520E-8
1.215540E+4	-9.811560E-7	4.051280E-8
1.216660E+4	-9.923310E-7	5.867350E-8
1.218680E+4	-9.746360E-7	3.399350E-8
1.219760E+4	-9.080430E-7	-1.303860E-8
1.221810E+4	-9.848810E-7	9.173570E-8
1.222830E+4	-8.833630E-7	3.725320E-9
1.224930E+4	-9.615980E-7	8.754480E-8
1.225890E+4	-8.759130E-7	-2.002350E-8
1.227130E+4	-9.313260E-7	2.654280E-8
1.229260E+4	-9.145620E-7	2.002350E-8
1.230200E+4	-9.350520E-7	5.075730E-8
1.232300E+4	-8.894170E-7	3.259650E-8
1.233560E+4	-8.223610E-7	-1.257290E-8
1.234680E+4	-8.270180E-7	1.862660E-8
1.236880E+4	-8.069950E-7	1.257290E-8
1.237980E+4	-9.043180E-7	1.075680E-7
1.239960E+4	-8.069950E-7	9.313280E-9
1.241090E+4	-8.787060E-7	8.707910E-8
1.242070E+4	-8.149110E-7	2.468020E-8
1.244370E+4	-8.386600E-7	5.587960E-8
1.245430E+4	-7.767270E-7	2.793980E-9
1.247470E+4	-8.740500E-7	9.778930E-8
1.248470E+4	-8.163080E-7	4.796330E-8
1.250730E+4	-8.088570E-7	4.656640E-8
1.251830E+4	-8.060630E-7	6.519300E-8
1.253850E+4	-7.837120E-7	5.029160E-8
1.254890E+4	-7.511150E-7	1.350420E-8
1.256100E+4	-7.157250E-7	-2.840550E-8
1.258250E+4	-8.270180E-7	5.634520E-8
1.259490E+4	-7.227100E-7	-4.284110E-8
1.261640E+4	-8.107200E-7	6.333040E-8
1.262570E+4	-7.553060E-7	9.313300E-10
1.263670E+4	-7.594970E-7	7.916300E-9
1.265920E+4	-7.776580E-7	5.029160E-8
1.267170E+4	-7.092060E-7	-1.257290E-8
1.268280E+4	-7.893000E-7	7.404060E-8
1.270250E+4	-7.604290E-7	8.195680E-8
1.271370E+4	-6.887170E-7	3.213090E-8
1.273330E+4	-6.961670E-7	2.095490E-8
1.274460E+4	-7.553060E-7	6.705570E-8
1.276650E+4	-6.840600E-7	-2.235190E-8
1.277780E+4	-6.887170E-7	9.313300E-10
1.278780E+4	-6.617080E-7	-9.778940E-9
1.281220E+4	-7.250380E-7	7.171230E-8
1.282190E+4	-6.691590E-7	1.816090E-8
1.284340E+4	-6.174710E-7	-3.213090E-8
1.285590E+4	-6.868540E-7	2.468020E-8
1.287650E+4	-7.040840E-7	3.771880E-8
1.288620E+4	-6.938390E-7	2.887110E-8
1.289840E+4	-6.007070E-7	-4.842900E-8
1.291970E+4	-6.095540E-7	1.164160E-8
1.292890E+4	-6.603110E-7	7.357490E-8
1.295310E+4	-6.700900E-7	8.009420E-8
1.296240E+4	-5.955840E-7	3.259640E-9
1.298380E+4	-6.416850E-7	7.310930E-8
1.299320E+4	-5.741640E-7	1.909220E-8
1.301460E+4	-6.002410E-7	4.423800E-8
1.302410E+4	-5.401710E-7	-3.026820E-8
1.303540E+4	-6.081570E-7	3.725310E-8
1.305790E+4	-5.574000E-7	-1.443560E-8
1.306870E+4	-6.100200E-7	3.166520E-8
1.307930E+4	-5.411020E-7	-3.166520E-8
1.310450E+4	-5.359800E-7	-2.561150E-8
1.311580E+4	-5.532090E-7	-1.210730E-8
1.313470E+4	-5.788210E-7	1.490130E-8
1.314600E+4	-6.277150E-7	6.379610E-8
1.315580E+4	-6.216610E-7	6.891830E-8
1.317980E+4	-6.048980E-7	4.516940E-8
1.318950E+4	-5.164220E-7	-3.166520E-8
1.321080E+4	-5.802180E-7	4.936030E-8
1.322010E+4	-5.061770E-7	-3.306220E-8
1.324100E+4	-4.749760E-7	-3.678750E-8
1.325380E+4	-4.717170E-7	-2.374880E-8
1.327510E+4	-5.052460E-7	3.958140E-8
1.328450E+4	-5.103680E-7	2.607710E-8
1.330600E+4	-5.331860E-7	3.259650E-8
1.331540E+4	-4.996580E-7	-2.142050E-8
1.332640E+4	-5.560030E-7	1.816090E-8
1.334930E+4	-5.150250E-7	-1.164160E-8
1.335950E+4	-5.043150E-7	9.778940E-9
1.337080E+4	-4.731140E-7	-1.722960E-8
1.339270E+4	-4.838260E-7	-1.862660E-8
1.340400E+4	-4.908110E-7	-6.984950E-9
1.342610E+4	-4.586780E-7	-2.374880E-8
1.343690E+4	-5.117650E-7	9.313280E-9
1.345670E+4	-4.982610E-7	2.607710E-8
1.346780E+4	-5.401710E-7	8.707910E-8
1.347780E+4	-5.094370E-7	5.262000E-8
1.350090E+4	-5.411020E-7	6.193340E-8
1.351170E+4	-4.894140E-7	8.847620E-9
1.353400E+4	-4.768410E-7	-8.381960E-9
1.354530E+4	-5.327200E-7	5.355130E-8
1.356510E+4	-4.875510E-7	7.450640E-9
1.357620E+4	-4.339980E-7	-3.818450E-8
1.359640E+4	-5.187500E-7	5.029160E-8
1.360690E+4	-4.740450E-7	2.188620E-8
1.361920E+4	-4.163030E-7	-2.188620E-8
1.364040E+4	-4.973300E-7	7.590320E-8
1.365260E+4	-4.200280E-7	6.984950E-9
1.366290E+4	-4.177000E-7	7.916300E-9
1.368630E+4	-4.204940E-7	3.026820E-8
1.369610E+4	-3.729970E-7	-2.700850E-8
1.372010E+4	-4.717170E-7	6.379610E-8
1.372940E+4	-3.939510E-7	-1.955790E-8
1.374050E+4	-4.214250E-7	1.257290E-8
1.376300E+4	-3.790500E-7	-2.561150E-8
1.377350E+4	-4.274790E-7	1.862660E-8
1.378450E+4	-4.433110E-7	3.818450E-8
1.380660E+4	-4.093180E-7	2.793980E-9
1.381780E+4	-4.144400E-7	2.328320E-9
1.383770E+4	-4.684570E-7	4.423800E-8
1.384890E+4	-4.177000E-7	-1.071030E-8
1.386890E+4	-4.218910E-7	2.328320E-9
1.387970E+4	-3.753250E-7	-3.399350E-8
1.390020E+4	-4.614720E-7	7.264360E-8
1.391060E+4	-4.279450E-7	4.097840E-8
1.393350E+4	-4.251510E-7	3.119950E-8
1.394460E+4	-3.562330E-7	-1.536690E-8
1.395700E+4	-3.478510E-7	-1.350420E-8
1.397850E+4	-4.209600E-7	4.516940E-8
1.398770E+4	-4.363260E-7	4.563500E-8
1.401180E+4	-4.177000E-7	3.632180E-8
1.402130E+4	-3.227050E-7	-6.938400E-8
1.404270E+4	-4.093180E-7	-1.164160E-8
1.405200E+4	-3.417970E-7	-8.009420E-8
1.406290E+4	-3.897600E-7	-2.654280E-8
1.408240E+4	-4.312040E-7	4.237540E-8
1.410380E+4	-3.520420E-7	1.396990E-8
1.411310E+4	-3.259650E-7	-2.933680E-8
1.412410E+4	-3.147890E-7	-3.678750E-8
1.414700E+4	-3.254990E-7	-2.607710E-8
1.415830E+4	-4.177000E-7	5.727660E-8
1.417820E+4	-3.525070E-7	1.629830E-8
1.418950E+4	-4.088520E-7	6.984960E-8
1.420860E+4	-3.208420E-7	-6.053630E-9
1.421980E+4	-3.827750E-7	6.239910E-8
1.423310E+4	-3.990740E-7	7.031530E-8
1.425370E+4	-3.553010E-7	-9.778940E-9
1.426650E+4	-4.204940E-7	5.029160E-8
1.427590E+4	-3.338810E-7	-1.676390E-8
1.429980E+4	-3.948830E-7	5.960510E-8
1.430950E+4	-3.129260E-7	-5.122300E-9
1.433280E+4	-3.566980E-7	3.492480E-8
1.434350E+4	-3.459880E-7	2.235190E-8
1.436430E+4	-3.459880E-7	3.259650E-8
1.437430E+4	-3.571640E-7	3.632180E-8
1.438680E+4	-2.835900E-7	-4.004710E-8
1.441070E+4	-3.580950E-7	4.097840E-8
1.442060E+4	-3.040790E-7	-9.313280E-9
1.443070E+4	-3.287590E-7	2.095490E-8
1.445140E+4	-3.157200E-7	2.328320E-9
1.447300E+4	-3.571640E-7	2.561150E-8
1.448240E+4	-2.956970E-7	-4.936030E-8
1.449340E+4	-2.943000E-7	-3.445920E-8
1.451610E+4	-2.719480E-7	-5.960510E-8
1.452630E+4	-3.632180E-7	3.492480E-8
1.454690E+4	-2.733450E-7	-6.100210E-8
1.455770E+4	-3.441260E-7	1.396990E-8
1.457780E+4	-3.427290E-7	4.982600E-8
1.458880E+4	-2.915060E-7	7.916300E-9
1.460860E+4	-2.486650E-7	-2.980250E-8
1.461990E+4	-3.264300E-7	4.749770E-8
1.463990E+4	-3.469190E-7	4.377240E-8
1.465110E+4	-3.534390E-7	3.771880E-8
1.466050E+4	-2.784670E-7	-2.747410E-8
1.468430E+4	-3.301560E-7	6.938400E-8
1.469430E+4	-3.026820E-7	3.632180E-8
1.471840E+4	-3.362090E-7	5.448260E-8
1.472810E+4	-3.296900E-7	5.587960E-8
1.474050E+4	-2.677570E-7	4.656650E-10
1.476200E+4	-2.402830E-7	-5.587960E-9
1.477430E+4	-2.696200E-7	1.396990E-8
1.478470E+4	-3.040790E-7	3.166520E-8
1.480820E+4	-2.402830E-7	-5.494830E-8
1.481790E+4	-2.309690E-7	-6.239910E-8
1.483900E+4	-2.351600E-7	-6.193340E-8
1.484930E+4	-2.631000E-7	-2.980250E-8
1.487000E+4	-2.523900E-7	-3.818450E-8
1.488070E+4	-2.952310E-7	4.656640E-9
1.490100E+4	-2.533220E-7	-3.492480E-8
1.491200E+4	-3.105980E-7	2.328320E-8
1.492800E+4	-3.031470E-7	2.747410E-8
1.494700E+4	-2.863840E-7	2.933680E-8
1.495800E+4	-3.227050E-7	7.031530E-8
1.496820E+4	-2.426110E-7	6.519290E-9
1.499180E+4	-2.933680E-7	7.404060E-8
1.500170E+4	-2.617030E-7	4.610070E-8
1.502290E+4	-2.118770E-7	-9.313300E-10
1.503250E+4	-2.631000E-7	2.235190E-8
1.505400E+4	-2.649630E-7	2.468020E-8
1.506340E+4	-2.169990E-7	-2.793980E-8
1.508500E+4	-3.054760E-7	6.426170E-8
1.509430E+4	-2.654290E-7	1.816090E-8
1.511560E+4	-2.305030E-7	1.117590E-8
1.512540E+4	-1.858000E-7	-2.095490E-8
1.514940E+4	-2.915060E-7	9.546100E-8
1.515880E+4	-1.876620E-7	-4.190980E-9
1.516990E+4	-2.319000E-7	4.237540E-8
1.519010E+4	-2.677570E-7	8.847610E-8
1.520150E+4	-2.188620E-7	3.119950E-8
1.522390E+4	-2.458710E-7	5.262000E-8
1.523490E+4	-2.775360E-7	8.381950E-8
1.525490E+4	-2.076860E-7	-2.654280E-8
1.526620E+4	-2.826580E-7	4.470370E-8
1.528600E+4	-2.565810E-7	2.095490E-8
1.529720E+4	-2.169990E-7	-9.313280E-9
1.531720E+4	-2.356260E-7	4.656640E-8
1.532830E+4	-2.691540E-7	7.124660E-8
1.533780E+4	-1.811430E-7	-1.536690E-8
1.536170E+4	-2.607720E-7	4.051280E-8
1.537160E+4	-1.881280E-7	-3.166520E-8
1.539480E+4	-2.589090E-7	4.749770E-8
1.540540E+4	-2.030290E-7	-1.071030E-8
1.541480E+4	-2.761390E-7	5.262000E-8
1.543900E+4	-2.826580E-7	7.031530E-8
1.544840E+4	-2.481990E-7	3.213090E-8
1.546980E+4	-2.710170E-7	5.913920E-8
1.547920E+4	-1.820740E-7	-2.188620E-8
1.550080E+4	-1.806770E-7	-1.117590E-8
1.551040E+4	-2.277090E-7	3.632180E-8
1.553170E+4	-1.722960E-7	-1.024460E-8
1.554170E+4	-1.708990E-7	-1.536690E-8
1.556550E+4	-2.593750E-7	5.494830E-8
1.557500E+4	-2.570470E-7	4.889470E-8
1.558610E+4	-1.699670E-7	-4.936030E-8
1.560860E+4	-1.965100E-7	-3.539050E-8
1.561930E+4	-2.598410E-7	3.166520E-8
1.563970E+4	-2.607720E-7	3.213090E-8
1.565090E+4	-2.579780E-7	3.771880E-8
1.567090E+4	-1.816090E-7	-1.676390E-8
1.568220E+4	-1.974410E-7	1.676390E-8
1.569220E+4	-1.997700E-7	2.048920E-8
1.571550E+4	-2.249150E-7	5.820790E-8
1.572610E+4	-1.359740E-7	-3.213090E-8
1.574680E+4	-2.346940E-7	6.100210E-8
1.575700E+4	-1.415620E-7	-2.188620E-8
1.578020E+4	-2.160680E-7	5.029160E-8
1.579100E+4	-2.207240E-7	5.727660E-8
1.581180E+4	-1.858000E-7	3.585610E-8
1.582220E+4	-1.396990E-7	-1.164160E-8
1.584310E+4	-2.323660E-7	9.732370E-8
1.585290E+4	-1.736930E-7	3.026820E-8
1.586290E+4	-1.350430E-7	4.656640E-9
1.588680E+4	-1.890590E-7	5.355130E-8
1.589630E+4	-1.760210E-7	3.539050E-8
1.592040E+4	-2.100140E-7	5.541390E-8
1.592990E+4	-1.587910E-7	0.000000E+0
1.594330E+4	-1.806770E-7	1.909220E-8
1.595440E+4	-2.430770E-7	8.521650E-8
1.597670E+4	-1.820740E-7	2.188620E-8
1.598800E+4	-2.486650E-7	7.124660E-8
1.601000E+4	-1.462190E-7	-4.237540E-8
1.602110E+4	-2.291060E-7	4.796330E-8
1.603150E+4	-1.457530E-7	-2.793980E-8
1.605420E+4	-1.923190E-7	3.725310E-8
1.606530E+4	-1.420280E-7	-1.676390E-8
1.608560E+4	-2.086170E-7	3.445920E-8
1.609610E+4	-1.420280E-7	-3.445920E-8
1.611670E+4	-2.272440E-7	5.634520E-8
1.612680E+4	-1.862650E-7	1.490130E-8
1.614800E+4	-1.364400E-7	-2.281750E-8
1.616070E+4	-1.387680E-7	-1.490130E-8
1.618220E+4	-2.160680E-7	3.399350E-8
1.619180E+4	-1.327140E-7	-2.374880E-8
1.620220E+4	-1.010490E-7	-3.958140E-8
1.622580E+4	-1.755550E-7	2.468020E-8
1.623570E+4	-1.122250E-7	-5.122300E-9
1.625990E+4	-2.160680E-7	8.149120E-8
1.626940E+4	-1.373710E-7	-9.778940E-9
1.628050E+4	-2.081520E-7	7.497190E-8
1.630040E+4	-1.909220E-7	4.610070E-8
1.631170E+4	-1.858000E-7	5.681090E-8
1.633160E+4	-2.244500E-7	7.962850E-8
1.634280E+4	-1.275920E-7	-3.259650E-8
1.636270E+4	-2.258470E-7	1.722960E-8
1.637370E+4	-2.360910E-7	2.887110E-8
1.639390E+4	-1.760210E-7	0.000000E+0
1.640440E+4	-2.412140E-7	6.565870E-8
1.642700E+4	-2.360910E-7	5.541390E-8
1.643810E+4	-1.937160E-7	2.514580E-8
1.645820E+4	-1.778840E-7	2.235190E-8
1.646900E+4	-1.983730E-7	6.565870E-8
1.647840E+4	-1.164160E-7	1.862660E-9
1.650270E+4	-1.066370E-7	-7.450640E-9
1.651220E+4	-1.876620E-7	7.264360E-8
1.652480E+4	-1.038430E-7	-4.656640E-9
1.654910E+4	-1.494780E-7	9.592670E-8
1.655860E+4	-7.310930E-8	1.629830E-8
1.656940E+4	-1.620510E-7	1.024460E-7
1.659580E+4	-1.969760E-7	8.521650E-8
1.660780E+4	-1.024460E-7	-1.909220E-8
1.661760E+4	-1.532030E-7	1.722960E-8
1.663590E+4	-1.220040E-7	4.190980E-9
1.664260E+4	-1.210730E-7	9.313300E-10
1.664920E+4	-1.010490E-7	-2.840550E-8
1.665760E+4	-1.280580E-7	-2.468020E-8
1.666080E+4	-1.229350E-7	-1.210730E-8
1.666120E+4	-1.089650E-7	-1.303860E-8
1.666010E+4	-1.899910E-7	7.357490E-8
1.665270E+4	-1.196760E-7	-1.396990E-9
1.664810E+4	-1.648450E-7	4.842900E-8
1.663990E+4	-1.899910E-7	7.962850E-8
1.662110E+4	-1.136220E-7	-1.490130E-8
1.660730E+4	-1.196760E-7	-2.840550E-8
1.659390E+4	-1.387680E-7	-1.769520E-8
1.656470E+4	-2.058230E-7	1.536690E-8
1.655000E+4	-1.252640E-7	-5.541390E-8
1.651820E+4	-2.193270E-7	5.820790E-8
1.650420E+4	-1.979070E-7	4.423800E-8
1.648950E+4	-2.277090E-7	6.705570E-8
1.646070E+4	-2.076860E-7	4.842900E-8
1.644710E+4	-2.114110E-7	6.193340E-8
1.644710E+4	-2.114110E-7	6.193340E-8
1.640830E+4	-1.261950E-7	-9.313280E-9
1.638850E+4	-2.020980E-7	5.634520E-8
1.637770E+4	-1.215390E-7	-8.381960E-9
1.636530E+4	-1.234010E-7	4.656640E-9
1.635670E+4	-1.979070E-7	7.124660E-8
1.633470E+4	-1.452870E-7	2.840550E-8
1.631580E+4	-1.462190E-7	3.539050E-8
1.630580E+4	-2.067550E-7	8.754480E-8
1.629660E+4	-1.234010E-7	9.313300E-10
1.627580E+4	-1.988380E-7	6.100210E-8
1.626610E+4	-1.876620E-7	5.355130E-8
1.624210E+4	-1.243320E-7	-2.793980E-9
1.623270E+4	-2.207240E-7	8.661350E-8
1.622160E+4	-2.346940E-7	8.195680E-8
1.619910E+4	-2.393520E-7	6.938400E-8
1.618870E+4	-1.783490E-7	1.164160E-8
1.616860E+4	-1.890590E-7	5.820790E-8
1.615770E+4	-1.383020E-7	3.259640E-9
1.613810E+4	-2.156020E-7	9.918630E-8
1.612710E+4	-1.634480E-7	4.563500E-8
1.610510E+4	-2.025640E-7	8.568210E-8
1.609460E+4	-1.639140E-7	4.097840E-8
1.608410E+4	-2.002350E-7	5.029160E-8
1.606120E+4	-1.727610E-7	3.725320E-9
1.605080E+4	-2.044260E-7	5.401690E-8
1.603030E+4	-1.518060E-7	-1.862660E-9
1.602040E+4	-2.156020E-7	6.146770E-8
1.601070E+4	-1.396990E-7	-1.536690E-8
1.598460E+4	-1.736930E-7	5.122300E-9
1.597490E+4	-2.370230E-7	5.029160E-8
1.595380E+4	-1.890590E-7	-1.722960E-8
1.594440E+4	-2.528560E-7	6.333040E-8
1.593410E+4	-2.062890E-7	3.399350E-8
1.591120E+4	-1.797460E-7	3.539050E-8
1.590160E+4	-1.746240E-7	3.911580E-8
1.588090E+4	-2.230530E-7	6.705570E-8
1.587080E+4	-1.466840E-7	-1.769520E-8
1.585070E+4	-2.561160E-7	7.124660E-8
1.584020E+4	-1.750900E-7	-2.188620E-8
1.582050E+4	-1.546000E-7	-2.142050E-8
1.580780E+4	-1.746240E-7	9.313300E-10
1.579370E+4	-1.634480E-7	-1.303860E-8
1.577440E+4	-2.440080E-7	7.823160E-8
1.576350E+4	-1.904560E-7	2.002350E-8
1.574200E+4	-2.314350E-7	5.820790E-8
1.573100E+4	-1.657760E-7	-2.421450E-8
1.572150E+4	-1.662420E-7	-2.095490E-8
1.569850E+4	-1.550660E-7	-2.933680E-8
1.568810E+4	-2.211900E-7	3.352780E-8
1.566750E+4	-1.490130E-7	-2.700850E-8
1.565750E+4	-2.104800E-7	3.865010E-8
1.564780E+4	-1.573940E-7	-3.259650E-8
1.562420E+4	-2.230530E-7	3.911580E-8
1.561490E+4	-2.575130E-7	6.705570E-8
1.559370E+4	-2.854520E-7	6.519300E-8
1.558420E+4	-2.668260E-7	3.119950E-8
1.556350E+4	-3.022160E-7	5.913920E-8
1.555350E+4	-2.067550E-7	-2.840550E-8
1.553310E+4	-2.793990E-7	5.634520E-8
1.552270E+4	-2.090830E-7	-1.396990E-9
1.549980E+4	-2.193270E-7	1.024460E-8
1.549020E+4	-2.733450E-7	4.330670E-8
1.547720E+4	-2.076860E-7	-3.539050E-8
1.545750E+4	-2.812610E-7	3.492480E-8
1.544360E+4	-2.211900E-7	-2.700850E-8
1.542440E+4	-2.817270E-7	3.492480E-8
1.541400E+4	-1.867310E-7	-4.470370E-8
1.539400E+4	-2.165330E-7	-1.583260E-8
1.538310E+4	-1.792810E-7	-5.820790E-8
1.536360E+4	-2.784670E-7	3.492480E-8
1.535240E+4	-2.337630E-7	4.656640E-9
1.533960E+4	-1.937160E-7	-1.303860E-8
1.533050E+4	-2.752080E-7	6.659000E-8
1.530630E+4	-1.969760E-7	-6.984950E-9
1.529700E+4	-2.789330E-7	6.705570E-8
1.527330E+4	-1.881280E-7	-4.610070E-8
1.526390E+4	-2.593750E-7	8.847620E-9
1.525370E+4	-2.826580E-7	3.259650E-8
1.523050E+4	-2.752080E-7	4.889470E-8
1.522100E+4	-1.988380E-7	-3.399350E-8
1.519700E+4	-2.020980E-7	-2.607710E-8
1.518760E+4	-1.802120E-7	-4.936030E-8
1.517390E+4	-2.584440E-7	1.257290E-8
1.515120E+4	-2.542530E-7	-1.722960E-8
1.514120E+4	-2.137390E-7	-4.144410E-8
1.513000E+4	-2.342290E-7	-2.421450E-8
1.510830E+4	-1.974410E-7	-3.725310E-8
1.509710E+4	-2.407490E-7	9.778940E-9
1.507540E+4	-2.705510E-7	7.357490E-8
1.506480E+4	-2.020980E-7	-1.024460E-8
1.504520E+4	-2.398170E-7	2.048920E-8
1.503420E+4	-1.913880E-7	-2.933680E-8
1.502420E+4	-2.090830E-7	-1.117590E-8
1.500180E+4	-2.039610E-7	-2.840550E-8
1.499100E+4	-2.337630E-7	-1.396990E-9
1.497080E+4	-2.793990E-7	3.352780E-8
1.496060E+4	-3.152550E-7	5.727660E-8
1.494000E+4	-3.073380E-7	1.257290E-8
1.493020E+4	-3.385380E-7	4.051280E-8
1.492040E+4	-2.961620E-7	0.000000E+0
1.489680E+4	-3.231710E-7	1.862660E-8
1.488760E+4	-2.183960E-7	-6.472740E-8
1.486650E+4	-2.230530E-7	-3.911580E-8
1.485450E+4	-2.956970E-7	3.632180E-8
1.483340E+4	-2.374880E-7	-1.164160E-8
1.482410E+4	-3.087350E-7	4.190970E-8
1.481050E+4	-2.970940E-7	1.816090E-8
1.479090E+4	-2.631000E-7	-2.793980E-8
1.477800E+4	-2.961620E-7	-1.443560E-8
1.476700E+4	-2.635660E-7	-2.933680E-8
1.474520E+4	-3.245680E-7	5.727660E-8
1.473400E+4	-2.495960E-7	-2.095490E-8
1.471430E+4	-2.393520E-7	-3.073390E-8
1.470310E+4	-2.617030E-7	-1.443560E-8
1.468340E+4	-2.491310E-7	-6.752130E-8
1.467240E+4	-3.399350E-7	1.862660E-8
1.466020E+4	-3.268960E-7	2.095490E-8
1.463760E+4	-2.919710E-7	-1.024460E-8
1.462680E+4	-2.766050E-7	-2.188620E-8
1.460660E+4	-3.357440E-7	4.936030E-8
1.459640E+4	-3.655460E-7	6.659000E-8
1.457600E+4	-2.803300E-7	-2.328320E-8
1.456630E+4	-2.826580E-7	-7.450640E-9
1.454340E+4	-2.910400E-7	1.583260E-8
1.453300E+4	-3.743930E-7	8.801040E-8
1.452370E+4	-2.933680E-7	2.793980E-9
1.450280E+4	-3.366750E-7	3.865010E-8
1.449320E+4	-3.529730E-7	6.565870E-8
1.447250E+4	-2.817270E-7	9.778940E-9
1.445960E+4	-3.194450E-7	4.982600E-8
1.443910E+4	-3.357440E-7	6.659000E-8
1.443910E+4	-3.357440E-7	6.659000E-8
1.440850E+4	-3.627520E-7	4.237540E-8
1.439860E+4	-3.534390E-7	2.514580E-8
1.438740E+4	-3.119950E-7	-1.722960E-8
1.436490E+4	-3.604240E-7	4.563500E-8
1.435390E+4	-2.826580E-7	-3.958140E-8
1.433220E+4	-3.566980E-7	2.142050E-8
1.432100E+4	-2.924370E-7	-4.144410E-8
1.431130E+4	-3.874320E-7	4.516940E-8
1.429040E+4	-3.189800E-7	-1.909220E-8
1.427080E+4	-3.892950E-7	7.636890E-8
1.425990E+4	-3.650800E-7	5.727660E-8
1.425070E+4	-3.301560E-7	1.024460E-8
1.422960E+4	-3.739280E-7	4.889470E-8
1.422050E+4	-4.046610E-7	7.730020E-8
1.419930E+4	-4.209600E-7	8.102550E-8
1.418710E+4	-3.911570E-7	6.007080E-8
1.416600E+4	-3.296900E-7	-1.071030E-8
1.415690E+4	-3.762560E-7	3.539050E-8
1.413600E+4	-4.046610E-7	5.541390E-8
1.412650E+4	-4.023330E-7	6.612440E-8
1.410580E+4	-3.874320E-7	5.727660E-8
1.409580E+4	-3.194450E-7	-2.374880E-8
1.407520E+4	-3.851040E-7	4.796330E-8
1.406480E+4	-3.837070E-7	5.262000E-8
1.405170E+4	-3.241020E-7	-3.725320E-9
1.403210E+4	-4.232880E-7	8.288820E-8
1.401890E+4	-3.813780E-7	2.793980E-8
1.399900E+4	-4.465710E-7	9.220140E-8
1.398800E+4	-3.646150E-7	4.656640E-9
1.396840E+4	-4.093180E-7	4.190970E-8
1.395720E+4	-3.580950E-7	-1.955790E-8
1.394760E+4	-4.405170E-7	6.752130E-8
1.392470E+4	-3.441260E-7	-2.142050E-8
1.391440E+4	-3.697370E-7	1.583260E-8
1.389210E+4	-3.911570E-7	5.587960E-9
1.388110E+4	-3.776530E-7	-1.396990E-9
1.386880E+4	-4.200280E-7	5.494830E-8
1.384800E+4	-3.371410E-7	-2.281750E-8
1.383830E+4	-4.069900E-7	5.727660E-8
1.381720E+4	-3.734620E-7	0.000000E+0
1.381720E+4	-3.734620E-7	0.000000E+0
1.378670E+4	-3.934860E-7	-2.700850E-8
1.377750E+4	-4.190970E-7	-1.769520E-8
1.375620E+4	-4.447080E-7	-2.793980E-9
1.374690E+4	-4.908110E-7	3.539050E-8
1.373390E+4	-4.419140E-7	4.656650E-10
1.371370E+4	-4.880170E-7	2.793980E-8
1.370310E+4	-4.144400E-7	-4.936030E-8
1.368340E+4	-4.330670E-7	-2.328320E-9
1.367240E+4	-4.121120E-7	-2.142050E-8
1.365290E+4	-4.950020E-7	5.215430E-8
1.364170E+4	-4.656630E-7	-5.587960E-9
1.362900E+4	-4.488990E-7	-1.443560E-8
1.360900E+4	-5.033830E-7	4.330670E-8
1.359610E+4	-4.954670E-7	5.541390E-8
1.357360E+4	-4.661290E-7	4.842900E-8
1.356240E+4	-4.083870E-7	5.122300E-9
1.355310E+4	-4.735790E-7	7.962850E-8
1.352950E+4	-4.130430E-7	-1.396990E-9
1.351960E+4	-4.619380E-7	2.793980E-8
1.349880E+4	-4.633350E-7	2.840550E-8
1.348940E+4	-4.624030E-7	3.445920E-8
1.346840E+4	-4.386550E-7	-2.328320E-9
1.345920E+4	-4.861540E-7	2.188620E-8
1.343800E+4	-5.215440E-7	3.026820E-8
1.342880E+4	-5.844090E-7	8.335380E-8
1.340760E+4	-5.629880E-7	3.865010E-8
1.339560E+4	-5.704390E-7	7.543760E-8
1.338510E+4	-5.173530E-7	1.955790E-8
1.336500E+4	-5.560030E-7	4.237540E-8
1.335400E+4	-5.075740E-7	-7.450640E-9
1.334380E+4	-5.997750E-7	7.683460E-8
1.331960E+4	-5.164220E-7	1.816090E-8
1.330850E+4	-5.196820E-7	3.259640E-9
1.328890E+4	-5.550720E-7	4.842900E-8
1.327780E+4	-4.749760E-7	-3.818450E-8
1.325600E+4	-5.746300E-7	5.401690E-8
1.324500E+4	-4.977960E-7	-2.235190E-8
1.323210E+4	-5.126970E-7	-1.210730E-8
1.321250E+4	-5.764920E-7	3.539050E-8
1.320150E+4	-6.342340E-7	7.730020E-8
1.318150E+4	-5.387740E-7	-1.769520E-8
1.317080E+4	-5.867370E-7	3.632180E-8
1.315050E+4	-5.601940E-7	1.536690E-8
1.314050E+4	-5.667130E-7	7.916300E-9
1.311990E+4	-6.048980E-7	1.722960E-8
1.311050E+4	-6.677620E-7	6.845270E-8
1.310050E+4	-6.291120E-7	2.188620E-8
1.307720E+4	-6.696250E-7	6.193340E-8
1.306690E+4	-6.174710E-7	1.909220E-8
1.304690E+4	-6.416850E-7	6.798700E-8
1.303710E+4	-6.160740E-7	5.262000E-8
1.301370E+4	-6.663650E-7	8.149120E-8
1.300360E+4	-5.937220E-7	-7.450640E-9
1.298320E+4	-6.952360E-7	7.823160E-8
1.297270E+4	-6.454100E-7	3.119950E-8
1.296210E+4	-6.011720E-7	-7.450640E-9
1.294030E+4	-6.710220E-7	6.239910E-8
1.292910E+4	-5.927900E-7	-2.840550E-8
1.290960E+4	-6.053630E-7	-2.840550E-8
1.289870E+4	-6.184020E-7	-2.281750E-8
1.287880E+4	-6.477380E-7	4.470370E-8
1.286820E+4	-6.863880E-7	8.195680E-8
1.285910E+4	-6.286460E-7	1.955790E-8
1.283500E+4	-6.812660E-7	3.352780E-8
1.281530E+4	-7.194500E-7	5.355130E-8
1.280460E+4	-6.672960E-7	-1.164160E-8
1.279540E+4	-7.255040E-7	4.097840E-8
1.277400E+4	-7.478560E-7	6.519300E-8
1.276450E+4	-7.492530E-7	8.475080E-8
1.274340E+4	-6.747470E-7	3.259640E-9
1.273120E+4	-7.543750E-7	7.124660E-8
1.270990E+4	-7.655510E-7	6.565870E-8
1.270060E+4	-7.087400E-7	5.122300E-9
1.267940E+4	-7.208470E-7	2.188620E-8
1.266990E+4	-7.590320E-7	7.823160E-8
1.264930E+4	-7.450620E-7	3.865010E-8
1.263720E+4	-8.009410E-7	8.661350E-8
1.262610E+4	-7.497180E-7	2.514580E-8
1.260670E+4	-7.697420E-7	3.259650E-8
1.259550E+4	-7.324890E-7	-9.778940E-9
1.257370E+4	-7.832460E-7	2.887110E-8
1.256290E+4	-7.427330E-7	-3.352780E-8
1.254330E+4	-8.549580E-7	5.122300E-8
1.253210E+4	-8.670650E-7	5.168860E-8
1.251920E+4	-8.810350E-7	5.681090E-8
1.249940E+4	-7.967500E-7	-4.470370E-8
1.248860E+4	-8.153770E-7	-2.933680E-8
1.246840E+4	-8.516980E-7	-1.303860E-7
1.245820E+4	-9.136310E-7	-1.243320E-7
1.243750E+4	-8.665990E-7	-1.392340E-7
1.242790E+4	-9.043180E-7	-4.423800E-8
1.241810E+4	-8.577520E-7	-4.516940E-8
1.239440E+4	-9.033870E-7	2.468020E-8
1.238530E+4	-8.842940E-7	1.164160E-8
1.236420E+4	-8.647370E-7	-7.916300E-9
1.235470E+4	-8.177050E-7	-5.215430E-8
1.233410E+4	-8.782410E-7	9.313300E-10
1.232400E+4	-8.419190E-7	-3.445920E-8
1.230370E+4	-9.564760E-7	5.355130E-8
1.229310E+4	-9.462270E-7	3.026820E-8
1.227950E+4	-8.787060E-7	-4.470370E-8
1.225770E+4	-9.420360E-7	1.024460E-8
1.224660E+4	-8.973330E-7	-3.306220E-8
1.222700E+4	-9.918660E-7	7.543760E-8
1.221380E+4	-9.145620E-7	2.328320E-8
1.220360E+4	-9.057150E-7	2.887110E-8
1.218140E+4	-8.847600E-7	1.257290E-8
1.217050E+4	-9.611320E-7	6.798700E-8
1.215040E+4	-9.443650E-7	-3.725320E-9
1.214010E+4	-1.020740E-6	3.865010E-8
1.211970E+4	-9.541470E-7	-3.445920E-8
1.210980E+4	-1.027720E-6	3.492480E-8
1.209770E+4	-1.028650E-6	3.352780E-8
1.207640E+4	-1.039360E-6	5.681090E-8
1.206730E+4	-1.022130E-6	4.796330E-8
1.204330E+4	-9.769650E-7	-1.862660E-9
1.203410E+4	-1.043550E-6	6.612440E-8
1.201260E+4	-1.017480E-6	3.725310E-8
1.200350E+4	-1.068700E-6	6.146770E-8
1.198220E+4	-1.081740E-6	3.865010E-8
1.197310E+4	-9.941940E-7	-6.705570E-8
1.196010E+4	-1.023070E-6	-4.563500E-8
1.193990E+4	-1.005370E-6	-6.007080E-8
1.192660E+4	-1.044020E-6	-9.778940E-9
1.190660E+4	-1.052400E-6	1.490130E-8
1.189670E+4	-9.951250E-7	-3.725310E-8
1.187630E+4	-1.088720E-6	8.754480E-8
1.186600E+4	-1.008630E-6	1.862660E-8
1.185510E+4	-1.040290E-6	4.889470E-8
1.183240E+4	-9.876750E-7	3.259640E-9
1.182200E+4	-1.038900E-6	3.073390E-8
1.180300E+4	-1.063580E-6	2.328320E-9
1.179200E+4	-1.125510E-6	3.306220E-8
1.177210E+4	-1.113400E-6	2.421450E-8
1.175860E+4	-1.106880E-6	2.561150E-8
1.174950E+4	-1.125040E-6	4.889470E-8
1.172820E+4	-1.114330E-6	2.561150E-8
1.171900E+4	-1.122720E-6	3.492480E-8
1.169800E+4	-1.120850E-6	5.727660E-8
1.168830E+4	-1.037030E-6	-3.213090E-8
1.166770E+4	-1.111540E-6	5.820790E-8
1.165750E+4	-1.137150E-6	6.659000E-8
1.163730E+4	-1.083140E-6	2.048920E-8
1.162650E+4	-1.064510E-6	-1.071030E-8
1.160680E+4	-1.142740E-6	7.357490E-8
1.159390E+4	-1.115730E-6	5.820790E-8
1.157350E+4	-1.107820E-6	4.936030E-8
1.156310E+4	-1.021670E-6	-4.377240E-8
1.154320E+4	-1.092910E-6	2.887110E-8
1.153230E+4	-1.013750E-6	-4.144410E-8
1.152200E+4	-9.900030E-7	-4.842900E-8
1.150170E+4	-1.035170E-6	1.257290E-8
1.148890E+4	-9.965220E-7	-4.237540E-8
1.146910E+4	-1.007700E-6	9.313300E-10
1.145600E+4	-9.546130E-7	-4.330670E-8
1.144640E+4	-1.007700E-6	1.350420E-8
1.142330E+4	-9.303950E-7	-2.747410E-8
1.141300E+4	-9.755680E-7	3.911580E-8
1.139250E+4	-8.852260E-7	-4.563500E-8
1.138260E+4	-9.266700E-7	1.955790E-8
1.136150E+4	-8.950050E-7	-4.190980E-9
1.135220E+4	-9.234100E-7	4.237540E-8
1.134180E+4	-9.061810E-7	4.656640E-8
1.131850E+4	-8.223610E-7	1.257290E-8
1.130910E+4	-7.660160E-7	-3.865010E-8
1.128840E+4	-8.074600E-7	4.610070E-8
1.127850E+4	-7.445960E-7	1.490130E-8
1.125810E+4	-7.026870E-7	4.330670E-8
1.124770E+4	-6.537920E-7	2.561150E-8
1.122460E+4	-5.755610E-7	1.350420E-8
1.121490E+4	-5.825460E-7	4.051280E-8
1.120070E+4	-5.420330E-7	3.911580E-8
1.117890E+4	-4.740450E-7	4.703200E-8
1.116790E+4	-3.809130E-7	-1.071030E-8
1.115760E+4	-3.119950E-7	-3.632180E-8
1.113560E+4	-2.360910E-7	-7.450640E-9
1.112460E+4	-1.848680E-7	-3.399350E-8
1.110480E+4	-1.103620E-7	-5.075730E-8
1.109440E+4	-1.229350E-7	-3.725320E-9
1.107420E+4	-3.073390E-8	-2.328320E-9
1.106420E+4	1.909220E-8	-1.303860E-8
1.104140E+4	1.005830E-7	-1.676390E-8
1.103050E+4	1.234010E-7	2.933680E-8
1.102120E+4	2.342290E-7	-1.536690E-8
1.099980E+4	3.436600E-7	-1.303860E-8
1.099040E+4	4.339980E-7	-2.514580E-8
1.096940E+4	4.651970E-7	3.259650E-8
1.095960E+4	5.662480E-7	-8.381960E-9
1.093920E+4	6.649680E-7	1.210730E-8
1.092900E+4	7.795210E-7	-3.725310E-8
1.090590E+4	8.731190E-7	0.000000E+0
1.089640E+4	9.038520E-7	4.377240E-8
1.088340E+4	1.023530E-6	-1.303860E-8
1.086350E+4	1.113400E-6	5.168860E-8
1.084970E+4	1.197690E-6	3.958140E-8
1.083950E+4	1.316430E-6	-2.002350E-8
1.081710E+4	1.397920E-6	4.423800E-8
1.080590E+4	1.553450E-6	-3.865010E-8
1.078610E+4	1.636340E-6	3.958140E-8
1.077530E+4	1.714570E-6	3.771880E-8
1.075540E+4	1.891520E-6	-5.587960E-9
1.074520E+4	2.056840E-6	-6.100210E-8
1.072330E+4	2.168130E-6	2.421450E-8
1.071230E+4	2.317150E-6	-2.700850E-8
1.070020E+4	2.384200E-6	-1.210730E-8
1.067940E+4	2.570930E-6	-2.561150E-8
1.066990E+4	2.570930E-6	6.193340E-8
1.064870E+4	2.807490E-6	0.000000E+0
1.063960E+4	2.853120E-6	4.330670E-8
1.061810E+4	3.087810E-6	-1.909220E-8
1.060890E+4	3.171170E-6	1.164160E-8
1.058740E+4	3.319710E-6	2.281750E-8
1.057800E+4	3.339270E-6	8.288820E-8
1.055700E+4	3.549750E-6	5.587960E-8
1.054720E+4	3.696430E-6	-1.769520E-8
1.052670E+4	3.803540E-6	3.119950E-8
1.051640E+4	3.867810E-6	5.867350E-8
1.050550E+4	3.961410E-6	4.656640E-8
1.048380E+4	4.159780E-6	4.563500E-8
1.047260E+4	4.269680E-6	1.303860E-8
1.045320E+4	4.384700E-6	4.796330E-8
1.044200E+4	4.505770E-6	1.722960E-8
1.042220E+4	4.703670E-6	-1.210730E-8
1.041150E+4	4.702740E-6	6.752130E-8
1.039150E+4	4.897390E-6	3.399350E-8
1.038140E+4	4.929990E-6	1.089650E-7
1.036100E+4	5.106940E-6	1.094310E-7
1.034840E+4	5.267120E-6	2.747410E-8
1.033920E+4	5.363980E-6	1.024460E-8
1.031780E+4	5.467360E-6	2.142050E-8
1.030860E+4	5.465030E-6	7.683460E-8
1.028730E+4	5.636390E-6	3.259650E-8
1.027510E+4	5.677370E-6	7.590320E-8
1.025380E+4	5.828710E-6	5.960510E-8
1.024190E+4	5.906010E-6	7.357490E-8
1.023090E+4	6.031270E-6	3.352780E-8
1.021160E+4	6.116960E-6	6.472740E-8
1.020130E+4	6.250130E-6	-3.073390E-8
1.018130E+4	6.407990E-6	-3.073390E-8
1.017050E+4	6.405200E-6	2.700850E-8
1.015110E+4	6.464340E-6	7.730020E-8
1.013990E+4	6.604970E-6	-7.450640E-9
1.011760E+4	6.645950E-6	6.239910E-8
1.010740E+4	6.678080E-6	7.310930E-8
1.009380E+4	6.748390E-6	4.842900E-8
1.007360E+4	6.827550E-6	5.960510E-8
1.006050E+4	6.917890E-6	9.313300E-10
1.004090E+4	6.890420E-6	8.288820E-8
1.002980E+4	6.948630E-6	4.330670E-8
1.002060E+4	6.994730E-6	3.259650E-8
9.999200E+3	7.049680E-6	1.629830E-8
9.990100E+3	6.987280E-6	8.661350E-8
9.968800E+3	7.052470E-6	6.938400E-8
9.956800E+3	7.041290E-6	9.033870E-8
9.935700E+3	7.059920E-6	9.033870E-8
9.926600E+3	7.086000E-6	1.066370E-7
9.915600E+3	7.186580E-6	1.629830E-8
9.893300E+3	7.148400E-6	7.497190E-8
9.883200E+3	7.144200E-6	7.916290E-8
9.859800E+3	7.137690E-6	1.112940E-7
9.850500E+3	7.142340E-6	1.136220E-7
9.829600E+3	7.134890E-6	1.341110E-7
9.819700E+3	7.238270E-6	2.654280E-8
9.799200E+3	7.106020E-6	1.387680E-7
9.788800E+3	7.172610E-6	6.333040E-8
9.777900E+3	7.091580E-6	1.364400E-7
9.755900E+3	7.109280E-6	8.055990E-8
9.744500E+3	7.124650E-6	3.771880E-8
9.722700E+3	6.974240E-6	1.019800E-7
9.711600E+3	7.031050E-6	1.955790E-8
9.692200E+3	6.921620E-6	7.543760E-8
9.680900E+3	6.814520E-6	1.443560E-7
9.671400E+3	6.836870E-6	8.475080E-8
9.650500E+3	6.844320E-6	6.984950E-9
9.641400E+3	6.787040E-6	4.470370E-8
9.620300E+3	6.644080E-6	1.215390E-7
9.611100E+3	6.618470E-6	8.754480E-8
9.589900E+3	6.553280E-6	4.889470E-8
9.580700E+3	6.570510E-6	-9.778940E-9
9.559400E+3	6.367480E-6	1.182780E-7
9.549600E+3	6.351650E-6	1.112940E-7
9.528800E+3	6.299960E-6	5.494830E-8
9.516500E+3	6.162590E-6	1.369050E-7
9.495400E+3	6.045240E-6	1.238670E-7
9.485900E+3	6.057350E-6	6.938400E-8
9.465300E+3	5.847800E-6	1.350430E-7
9.455400E+3	5.854320E-6	6.053640E-8
9.435200E+3	5.633130E-6	1.117590E-7
9.424700E+3	5.628480E-6	3.911580E-8
9.413900E+3	5.462240E-6	1.145530E-7
9.391000E+3	5.295990E-6	1.010490E-7
9.380300E+3	5.161420E-6	1.238670E-7
9.368100E+3	5.096690E-6	9.778930E-8
9.346600E+3	4.876430E-6	1.317830E-7
9.337200E+3	4.823350E-6	1.210730E-7
9.315700E+3	4.636150E-6	1.201420E-7
9.295600E+3	4.490400E-6	5.820790E-8
9.285400E+3	4.328820E-6	1.145530E-7
9.276200E+3	4.322760E-6	1.210730E-8
9.255500E+3	4.046160E-6	1.015150E-7
9.245800E+3	3.938130E-6	1.136220E-7
9.225400E+3	3.818920E-6	4.004710E-8
9.215300E+3	3.764420E-6	6.984950E-9
9.195000E+3	3.478040E-6	8.195680E-8
9.185100E+3	3.434730E-6	3.119950E-8
9.164300E+3	3.227050E-6	7.823160E-8
9.153800E+3	3.174430E-6	2.468020E-8
9.130400E+3	2.957430E-6	4.796330E-8
9.119800E+3	2.951840E-6	-2.793980E-8
9.099800E+3	2.672910E-6	8.894180E-8
9.088800E+3	2.656610E-6	3.725310E-8
9.078600E+3	2.515520E-6	8.381950E-8
9.058300E+3	2.425180E-6	-7.450640E-9
9.039600E+3	2.176980E-6	9.127010E-8
9.028600E+3	2.078260E-6	9.173570E-8
9.015400E+3	1.997240E-6	7.590320E-8
8.995200E+3	1.904560E-6	2.095490E-8
8.985300E+3	1.746240E-6	8.242250E-8
8.964600E+3	1.719230E-6	-4.330670E-8
8.955000E+3	1.559040E-6	2.654280E-8
8.942900E+3	1.493380E-6	4.470370E-8
8.921500E+3	1.441230E-6	-2.328320E-8
8.912300E+3	1.306650E-6	5.494830E-8
8.891300E+3	1.195360E-6	5.913920E-8
8.881500E+3	1.143210E-6	6.333040E-8
8.860900E+3	1.032840E-6	7.916290E-8
8.851500E+3	1.018870E-6	4.190970E-8
8.827400E+3	9.625290E-7	1.117590E-8
8.817800E+3	9.602010E-7	-3.539050E-8
8.797100E+3	7.674130E-7	6.565870E-8
8.787000E+3	7.245730E-7	5.029160E-8
8.766500E+3	6.519290E-7	0.000000E+0
8.756100E+3	6.309750E-7	-2.421450E-8
8.736300E+3	4.987270E-7	1.490130E-8
8.726200E+3	5.052460E-7	-2.700850E-8
8.715000E+3	3.934860E-7	6.053640E-8
8.692300E+3	3.855690E-7	-1.862660E-8
8.681300E+3	2.598410E-7	7.031530E-8
8.661300E+3	2.905740E-7	2.328320E-8
8.650700E+3	2.845210E-7	-1.396990E-9
8.630400E+3	1.732270E-7	4.330670E-8
8.617500E+3	2.160680E-7	-2.840550E-8
8.608400E+3	1.234010E-7	4.190970E-8
8.587000E+3	5.727660E-8	3.399350E-8
8.566800E+3	4.563500E-8	2.328320E-9
8.556600E+3	3.399350E-8	0.000000E+0
8.547300E+3	-3.725310E-8	5.494830E-8
8.523500E+3	-6.472740E-8	-2.142050E-8
8.511400E+3	-1.280580E-7	-1.071030E-8
8.501900E+3	-1.764870E-7	9.778940E-9
8.481300E+3	-2.309690E-7	1.909220E-8
8.471200E+3	-2.463370E-7	1.722960E-8
8.450900E+3	-2.761390E-7	-5.122300E-9
8.440300E+3	-2.519250E-7	-5.960510E-8
8.420400E+3	-3.408660E-7	-2.468020E-8
8.409200E+3	-3.804470E-7	-6.519290E-9
8.389700E+3	-3.813780E-7	-2.607710E-8
8.378400E+3	-3.580950E-7	-4.703200E-8
8.358900E+3	-3.916230E-7	-6.053630E-9
8.345500E+3	-3.809130E-7	-6.333040E-8
8.335100E+3	-4.973300E-7	6.053630E-9
8.314800E+3	-4.833600E-7	-2.374880E-8
8.301800E+3	-4.633350E-7	-6.286470E-8
8.282300E+3	-5.173530E-7	-5.774220E-8
8.271700E+3	-6.197990E-7	2.607710E-8
8.262500E+3	-5.606600E-7	-3.492480E-8
8.238100E+3	-6.207300E-7	2.654280E-8
8.226000E+3	-6.253870E-7	2.048920E-8
8.204700E+3	-6.067600E-7	-4.144410E-8
8.195400E+3	-6.603110E-7	-2.002350E-8
8.183000E+3	-7.329550E-7	2.654280E-8
8.162100E+3	-7.459930E-7	1.164160E-8
8.149900E+3	-7.511150E-7	2.421450E-8
8.128600E+3	-7.250380E-7	-3.026820E-8
8.119400E+3	-7.324890E-7	-5.168860E-8
8.098300E+3	-8.479730E-7	3.259650E-8
8.088700E+3	-8.135140E-7	-1.303860E-8
8.068100E+3	-8.838290E-7	3.119950E-8
8.057900E+3	-8.181710E-7	-5.308560E-8
8.037500E+3	-9.331890E-7	5.168860E-8
8.027000E+3	-8.917450E-7	9.313300E-10
8.016300E+3	-9.001270E-7	-3.725320E-9
7.994300E+3	-9.369140E-7	-3.725320E-9
7.983000E+3	-9.210820E-7	-3.073390E-8
7.961400E+3	-1.064970E-6	6.100210E-8
7.950100E+3	-1.001180E-6	-1.909220E-8
7.940300E+3	-1.060320E-6	2.654280E-8
7.919400E+3	-1.085000E-6	2.887110E-8
7.910100E+3	-1.048680E-6	-2.793980E-8
7.885800E+3	-1.087330E-6	-3.399350E-8
7.876600E+3	-1.166020E-6	2.188620E-8
7.866300E+3	-1.165090E-6	9.778940E-9
7.843200E+3	-1.216780E-6	3.259650E-8
7.833500E+3	-1.207930E-6	2.002350E-8
7.812700E+3	-1.237270E-6	9.313300E-10
7.802400E+3	-1.200020E-6	-4.982600E-8
7.782100E+3	-1.317830E-6	4.190970E-8
7.771300E+3	-1.320160E-6	3.026820E-8
7.748700E+3	-1.365790E-6	3.539050E-8
7.738800E+3	-1.381620E-6	2.235190E-8
7.727500E+3	-1.308980E-6	-6.938400E-8
7.706100E+3	-1.426330E-6	1.862660E-8
7.694900E+3	-1.358340E-6	-7.404060E-8
7.675500E+3	-1.442630E-6	-4.190970E-8
7.664300E+3	-1.437040E-6	-7.404060E-8
7.645000E+3	-1.495710E-6	-6.100210E-8
7.633900E+3	-1.595830E-6	-1.396990E-9
7.614100E+3	-1.597690E-6	-5.029160E-8
7.603500E+3	-1.600020E-6	-6.798700E-8
7.581600E+3	-1.702460E-6	-2.048920E-8
7.570300E+3	-1.669400E-6	-8.288820E-8
7.561000E+3	-1.768120E-6	-1.117590E-8
7.539700E+3	-1.798860E-6	-2.002350E-8
7.530600E+3	-1.854270E-6	1.396990E-8
7.506600E+3	-1.807700E-6	-8.847610E-8
7.497300E+3	-1.898970E-6	-2.607710E-8
7.476100E+3	-1.928780E-6	-3.306220E-8
7.467000E+3	-1.903630E-6	-8.195680E-8
7.446000E+3	-1.921330E-6	-7.636890E-8
7.437000E+3	-1.991180E-6	-3.119950E-8
7.424100E+3	-1.967900E-6	-7.450630E-8
7.403700E+3	-2.008410E-6	-6.100210E-8
7.391400E+3	-2.078730E-6	-1.629830E-8
7.370200E+3	-2.120640E-6	-2.281750E-8
7.360400E+3	-2.071280E-6	-1.010490E-7
7.349000E+3	-2.166270E-6	-3.492480E-8
7.327300E+3	-2.154630E-6	-7.310930E-8
7.316000E+3	-2.161150E-6	-6.007080E-8
7.296500E+3	-2.200260E-6	-3.352780E-8
7.285300E+3	-2.131810E-6	-1.066370E-7
7.263000E+3	-2.199330E-6	-2.188620E-8
7.251700E+3	-2.152300E-6	-1.001180E-7
7.242500E+3	-2.233330E-6	-3.958140E-8
7.219000E+3	-2.207250E-6	-9.778930E-8
7.208900E+3	-2.237980E-6	-8.288820E-8
7.188000E+3	-2.220290E-6	-8.242250E-8
7.178300E+3	-2.304110E-6	-1.676390E-8
7.157000E+3	-2.212370E-6	-1.019800E-7
7.147700E+3	-2.270580E-6	-3.259650E-8
7.137200E+3	-2.254750E-6	-2.840550E-8
7.114300E+3	-2.201200E-6	-6.379610E-8
7.104500E+3	-2.173260E-6	-7.962850E-8
7.080700E+3	-2.148580E-6	-1.024460E-7
7.071500E+3	-2.228670E-6	-1.303860E-8
7.050100E+3	-2.233330E-6	1.303860E-8
7.040600E+3	-2.148110E-6	-5.820790E-8
7.019800E+3	-2.224010E-6	3.678750E-8
7.009800E+3	-2.192810E-6	1.816090E-8
6.989400E+3	-2.164410E-6	3.259640E-9
6.978800E+3	-2.100610E-6	-4.004710E-8
6.968000E+3	-2.067090E-6	-6.612440E-8
6.946400E+3	-2.124360E-6	-2.793980E-9
6.935100E+3	-2.027040E-6	-9.592670E-8
6.913800E+3	-2.091300E-6	-2.840550E-8
6.913800E+3	-2.091300E-6	-2.840550E-8
6.892600E+3	-1.958120E-6	-1.234010E-7
6.869900E+3	-1.975350E-6	-6.845270E-8
6.859000E+3	-1.973020E-6	-4.004710E-8
6.846800E+3	-1.973020E-6	-2.095490E-8
6.825600E+3	-1.926460E-6	-2.142050E-8
6.816400E+3	-1.810500E-6	-1.043090E-7
6.792900E+3	-1.837510E-6	-5.075730E-8
6.782900E+3	-1.858930E-6	-1.071030E-8
6.762000E+3	-1.782560E-6	-7.078100E-8
6.752500E+3	-1.808170E-6	-1.583260E-8
6.752500E+3	-1.808170E-6	-1.583260E-8
6.722000E+3	-1.708520E-6	-6.705570E-8
6.711400E+3	-1.666610E-6	-8.009420E-8
6.688500E+3	-1.710850E-6	1.862660E-9
6.678700E+3	-1.654040E-6	-4.516940E-8
6.658200E+3	-1.674530E-6	4.656640E-9
6.647900E+3	-1.604680E-6	-6.286470E-8
6.627700E+3	-1.549260E-6	-7.962850E-8
6.616900E+3	-1.508280E-6	-8.801040E-8
6.597400E+3	-1.559040E-6	1.071030E-8
6.586100E+3	-1.455660E-6	-6.659000E-8
6.566700E+3	-1.483140E-6	-2.607710E-8
6.555500E+3	-1.423070E-6	-8.009420E-8
6.534000E+3	-1.482670E-6	-1.303860E-8
6.522900E+3	-1.456130E-6	-4.796330E-8
6.509700E+3	-1.383950E-6	-1.173470E-7
6.490500E+3	-1.377900E-6	-6.053640E-8
6.490500E+3	-1.377900E-6	-6.053640E-8
6.467400E+3	-1.407240E-6	-2.793980E-9
6.446000E+3	-1.355550E-6	-3.399350E-8
6.436900E+3	-1.323420E-6	-3.865010E-8
6.415700E+3	-1.334590E-6	-5.122300E-9
6.406400E+3	-1.350890E-6	3.492480E-8
6.385400E+3	-1.329470E-6	1.629830E-8
6.375600E+3	-1.249840E-6	-4.749770E-8
6.355100E+3	-1.289890E-6	5.587960E-9
6.344800E+3	-1.227960E-6	-4.144410E-8
6.321500E+3	-1.182320E-6	-6.565870E-8
6.312000E+3	-1.155310E-6	-7.590320E-8
6.300600E+3	-1.213520E-6	-2.328320E-9
6.279100E+3	-1.141340E-6	-1.303860E-8
6.267900E+3	-1.105950E-6	-3.911580E-8
6.248500E+3	-1.086860E-6	-4.563500E-8
6.237300E+3	-1.044020E-6	-7.823160E-8
6.217900E+3	-1.144140E-6	3.259640E-9
6.206600E+3	-1.108280E-6	-3.306220E-8
6.185200E+3	-1.107820E-6	1.350420E-8
6.174000E+3	-1.028650E-6	-5.029160E-8
6.164100E+3	-1.039360E-6	-9.778940E-9
6.143200E+3	-9.769650E-7	-4.656640E-8
6.123700E+3	-1.005370E-6	-1.350420E-8
6.112600E+3	-1.008630E-6	3.259640E-9
6.100400E+3	-9.723080E-7	-1.676390E-8
6.079600E+3	-9.271350E-7	-6.379610E-8
6.069900E+3	-9.844150E-7	-2.561150E-8
6.048800E+3	-9.019900E-7	-1.001180E-7
6.039600E+3	-9.806900E-7	-1.210730E-8
6.029300E+3	-9.606670E-7	-1.676390E-8
6.006200E+3	-9.448300E-7	-1.303860E-8
5.996500E+3	-9.606670E-7	8.381960E-9
5.972700E+3	-8.791720E-7	-4.144410E-8
5.962700E+3	-9.336550E-7	1.629830E-8
5.942100E+3	-8.675310E-7	-2.933680E-8
5.931800E+3	-8.204990E-7	-6.798700E-8
5.911700E+3	-8.977990E-7	1.396990E-8
5.900800E+3	-8.735840E-7	-1.490130E-8
5.881400E+3	-8.624080E-7	-3.352780E-8
5.871000E+3	-8.028040E-7	-8.847610E-8
5.850900E+3	-8.591490E-7	-2.793980E-9
5.839900E+3	-8.186360E-7	-2.933680E-8
5.826500E+3	-7.553060E-7	-9.080440E-8
5.806300E+3	-8.302780E-7	1.816090E-8
5.793300E+3	-7.683450E-7	-3.352780E-8
5.784200E+3	-8.153770E-7	2.374880E-8
5.762900E+3	-7.599630E-7	-2.840550E-8
5.753800E+3	-7.362140E-7	-5.215430E-8
5.732500E+3	-7.781240E-7	0.000000E+0
5.723400E+3	-7.911620E-7	3.026820E-8
5.702300E+3	-7.837120E-7	4.190970E-8
5.692600E+3	-7.483210E-7	1.210730E-8
5.671900E+3	-6.682280E-7	-6.612440E-8
5.659500E+3	-7.245730E-7	-2.468020E-8
5.638100E+3	-6.668310E-7	-5.494830E-8
5.628600E+3	-7.404050E-7	2.840550E-8
5.607800E+3	-7.296950E-7	4.563500E-8
5.597800E+3	-6.952360E-7	4.656640E-9
5.577400E+3	-6.938390E-7	-9.778940E-9
5.566900E+3	-7.194500E-7	1.490130E-8
5.553800E+3	-6.407540E-7	-6.891830E-8
5.534400E+3	-6.780060E-7	-4.284110E-8
5.521300E+3	-6.454100E-7	-6.612440E-8
5.510700E+3	-6.263180E-7	-7.078100E-8
5.488700E+3	-6.603110E-7	-4.749770E-8
5.475400E+3	-6.184020E-7	-5.913920E-8
5.455900E+3	-6.603110E-7	1.117590E-8
5.444700E+3	-5.741640E-7	-7.264360E-8
5.425100E+3	-6.533260E-7	9.313300E-10
5.413700E+3	-6.677620E-7	-4.656650E-10
5.404400E+3	-6.216610E-7	-4.563500E-8
5.382900E+3	-6.295780E-7	-8.847620E-9
5.370600E+3	-6.528610E-7	2.468020E-8
5.361200E+3	-5.606600E-7	-7.310930E-8
5.337300E+3	-5.774240E-7	-4.284110E-8
5.327600E+3	-6.440130E-7	3.911580E-8
5.306800E+3	-6.300430E-7	2.607710E-8
5.297600E+3	-5.415680E-7	-4.423800E-8
5.276500E+3	-5.960500E-7	3.865010E-8
5.266800E+3	-5.513470E-7	-4.190980E-9
5.246300E+3	-4.759080E-7	-6.845270E-8
5.233300E+3	-4.852230E-7	-4.423800E-8
5.212900E+3	-5.327200E-7	-6.519290E-9
5.202400E+3	-4.963990E-7	-5.494830E-8
5.182600E+3	-5.895310E-7	1.909220E-8
5.171500E+3	-5.490180E-7	-2.840550E-8
5.152100E+3	-5.834770E-7	2.654280E-8
5.140800E+3	-5.480870E-7	-7.450640E-9
5.128100E+3	-4.726480E-7	-6.612440E-8
5.108200E+3	-4.456400E-7	-4.842900E-8
5.097700E+3	-4.540220E-7	-4.796330E-8
5.075500E+3	-4.759080E-7	-2.374880E-8
5.064300E+3	-5.178190E-7	4.097840E-8
5.055100E+3	-5.043150E-7	2.933680E-8
5.031400E+3	-5.434300E-7	1.583260E-8
5.021600E+3	-5.774240E-7	4.004710E-8
5.000500E+3	-5.336510E-7	-2.747410E-8
4.991300E+3	-5.639190E-7	1.350420E-8
4.969900E+3	-5.196820E-7	2.095490E-8
4.960800E+3	-4.824290E-7	-2.793980E-9
4.939100E+3	-4.470370E-7	-3.771880E-8
4.929900E+3	-5.131620E-7	4.330670E-8
4.908400E+3	-4.624030E-7	3.259640E-9
4.898800E+3	-4.060580E-7	-4.610070E-8
4.877900E+3	-4.605410E-7	6.984950E-9
4.867900E+3	-4.847570E-7	2.281750E-8
4.856500E+3	-4.130430E-7	-7.450630E-8
4.834800E+3	-5.057120E-7	1.909220E-8
4.823600E+3	-4.554190E-7	-2.142050E-8
4.801800E+3	-4.717170E-7	-6.053630E-9
4.791100E+3	-4.484340E-7	-2.374880E-8
4.778200E+3	-3.827750E-7	-7.916290E-8
4.758800E+3	-4.689230E-7	2.142050E-8
4.745500E+3	-3.795160E-7	-4.889470E-8
4.735100E+3	-4.284100E-7	2.561150E-8
4.710100E+3	-4.223570E-7	0.000000E+0
4.698800E+3	-3.976770E-7	-3.445920E-8
4.689500E+3	-4.349290E-7	2.328320E-9
4.668000E+3	-3.580950E-7	-5.494830E-8
4.659000E+3	-4.004710E-7	-4.656650E-10
4.634500E+3	-3.697370E-7	-3.026820E-8
4.625200E+3	-4.265480E-7	3.073390E-8
4.612900E+3	-4.461050E-7	5.727660E-8
4.591700E+3	-3.660120E-7	-3.865010E-8
4.579400E+3	-4.214250E-7	1.862660E-8
4.568100E+3	-3.473850E-7	-5.448260E-8
4.546400E+3	-4.377230E-7	9.778940E-9
4.535500E+3	-3.692710E-7	-5.541390E-8
4.516100E+3	-4.093180E-7	2.188620E-8
4.504900E+3	-3.520420E-7	-2.933680E-8
4.504900E+3	-3.520420E-7	-2.933680E-8
4.474000E+3	-3.329500E-7	-4.610070E-8
4.455400E+3	-3.376060E-7	-4.470370E-8
4.441100E+3	-3.683400E-7	-3.073390E-8
4.430900E+3	-3.585610E-7	-3.539050E-8
4.410200E+3	-3.692710E-7	-7.450640E-9
4.390700E+3	-3.878980E-7	2.514580E-8
4.379300E+3	-3.213080E-7	-4.330670E-8
4.370100E+3	-3.841720E-7	2.421450E-8
4.346500E+3	-3.455220E-7	-2.840550E-8
4.336600E+3	-3.431940E-7	-3.865010E-8
4.315300E+3	-3.483160E-7	-2.514580E-8
4.302700E+3	-3.031470E-7	-6.053640E-8
4.293600E+3	-3.776530E-7	1.396990E-8
4.269300E+3	-2.756730E-7	-6.379610E-8
4.260200E+3	-3.445910E-7	2.747410E-8
4.249800E+3	-2.733450E-7	-6.007080E-8
4.226900E+3	-3.795160E-7	3.492480E-8
4.217400E+3	-3.627520E-7	2.654280E-8
4.196800E+3	-3.380720E-7	-4.656640E-9
4.186800E+3	-2.924370E-7	-5.308560E-8
4.166400E+3	-3.962800E-7	3.911580E-8
4.155600E+3	-3.539040E-7	-2.235190E-8
4.135800E+3	-3.348120E-7	-2.793980E-9
4.124600E+3	-2.915060E-7	-3.678750E-8
4.105200E+3	-3.250330E-7	-1.024460E-8
4.093800E+3	-3.729970E-7	3.492480E-8
4.071900E+3	-3.813780E-7	2.561150E-8
4.061000E+3	-3.841720E-7	2.048920E-8
4.047800E+3	-3.851040E-7	2.142050E-8
4.028900E+3	-3.096670E-7	-5.634520E-8
4.017700E+3	-3.604240E-7	0.000000E+0
3.998100E+3	-2.970940E-7	-7.590320E-8
3.987400E+3	-3.534390E-7	-2.142050E-8
3.967100E+3	-2.840550E-7	-6.333040E-8
3.956900E+3	-3.404000E-7	-2.328320E-9
3.936100E+3	-2.891770E-7	-1.396990E-8
3.926500E+3	-2.980250E-7	-1.955790E-8
3.905100E+3	-2.877800E-7	-4.051280E-8
3.895800E+3	-3.599580E-7	3.119950E-8
3.874300E+3	-3.511100E-7	2.607710E-8
3.862000E+3	-3.520420E-7	4.330670E-8
3.852400E+3	-2.477340E-7	-5.401690E-8
3.831700E+3	-3.157200E-7	2.281750E-8
3.821600E+3	-2.584440E-7	-2.281750E-8
3.801200E+3	-3.073380E-7	2.980250E-8
3.790500E+3	-2.803300E-7	1.024460E-8
3.767800E+3	-3.003530E-7	-5.122300E-9
3.757900E+3	-2.342290E-7	-8.475080E-8
3.746600E+3	-3.031470E-7	-3.073390E-8
3.725100E+3	-2.663600E-7	-5.774220E-8
3.713700E+3	-2.649630E-7	-4.749770E-8
3.703900E+3	-2.365570E-7	-5.308560E-8
3.680100E+3	-2.379540E-7	-4.936030E-8
3.670500E+3	-2.840550E-7	0.000000E+0
3.647400E+3	-2.398170E-7	-3.399350E-8
3.637000E+3	-2.332970E-7	-3.585610E-8
3.616600E+3	-2.365570E-7	-3.632180E-8
3.606800E+3	-3.259650E-7	4.284110E-8
3.584100E+3	-2.933680E-7	1.396990E-9
3.573400E+3	-3.264300E-7	4.610070E-8
3.564300E+3	-2.407490E-7	-3.026820E-8
3.540000E+3	-2.253810E-7	-7.078100E-8
3.530700E+3	-2.295720E-7	-7.171230E-8
3.518500E+3	-3.092010E-7	4.656640E-9
3.497300E+3	-3.157200E-7	1.676390E-8
3.487700E+3	-2.486650E-7	-4.703200E-8
3.467000E+3	-2.970940E-7	-4.656640E-9
3.456800E+3	-2.281750E-7	-8.475080E-8
3.433400E+3	-2.980250E-7	-1.071030E-8
3.424100E+3	-3.003530E-7	1.257290E-8
3.412800E+3	-2.370230E-7	-3.539050E-8
3.390400E+3	-3.008190E-7	4.190970E-8
3.379000E+3	-2.444740E-7	-2.142050E-8
3.357400E+3	-2.919710E-7	3.492480E-8
3.346200E+3	-2.165330E-7	-4.097840E-8
3.336000E+3	-2.933680E-7	5.355130E-8
3.313400E+3	-1.937160E-7	-4.656640E-8
3.302400E+3	-2.156020E-7	-3.306220E-8
3.282200E+3	-2.593750E-7	-1.862660E-9
3.269100E+3	-2.081520E-7	-5.308560E-8
3.259800E+3	-2.766050E-7	6.984950E-9
3.238600E+3	-2.780020E-7	1.257290E-8
3.229500E+3	-2.887120E-7	2.561150E-8
3.208300E+3	-2.179300E-7	-6.752130E-8
3.199200E+3	-2.756730E-7	2.840550E-8
3.178000E+3	-2.733450E-7	5.262000E-8
3.168600E+3	-2.696200E-7	4.423800E-8
3.147700E+3	-2.877800E-7	3.958140E-8
3.137700E+3	-2.081520E-7	-2.374880E-8
3.114000E+3	-2.253810E-7	-2.933680E-8
3.104900E+3	-2.388860E-7	-1.536690E-8
3.083600E+3	-2.612380E-7	-8.381960E-9
3.073800E+3	-2.849870E-7	9.313280E-9
3.062400E+3	-2.216560E-7	-4.936030E-8
3.040900E+3	-2.980250E-7	5.587960E-8
3.029600E+3	-2.100140E-7	-3.352780E-8
3.007500E+3	-2.677570E-7	4.097840E-8
2.996900E+3	-1.830060E-7	-4.377240E-8
2.977000E+3	-2.388860E-7	-2.607710E-8
2.965900E+3	-2.481990E-7	2.328320E-9
2.952400E+3	-1.960440E-7	-5.401690E-8
2.933100E+3	-2.686880E-7	5.122300E-9
2.919000E+3	-1.937160E-7	-6.845270E-8
2.909800E+3	-2.710170E-7	1.303860E-8
2.888200E+3	-2.197930E-7	-2.700850E-8
2.879100E+3	-2.640320E-7	2.514580E-8
2.854800E+3	-1.997700E-7	-4.936030E-8
2.845700E+3	-2.579780E-7	1.536690E-8
2.835300E+3	-2.603060E-7	2.840550E-8
2.811900E+3	-2.426110E-7	-1.909220E-8
2.802300E+3	-2.798640E-7	1.303860E-8
2.781400E+3	-1.830060E-7	-6.333040E-8
2.769100E+3	-2.360910E-7	-3.725320E-9
2.747600E+3	-2.481990E-7	-2.793980E-9
2.738300E+3	-1.955790E-7	-3.399350E-8
2.717200E+3	-2.281750E-7	1.257290E-8
2.707500E+3	-1.695020E-7	-4.610070E-8
2.696000E+3	-2.523900E-7	4.656640E-8
2.674500E+3	-2.277090E-7	2.887110E-8
2.663100E+3	-2.202590E-7	3.213090E-8
2.640700E+3	-2.169990E-7	7.916300E-9
2.629500E+3	-1.532030E-7	-5.122300E-8
2.610000E+3	-2.323660E-7	1.816090E-8
2.598600E+3	-1.494780E-7	-5.401690E-8
2.589500E+3	-2.277090E-7	3.725310E-8
2.568100E+3	-1.704330E-7	-6.053630E-9
2.548100E+3	-2.100140E-7	2.933680E-8
2.537600E+3	-2.160680E-7	1.024460E-8
2.525600E+3	-2.654290E-7	5.587960E-8
2.504200E+3	-1.578600E-7	-3.259650E-8
2.495200E+3	-1.457530E-7	-3.539050E-8
2.482700E+3	-1.778840E-7	4.656640E-9
2.461700E+3	-1.895250E-7	2.514580E-8
2.451900E+3	-1.098970E-7	-3.539050E-8
2.431300E+3	-1.778840E-7	3.259650E-8
2.420900E+3	-9.592670E-8	-5.075730E-8
2.397600E+3	-2.095480E-7	4.190970E-8
2.387900E+3	-2.002350E-7	2.793980E-8
2.376400E+3	-1.681050E-7	-1.769520E-8
2.354100E+3	-2.169990E-7	3.259650E-8
2.342800E+3	-1.634480E-7	-2.468020E-8
2.320200E+3	-2.020980E-7	-1.676390E-8
2.309800E+3	-2.160680E-7	-7.450640E-9
2.295600E+3	-1.327140E-7	-8.568210E-8
2.276700E+3	-2.221210E-7	1.862660E-8
2.262600E+3	-1.420280E-7	-4.842900E-8
2.253000E+3	-1.559970E-7	-2.607710E-8
2.229900E+3	-1.350430E-7	-3.632180E-8
2.219300E+3	-1.839370E-7	-1.396990E-9
2.196900E+3	-1.979070E-7	-1.210730E-8
2.185600E+3	-1.322490E-7	-7.543760E-8
2.176300E+3	-2.230530E-7	1.490130E-8
2.152200E+3	-1.285230E-7	-5.634520E-8
2.142500E+3	-2.142050E-7	2.654280E-8
2.121100E+3	-1.452870E-7	-5.587960E-8
2.111800E+3	-2.197930E-7	1.303860E-8
2.090300E+3	-2.360910E-7	3.585610E-8
2.081200E+3	-1.774180E-7	1.862660E-9
2.059800E+3	-2.146710E-7	5.029160E-8
2.050600E+3	-1.634480E-7	2.328320E-9
2.029000E+3	-2.146710E-7	4.842900E-8
2.019200E+3	-1.234010E-7	-4.377240E-8
2.007500E+3	-1.234010E-7	-4.330670E-8
1.985400E+3	-2.249150E-7	2.980250E-8
1.973800E+3	-1.783490E-7	-1.396990E-8
1.952800E+3	-1.471500E-7	-4.889470E-8
1.940500E+3	-1.671730E-7	-3.539050E-8
1.919100E+3	-2.193270E-7	3.026820E-8
1.906800E+3	-1.373710E-7	-4.749770E-8
1.882600E+3	-2.030290E-7	4.749770E-8
1.870000E+3	-1.336460E-7	-2.700850E-8
1.848000E+3	-1.681050E-7	-5.122300E-9
1.835200E+3	-1.275920E-7	-2.793980E-8
1.824500E+3	-1.420280E-7	1.024460E-8
1.798000E+3	-1.364400E-7	-2.002350E-8
1.786600E+3	-1.271260E-7	-3.911580E-8
1.761100E+3	-1.783490E-7	1.164160E-8
1.748900E+3	-2.086170E-7	4.097840E-8
1.738700E+3	-1.601880E-7	5.587960E-9
1.715000E+3	-1.220040E-7	-2.840550E-8
1.692300E+3	-1.317830E-7	-3.492480E-8
1.681400E+3	-1.927850E-7	3.958140E-8
1.670900E+3	-9.778930E-8	-5.774220E-8
1.648500E+3	-1.750900E-7	2.328320E-8
1.637600E+3	-1.182780E-7	-3.911580E-8
1.621800E+3	-1.927850E-7	3.585610E-8
1.600300E+3	-1.699670E-7	2.374880E-8
1.589600E+3	-1.168810E-7	-2.142050E-8
1.569200E+3	-1.983730E-7	5.867350E-8
1.556400E+3	-1.867310E-7	4.190970E-8
1.536000E+3	-2.090830E-7	6.565870E-8
1.526100E+3	-1.774180E-7	4.097840E-8
1.515300E+3	-2.020980E-7	4.656640E-8
1.493900E+3	-1.885940E-7	2.374880E-8
1.483700E+3	-1.727610E-7	-1.396990E-9
1.465200E+3	-1.033770E-7	-6.100210E-8
1.455700E+3	-1.774180E-7	1.164160E-8
1.437100E+3	-1.508750E-7	-1.769520E-8
1.425700E+3	-1.573940E-7	-2.887110E-8
1.417800E+3	-1.676390E-7	-3.725310E-8
1.398800E+3	-1.466840E-7	-4.842900E-8
1.388200E+3	-1.871970E-7	-1.117590E-8
1.369700E+3	-1.117590E-7	-6.146770E-8
1.362000E+3	-1.951130E-7	3.445920E-8
1.352800E+3	-1.951130E-7	3.958140E-8
1.332900E+3	-1.951130E-7	1.071030E-8
1.324600E+3	-2.235180E-7	1.862660E-8
1.324600E+3	-2.235180E-7	1.862660E-8
1.296100E+3	-2.118770E-7	1.676390E-8
1.277400E+3	-1.760210E-7	-1.396990E-8
1.269400E+3	-1.159500E-7	-7.078100E-8
1.250900E+3	-1.718300E-7	-9.778940E-9
1.242200E+3	-1.508750E-7	-1.443560E-8
1.232100E+3	-1.559970E-7	4.656640E-9
1.212300E+3	-1.634480E-7	2.468020E-8
1.202300E+3	-1.597230E-7	2.374880E-8
1.184600E+3	-1.806770E-7	5.494830E-8
1.172700E+3	-9.918630E-8	-2.235190E-8
1.164100E+3	-1.876620E-7	5.587960E-8
1.143200E+3	-1.094310E-7	-2.142050E-8
1.133900E+3	-1.424930E-7	2.374880E-8
1.115300E+3	-1.830060E-7	1.629830E-8
1.106400E+3	-2.221210E-7	5.168860E-8
1.087500E+3	-2.048920E-7	2.468020E-8
1.079300E+3	-2.058230E-7	3.306220E-8
1.070200E+3	-1.671730E-7	2.793980E-9
1.049500E+3	-2.044260E-7	1.350420E-8
1.041200E+3	-1.261950E-7	-6.938400E-8
1.022700E+3	-2.062890E-7	3.026820E-8
1.014100E+3	-1.150190E-7	-6.193340E-8
9.964000E+2	-1.164160E-7	-4.610070E-8
9.872000E+2	-1.364400E-7	-2.700850E-8
9.701000E+2	-1.769520E-7	2.188620E-8
9.606000E+2	-1.238670E-7	-3.911580E-8
9.415000E+2	-2.062890E-7	3.725310E-8
9.319000E+2	-1.443560E-7	-2.002350E-8
9.157000E+2	-1.559970E-7	1.490130E-8
9.070000E+2	-9.685800E-8	-4.330670E-8
8.981000E+2	-1.480810E-7	1.722960E-8
8.813000E+2	-1.750900E-7	4.190970E-8
8.704000E+2	-1.494780E-7	-8.381960E-9
8.535000E+2	-1.890590E-7	-1.396990E-9
8.430000E+2	-1.238670E-7	-7.497190E-8
8.357000E+2	-2.193270E-7	6.984950E-9
8.182000E+2	-2.044260E-7	-1.629830E-8
8.016000E+2	-1.466840E-7	-6.659000E-8
7.936000E+2	-1.480810E-7	-6.659000E-8
7.860000E+2	-2.183960E-7	1.396990E-8
7.664000E+2	-1.164160E-7	-4.982600E-8
7.593000E+2	-1.881280E-7	3.399350E-8
7.492000E+2	-1.462190E-7	-2.561150E-8
7.327000E+2	-1.895250E-7	1.722960E-8
7.245000E+2	-1.760210E-7	1.024460E-8
7.087000E+2	-1.820740E-7	1.816090E-8
7.001000E+2	-1.974410E-7	2.235190E-8
6.823000E+2	-2.267780E-7	2.654280E-8
6.746000E+2	-2.221210E-7	1.164160E-8
6.655000E+2	-1.667080E-7	-5.587960E-8
6.490000E+2	-2.654290E-7	2.887110E-8
6.400000E+2	-2.654290E-7	3.259650E-8
6.230000E+2	-2.640320E-7	3.585610E-8
6.139000E+2	-2.356260E-7	-1.210730E-8
6.139000E+2	-2.356260E-7	-1.210730E-8
5.902000E+2	-1.713640E-7	-5.308560E-8
5.807000E+2	-2.267780E-7	5.587960E-9
5.648000E+2	-1.988380E-7	-8.381960E-9
5.550000E+2	-2.225870E-7	3.352780E-8
5.483000E+2	-2.458710E-7	4.889470E-8
5.297000E+2	-1.424930E-7	-4.842900E-8
5.227000E+2	-2.435430E-7	4.097840E-8
5.151000E+2	-2.281750E-7	-1.396990E-9
4.970000E+2	-2.654290E-7	-2.514580E-8
4.901000E+2	-3.017500E-7	9.778940E-9
4.677000E+2	-2.793990E-7	-3.073390E-8
4.502000E+2	-2.067550E-7	-9.499540E-8
4.279000E+2	-2.547190E-7	-4.237540E-8
3.886000E+2	-2.924370E-7	1.350420E-8
3.669000E+2	-2.607720E-7	-2.281750E-8
3.166000E+2	-3.688060E-7	4.423800E-8
2.915000E+2	-3.790500E-7	2.654280E-8
2.611000E+2	-3.175830E-7	-6.472740E-8
2.093000E+2	-3.990740E-7	-4.004710E-8
1.833000E+2	-4.577470E-7	-1.303860E-8
1.287000E+2	-4.153720E-7	-7.683460E-8
1.023000E+2	-4.977960E-7	-2.002350E-8
4.660000E+1	-6.277150E-7	2.607710E-8
2.020000E+1	-5.541410E-7	3.771880E-8
-1.370000E+1	-3.175830E-7	-2.980250E-8
-6.860000E+1	3.026820E-8	4.190970E-8
-9.540000E+1	2.151360E-7	9.778940E-9
-1.485000E+2	3.352780E-7	6.007080E-8
-1.751000E+2	4.521590E-7	-2.840550E-8
-2.260000E+2	3.543700E-7	8.428510E-8
-2.520000E+2	3.972110E-7	5.960510E-8
-2.999000E+2	4.740450E-7	-1.396990E-8
-3.246000E+2	4.055930E-7	3.026820E-8
