Sample Name, Varga_5_4_28G
Freq, 28, GHz, Power, 10, dBm
SR850: f = 25 Hz; phase = 97 deg; output = 5 V; sens. = 20 uV; tc = 300 ms; 12dB/oct
Field	X	Y
Oe	V	V
*
-6.801000E+2	6.584490E-7	4.749770E-8
-6.801000E+2	6.584490E-7	4.749770E-8
-6.810000E+2	6.947700E-7	-2.793980E-9
-6.801000E+2	7.282980E-7	-4.284110E-8
-6.728000E+2	6.696250E-7	1.862660E-8
-6.644000E+2	7.245730E-7	-2.048920E-8
-6.395000E+2	6.984960E-7	6.519300E-8
-6.256000E+2	7.478560E-7	3.911580E-8
-5.968000E+2	7.525120E-7	7.078100E-8
-5.814000E+2	8.055980E-7	3.352780E-8
-5.497000E+2	8.232930E-7	6.053640E-8
-5.347000E+2	8.931420E-7	1.303860E-8
-5.033000E+2	9.471590E-7	3.352780E-8
-4.895000E+2	1.035640E-6	-1.117590E-8
-4.609000E+2	1.071030E-6	6.984960E-8
-4.490000E+2	1.191170E-6	0.000000E+0
-4.239000E+2	1.291750E-6	1.210730E-8
-4.139000E+2	1.319690E-6	2.235190E-8
-4.024000E+2	1.315030E-6	7.823160E-8
-3.819000E+2	1.435180E-6	-1.303860E-8
-3.726000E+2	1.444490E-6	1.024460E-8
-3.530000E+2	1.531100E-6	-1.862660E-9
-3.445000E+2	1.571150E-6	9.313280E-9
-3.327000E+2	1.599090E-6	2.048920E-8
-3.147000E+2	1.731340E-6	-3.632180E-8
-3.038000E+2	1.697810E-6	2.048920E-8
-2.848000E+2	1.793730E-6	9.313280E-9
-2.733000E+2	1.820740E-6	2.048920E-8
-2.537000E+2	1.911090E-6	2.793980E-8
-2.423000E+2	2.047060E-6	-2.980250E-8
-2.222000E+2	2.063830E-6	5.587960E-8
-2.113000E+2	2.113190E-6	4.097840E-8
-1.894000E+2	2.195140E-6	3.911580E-8
-1.781000E+2	2.219360E-6	6.053640E-8
-1.690000E+2	2.323660E-6	-6.519290E-9
-1.480000E+2	2.389790E-6	3.725320E-9
-1.285000E+2	2.459640E-6	-8.381960E-9
-1.183000E+2	2.570460E-6	-6.612440E-8
-1.094000E+2	2.551840E-6	-6.519290E-9
-8.870000E+1	2.711090E-6	-8.754480E-8
-6.810000E+1	2.725060E-6	-2.142050E-8
-5.890000E+1	2.798640E-6	-2.328320E-8
-4.670000E+1	2.922500E-6	-7.916290E-8
-2.550000E+1	2.818200E-6	-5.308560E-8
-1.620000E+1	2.516450E-6	1.024460E-8
4.500000E+0	1.601880E-6	1.117590E-8
1.430000E+1	9.797590E-7	-1.490130E-8
2.550000E+1	5.308560E-8	2.328320E-8
4.670000E+1	-1.151120E-6	-1.769520E-8
5.800000E+1	-1.776040E-6	3.445920E-8
7.970000E+1	-2.260330E-6	-2.514580E-8
9.020000E+1	-2.517380E-6	4.284110E-8
1.038000E+2	-2.544390E-6	-1.490130E-8
1.235000E+2	-2.656150E-6	4.656640E-9
1.338000E+2	-2.680360E-6	2.048920E-8
1.529000E+2	-2.655220E-6	4.656640E-9
1.637000E+2	-2.559290E-6	-6.426170E-8
1.864000E+2	-2.561150E-6	-2.793980E-9
1.969000E+2	-2.501550E-6	-6.519290E-9
2.058000E+2	-2.386060E-6	-5.494830E-8
2.296000E+2	-2.346950E-6	-1.862660E-9
2.386000E+2	-2.255680E-6	-5.867350E-8
2.597000E+2	-2.175580E-6	-7.078100E-8
2.688000E+2	-2.172790E-6	-4.284110E-8
2.899000E+2	-2.075930E-6	-3.911580E-8
3.018000E+2	-2.022850E-6	-5.681090E-8
3.119000E+2	-2.051720E-6	2.048920E-8
3.318000E+2	-1.899910E-6	-3.352780E-8
3.426000E+2	-1.852410E-6	-3.818450E-8
3.621000E+2	-1.760210E-6	-2.887110E-8
3.732000E+2	-1.783490E-6	2.793980E-8
3.925000E+2	-1.710850E-6	1.955790E-8
4.038000E+2	-1.649380E-6	-3.725320E-9
4.230000E+2	-1.531100E-6	-3.539050E-8
4.342000E+2	-1.534830E-6	9.313280E-9
4.555000E+2	-1.379300E-6	-6.705570E-8
4.668000E+2	-1.359740E-6	-3.259650E-8
4.797000E+2	-1.372780E-6	-6.519290E-9
4.996000E+2	-1.316900E-6	4.656640E-9
5.103000E+2	-1.286160E-6	1.676390E-8
5.335000E+2	-1.184650E-6	-2.328320E-8
5.438000E+2	-1.118530E-6	-3.818450E-8
5.559000E+2	-1.067300E-6	-5.029160E-8
5.772000E+2	-1.077550E-6	1.583260E-8
5.864000E+2	-1.002110E-6	-3.725310E-8
6.078000E+2	-9.480900E-7	-4.190970E-8
6.168000E+2	-8.922110E-7	-6.519300E-8
6.281000E+2	-9.015240E-7	-2.887110E-8
6.503000E+2	-8.363310E-7	-2.421450E-8
6.608000E+2	-7.860400E-7	-4.563500E-8
6.839000E+2	-7.851090E-7	-1.210730E-8
6.938000E+2	-7.655510E-7	-2.700850E-8
7.054000E+2	-7.590320E-7	-2.887110E-8
7.273000E+2	-7.115340E-7	-4.284110E-8
7.388000E+2	-7.143280E-7	-1.955790E-8
7.588000E+2	-6.975640E-7	-2.328320E-8
7.703000E+2	-7.087400E-7	7.450640E-9
7.903000E+2	-6.835940E-7	1.117590E-8
8.018000E+2	-6.090890E-7	-4.470370E-8
8.218000E+2	-6.277150E-7	6.519290E-9
8.328000E+2	-6.435480E-7	3.539050E-8
8.531000E+2	-5.709040E-7	-1.862660E-9
8.636000E+2	-5.681100E-7	1.396990E-8
8.759000E+2	-5.085060E-7	-3.166520E-8
8.977000E+2	-5.168880E-7	-1.210730E-8
9.071000E+2	-4.861540E-7	-3.259650E-8
9.318000E+2	-5.215440E-7	3.445920E-8
9.417000E+2	-4.507620E-7	-1.490130E-8
9.659000E+2	-4.945360E-7	3.911580E-8
9.764000E+2	-4.638000E-7	5.587960E-9
9.859000E+2	-4.302730E-7	-3.259650E-8
1.010600E+3	-4.293420E-7	-2.048920E-8
1.020300E+3	-4.107150E-7	-3.445920E-8
1.041500E+3	-4.246850E-7	-2.048920E-8
1.050900E+3	-4.619380E-7	7.450640E-9
1.072400E+3	-4.246850E-7	-3.725310E-8
1.082200E+3	-4.097840E-7	-3.539050E-8
1.093800E+3	-3.781190E-7	-8.102550E-8
1.116600E+3	-3.930200E-7	-8.009420E-8
1.128100E+3	-4.535560E-7	-9.313280E-9
1.148100E+3	-3.939510E-7	-3.632180E-8
1.158700E+3	-4.544870E-7	3.259650E-8
1.178800E+3	-4.153720E-7	1.303860E-8
1.190400E+3	-3.408660E-7	-3.539050E-8
1.210800E+3	-3.697370E-7	-5.587960E-9
1.222200E+3	-3.613550E-7	-2.142050E-8
1.242700E+3	-4.023330E-7	1.583260E-8
1.253500E+3	-3.809130E-7	-2.421450E-8
1.274400E+3	-4.088520E-7	2.048920E-8
1.284600E+3	-4.041960E-7	6.519290E-9
1.307600E+3	-3.809130E-7	-3.725320E-9
1.318500E+3	-3.380720E-7	-5.029160E-8
1.327600E+3	-3.948830E-7	-2.793980E-9
1.352000E+3	-3.734620E-7	1.210730E-8
1.360800E+3	-3.362090E-7	-1.490130E-8
1.382100E+3	-3.594920E-7	-9.313280E-9
1.394000E+3	-3.054760E-7	-7.078100E-8
1.404600E+3	-3.380720E-7	-3.166520E-8
1.427100E+3	-2.812610E-7	-7.450630E-8
1.436600E+3	-2.812610E-7	-6.891830E-8
1.456700E+3	-2.654290E-7	-7.823160E-8
1.466900E+3	-3.017500E-7	-4.936030E-8
1.486700E+3	-3.315530E-7	-2.700850E-8
1.499300E+3	-3.334150E-7	-2.235190E-8
1.510500E+3	-3.399350E-7	0.000000E+0
1.529700E+3	-3.259650E-7	-1.862660E-9
1.540900E+3	-2.840550E-7	-2.421450E-8
1.560400E+3	-3.101320E-7	1.396990E-8
1.571000E+3	-2.598410E-7	-3.073390E-8
1.590900E+3	-2.980250E-7	8.381960E-9
1.601000E+3	-2.589090E-7	-2.421450E-8
1.621300E+3	-2.281750E-7	-4.190970E-8
1.633700E+3	-2.682230E-7	-5.587960E-9
1.642700E+3	-2.020980E-7	-5.215430E-8
1.663700E+3	-1.853340E-7	-2.607710E-8
1.683700E+3	-2.328320E-7	4.284110E-8
1.693400E+3	-1.639140E-7	-7.450640E-9
1.705200E+3	-1.201420E-7	-4.097840E-8
1.726200E+3	-1.760210E-7	4.097840E-8
1.735200E+3	-1.620510E-7	2.980250E-8
1.746200E+3	-1.173470E-7	-2.328320E-8
1.768200E+3	-1.136220E-7	-4.284110E-8
1.778300E+3	-1.257290E-7	-2.142050E-8
1.801300E+3	-1.182780E-7	-2.235190E-8
1.811800E+3	-1.657760E-7	1.583260E-8
1.831400E+3	-8.661350E-8	-3.166520E-8
1.842500E+3	-1.192100E-7	1.955790E-8
1.852600E+3	-1.173470E-7	3.539050E-8
1.874700E+3	-5.681090E-8	-1.862660E-8
1.885600E+3	-1.061710E-7	2.980250E-8
1.905400E+3	-9.778930E-8	3.911580E-8
1.915800E+3	-1.024460E-8	-1.955790E-8
1.927600E+3	1.117590E-8	-2.514580E-8
1.950500E+3	-2.328320E-8	5.587960E-8
1.960500E+3	8.381960E-9	1.862660E-8
1.980700E+3	6.333040E-8	-8.381960E-9
1.990100E+3	7.730020E-8	-1.117590E-8
2.010900E+3	8.661350E-8	-1.955790E-8
2.020000E+3	8.847610E-8	-1.490130E-8
2.041200E+3	9.033870E-8	1.583260E-8
2.053300E+3	1.396990E-7	-1.024460E-8
2.064000E+3	9.313270E-8	3.911580E-8
2.083600E+3	1.899910E-7	-4.377240E-8
2.094700E+3	1.667080E-7	1.862660E-9
2.116600E+3	2.291060E-7	-6.519290E-9
2.126800E+3	2.766050E-7	-3.352780E-8
2.140000E+3	2.309690E-7	3.073390E-8
2.159200E+3	2.952310E-7	1.862660E-9
2.172100E+3	2.700850E-7	4.097840E-8
2.191600E+3	3.529730E-7	-1.955790E-8
2.202600E+3	3.548360E-7	-8.381960E-9
2.212600E+3	3.417970E-7	3.725320E-9
2.234600E+3	3.641490E-7	2.142050E-8
2.245500E+3	4.144400E-7	-2.793980E-9
2.267800E+3	4.526250E-7	3.166520E-8
2.277900E+3	5.327200E-7	9.313300E-10
2.297200E+3	5.178190E-7	4.190970E-8
2.308300E+3	5.317890E-7	3.725310E-8
2.317300E+3	5.718360E-7	4.656640E-9
2.341500E+3	5.913930E-7	1.955790E-8
2.350400E+3	6.482040E-7	-1.955790E-8
2.371400E+3	7.236410E-7	-4.190970E-8
2.380500E+3	7.525120E-7	-4.377240E-8
2.401200E+3	8.223610E-7	-3.818450E-8
2.410100E+3	7.906970E-7	3.632180E-8
2.423600E+3	8.512320E-7	2.421450E-8
2.442900E+3	8.940730E-7	5.122300E-8
2.455600E+3	9.536820E-7	4.004710E-8
2.475800E+3	1.017940E-6	1.769520E-8
2.486200E+3	1.072890E-6	-1.396990E-8
2.499400E+3	1.069170E-6	2.514580E-8
2.518600E+3	1.198620E-6	-4.377240E-8
2.530000E+3	1.228420E-6	-3.539050E-8
2.551600E+3	1.313170E-6	-2.793980E-8
2.562700E+3	1.293610E-6	4.097840E-8
2.582000E+3	1.418410E-6	2.700850E-8
2.593200E+3	1.436110E-6	5.494830E-8
2.602600E+3	1.532030E-6	1.862660E-9
2.623600E+3	1.647520E-6	-1.024460E-8
2.635600E+3	1.704330E-6	1.117590E-8
2.655700E+3	1.806770E-6	7.450640E-9
2.668200E+3	1.819810E-6	5.029160E-8
2.677500E+3	1.929710E-6	-1.583260E-8
2.701100E+3	1.988390E-6	3.259650E-8
2.710200E+3	2.089900E-6	-2.328320E-8
2.731400E+3	2.206320E-6	-3.539050E-8
2.740600E+3	2.244500E-6	-1.490130E-8
2.761700E+3	2.324600E-6	3.911580E-8
2.773700E+3	2.445670E-6	-1.955790E-8
2.784500E+3	2.474540E-6	2.980250E-8
2.804000E+3	2.621690E-6	2.328320E-8
2.815100E+3	2.661730E-6	4.842900E-8
2.834300E+3	2.811680E-6	3.725310E-8
2.845500E+3	2.888050E-6	3.539050E-8
2.866900E+3	3.106910E-6	-6.519290E-9
2.877800E+3	3.132980E-6	4.097840E-8
2.897000E+3	3.287580E-6	4.842900E-8
2.908200E+3	3.417040E-6	-2.793980E-9
2.920800E+3	3.447770E-6	3.445920E-8
2.940200E+3	3.593060E-6	4.842900E-8
2.950700E+3	3.702950E-6	3.632180E-8
2.962600E+3	3.809120E-6	2.048920E-8
2.985700E+3	3.935800E-6	6.239910E-8
2.996000E+3	4.031720E-6	4.097840E-8
3.016400E+3	4.151870E-6	7.171230E-8
3.026100E+3	4.279460E-6	2.793980E-8
3.047200E+3	4.411700E-6	6.239910E-8
3.056300E+3	4.535570E-6	9.313280E-9
3.066500E+3	4.636150E-6	1.955790E-8
3.089600E+3	4.841040E-6	-1.117590E-8
3.110000E+3	4.932310E-6	6.798700E-8
3.119300E+3	5.101810E-6	7.450640E-9
3.129300E+3	5.175390E-6	2.793980E-8
3.149400E+3	5.364450E-6	2.328320E-8
3.159800E+3	5.421260E-6	5.029160E-8
3.179400E+3	5.597280E-6	4.749770E-8
3.190400E+3	5.650360E-6	6.984960E-8
3.209700E+3	5.884130E-6	1.676390E-8
3.221000E+3	5.966080E-6	5.960510E-8
3.242700E+3	6.148620E-6	4.190970E-8
3.253400E+3	6.225920E-6	6.426170E-8
3.266300E+3	6.271560E-6	1.117590E-7
3.285500E+3	6.468060E-6	9.778930E-8
3.296600E+3	6.572370E-6	6.891830E-8
3.316100E+3	6.700900E-6	1.145530E-7
3.329200E+3	6.780990E-6	1.117590E-7
3.348400E+3	6.918820E-6	1.117590E-7
3.359600E+3	6.998920E-6	9.872060E-8
3.368700E+3	7.066900E-6	9.778930E-8
3.390000E+3	7.214050E-6	7.264360E-8
3.398900E+3	7.286700E-6	4.097840E-8
3.420100E+3	7.397520E-6	2.980250E-8
3.432000E+3	7.462720E-6	1.862660E-9
3.453100E+3	7.561440E-6	2.048920E-8
3.462200E+3	7.608930E-6	2.887110E-8
3.482800E+3	7.733760E-6	3.725310E-8
3.491800E+3	7.793370E-6	3.725310E-8
3.513000E+3	7.911640E-6	5.308560E-8
3.522100E+3	7.936790E-6	6.612440E-8
3.542800E+3	8.018750E-6	5.122300E-8
3.552600E+3	8.016880E-6	8.847610E-8
3.572900E+3	8.115600E-6	5.029160E-8
3.583100E+3	8.120260E-6	7.543760E-8
3.594000E+3	8.157510E-6	6.612440E-8
3.616500E+3	8.246920E-6	6.333040E-8
3.627100E+3	8.245990E-6	8.847610E-8
3.648700E+3	8.349370E-6	6.053640E-8
3.659900E+3	8.335400E-6	1.201420E-7
3.679100E+3	8.379170E-6	1.201420E-7
3.690100E+3	8.430390E-6	8.195680E-8
3.710000E+3	8.464850E-6	8.381950E-8
3.720400E+3	8.504900E-6	7.823160E-8
3.732300E+3	8.527250E-6	5.401690E-8
3.753400E+3	8.519800E-6	7.450630E-8
3.762300E+3	8.563570E-6	3.911580E-8
3.783500E+3	8.534700E-6	7.730020E-8
3.795600E+3	8.537490E-6	7.636890E-8
3.805300E+3	8.520730E-6	8.195680E-8
3.825600E+3	8.569160E-6	6.146770E-8
3.835900E+3	8.582200E-6	6.612440E-8
3.858900E+3	8.609200E-6	6.984960E-8
3.868300E+3	8.640870E-6	4.097840E-8
3.888800E+3	8.664150E-6	5.215430E-8
3.898800E+3	8.653910E-6	6.053640E-8
3.918900E+3	8.661360E-6	4.842900E-8
3.929400E+3	8.626900E-6	6.426170E-8
3.940100E+3	8.659500E-6	3.725310E-8
3.961600E+3	8.641800E-6	6.519300E-8
3.972900E+3	8.670670E-6	3.259650E-8
3.994200E+3	8.696750E-6	2.887110E-8
4.005300E+3	8.664150E-6	7.636890E-8
4.024500E+3	8.646460E-6	7.636890E-8
4.035600E+3	8.664150E-6	4.004710E-8
4.047900E+3	8.655770E-6	4.190970E-8
4.068200E+3	8.662290E-6	5.587960E-8
4.078200E+3	8.640870E-6	9.592670E-8
4.090400E+3	8.696750E-6	4.377240E-8
4.111400E+3	8.707920E-6	5.308560E-8
4.121000E+3	8.747040E-6	2.793980E-8
4.144600E+3	8.727480E-6	4.190970E-8
4.153600E+3	8.758220E-6	5.587960E-9
4.174800E+3	8.758220E-6	4.097840E-8
4.184100E+3	8.777770E-6	3.725310E-8
4.204700E+3	8.778700E-6	4.284110E-8
4.214500E+3	8.812230E-6	3.073390E-8
4.227600E+3	8.805710E-6	6.146770E-8
4.247000E+3	8.825270E-6	6.333040E-8
4.259800E+3	8.832720E-6	6.146770E-8
4.271000E+3	8.811300E-6	8.568210E-8
4.292300E+3	8.886740E-6	3.259650E-8
4.303600E+3	8.866250E-6	6.984960E-8
4.325000E+3	8.923990E-6	6.519290E-9
4.335800E+3	8.901640E-6	6.891830E-8
4.346200E+3	8.919330E-6	8.847610E-8
4.369200E+3	8.986390E-6	5.774220E-8
4.379200E+3	8.994770E-6	6.519300E-8
4.401500E+3	9.050650E-6	3.632180E-8
4.412400E+3	9.097220E-6	2.048920E-8
4.421400E+3	9.072070E-6	7.264360E-8
4.445200E+3	9.159620E-6	3.725310E-8
4.454400E+3	9.202460E-6	2.048920E-8
4.464400E+3	9.218290E-6	3.911580E-8
4.487700E+3	9.272310E-6	5.494830E-8
4.496900E+3	9.319800E-6	3.073390E-8
4.517700E+3	9.362640E-6	4.656640E-8
4.527400E+3	9.374750E-6	7.078100E-8
4.547800E+3	9.482780E-6	2.048920E-8
4.558200E+3	9.516310E-6	1.955790E-8
4.581200E+3	9.558220E-6	2.235190E-8
4.590700E+3	9.618760E-6	-7.450640E-9
4.603700E+3	9.624350E-6	1.583260E-8
4.623300E+3	9.729590E-6	-7.450640E-9
4.636100E+3	9.742620E-6	3.073390E-8
4.647400E+3	9.759390E-6	5.867350E-8
4.669700E+3	9.872080E-6	2.048920E-8
4.680800E+3	9.870210E-6	5.401690E-8
4.700500E+3	9.992220E-6	3.818450E-8
4.710900E+3	1.003510E-5	6.519300E-8
4.732800E+3	1.014770E-5	3.166520E-8
4.743900E+3	1.017660E-5	5.774220E-8
4.756200E+3	1.025670E-5	1.862660E-8
4.776500E+3	1.035080E-5	9.313300E-10
4.789300E+3	1.035730E-5	2.793980E-8
4.798200E+3	1.043270E-5	-1.490130E-8
4.821700E+3	1.050070E-5	-3.725320E-9
4.831200E+3	1.056870E-5	-3.539050E-8
4.852200E+3	1.064880E-5	-4.470370E-8
4.861300E+3	1.071860E-5	-8.009420E-8
4.882400E+3	1.077550E-5	-3.539050E-8
4.891500E+3	1.088440E-5	-4.563500E-8
4.904100E+3	1.091700E-5	-2.048920E-8
4.924600E+3	1.105770E-5	-5.308560E-8
4.934800E+3	1.109680E-5	-2.887110E-8
4.954700E+3	1.121600E-5	-3.818450E-8
4.965400E+3	1.123740E-5	1.862660E-9
4.984900E+3	1.135660E-5	-5.587960E-9
4.996000E+3	1.139110E-5	2.700850E-8
5.015400E+3	1.150000E-5	5.587960E-9
5.026700E+3	1.151400E-5	4.936030E-8
5.046000E+3	1.160060E-5	5.587960E-8
5.057200E+3	1.165740E-5	4.377240E-8
5.076900E+3	1.177940E-5	3.352780E-8
5.090000E+3	1.181390E-5	5.308560E-8
5.099800E+3	1.189030E-5	3.259650E-8
5.122500E+3	1.201130E-5	3.911580E-8
5.132900E+3	1.204490E-5	4.470370E-8
5.154600E+3	1.212490E-5	4.190970E-8
5.165800E+3	1.217990E-5	1.583260E-8
5.185200E+3	1.223860E-5	3.166520E-8
5.196100E+3	1.230000E-5	1.396990E-8
5.205000E+3	1.233820E-5	3.725320E-9
5.229100E+3	1.235220E-5	3.632180E-8
5.238300E+3	1.241460E-5	9.313280E-9
5.259500E+3	1.248540E-5	-7.450640E-9
5.271600E+3	1.250400E-5	-2.421450E-8
5.282100E+3	1.250030E-5	-1.955790E-8
5.301800E+3	1.254310E-5	-2.048920E-8
5.312900E+3	1.253850E-5	3.725320E-9
5.332200E+3	1.259150E-5	-1.210730E-8
5.343300E+3	1.259620E-5	1.117590E-8
5.361900E+3	1.263250E-5	-9.313280E-9
5.372800E+3	1.260180E-5	1.117590E-8
5.392000E+3	1.256830E-5	1.862660E-8
5.406200E+3	1.256360E-5	1.862660E-8
5.416100E+3	1.257940E-5	-1.210730E-8
5.436900E+3	1.253750E-5	9.313280E-9
5.446400E+3	1.252730E-5	-1.117590E-8
5.469800E+3	1.243790E-5	-3.725320E-9
5.480100E+3	1.240060E-5	0.000000E+0
5.500700E+3	1.232800E-5	0.000000E+0
5.510400E+3	1.229260E-5	-1.210730E-8
5.522400E+3	1.226190E-5	-3.632180E-8
5.543500E+3	1.218270E-5	-3.352780E-8
5.552500E+3	1.212120E-5	-1.862660E-9
5.573600E+3	1.203270E-5	-2.793980E-9
5.585500E+3	1.198800E-5	-1.769520E-8
5.595900E+3	1.191070E-5	-1.862660E-9
5.618700E+3	1.179530E-5	-1.490130E-8
5.628500E+3	1.172260E-5	1.117590E-8
5.652100E+3	1.161270E-5	4.656640E-9
5.662200E+3	1.155130E-5	-1.210730E-8
5.673500E+3	1.143860E-5	1.396990E-8
5.694900E+3	1.132120E-5	-2.700850E-8
5.706100E+3	1.123460E-5	-3.352780E-8
5.727600E+3	1.110510E-5	-5.029160E-8
5.727600E+3	1.110510E-5	-5.029160E-8
5.751200E+3	1.090960E-5	-2.793980E-8
5.770600E+3	1.078010E-5	-4.656640E-8
5.781600E+3	1.068050E-5	-4.004710E-8
5.801300E+3	1.050260E-5	-1.490130E-8
5.812000E+3	1.043930E-5	-2.793980E-8
5.834000E+3	1.021390E-5	-1.210730E-8
5.845400E+3	1.011790E-5	4.656640E-9
5.864800E+3	9.954970E-6	1.396990E-8
5.875800E+3	9.820850E-6	2.328320E-8
5.887700E+3	9.742620E-6	-7.450640E-9
5.908200E+3	9.509790E-6	2.235190E-8
5.917500E+3	9.431560E-6	-3.352780E-8
5.938600E+3	9.205250E-6	-5.867350E-8
5.947800E+3	9.097220E-6	-6.053640E-8
5.958300E+3	8.924920E-6	-3.818450E-8
5.981100E+3	8.752630E-6	-6.612440E-8
5.990900E+3	8.635280E-6	-6.053640E-8
6.011300E+3	8.378240E-6	-4.190970E-8
6.021600E+3	8.239470E-6	-7.450640E-9
6.041500E+3	8.005710E-6	-2.607710E-8
6.052400E+3	7.838070E-6	9.313300E-10
6.071900E+3	7.546540E-6	-5.774220E-8
6.084800E+3	7.374240E-6	-2.700850E-8
6.095900E+3	7.268070E-6	-7.450630E-8
6.117500E+3	6.943970E-6	-6.798700E-8
6.128900E+3	6.764220E-6	-2.887110E-8
6.148200E+3	6.476450E-6	-4.470370E-8
6.159500E+3	6.257590E-6	-1.583260E-8
6.181700E+3	5.957700E-6	-5.122300E-8
6.192800E+3	5.722080E-6	-2.142050E-8
6.204900E+3	5.552570E-6	-3.073390E-8
6.225400E+3	5.171660E-6	-6.519290E-9
6.234900E+3	4.999370E-6	-2.793980E-9
6.256100E+3	4.611010E-6	-5.587960E-9
6.265300E+3	4.369790E-6	2.421450E-8
6.277600E+3	4.235680E-6	-3.632180E-8
6.298600E+3	3.836150E-6	-1.490130E-8
6.308200E+3	3.608890E-6	-3.818450E-8
6.331900E+3	3.145090E-6	2.700850E-8
6.341000E+3	2.911330E-6	-1.210730E-8
6.353900E+3	2.686880E-6	-2.607710E-8
6.374300E+3	2.174650E-6	-1.676390E-8
6.386500E+3	1.980010E-6	-5.029160E-8
6.397700E+3	1.688500E-6	6.519290E-9
6.419500E+3	1.229350E-6	-5.867350E-8
6.430000E+3	9.425020E-7	3.725320E-9
6.452600E+3	4.665940E-7	-4.097840E-8
6.463500E+3	2.067550E-7	-1.676390E-8
6.473700E+3	-6.426170E-8	5.587960E-9
6.495700E+3	-5.727670E-7	-1.955790E-8
6.506800E+3	-8.670650E-7	4.377240E-8
6.526500E+3	-1.365330E-6	9.313280E-9
6.537200E+3	-1.564630E-6	-2.048920E-8
6.557600E+3	-2.065690E-6	7.264360E-8
6.567800E+3	-2.309690E-6	6.891830E-8
6.590400E+3	-2.930890E-6	6.798700E-8
6.601300E+3	-3.186070E-6	6.333040E-8
6.610500E+3	-3.431940E-6	1.862660E-8
6.631800E+3	-3.912520E-6	-1.955790E-8
6.641100E+3	-4.234750E-6	5.960510E-8
6.662000E+3	-4.703210E-6	3.725310E-8
6.671600E+3	-5.029170E-6	9.127010E-8
6.694900E+3	-5.545120E-6	3.911580E-8
6.704000E+3	-5.762120E-6	6.519290E-9
6.715000E+3	-6.119750E-6	4.284110E-8
6.736900E+3	-6.577960E-6	-9.313300E-10
6.747300E+3	-6.917890E-6	5.587960E-9
6.770300E+3	-7.431050E-6	-1.396990E-8
6.780000E+3	-7.712340E-6	-5.587960E-9
6.794100E+3	-8.044820E-6	7.450630E-8
6.813500E+3	-8.535630E-6	9.685800E-8
6.824800E+3	-8.705130E-6	5.122300E-8
6.844400E+3	-9.114910E-6	4.190970E-8
6.854700E+3	-9.364510E-6	7.916290E-8
6.874200E+3	-9.842280E-6	1.452870E-7
6.885400E+3	-9.979180E-6	7.730020E-8
6.905200E+3	-1.039920E-5	1.136220E-7
6.916000E+3	-1.055470E-5	3.725310E-8
6.936000E+3	-1.103340E-5	1.238670E-7
6.946400E+3	-1.112560E-5	3.166520E-8
6.966700E+3	-1.151490E-5	4.377240E-8
6.979600E+3	-1.170210E-5	3.445920E-8
6.989000E+3	-1.196010E-5	1.313170E-7
6.989000E+3	-1.196010E-5	1.313170E-7
7.019000E+3	-1.230560E-5	7.264360E-8
7.040200E+3	-1.253470E-5	4.004710E-8
7.049600E+3	-1.278340E-5	1.546000E-7
7.070300E+3	-1.292680E-5	6.891830E-8
7.080300E+3	-1.308700E-5	9.778930E-8
7.100500E+3	-1.338410E-5	1.313170E-7
7.110900E+3	-1.350700E-5	1.862650E-7
7.130800E+3	-1.361880E-5	8.381950E-8
7.143500E+3	-1.370820E-5	9.499540E-8
7.154700E+3	-1.384510E-5	1.704330E-7
7.177100E+3	-1.388610E-5	8.381950E-8
7.188300E+3	-1.402950E-5	2.114110E-7
7.208000E+3	-1.411330E-5	2.169990E-7
7.218800E+3	-1.404530E-5	1.098970E-7
7.237700E+3	-1.421020E-5	1.667080E-7
7.248800E+3	-1.414590E-5	9.313270E-8
7.264000E+3	-1.425490E-5	2.002350E-7
7.284100E+3	-1.420180E-5	1.406310E-7
7.294100E+3	-1.415520E-5	1.071030E-7
7.314600E+3	-1.425670E-5	2.430770E-7
7.324000E+3	-1.422140E-5	2.570470E-7
7.347200E+3	-1.412820E-5	2.207240E-7
7.357400E+3	-1.398200E-5	1.145530E-7
7.366600E+3	-1.405840E-5	2.160680E-7
7.387700E+3	-1.390000E-5	1.750900E-7
7.397500E+3	-1.382930E-5	1.331800E-7
7.418000E+3	-1.377430E-5	1.685700E-7
7.428200E+3	-1.376690E-5	2.123420E-7
7.448300E+3	-1.357410E-5	1.722960E-7
7.463700E+3	-1.342230E-5	1.033770E-7
7.473900E+3	-1.342690E-5	2.086170E-7
7.493800E+3	-1.327510E-5	2.225870E-7
7.505700E+3	-1.317830E-5	2.179300E-7
7.524900E+3	-1.292680E-5	1.192100E-7
7.535200E+3	-1.281790E-5	8.847610E-8
7.557300E+3	-1.261200E-5	8.381950E-8
7.568600E+3	-1.260360E-5	1.704330E-7
7.588100E+3	-1.235960E-5	1.117590E-7
7.599400E+3	-1.236150E-5	2.235180E-7
7.608600E+3	-1.219760E-5	1.406310E-7
7.632200E+3	-1.203550E-5	1.806770E-7
7.642000E+3	-1.190330E-5	1.424930E-7
7.665100E+3	-1.167230E-5	1.322490E-7
7.675600E+3	-1.162110E-5	1.993040E-7
7.684900E+3	-1.145440E-5	1.629820E-7
7.709000E+3	-1.130070E-5	2.225870E-7
7.718100E+3	-1.113960E-5	1.834710E-7
7.730600E+3	-1.099430E-5	1.033770E-7
7.754600E+3	-1.078200E-5	1.061710E-7
7.764100E+3	-1.067020E-5	8.102550E-8
7.784800E+3	-1.047460E-5	1.192100E-7
7.794900E+3	-1.043550E-5	1.750900E-7
7.815200E+3	-1.021110E-5	1.145530E-7
7.824700E+3	-1.011890E-5	1.396990E-7
7.845400E+3	-9.985700E-6	1.937160E-7
7.858200E+3	-9.845070E-6	1.424930E-7
7.869400E+3	-9.714680E-6	9.965200E-8
7.888900E+3	-9.569400E-6	1.434250E-7
7.899800E+3	-9.485580E-6	1.536690E-7
7.921500E+3	-9.208980E-6	6.798700E-8
7.932700E+3	-9.092560E-6	7.450630E-8
7.945300E+3	-8.981730E-6	6.984960E-8
7.965300E+3	-8.851350E-6	1.331800E-7
7.975500E+3	-8.725620E-6	9.406400E-8
7.996100E+3	-8.657630E-6	1.834710E-7
8.005800E+3	-8.484410E-6	6.426170E-8
8.026800E+3	-8.375440E-6	8.475080E-8
8.036000E+3	-8.268340E-6	4.377240E-8
8.046200E+3	-8.260890E-6	1.499440E-7
8.069400E+3	-8.036440E-6	9.499540E-8
8.078900E+3	-7.947970E-6	1.117590E-7
8.102800E+3	-7.807340E-6	1.173470E-7
8.112000E+3	-7.665770E-6	4.563500E-8
8.133400E+3	-7.540950E-6	6.705570E-8
8.142800E+3	-7.537220E-6	1.238670E-7
8.163800E+3	-7.370520E-6	6.891830E-8
8.173700E+3	-7.309050E-6	7.636890E-8
8.185000E+3	-7.271800E-6	1.359740E-7
8.206700E+3	-7.067840E-6	8.568210E-8
8.217900E+3	-7.054800E-6	1.657760E-7
8.239700E+3	-6.837800E-6	7.450630E-8
8.250300E+3	-6.835940E-6	1.462190E-7
8.263800E+3	-6.800550E-6	1.695020E-7
8.283800E+3	-6.611490E-6	9.592670E-8
8.294100E+3	-6.534190E-6	9.592670E-8
8.316100E+3	-6.415910E-6	8.288820E-8
8.327300E+3	-6.326500E-6	4.749770E-8
8.336400E+3	-6.359100E-6	1.275920E-7
8.360200E+3	-6.130930E-6	3.073390E-8
8.372800E+3	-6.146760E-6	1.071030E-7
8.392600E+3	-6.014510E-6	7.916290E-8
8.402800E+3	-5.888780E-6	-4.656640E-9
8.423100E+3	-5.881330E-6	7.264360E-8
8.433000E+3	-5.743500E-6	1.955790E-8
8.448100E+3	-5.699720E-6	5.960510E-8
8.458500E+3	-5.692270E-6	1.359740E-7
8.478600E+3	-5.491110E-6	5.494830E-8
8.489300E+3	-5.484590E-6	8.754480E-8
8.511800E+3	-5.383070E-6	6.798700E-8
8.522100E+3	-5.311360E-6	4.004710E-8
8.542500E+3	-5.191220E-6	3.632180E-8
8.553200E+3	-5.185630E-6	9.872060E-8
8.573200E+3	-5.031960E-6	3.445920E-8
8.584500E+3	-5.055250E-6	8.661350E-8
8.594700E+3	-5.027310E-6	1.061710E-7
8.617200E+3	-4.898790E-6	7.264360E-8
8.628100E+3	-4.898790E-6	1.275920E-7
8.648100E+3	-4.815900E-6	1.350430E-7
8.658600E+3	-4.735800E-6	1.024460E-7
8.667900E+3	-4.676200E-6	1.015150E-7
8.694100E+3	-4.556060E-6	7.636890E-8
8.704200E+3	-4.458270E-6	2.793980E-8
8.724900E+3	-4.475970E-6	1.117590E-7
8.734600E+3	-4.388420E-6	5.308560E-8
8.755700E+3	-4.281320E-6	2.328320E-8
8.764900E+3	-4.270140E-6	5.681090E-8
8.786200E+3	-4.262690E-6	9.592670E-8
8.795200E+3	-4.197500E-6	6.053640E-8
8.816300E+3	-4.080150E-6	2.514580E-8
8.825400E+3	-4.077360E-6	6.146770E-8
8.836700E+3	-4.068050E-6	1.024460E-7
8.858600E+3	-3.927420E-6	2.980250E-8
8.869300E+3	-3.938590E-6	7.543760E-8
8.888900E+3	-3.897610E-6	1.173470E-7
8.900100E+3	-3.845460E-6	1.024460E-7
8.919500E+3	-3.756040E-6	6.891830E-8
8.930800E+3	-3.756970E-6	1.071030E-7
8.953200E+3	-3.657320E-6	4.190970E-8
8.964400E+3	-3.671290E-6	1.061710E-7
8.984100E+3	-3.610750E-6	1.182780E-7
8.994500E+3	-3.594920E-6	1.164160E-7
9.014100E+3	-3.489680E-6	3.911580E-8
9.025500E+3	-3.520410E-6	1.089650E-7
9.038000E+3	-3.459880E-6	7.450630E-8
9.059200E+3	-3.439390E-6	1.238670E-7
9.068500E+3	-3.312730E-6	3.166520E-8
9.089200E+3	-3.295030E-6	6.053640E-8
9.098700E+3	-3.227050E-6	1.862660E-8
9.108700E+3	-3.252190E-6	9.127010E-8
9.132300E+3	-3.132980E-6	1.769520E-8
9.142500E+3	-3.139500E-6	4.749770E-8
9.162800E+3	-3.137640E-6	1.117590E-7
9.175200E+3	-3.040780E-6	1.862660E-8
9.186500E+3	-3.016570E-6	1.303860E-8
9.208200E+3	-2.974660E-6	5.587960E-9
9.219200E+3	-3.022160E-6	8.754480E-8
9.238800E+3	-2.898290E-6	3.073390E-8
9.250100E+3	-2.933680E-6	1.024460E-7
9.269600E+3	-2.884320E-6	1.005830E-7
9.281000E+3	-2.834030E-6	8.381950E-8
9.300800E+3	-2.788390E-6	5.029160E-8
9.311900E+3	-2.824720E-6	1.005830E-7
9.333900E+3	-2.725060E-6	1.955790E-8
9.345200E+3	-2.756730E-6	9.127010E-8
9.364600E+3	-2.698990E-6	8.940740E-8
9.375800E+3	-2.679430E-6	9.778930E-8
9.395300E+3	-2.609580E-6	3.725310E-8
9.406200E+3	-2.582570E-6	2.607710E-8
9.415300E+3	-2.616100E-6	8.009420E-8
9.436600E+3	-2.512720E-6	2.328320E-8
9.445900E+3	-2.483850E-6	1.210730E-8
9.470100E+3	-2.482920E-6	8.288820E-8
9.479300E+3	-2.388860E-6	2.793980E-8
9.500600E+3	-2.334840E-6	3.911580E-8
9.509800E+3	-2.346020E-6	6.798700E-8
9.531000E+3	-2.286410E-6	2.421450E-8
9.540600E+3	-2.304110E-6	4.190970E-8
9.551800E+3	-2.261270E-6	9.313280E-9
9.573600E+3	-2.216560E-6	6.519290E-9
9.584500E+3	-2.266850E-6	6.519300E-8
9.603900E+3	-2.192350E-6	3.818450E-8
9.615100E+3	-2.253820E-6	1.108280E-7
9.634500E+3	-2.226810E-6	1.126900E-7
9.645800E+3	-2.160680E-6	5.867350E-8
9.665300E+3	-2.099220E-6	2.142050E-8
9.678500E+3	-2.142990E-6	6.798700E-8
9.698000E+3	-2.106670E-6	4.842900E-8
9.709200E+3	-2.122500E-6	7.730020E-8
9.718800E+3	-2.084310E-6	4.377240E-8
9.740100E+3	-2.052650E-6	3.259650E-8
9.752300E+3	-1.972560E-6	-2.514580E-8
9.773000E+3	-1.928780E-6	-7.450640E-9
9.786000E+3	-1.927850E-6	4.656640E-9
9.807000E+3	-1.945550E-6	6.146770E-8
9.816600E+3	-1.921330E-6	6.146770E-8
9.826800E+3	-1.936230E-6	7.823160E-8
9.847300E+3	-1.844030E-6	1.490130E-8
9.857000E+3	-1.871970E-6	5.774220E-8
9.877800E+3	-1.856130E-6	7.730020E-8
9.890600E+3	-1.760210E-6	-5.587960E-9
9.911300E+3	-1.736920E-6	-6.519290E-9
9.921500E+3	-1.799320E-6	6.053640E-8
9.941700E+3	-1.690360E-6	-8.381960E-9
9.951500E+3	-1.708980E-6	2.514580E-8
9.972100E+3	-1.734130E-6	6.612440E-8
9.985300E+3	-1.698740E-6	4.190970E-8
9.996400E+3	-1.722020E-6	6.984960E-8
1.001620E+4	-1.686630E-6	3.818450E-8
1.002940E+4	-1.679180E-6	4.656640E-8
1.004900E+4	-1.648450E-6	3.818450E-8
1.006030E+4	-1.583260E-6	-1.583260E-8
1.006950E+4	-1.605610E-6	2.700850E-8
1.009300E+4	-1.602810E-6	7.823160E-8
1.010290E+4	-1.559970E-6	6.798700E-8
1.012540E+4	-1.525510E-6	4.190970E-8
1.012540E+4	-1.525510E-6	4.190970E-8
1.014520E+4	-1.495710E-6	1.117590E-8
1.016660E+4	-1.518060E-6	4.656640E-8
1.017880E+4	-1.477080E-6	4.656640E-9
1.020000E+4	-1.474290E-6	2.514580E-8
1.020920E+4	-1.417480E-6	-2.700850E-8
1.023060E+4	-1.424000E-6	4.656640E-9
1.023970E+4	-1.441690E-6	4.097840E-8
1.025370E+4	-1.421210E-6	5.308560E-8
1.027340E+4	-1.402580E-6	6.053640E-8
1.028460E+4	-1.334590E-6	-1.862660E-9
1.030640E+4	-1.320620E-6	3.725320E-9
1.031730E+4	-1.359740E-6	4.563500E-8
1.033680E+4	-1.302000E-6	0.000000E+0
1.034800E+4	-1.339250E-6	6.984960E-8
1.036750E+4	-1.273130E-6	1.769520E-8
1.037870E+4	-1.333660E-6	7.636890E-8
1.038830E+4	-1.335520E-6	7.264360E-8
1.041190E+4	-1.304790E-6	6.146770E-8
1.042220E+4	-1.319690E-6	7.450630E-8
1.044480E+4	-1.249840E-6	1.583260E-8
1.045580E+4	-1.274990E-6	4.656640E-8
1.046500E+4	-1.189310E-6	-2.048920E-8
1.048880E+4	-1.241460E-6	8.195680E-8
1.049820E+4	-1.172540E-6	1.583260E-8
1.051940E+4	-1.220040E-6	2.980250E-8
1.052870E+4	-1.178130E-6	-2.142050E-8
1.054990E+4	-1.164160E-6	2.793980E-9
1.055920E+4	-1.198620E-6	6.798700E-8
1.057190E+4	-1.184650E-6	7.264360E-8
1.059260E+4	-1.145530E-6	3.352780E-8
1.060290E+4	-1.168820E-6	5.308560E-8
1.062310E+4	-1.074750E-6	-3.259650E-8
1.063390E+4	-1.135290E-6	5.401690E-8
1.065350E+4	-1.093380E-6	2.793980E-8
1.066480E+4	-1.130630E-6	6.519300E-8
1.068680E+4	-1.048680E-6	-7.450640E-9
1.069750E+4	-1.079410E-6	2.328320E-8
1.070820E+4	-1.041230E-6	-1.862660E-8
1.073020E+4	-1.058920E-6	3.725320E-9
1.074140E+4	-1.031910E-6	-1.210730E-8
1.076120E+4	-1.072890E-6	3.259650E-8
1.077230E+4	-1.028190E-6	-1.210730E-8
1.079260E+4	-1.077550E-6	5.867350E-8
1.080320E+4	-1.024460E-6	3.911580E-8
1.082580E+4	-9.872090E-7	6.519290E-9
1.083700E+4	-9.974540E-7	2.980250E-8
1.084620E+4	-9.834840E-7	9.313300E-10
1.087060E+4	-9.723080E-7	-1.862660E-9
1.087980E+4	-9.406390E-7	-2.793980E-8
1.090110E+4	-9.480900E-7	-1.862660E-9
1.091310E+4	-9.108370E-7	-1.676390E-8
1.092330E+4	-9.220130E-7	1.862660E-8
1.094650E+4	-9.294640E-7	3.539050E-8
1.095580E+4	-8.847600E-7	-2.793980E-9
1.096700E+4	-9.052490E-7	2.421450E-8
1.098910E+4	-8.549580E-7	-3.539050E-8
1.100010E+4	-9.266700E-7	4.190970E-8
1.101980E+4	-9.154940E-7	4.004710E-8
1.103100E+4	-8.652020E-7	1.210730E-8
1.105040E+4	-9.164250E-7	7.078100E-8
1.106180E+4	-8.856910E-7	3.445920E-8
1.108130E+4	-8.754470E-7	1.024460E-8
1.109240E+4	-8.354000E-7	-1.955790E-8
1.111230E+4	-8.894170E-7	5.029160E-8
1.112300E+4	-8.028040E-7	-1.955790E-8
1.114350E+4	-7.795210E-7	-2.793980E-9
1.115700E+4	-8.242240E-7	5.029160E-8
1.116640E+4	-7.553060E-7	-5.587960E-9
1.118780E+4	-7.841770E-7	2.048920E-8
1.120000E+4	-7.413360E-7	-1.676390E-8
1.122140E+4	-7.739330E-7	1.490130E-8
1.123070E+4	-7.227100E-7	-9.313280E-9
1.124170E+4	-7.506500E-7	2.607710E-8
1.126400E+4	-7.152590E-7	1.862660E-9
1.127450E+4	-7.413360E-7	3.911580E-8
1.129470E+4	-7.841770E-7	6.053640E-8
1.130750E+4	-7.730010E-7	4.563500E-8
1.132820E+4	-7.832460E-7	5.122300E-8
1.134050E+4	-7.720700E-7	4.470370E-8
1.135150E+4	-7.525120E-7	5.122300E-8
1.137090E+4	-7.255040E-7	3.818450E-8
1.138210E+4	-6.817320E-7	-1.117590E-8
1.140160E+4	-7.143280E-7	1.862660E-9
1.141280E+4	-7.152590E-7	-5.587960E-9
1.143260E+4	-7.255040E-7	2.514580E-8
1.144360E+4	-7.385420E-7	5.122300E-8
1.146590E+4	-6.947700E-7	1.303860E-8
1.147730E+4	-7.161910E-7	3.445920E-8
1.149000E+4	-6.705560E-7	-1.117590E-8
1.151140E+4	-7.022210E-7	2.887110E-8
1.152390E+4	-6.482040E-7	-2.887110E-8
1.153310E+4	-7.180530E-7	4.190970E-8
1.155710E+4	-7.068770E-7	5.215430E-8
1.156630E+4	-6.370280E-7	-2.607710E-8
1.157700E+4	-6.677620E-7	4.656640E-9
1.159980E+4	-6.528610E-7	-2.607710E-8
1.160960E+4	-6.798690E-7	1.490130E-8
1.163330E+4	-6.686930E-7	1.862660E-8
1.164260E+4	-6.267840E-7	-1.117590E-8
1.165560E+4	-6.789380E-7	3.073390E-8
1.167600E+4	-6.044320E-7	-7.450640E-9
1.168960E+4	-6.435480E-7	3.911580E-8
1.170050E+4	-6.500670E-7	6.146770E-8
1.172250E+4	-5.513470E-7	-1.210730E-8
1.173370E+4	-6.128140E-7	5.308560E-8
1.175340E+4	-5.690420E-7	-1.210730E-8
1.176440E+4	-5.662480E-7	-2.980250E-8
1.178620E+4	-5.653160E-7	-4.470370E-8
1.179740E+4	-5.569350E-7	-4.749770E-8
1.181010E+4	-6.146770E-7	1.862660E-8
1.183030E+4	-5.802180E-7	-1.024460E-8
1.184070E+4	-5.848740E-7	-6.519290E-9
1.185280E+4	-5.448270E-7	-4.470370E-8
1.187440E+4	-5.355140E-7	-1.210730E-8
1.189460E+4	-5.792860E-7	4.377240E-8
1.190520E+4	-5.103680E-7	-3.166520E-8
1.191450E+4	-5.960500E-7	5.029160E-8
1.193880E+4	-6.146770E-7	4.190970E-8
1.194800E+4	-5.699730E-7	-7.450640E-9
1.197180E+4	-6.072260E-7	6.519300E-8
1.198170E+4	-5.448270E-7	1.210730E-8
1.199160E+4	-5.876680E-7	5.960510E-8
1.201220E+4	-5.494840E-7	2.793980E-9
1.202250E+4	-5.913930E-7	5.122300E-8
1.204290E+4	-5.541410E-7	2.793980E-8
1.205360E+4	-5.560030E-7	2.793980E-8
1.207340E+4	-5.271320E-7	6.519290E-9
1.207340E+4	-5.271320E-7	6.519290E-9
1.208470E+4	-5.718360E-7	5.587960E-8
1.211840E+4	-5.448270E-7	4.936030E-8
1.213790E+4	-5.299260E-7	4.563500E-8
1.214920E+4	-5.327200E-7	4.656640E-8
1.216900E+4	-4.582130E-7	-1.769520E-8
1.218000E+4	-5.047800E-7	2.980250E-8
1.218920E+4	-5.001240E-7	1.676390E-8
1.221330E+4	-5.215440E-7	4.190970E-8
1.222290E+4	-5.140940E-7	3.632180E-8
1.223520E+4	-5.280640E-7	4.284110E-8
1.225670E+4	-4.842910E-7	-1.490130E-8
1.226890E+4	-4.619380E-7	-2.607710E-8
1.229030E+4	-4.395860E-7	-1.769520E-8
1.229950E+4	-4.600750E-7	1.210730E-8
1.232090E+4	-4.246850E-7	-9.313300E-10
1.233020E+4	-4.535560E-7	1.955790E-8
1.234150E+4	-4.339980E-7	-1.210730E-8
1.236400E+4	-4.135090E-7	-4.284110E-8
1.237450E+4	-4.824290E-7	2.328320E-8
1.239480E+4	-4.367920E-7	-3.073390E-8
1.240590E+4	-4.721820E-7	1.396990E-8
1.242600E+4	-4.498310E-7	-3.445920E-8
1.243730E+4	-5.019870E-7	1.117590E-8
1.245710E+4	-4.181660E-7	-4.842900E-8
1.247040E+4	-4.703200E-7	5.587960E-9
1.248090E+4	-4.535560E-7	1.862660E-9
1.250400E+4	-4.638000E-7	1.117590E-8
1.251420E+4	-4.740450E-7	1.862660E-8
1.253470E+4	-4.963990E-7	2.048920E-8
1.254440E+4	-4.628690E-7	-1.676390E-8
1.256570E+4	-4.377230E-7	-1.583260E-8
1.257510E+4	-4.246850E-7	-1.303860E-8
1.259660E+4	-4.293420E-7	-2.793980E-9
1.260590E+4	-3.986080E-7	-2.980250E-8
1.262730E+4	-3.939510E-7	-1.955790E-8
1.263670E+4	-4.405170E-7	3.725310E-8
1.265790E+4	-4.237540E-7	3.725310E-8
1.266760E+4	-3.753250E-7	-1.676390E-8
1.267890E+4	-3.855690E-7	-1.676390E-8
1.270080E+4	-3.641490E-7	-2.980250E-8
1.271190E+4	-4.321350E-7	4.190970E-8
1.273160E+4	-3.688060E-7	-3.818450E-8
1.274290E+4	-4.442430E-7	1.769520E-8
1.276250E+4	-4.647320E-7	1.676390E-8
1.277380E+4	-4.349290E-7	-1.024460E-8
1.279360E+4	-4.088520E-7	-3.073390E-8
1.280450E+4	-4.554190E-7	3.911580E-8
1.282490E+4	-4.535560E-7	4.563500E-8
1.283550E+4	-4.414490E-7	3.259650E-8
1.285510E+4	-4.377230E-7	2.514580E-8
1.286620E+4	-3.632180E-7	-5.774220E-8
1.288650E+4	-4.228220E-7	1.490130E-8
1.289710E+4	-3.902260E-7	-1.955790E-8
1.291760E+4	-3.585610E-7	-4.563500E-8
1.292760E+4	-3.287590E-7	-5.867350E-8
1.293720E+4	-3.594920E-7	-2.328320E-8
1.296100E+4	-3.613550E-7	-3.911580E-8
1.298130E+4	-4.004710E-7	1.862660E-8
1.299160E+4	-3.315530E-7	-4.936030E-8
1.300110E+4	-4.088520E-7	2.142050E-8
1.302230E+4	-3.557670E-7	-4.284110E-8
1.303210E+4	-3.557670E-7	-5.122300E-8
1.305610E+4	-3.548360E-7	-4.936030E-8
1.306540E+4	-3.380720E-7	-7.450630E-8
1.308670E+4	-3.408660E-7	-6.146770E-8
1.309650E+4	-3.930200E-7	-2.793980E-9
1.311740E+4	-3.250330E-7	-5.029160E-8
1.312750E+4	-3.473850E-7	-2.607710E-8
1.314800E+4	-3.380720E-7	-2.607710E-8
1.315860E+4	-3.865010E-7	2.980250E-8
1.317860E+4	-3.017500E-7	-3.166520E-8
1.318970E+4	-3.613550E-7	2.887110E-8
1.319990E+4	-3.278270E-7	-5.587960E-9
1.322260E+4	-3.315530E-7	1.862660E-8
1.323350E+4	-2.970940E-7	-1.862660E-8
1.325650E+4	-2.989560E-7	1.769520E-8
1.326730E+4	-3.296900E-7	5.774220E-8
1.328750E+4	-3.296900E-7	4.004710E-8
1.329780E+4	-3.278270E-7	3.352780E-8
1.330720E+4	-2.672910E-7	-3.259650E-8
1.333100E+4	-3.324840E-7	3.445920E-8
1.334040E+4	-2.728790E-7	-3.445920E-8
1.336190E+4	-2.719480E-7	-2.887110E-8
1.337130E+4	-3.222390E-7	4.656640E-9
1.339250E+4	-2.617030E-7	-2.700850E-8
1.340230E+4	-3.380720E-7	4.656640E-8
1.341340E+4	-2.766050E-7	-1.955790E-8
1.343510E+4	-2.905740E-7	-1.955790E-8
1.344610E+4	-3.604240E-7	4.842900E-8
1.346570E+4	-3.566980E-7	5.308560E-8
1.347690E+4	-3.082700E-7	-7.450640E-9
1.348960E+4	-3.585610E-7	3.259650E-8
1.351280E+4	-3.380720E-7	-2.793980E-9
1.352340E+4	-3.352780E-7	6.519290E-9
1.354380E+4	-3.185140E-7	1.862660E-9
1.355410E+4	-2.766050E-7	-2.607710E-8
1.357490E+4	-3.362090E-7	2.980250E-8
1.358470E+4	-2.980250E-7	-9.313300E-10
1.360510E+4	-2.747420E-7	1.210730E-8
1.361540E+4	-2.635660E-7	-1.210730E-8
1.363620E+4	-3.166510E-7	3.259650E-8
1.364580E+4	-2.663600E-7	-3.539050E-8
1.366710E+4	-3.371410E-7	2.700850E-8
1.367960E+4	-3.073380E-7	2.793980E-9
1.368980E+4	-2.644970E-7	-3.818450E-8
1.371350E+4	-2.896430E-7	-2.793980E-9
1.372320E+4	-2.486650E-7	-4.284110E-8
1.374450E+4	-2.533220E-7	-1.769520E-8
1.375460E+4	-3.343470E-7	5.308560E-8
1.376790E+4	-3.092010E-7	3.166520E-8
1.378780E+4	-2.561160E-7	-2.887110E-8
1.380080E+4	-2.868490E-7	7.450640E-9
1.382110E+4	-2.468020E-7	-1.024460E-8
1.383180E+4	-3.119950E-7	6.519300E-8
1.384250E+4	-2.654290E-7	1.769520E-8
1.386480E+4	-2.663600E-7	1.396990E-8
1.387600E+4	-2.346940E-7	-3.818450E-8
1.389620E+4	-3.138580E-7	4.470370E-8
1.390710E+4	-2.821930E-7	1.862660E-8
1.392770E+4	-2.719480E-7	2.793980E-9
1.394090E+4	-3.185140E-7	4.284110E-8
1.395040E+4	-2.514590E-7	-2.142050E-8
1.397490E+4	-3.175830E-7	4.190970E-8
1.398430E+4	-2.607720E-7	-9.313300E-10
1.400800E+4	-2.924370E-7	5.215430E-8
1.401800E+4	-2.635660E-7	2.048920E-8
1.402770E+4	-2.328320E-7	-3.166520E-8
1.405160E+4	-2.887120E-7	2.793980E-8
1.406090E+4	-3.045440E-7	3.445920E-8
1.407400E+4	-3.110640E-7	2.700850E-8
1.409440E+4	-3.185140E-7	3.539050E-8
1.410700E+4	-2.505280E-7	-3.166520E-8
1.412840E+4	-2.654290E-7	-1.676390E-8
1.413840E+4	-2.989560E-7	1.583260E-8
1.415930E+4	-2.384200E-7	-2.980250E-8
1.416970E+4	-2.970940E-7	3.911580E-8
1.419020E+4	-2.402830E-7	0.000000E+0
1.420110E+4	-2.775360E-7	4.656640E-8
1.422100E+4	-2.328320E-7	-3.818450E-8
1.423210E+4	-2.542530E-7	-3.166520E-8
1.424510E+4	-2.952310E-7	6.519290E-9
1.426490E+4	-2.011670E-7	-7.171230E-8
1.427810E+4	-2.542530E-7	-8.381960E-9
1.428790E+4	-2.188620E-7	-4.284110E-8
1.430890E+4	-2.346940E-7	-2.142050E-8
1.432860E+4	-2.328320E-7	1.676390E-8
1.433970E+4	-2.654290E-7	3.539050E-8
1.434910E+4	-2.682230E-7	2.328320E-8
1.437300E+4	-3.008190E-7	2.793980E-8
1.438270E+4	-2.374880E-7	-6.053640E-8
1.440410E+4	-3.064070E-7	9.313300E-10
1.441350E+4	-2.514590E-7	-5.681090E-8
1.442620E+4	-2.328320E-7	-7.730020E-8
1.444770E+4	-2.644970E-7	-9.313280E-9
1.446070E+4	-2.039610E-7	-5.401690E-8
1.446070E+4	-2.039610E-7	-5.401690E-8
1.449430E+4	-1.965100E-7	-3.818450E-8
1.450530E+4	-2.495960E-7	2.048920E-8
1.452480E+4	-2.095480E-7	-4.377240E-8
1.453520E+4	-2.486650E-7	-5.587960E-9
1.455310E+4	-2.020980E-7	-3.073390E-8
1.456190E+4	-2.421460E-7	1.024460E-8
1.457630E+4	-2.048920E-7	-2.700850E-8
1.458150E+4	-2.430770E-7	2.235190E-8
1.458630E+4	-1.955790E-7	-3.352780E-8
1.459030E+4	-2.468020E-7	2.980250E-8
1.459140E+4	-2.710170E-7	4.377240E-8
1.458640E+4	-2.067550E-7	-8.381960E-9
1.458340E+4	-2.440080E-7	2.980250E-8
1.457070E+4	-2.589090E-7	1.024460E-8
1.456330E+4	-2.477340E-7	-2.793980E-9
1.455290E+4	-1.909220E-7	-5.960510E-8
1.452800E+4	-2.700850E-7	2.607710E-8
1.451430E+4	-2.691540E-7	1.955790E-8
1.448290E+4	-2.747420E-7	1.769520E-8
1.446820E+4	-2.635660E-7	1.676390E-8
1.445260E+4	-2.142050E-7	-3.539050E-8
1.442100E+4	-2.682230E-7	-4.656640E-9
1.440570E+4	-2.095480E-7	-5.215430E-8
1.437970E+4	-2.207240E-7	-4.097840E-8
1.436590E+4	-1.974410E-7	-5.960510E-8
1.434260E+4	-2.114110E-7	-5.587960E-8
1.433090E+4	-2.812610E-7	1.210730E-8
1.431030E+4	-2.151360E-7	-5.681090E-8
1.430040E+4	-2.197930E-7	-3.445920E-8
1.428930E+4	-2.551840E-7	1.396990E-8
1.427000E+4	-2.048920E-7	-1.955790E-8
1.425890E+4	-2.337630E-7	-1.862660E-9
1.425030E+4	-2.561160E-7	1.210730E-8
1.422760E+4	-2.319000E-7	-4.470370E-8
1.421860E+4	-2.766050E-7	1.210730E-8
1.419450E+4	-1.974410E-7	-5.401690E-8
1.418530E+4	-2.682230E-7	2.607710E-8
1.417420E+4	-2.710170E-7	2.793980E-8
1.415160E+4	-2.486650E-7	-7.450640E-9
1.414110E+4	-2.291060E-7	-3.632180E-8
1.412090E+4	-3.026820E-7	2.048920E-8
1.411000E+4	-2.561160E-7	-1.583260E-8
1.408740E+4	-2.607720E-7	2.980250E-8
1.407720E+4	-1.927850E-7	-3.073390E-8
1.406620E+4	-2.337630E-7	2.793980E-9
1.404430E+4	-2.635660E-7	4.656640E-9
1.403310E+4	-2.365570E-7	-2.235190E-8
1.401360E+4	-2.542530E-7	-1.769520E-8
1.400250E+4	-2.486650E-7	-3.166520E-8
1.399340E+4	-2.868490E-7	-3.725320E-9
1.396990E+4	-2.319000E-7	-5.401690E-8
1.396030E+4	-2.700850E-7	-9.313300E-10
1.393940E+4	-3.175830E-7	5.494830E-8
1.392710E+4	-2.775360E-7	2.421450E-8
1.390680E+4	-2.868490E-7	1.862660E-8
1.389690E+4	-3.203770E-7	4.936030E-8
1.387640E+4	-2.412140E-7	-4.004710E-8
1.386690E+4	-3.008190E-7	1.676390E-8
1.384590E+4	-3.147890E-7	3.725310E-8
1.383680E+4	-3.362090E-7	4.377240E-8
1.381570E+4	-2.775360E-7	-2.887110E-8
1.380660E+4	-3.362090E-7	3.073390E-8
1.379400E+4	-3.017500E-7	-8.381960E-9
1.377350E+4	-2.682230E-7	-5.029160E-8
1.376130E+4	-3.296900E-7	1.583260E-8
1.375000E+4	-3.119950E-7	7.450640E-9
1.372760E+4	-3.175830E-7	3.259650E-8
1.372760E+4	-3.175830E-7	3.259650E-8
1.370670E+4	-2.756730E-7	-3.725320E-9
1.368380E+4	-2.644970E-7	9.313300E-10
1.367340E+4	-3.054760E-7	3.539050E-8
1.365140E+4	-2.421460E-7	-3.352780E-8
1.364040E+4	-3.119950E-7	2.421450E-8
1.362090E+4	-2.728790E-7	-4.656640E-8
1.361040E+4	-2.766050E-7	-5.587960E-8
1.360130E+4	-2.700850E-7	-5.867350E-8
1.357750E+4	-2.663600E-7	-4.377240E-8
1.356810E+4	-3.175830E-7	1.490130E-8
1.354710E+4	-3.492480E-7	3.259650E-8
1.353790E+4	-3.455220E-7	1.117590E-8
1.351690E+4	-3.436600E-7	3.725310E-8
1.350770E+4	-2.700850E-7	-3.166520E-8
1.348670E+4	-3.371410E-7	3.725310E-8
1.347720E+4	-3.492480E-7	4.097840E-8
1.345660E+4	-3.287590E-7	-4.656640E-9
1.344660E+4	-3.045440E-7	-3.725310E-8
1.342630E+4	-3.660120E-7	2.980250E-8
1.341590E+4	-2.952310E-7	-3.539050E-8
1.339300E+4	-3.576300E-7	4.377240E-8
1.338310E+4	-3.287590E-7	2.887110E-8
1.337190E+4	-3.427290E-7	5.215430E-8
1.335030E+4	-3.445910E-7	4.470370E-8
1.333920E+4	-3.390030E-7	1.862660E-8
1.332010E+4	-3.315530E-7	-7.450640E-9
1.330890E+4	-3.119950E-7	-3.445920E-8
1.328960E+4	-3.222390E-7	-7.450640E-9
1.327860E+4	-3.790500E-7	3.818450E-8
1.326940E+4	-3.222390E-7	-2.142050E-8
1.324600E+4	-3.390030E-7	-1.303860E-8
1.323630E+4	-3.855690E-7	3.445920E-8
1.321550E+4	-3.585610E-7	-1.583260E-8
1.320610E+4	-3.613550E-7	1.396990E-8
1.318490E+4	-3.706680E-7	2.235190E-8
1.317580E+4	-4.041960E-7	5.122300E-8
1.315450E+4	-3.092010E-7	-4.284110E-8
1.314240E+4	-3.613550E-7	6.519290E-9
1.313220E+4	-3.352780E-7	-1.676390E-8
1.310890E+4	-3.594920E-7	1.862660E-8
1.309870E+4	-3.473850E-7	-1.024460E-8
1.307860E+4	-3.827750E-7	2.793980E-8
1.306870E+4	-3.501790E-7	-1.024460E-8
1.304510E+4	-3.781190E-7	-5.587960E-9
1.303500E+4	-3.390030E-7	-5.029160E-8
1.301470E+4	-3.613550E-7	-1.210730E-8
1.300420E+4	-3.781190E-7	2.328320E-8
1.299120E+4	-3.185140E-7	-3.352780E-8
1.297180E+4	-3.948830E-7	2.048920E-8
1.296070E+4	-3.967450E-7	2.328320E-8
1.294850E+4	-3.408660E-7	-2.514580E-8
1.292810E+4	-3.315530E-7	-4.563500E-8
1.291830E+4	-3.967450E-7	2.793980E-9
1.289750E+4	-3.408660E-7	-6.984960E-8
1.288830E+4	-3.930200E-7	-8.381960E-9
1.286500E+4	-3.380720E-7	-4.563500E-8
1.285490E+4	-3.678740E-7	-1.024460E-8
1.283430E+4	-4.004710E-7	9.313280E-9
1.282470E+4	-4.293420E-7	3.632180E-8
1.281260E+4	-4.414490E-7	3.352780E-8
1.279160E+4	-4.628690E-7	1.769520E-8
1.278230E+4	-4.507620E-7	5.587960E-9
1.275830E+4	-3.995390E-7	-5.681090E-8
1.274920E+4	-4.628690E-7	5.587960E-9
1.272790E+4	-3.799810E-7	-5.401690E-8
1.271870E+4	-4.321350E-7	3.166520E-8
1.270600E+4	-4.116460E-7	2.887110E-8
1.269480E+4	-3.566980E-7	-7.450640E-9
1.267330E+4	-3.902260E-7	2.887110E-8
1.266210E+4	-3.594920E-7	-2.048920E-8
1.263980E+4	-4.535560E-7	4.377240E-8
1.262870E+4	-3.920890E-7	-2.700850E-8
1.261910E+4	-4.321350E-7	3.725320E-9
1.259600E+4	-4.041960E-7	-3.725320E-9
1.258580E+4	-3.837070E-7	-3.725310E-8
1.256370E+4	-4.367920E-7	2.048920E-8
1.255260E+4	-4.414490E-7	1.024460E-8
1.254040E+4	-4.805660E-7	5.215430E-8
1.251980E+4	-4.014020E-7	-4.004710E-8
1.250720E+4	-4.051270E-7	-2.887110E-8
1.248700E+4	-3.986080E-7	-9.313280E-9
1.247670E+4	-4.433110E-7	1.024460E-8
1.246750E+4	-4.852230E-7	4.377240E-8
1.244330E+4	-5.178190E-7	6.519300E-8
1.243410E+4	-3.334150E-7	1.862660E-9
1.240990E+4	-2.803300E-7	-1.117590E-8
1.240080E+4	-3.157200E-7	2.793980E-9
1.238000E+4	-3.883630E-7	2.793980E-8
1.237090E+4	-4.479680E-7	6.984960E-8
1.236050E+4	-4.107150E-7	-1.024460E-8
1.233760E+4	-5.150250E-7	5.215430E-8
1.232680E+4	-4.991930E-7	2.328320E-8
1.230430E+4	-5.150250E-7	1.676390E-8
1.229430E+4	-5.308580E-7	2.328320E-8
1.227400E+4	-5.196820E-7	2.235190E-8
1.226350E+4	-4.675260E-7	-3.352780E-8
1.225280E+4	-5.252700E-7	1.117590E-8
1.223270E+4	-5.038490E-7	-2.700850E-8
1.222240E+4	-5.615910E-7	4.004710E-8
1.220040E+4	-4.991930E-7	-4.656640E-9
1.218940E+4	-4.805660E-7	-2.421450E-8
1.218030E+4	-5.057120E-7	-1.490130E-8
1.215650E+4	-4.861540E-7	-4.190970E-8
1.214690E+4	-4.973300E-7	-1.769520E-8
1.212370E+4	-4.852230E-7	-2.328320E-8
1.211340E+4	-4.898790E-7	-1.303860E-8
1.210140E+4	-5.560030E-7	3.818450E-8
1.208000E+4	-5.029180E-7	-1.490130E-8
1.206780E+4	-5.560030E-7	3.073390E-8
1.205830E+4	-5.653160E-7	2.142050E-8
1.203450E+4	-5.457590E-7	9.313300E-10
1.202470E+4	-5.886000E-7	6.053640E-8
1.200100E+4	-5.299260E-7	8.381960E-9
1.199180E+4	-5.671790E-7	5.401690E-8
1.198070E+4	-5.187500E-7	3.352780E-8
1.195870E+4	-5.355140E-7	6.146770E-8
1.194830E+4	-5.597290E-7	5.122300E-8
1.192540E+4	-5.653160E-7	3.818450E-8
1.191570E+4	-5.867370E-7	4.842900E-8
1.190460E+4	-5.820800E-7	2.607710E-8
1.188510E+4	-5.466900E-7	-2.607710E-8
1.187420E+4	-5.830120E-7	1.210730E-8
1.185450E+4	-5.746300E-7	9.313280E-9
1.184420E+4	-5.429650E-7	-1.490130E-8
1.182220E+4	-5.997750E-7	3.911580E-8
1.181130E+4	-5.420330E-7	-2.142050E-8
1.179900E+4	-5.820800E-7	1.117590E-8
1.177840E+4	-5.969810E-7	-7.450640E-9
1.176570E+4	-5.792860E-7	-2.887110E-8
1.175650E+4	-6.537920E-7	3.911580E-8
1.173220E+4	-5.848740E-7	-4.563500E-8
1.172310E+4	-6.640370E-7	2.514580E-8
1.169930E+4	-5.867370E-7	-4.470370E-8
1.169010E+4	-6.593800E-7	2.328320E-8
1.167990E+4	-6.528610E-7	3.725320E-9
1.165680E+4	-6.193330E-7	-4.470370E-8
1.164470E+4	-6.752130E-7	1.769520E-8
1.162360E+4	-6.128140E-7	-4.563500E-8
1.161450E+4	-6.081570E-7	-4.190970E-8
1.160350E+4	-6.072260E-7	-4.470370E-8
1.158120E+4	-6.817320E-7	2.048920E-8
1.157090E+4	-6.314400E-7	-3.073390E-8
1.154780E+4	-6.817320E-7	1.583260E-8
1.153820E+4	-7.031520E-7	2.421450E-8
1.151740E+4	-7.087400E-7	3.259650E-8
1.150730E+4	-6.733500E-7	2.793980E-9
1.149620E+4	-6.556550E-7	-4.004710E-8
1.147650E+4	-6.761440E-7	-2.980250E-8
1.146570E+4	-7.227100E-7	4.656640E-9
1.144280E+4	-6.947700E-7	-2.328320E-8
1.143240E+4	-7.683450E-7	5.029160E-8
1.141210E+4	-7.823150E-7	5.960510E-8
1.139940E+4	-7.199160E-7	-1.303860E-8
1.139020E+4	-7.832460E-7	2.980250E-8
1.136900E+4	-7.869710E-7	2.700850E-8
1.135990E+4	-7.553060E-7	0.000000E+0
1.133860E+4	-7.543750E-7	8.381960E-9
1.132930E+4	-7.934900E-7	5.494830E-8
1.130550E+4	-8.000100E-7	5.401690E-8
1.129650E+4	-7.627570E-7	2.048920E-8
1.127550E+4	-7.879030E-7	4.470370E-8
1.126620E+4	-7.934900E-7	4.842900E-8
1.125520E+4	-7.413360E-7	-1.303860E-8
1.123580E+4	-7.469240E-7	-1.490130E-8
1.121520E+4	-8.232930E-7	5.960510E-8
1.120520E+4	-8.288810E-7	6.426170E-8
1.119210E+4	-7.925590E-7	1.396990E-8
1.118190E+4	-8.028040E-7	1.676390E-8
1.115960E+4	-8.409880E-7	3.445920E-8
1.114870E+4	-7.990780E-7	0.000000E+0
1.112710E+4	-8.475070E-7	5.308560E-8
1.111600E+4	-8.028040E-7	-1.024460E-8
1.110670E+4	-8.866230E-7	6.053640E-8
1.108350E+4	-8.316750E-7	-4.656640E-9
1.107350E+4	-8.512320E-7	1.396990E-8
1.105000E+4	-8.437820E-7	2.980250E-8
1.104010E+4	-8.782410E-7	4.842900E-8
1.102800E+4	-8.987300E-7	7.636890E-8
1.100660E+4	-8.279490E-7	9.313300E-10
1.099450E+4	-8.707900E-7	3.259650E-8
1.098460E+4	-8.940730E-7	6.146770E-8
1.096110E+4	-9.220130E-7	6.333040E-8
1.095190E+4	-9.229440E-7	5.494830E-8
1.093100E+4	-9.527470E-7	7.264360E-8
1.092150E+4	-8.875540E-7	3.725320E-9
1.090100E+4	-9.462270E-7	5.308560E-8
1.089080E+4	-9.620630E-7	6.519300E-8
1.087050E+4	-9.592700E-7	3.352780E-8
1.085980E+4	-9.434330E-7	9.313280E-9
1.083990E+4	-1.010490E-6	3.632180E-8
1.082890E+4	-9.704450E-7	-1.024460E-8
1.080930E+4	-1.006770E-6	2.980250E-8
1.079810E+4	-9.695140E-7	-7.450640E-9
1.077880E+4	-1.042160E-6	4.190970E-8
1.076760E+4	-1.012350E-6	-5.587960E-9
1.075530E+4	-9.974540E-7	-1.303860E-8
1.073520E+4	-1.016080E-6	-2.700850E-8
1.072240E+4	-1.013290E-6	-3.539050E-8
1.070270E+4	-1.037500E-6	-3.352780E-8
1.069220E+4	-1.075680E-6	1.396990E-8
1.068310E+4	-1.039360E-6	-3.539050E-8
1.065890E+4	-1.057060E-6	-2.887110E-8
1.064970E+4	-1.116660E-6	2.328320E-8
1.062830E+4	-1.071960E-6	-5.587960E-9
1.061920E+4	-1.134360E-6	7.171230E-8
1.059790E+4	-1.144600E-6	6.984960E-8
1.058870E+4	-1.113870E-6	2.793980E-8
1.056770E+4	-1.152050E-6	4.004710E-8
1.055810E+4	-1.134360E-6	-3.725320E-9
1.053450E+4	-1.178130E-6	3.166520E-8
1.052540E+4	-1.224700E-6	8.195680E-8
1.051440E+4	-1.207930E-6	4.749770E-8
1.049510E+4	-1.194890E-6	3.911580E-8
1.047440E+4	-1.223770E-6	4.004710E-8
1.046450E+4	-1.255430E-6	6.239910E-8
1.045120E+4	-1.210730E-6	5.587960E-9
1.043180E+4	-1.236800E-6	4.656640E-9
1.041770E+4	-1.252640E-6	9.313300E-10
1.040780E+4	-1.247980E-6	-7.450640E-9
1.038810E+4	-1.247980E-6	-2.421450E-8
1.037760E+4	-1.325280E-6	4.656640E-8
1.035460E+4	-1.302000E-6	-1.396990E-8
1.034440E+4	-1.315970E-6	-6.519290E-9
1.033250E+4	-1.352290E-6	2.328320E-8
1.031140E+4	-1.379300E-6	3.725310E-8
1.030220E+4	-1.317830E-6	-1.303860E-8
1.027830E+4	-1.335520E-6	8.381960E-9
1.026880E+4	-1.342970E-6	1.396990E-8
1.025660E+4	-1.378360E-6	4.936030E-8
1.023520E+4	-1.378360E-6	4.936030E-8
1.022600E+4	-1.383950E-6	3.725320E-9
1.021490E+4	-1.392330E-6	-1.676390E-8
1.018990E+4	-1.484540E-6	5.029160E-8
1.017950E+4	-1.428660E-6	-2.514580E-8
1.015980E+4	-1.479880E-6	-2.607710E-8
1.014890E+4	-1.475220E-6	-5.122300E-8
1.013870E+4	-1.564630E-6	2.793980E-8
1.011470E+4	-1.558110E-6	3.259650E-8
1.010360E+4	-1.541350E-6	1.676390E-8
1.008160E+4	-1.600020E-6	4.842900E-8
1.007120E+4	-1.557180E-6	-1.210730E-8
1.005730E+4	-1.591640E-6	2.793980E-9
1.003850E+4	-1.653100E-6	4.284110E-8
1.002720E+4	-1.703400E-6	5.122300E-8
1.000760E+4	-1.657760E-6	-2.142050E-8
9.996600E+3	-1.705260E-6	1.024460E-8
9.976600E+3	-1.707120E-6	-2.328320E-8
9.966100E+3	-1.760210E-6	2.607710E-8
9.945800E+3	-1.731340E-6	-1.210730E-8
9.935800E+3	-1.778830E-6	3.632180E-8
9.926400E+3	-1.785350E-6	3.911580E-8
9.902800E+3	-1.753690E-6	2.048920E-8
9.893700E+3	-1.818880E-6	6.798700E-8
9.872600E+3	-1.846820E-6	3.632180E-8
9.863300E+3	-1.780700E-6	-4.004710E-8
9.842400E+3	-1.865450E-6	4.190970E-8
9.832700E+3	-1.881280E-6	4.563500E-8
9.809100E+3	-1.891520E-6	1.862660E-8
9.799900E+3	-1.949270E-6	4.842900E-8
9.788600E+3	-1.900840E-6	-2.421450E-8
9.769000E+3	-1.925060E-6	-2.607710E-8
9.757700E+3	-1.974420E-6	-8.381960E-9
9.735400E+3	-2.052650E-6	-1.210730E-8
9.724100E+3	-2.069410E-6	-1.024460E-8
9.702600E+3	-2.070340E-6	7.450640E-9
9.691400E+3	-2.007950E-6	-5.215430E-8
9.681500E+3	-2.081520E-6	2.700850E-8
9.660900E+3	-2.060100E-6	-1.396990E-8
9.651500E+3	-2.110390E-6	2.142050E-8
9.630400E+3	-2.151370E-6	1.117590E-8
9.621300E+3	-2.175580E-6	2.048920E-8
9.600700E+3	-2.139260E-6	-4.284110E-8
9.591200E+3	-2.156030E-6	-3.445920E-8
9.567000E+3	-2.221220E-6	-1.955790E-8
9.557800E+3	-2.252880E-6	9.313280E-9
9.547600E+3	-2.229600E-6	-2.700850E-8
9.524300E+3	-2.342290E-6	4.377240E-8
9.514800E+3	-2.304110E-6	-2.328320E-8
9.501700E+3	-2.354400E-6	-9.313300E-10
9.481900E+3	-2.378610E-6	-8.381960E-9
9.470900E+3	-2.440080E-6	4.563500E-8
9.448800E+3	-2.475470E-6	5.308560E-8
9.438500E+3	-2.444740E-6	-2.793980E-9
9.418400E+3	-2.536940E-6	2.142050E-8
9.405000E+3	-2.557430E-6	1.583260E-8
9.385300E+3	-2.617030E-6	5.122300E-8
9.374300E+3	-2.577920E-6	-7.450640E-9
9.364200E+3	-2.647760E-6	6.053640E-8
9.342000E+3	-2.621690E-6	-3.725320E-9
9.331100E+3	-2.712030E-6	6.426170E-8
9.311100E+3	-2.691540E-6	-3.725320E-9
9.300800E+3	-2.735310E-6	8.381960E-9
9.280500E+3	-2.780940E-6	2.700850E-8
9.270600E+3	-2.841480E-6	5.122300E-8
9.249900E+3	-2.815400E-6	-3.073390E-8
9.240600E+3	-2.877800E-6	-1.303860E-8
9.230500E+3	-2.944860E-6	1.862660E-8
9.207100E+3	-2.943930E-6	-2.142050E-8
9.197800E+3	-2.993290E-6	1.024460E-8
9.173900E+3	-3.000740E-6	-2.328320E-8
9.164800E+3	-3.060340E-6	1.210730E-8
9.152300E+3	-3.101320E-6	3.259650E-8
9.131600E+3	-3.118080E-6	6.519290E-9
9.119500E+3	-3.180480E-6	4.656640E-8
9.108400E+3	-3.152540E-6	-1.024460E-8
9.086100E+3	-3.267090E-6	6.519300E-8
9.074900E+3	-3.252190E-6	2.421450E-8
9.055900E+3	-3.295970E-6	-1.862660E-9
9.045100E+3	-3.368610E-6	3.632180E-8
9.022600E+3	-3.418900E-6	3.259650E-8
9.011600E+3	-3.409590E-6	-1.024460E-8
9.001500E+3	-3.475710E-6	3.259650E-8
8.981000E+3	-3.485950E-6	-1.303860E-8
8.971500E+3	-3.575360E-6	4.936030E-8
8.951200E+3	-3.596780E-6	2.514580E-8
8.941200E+3	-3.641490E-6	5.494830E-8
8.920300E+3	-3.638690E-6	2.048920E-8
8.910600E+3	-3.700160E-6	6.333040E-8
8.889400E+3	-3.756040E-6	5.401690E-8
8.877100E+3	-3.832420E-6	8.195680E-8
8.855800E+3	-3.837080E-6	9.313280E-9
8.846600E+3	-3.919030E-6	4.842900E-8
8.825700E+3	-4.013100E-6	7.078100E-8
8.816500E+3	-4.028930E-6	4.656640E-8
8.795300E+3	-4.053140E-6	-3.725320E-9
8.786300E+3	-4.084810E-6	5.587960E-9
8.772900E+3	-4.128580E-6	2.048920E-8
8.753200E+3	-4.243130E-6	6.891830E-8
8.743300E+3	-4.234750E-6	2.235190E-8
8.723100E+3	-4.326020E-6	6.146770E-8
8.712700E+3	-4.339990E-6	2.328320E-8
8.692800E+3	-4.400530E-6	1.862660E-9
8.681900E+3	-4.451750E-6	9.313300E-10
8.662400E+3	-4.579340E-6	4.004710E-8
8.651100E+3	-4.641740E-6	5.029160E-8
8.638300E+3	-4.653850E-6	1.117590E-8
8.618500E+3	-4.714380E-6	-2.142050E-8
8.608000E+3	-4.804720E-6	2.514580E-8
8.587900E+3	-4.843840E-6	-1.024460E-8
8.577900E+3	-4.926730E-6	3.166520E-8
8.557400E+3	-5.031030E-6	4.563500E-8
8.548000E+3	-5.065490E-6	3.166520E-8
8.527000E+3	-5.118580E-6	-7.450640E-9
8.517900E+3	-5.167940E-6	-1.024460E-8
8.493700E+3	-5.253620E-6	-4.656640E-9
8.484600E+3	-5.364450E-6	6.239910E-8
8.463500E+3	-5.410080E-6	3.352780E-8
8.454100E+3	-5.450130E-6	2.048920E-8
8.441200E+3	-5.527430E-6	4.004710E-8
8.420600E+3	-5.629870E-6	2.328320E-8
8.408300E+3	-5.747220E-6	7.357490E-8
8.397100E+3	-5.768640E-6	1.117590E-8
8.377500E+3	-5.906480E-6	1.303860E-8
8.364500E+3	-5.950250E-6	0.000000E+0
8.345000E+3	-6.080630E-6	1.955790E-8
8.333900E+3	-6.105780E-6	2.793980E-9
8.324000E+3	-6.163520E-6	2.142050E-8
8.301600E+3	-6.286460E-6	2.980250E-8
8.290800E+3	-6.314400E-6	9.313280E-9
8.269000E+3	-6.438260E-6	9.313280E-9
8.257600E+3	-6.515560E-6	1.583260E-8
8.237900E+3	-6.637570E-6	0.000000E+0
8.226900E+3	-6.765160E-6	4.656640E-8
8.207200E+3	-6.863880E-6	1.769520E-8
8.196600E+3	-6.920690E-6	0.000000E+0
8.184600E+3	-7.027790E-6	5.122300E-8
8.163500E+3	-7.166560E-6	4.470370E-8
8.151400E+3	-7.236410E-6	4.656640E-8
8.142000E+3	-7.278320E-6	2.048920E-8
8.117700E+3	-7.447820E-6	2.793980E-8
8.108200E+3	-7.529770E-6	3.818450E-8
8.084100E+3	-7.642490E-6	-1.955790E-8
8.075000E+3	-7.759840E-6	3.259650E-8
8.064000E+3	-7.823170E-6	1.396990E-8
8.044400E+3	-7.974970E-6	3.725320E-9
8.033100E+3	-8.015020E-6	-2.887110E-8
8.013700E+3	-8.193830E-6	6.519290E-9
8.000600E+3	-8.272070E-6	9.313280E-9
7.990100E+3	-8.367990E-6	3.539050E-8
7.968000E+3	-8.584060E-6	4.842900E-8
7.947700E+3	-8.767530E-6	4.563500E-8
7.937200E+3	-8.811300E-6	0.000000E+0
7.926300E+3	-8.946340E-6	5.681090E-8
7.906100E+3	-9.045060E-6	1.024460E-8
7.895700E+3	-9.168930E-6	4.377240E-8
7.875100E+3	-9.367300E-6	7.078100E-8
7.862200E+3	-9.462300E-6	6.146770E-8
7.842300E+3	-9.647630E-6	3.445920E-8
7.831800E+3	-9.758460E-6	5.029160E-8
7.811500E+3	-9.898150E-6	-7.450640E-9
7.801600E+3	-1.003510E-5	3.166520E-8
7.792200E+3	-1.008910E-5	-1.490130E-8
7.768600E+3	-1.032380E-5	-7.450640E-9
7.756700E+3	-1.045320E-5	2.887110E-8
7.735500E+3	-1.065810E-5	2.980250E-8
7.726500E+3	-1.074570E-5	2.700850E-8
7.705200E+3	-1.090310E-5	-1.024460E-8
7.695700E+3	-1.103440E-5	3.259650E-8
7.684400E+3	-1.111070E-5	0.000000E+0
7.665700E+3	-1.130070E-5	-1.210730E-8
7.654500E+3	-1.139570E-5	-2.328320E-8
7.635000E+3	-1.162300E-5	-7.450640E-9
7.623700E+3	-1.175990E-5	2.514580E-8
7.604300E+3	-1.192840E-5	1.862660E-9
7.593100E+3	-1.201780E-5	4.656640E-9
7.573500E+3	-1.226560E-5	1.396990E-8
7.562800E+3	-1.236800E-5	3.632180E-8
7.542600E+3	-1.253660E-5	8.381960E-9
7.532400E+3	-1.264280E-5	3.166520E-8
7.510200E+3	-1.283550E-5	8.381960E-9
7.499100E+3	-1.293710E-5	1.583260E-8
7.479200E+3	-1.310470E-5	2.514580E-8
7.468700E+3	-1.319880E-5	3.259650E-8
7.459600E+3	-1.333190E-5	4.563500E-8
7.435500E+3	-1.348750E-5	-1.862660E-9
7.426500E+3	-1.357780E-5	-1.210730E-8
7.402600E+3	-1.375010E-5	-2.607710E-8
7.393600E+3	-1.383670E-5	-2.142050E-8
7.380900E+3	-1.392710E-5	-5.587960E-9
7.360200E+3	-1.407420E-5	9.313300E-10
7.350100E+3	-1.412080E-5	-2.142050E-8
7.329600E+3	-1.428000E-5	-6.519290E-9
7.318900E+3	-1.430610E-5	-4.749770E-8
7.299000E+3	-1.442720E-5	0.000000E+0
7.287900E+3	-1.445420E-5	-1.210730E-8
7.265700E+3	-1.451750E-5	-1.676390E-8
7.255400E+3	-1.453890E-5	-2.793980E-8
7.242200E+3	-1.453520E-5	-4.842900E-8
7.222800E+3	-1.455850E-5	1.862660E-9
7.211500E+3	-1.455660E-5	1.396990E-8
7.192100E+3	-1.448960E-5	-1.303860E-8
7.180900E+3	-1.447840E-5	-2.793980E-9
7.161400E+3	-1.441410E-5	-1.955790E-8
7.147800E+3	-1.435830E-5	-2.887110E-8
7.147800E+3	-1.435830E-5	-2.887110E-8
7.118000E+3	-1.420370E-5	-3.073390E-8
7.109000E+3	-1.415340E-5	-2.421450E-8
7.087700E+3	-1.399600E-5	-1.769520E-8
7.075700E+3	-1.391870E-5	4.656640E-9
7.054400E+3	-1.370350E-5	-2.421450E-8
7.045300E+3	-1.361320E-5	1.862660E-9
7.024000E+3	-1.340550E-5	-1.490130E-8
7.015000E+3	-1.331150E-5	-7.450640E-9
7.004300E+3	-1.316340E-5	-2.793980E-8
6.981600E+3	-1.289140E-5	-1.024460E-8
6.970600E+3	-1.275080E-5	-1.210730E-8
6.948300E+3	-1.242200E-5	-7.450640E-9
6.938200E+3	-1.225350E-5	-2.793980E-8
6.927200E+3	-1.208680E-5	-3.073390E-8
6.907400E+3	-1.177010E-5	-4.284110E-8
6.896800E+3	-1.159970E-5	-4.749770E-8
6.876500E+3	-1.122160E-5	-3.352780E-8
6.866400E+3	-1.105300E-5	-3.725320E-9
6.845800E+3	-1.063670E-5	-3.352780E-8
6.836100E+3	-1.043460E-5	-1.955790E-8
6.813000E+3	-9.947510E-6	-3.073390E-8
6.802600E+3	-9.727720E-6	-4.004710E-8
6.793500E+3	-9.459500E-6	-4.936030E-8
6.769300E+3	-8.977080E-6	-6.333040E-8
6.760100E+3	-8.725620E-6	-4.470370E-8
6.736200E+3	-8.181730E-6	-6.891830E-8
6.726700E+3	-7.971250E-6	-1.955790E-8
6.705500E+3	-7.455270E-6	-6.798700E-8
6.696200E+3	-7.177730E-6	-3.073390E-8
6.683900E+3	-6.867600E-6	-5.867350E-8
6.672600E+3	-6.623600E-6	-5.681090E-8
6.647400E+3	-6.009850E-6	-3.166520E-8
6.636900E+3	-5.756530E-6	-1.955790E-8
6.616900E+3	-5.221950E-6	-1.676390E-8
6.606000E+3	-4.941630E-6	-4.190970E-8
6.586700E+3	-4.352100E-6	-2.700850E-8
6.573500E+3	-4.088540E-6	-5.587960E-9
6.553200E+3	-3.600510E-6	4.656640E-9
6.542500E+3	-3.265230E-6	-2.793980E-8
6.531900E+3	-3.054750E-6	-8.381960E-9
6.511600E+3	-2.509930E-6	-5.867350E-8
6.501500E+3	-2.278030E-6	-4.563500E-8
6.479000E+3	-1.699670E-6	-2.142050E-8
6.468100E+3	-1.430520E-6	-4.563500E-8
6.448000E+3	-8.977990E-7	-4.470370E-8
6.448000E+3	-8.977990E-7	-4.470370E-8
6.417300E+3	-1.732270E-7	-2.793980E-9
6.407500E+3	9.685800E-8	-1.583260E-8
6.395400E+3	3.213080E-7	3.539050E-8
6.374300E+3	8.484390E-7	3.632180E-8
6.362300E+3	1.151120E-6	2.980250E-8
6.362300E+3	1.151120E-6	2.980250E-8
6.332100E+3	1.817950E-6	4.284110E-8
6.310800E+3	2.307830E-6	-1.117590E-8
6.301900E+3	2.516450E-6	2.328320E-8
6.280600E+3	2.941130E-6	2.514580E-8
6.271500E+3	3.139500E-6	3.259650E-8
6.260200E+3	3.407720E-6	-2.328320E-8
6.240700E+3	3.885510E-6	-3.539050E-8
6.229300E+3	4.033590E-6	1.303860E-8
6.209800E+3	4.446160E-6	4.656640E-9
6.198800E+3	4.628700E-6	2.980250E-8
6.177200E+3	5.048730E-6	3.259650E-8
6.165700E+3	5.290870E-6	-2.887110E-8
6.156300E+3	5.465030E-6	1.676390E-8
6.133000E+3	5.860840E-6	-6.053640E-8
6.122700E+3	6.001470E-6	-4.284110E-8
6.102200E+3	6.322780E-6	2.048920E-8
6.092500E+3	6.523010E-6	-9.313300E-10
6.068900E+3	6.900200E-6	-2.421450E-8
6.059300E+3	6.994260E-6	5.029160E-8
6.050100E+3	7.119060E-6	7.357490E-8
6.025900E+3	7.540950E-6	-2.421450E-8
6.016600E+3	7.592170E-6	6.612440E-8
5.992600E+3	7.998260E-6	-3.818450E-8
5.983400E+3	8.041100E-6	4.377240E-8
5.983400E+3	8.041100E-6	4.377240E-8
5.950000E+3	8.476020E-6	8.475080E-8
5.940000E+3	8.617590E-6	8.288820E-8
5.940000E+3	8.617590E-6	8.288820E-8
5.909100E+3	8.994770E-6	5.587960E-8
5.898300E+3	9.168000E-6	-1.210730E-8
5.876500E+3	9.382200E-6	1.117590E-8
5.876500E+3	9.382200E-6	1.117590E-8
5.845800E+3	9.711890E-6	3.352780E-8
5.834700E+3	9.782670E-6	6.984960E-8
5.814800E+3	1.005280E-5	9.313300E-10
5.804200E+3	1.013470E-5	3.539050E-8
5.783800E+3	1.033870E-5	4.656640E-8
5.773800E+3	1.036010E-5	1.043090E-7
5.752900E+3	1.062740E-5	1.490130E-8
5.743500E+3	1.067210E-5	6.053640E-8
5.720200E+3	1.088820E-5	4.190970E-8
5.709900E+3	1.097660E-5	1.862660E-8
5.700600E+3	1.109680E-5	-1.676390E-8
5.676600E+3	1.124670E-5	-1.676390E-8
5.676600E+3	1.124670E-5	-1.676390E-8
5.646300E+3	1.144600E-5	2.514580E-8
5.637200E+3	1.146650E-5	1.117590E-7
5.613100E+3	1.169840E-5	1.583260E-8
5.604100E+3	1.177380E-5	3.725310E-8
5.604100E+3	1.177380E-5	3.725310E-8
5.591800E+3	1.183060E-5	6.612440E-8
5.561000E+3	1.203270E-5	3.445920E-8
5.540500E+3	1.204760E-5	1.275920E-7
5.530200E+3	1.217620E-5	9.127010E-8
5.510200E+3	1.224230E-5	1.452870E-7
5.499300E+3	1.236340E-5	4.377240E-8
5.479500E+3	1.233920E-5	1.406310E-7
5.468200E+3	1.251980E-5	3.352780E-8
5.446000E+3	1.247420E-5	1.546000E-7
5.435300E+3	1.262320E-5	5.215430E-8
5.424500E+3	1.263070E-5	7.171230E-8
5.404400E+3	1.271730E-5	5.494830E-8
5.394300E+3	1.269770E-5	9.220140E-8
5.372100E+3	1.275730E-5	1.033770E-7
5.361100E+3	1.280850E-5	3.073390E-8
5.352100E+3	1.275820E-5	9.127010E-8
5.327900E+3	1.284950E-5	3.166520E-8
5.318900E+3	1.278710E-5	9.592670E-8
5.294800E+3	1.282720E-5	1.769520E-8
5.285600E+3	1.279920E-5	1.117590E-8
5.273300E+3	1.269210E-5	1.173470E-7
5.252400E+3	1.279180E-5	1.862660E-9
5.240300E+3	1.266420E-5	1.154840E-7
5.229700E+3	1.270330E-5	8.940740E-8
5.210100E+3	1.266790E-5	1.098970E-7
5.199000E+3	1.260740E-5	1.499440E-7
5.176800E+3	1.250590E-5	1.704330E-7
5.166500E+3	1.253470E-5	1.406310E-7
5.143400E+3	1.243690E-5	1.462190E-7
5.134000E+3	1.238110E-5	1.834710E-7
5.122600E+3	1.232800E-5	1.816090E-7
5.101200E+3	1.225250E-5	1.704330E-7
5.090000E+3	1.225160E-5	9.778930E-8
5.070500E+3	1.212870E-5	1.499440E-7
5.059300E+3	1.216410E-5	5.401690E-8
5.046600E+3	1.206910E-5	8.475080E-8
5.025800E+3	1.194990E-5	1.117590E-7
5.013400E+3	1.195080E-5	6.053640E-8
5.004300E+3	1.180740E-5	1.620510E-7
4.980200E+3	1.180740E-5	1.620510E-7
4.971000E+3	1.164530E-5	1.452870E-7
4.947400E+3	1.161270E-5	9.778930E-8
4.937500E+3	1.152050E-5	1.033770E-7
4.927700E+3	1.144140E-5	1.220040E-7
4.903800E+3	1.140410E-5	3.632180E-8
4.894600E+3	1.127280E-5	1.024460E-7
4.870400E+3	1.123740E-5	3.259650E-8
4.861100E+3	1.106790E-5	1.452870E-7
4.847900E+3	1.106040E-5	1.108280E-7
4.827600E+3	1.100460E-5	7.357490E-8
4.815100E+3	1.087420E-5	1.480810E-7
4.794400E+3	1.082110E-5	7.730020E-8
4.784600E+3	1.073260E-5	1.126900E-7
4.773400E+3	1.069160E-5	8.195680E-8
4.752000E+3	1.052870E-5	1.331800E-7
4.740900E+3	1.051380E-5	9.406400E-8
4.719100E+3	1.040200E-5	1.210730E-7
4.708500E+3	1.035260E-5	1.052400E-7
4.695300E+3	1.040570E-5	1.583260E-8
4.685700E+3	1.030420E-5	7.543760E-8
4.662600E+3	1.026510E-5	3.818450E-8
4.652200E+3	1.018500E-5	8.661350E-8
4.628800E+3	1.009470E-5	9.033870E-8
4.618700E+3	1.008440E-5	6.426170E-8
4.609300E+3	1.003690E-5	6.146770E-8
4.585400E+3	9.968940E-6	5.029160E-8
4.576300E+3	9.913990E-6	6.333040E-8
4.554800E+3	9.809680E-6	9.592670E-8
4.545600E+3	9.718410E-6	1.518060E-7
4.524500E+3	9.658800E-6	1.406310E-7
4.514800E+3	9.703510E-6	8.102550E-8
4.494000E+3	9.583370E-6	1.210730E-7
4.482000E+3	9.506070E-6	1.564630E-7
4.470800E+3	9.534010E-6	9.127010E-8
4.470800E+3	9.534010E-6	9.127010E-8
4.438300E+3	9.416660E-6	1.173470E-7
4.438300E+3	9.416660E-6	1.173470E-7
4.405600E+3	9.344950E-6	8.940740E-8
4.394200E+3	9.253680E-6	1.471500E-7
4.372800E+3	9.208040E-6	1.275920E-7
4.361600E+3	9.222010E-6	7.916290E-8
4.342500E+3	9.135400E-6	1.098970E-7
4.331200E+3	9.181040E-6	2.607710E-8
4.318600E+3	9.147510E-6	2.142050E-8
4.298700E+3	9.084180E-6	5.122300E-8
4.285400E+3	9.109320E-6	9.313280E-9
4.265100E+3	9.067410E-6	1.396990E-8
4.255000E+3	8.997570E-6	6.239910E-8
4.235200E+3	9.014330E-6	2.514580E-8
4.224500E+3	8.949140E-6	6.426170E-8
4.204100E+3	8.972420E-6	2.328320E-8
4.193900E+3	8.896050E-6	9.592670E-8
4.173300E+3	8.941690E-6	1.490130E-8
4.163800E+3	8.840170E-6	1.182780E-7
4.154000E+3	8.853210E-6	9.313270E-8
4.130500E+3	8.821550E-6	6.984960E-8
4.121400E+3	8.750770E-6	1.192100E-7
4.096900E+3	8.764730E-6	8.661350E-8
4.087500E+3	8.697680E-6	1.369050E-7
4.076100E+3	8.697680E-6	1.369050E-7
4.054200E+3	8.675330E-6	1.359740E-7
4.043100E+3	8.767530E-6	4.749770E-8
4.023600E+3	8.786160E-6	4.656640E-8
4.023600E+3	8.786160E-6	4.656640E-8
3.999500E+3	8.760080E-6	4.190970E-8
3.979600E+3	8.775910E-6	2.980250E-8
3.969000E+3	8.760080E-6	4.377240E-8
3.946900E+3	8.655770E-6	1.378370E-7
3.935600E+3	8.729340E-6	4.749770E-8
3.926400E+3	8.692090E-6	8.475080E-8
3.902800E+3	8.716310E-6	5.774220E-8
3.892900E+3	8.699540E-6	8.195680E-8
3.870000E+3	8.700470E-6	8.754480E-8
3.859300E+3	8.623170E-6	1.508750E-7
3.838900E+3	8.708860E-6	4.190970E-8
3.828800E+3	8.614790E-6	1.415620E-7
3.816500E+3	8.713510E-6	4.842900E-8
3.795600E+3	8.617590E-6	1.359740E-7
3.783400E+3	8.619450E-6	1.322490E-7
3.762200E+3	8.701410E-6	3.259650E-8
3.753000E+3	8.589650E-6	1.406310E-7
3.731600E+3	8.556120E-6	1.518060E-7
3.722000E+3	8.558910E-6	1.359740E-7
3.710600E+3	8.616650E-6	6.798700E-8
3.691000E+3	8.612930E-6	5.308560E-8
3.679600E+3	8.503960E-6	1.601880E-7
3.658100E+3	8.576610E-6	6.984960E-8
3.646700E+3	8.521660E-6	9.313270E-8
3.637000E+3	8.431320E-6	1.620510E-7
3.614200E+3	8.480680E-6	5.774220E-8
3.594800E+3	8.364270E-6	1.546000E-7
3.583700E+3	8.415490E-6	7.171230E-8
3.573700E+3	8.307460E-6	1.359740E-7
3.552900E+3	8.344710E-6	2.328320E-8
3.543500E+3	8.235740E-6	7.730020E-8
3.522200E+3	8.166830E-6	6.053640E-8
3.509800E+3	8.131440E-6	6.053640E-8
3.500600E+3	8.031780E-6	1.378370E-7
3.476300E+3	8.016880E-6	4.377240E-8
3.467200E+3	7.890220E-6	1.359740E-7
3.443300E+3	7.814790E-6	1.192100E-7
3.433800E+3	7.835280E-6	4.656640E-8
3.423700E+3	7.709550E-6	1.145530E-7
3.400400E+3	7.550260E-6	1.275920E-7
3.390100E+3	7.589380E-6	2.048920E-8
3.369900E+3	7.376100E-6	9.778930E-8
3.359100E+3	7.374240E-6	4.936030E-8
3.336400E+3	7.262480E-6	4.190970E-8
3.326300E+3	7.147930E-6	1.043090E-7
3.314900E+3	7.147930E-6	3.911580E-8
3.293200E+3	6.906720E-6	1.378370E-7
3.281900E+3	6.835940E-6	1.164160E-7
3.260000E+3	6.674820E-6	1.164160E-7
3.249300E+3	6.639430E-6	4.190970E-8
3.238900E+3	6.487620E-6	9.313270E-8
3.218400E+3	6.416840E-6	1.396990E-8
3.208500E+3	6.281800E-6	8.661350E-8
3.187600E+3	6.113230E-6	9.127010E-8
3.178200E+3	6.028480E-6	9.592670E-8
3.156900E+3	5.938140E-6	3.352780E-8
3.147800E+3	5.849670E-6	4.842900E-8
3.123800E+3	5.709040E-6	3.352780E-8
3.114200E+3	5.553510E-6	9.406400E-8
3.093000E+3	5.387730E-6	8.102550E-8
3.083800E+3	5.283420E-6	9.778930E-8
3.062400E+3	5.194950E-6	1.210730E-8
3.053200E+3	5.013340E-6	9.127010E-8
3.040600E+3	4.912760E-6	1.098970E-7
3.019900E+3	4.736740E-6	8.102550E-8
3.019900E+3	4.736740E-6	8.102550E-8
2.986100E+3	4.436850E-6	3.725310E-8
2.976700E+3	4.384700E-6	-7.450640E-9
2.965400E+3	4.217990E-6	6.146770E-8
2.945800E+3	4.151870E-6	-1.862660E-8
2.934500E+3	4.077360E-6	-4.749770E-8
2.912100E+3	3.829630E-6	4.842900E-8
2.900900E+3	3.826830E-6	-3.073390E-8
2.882000E+3	3.669430E-6	-2.607710E-8
2.870600E+3	3.580020E-6	-1.769520E-8
2.861400E+3	3.429140E-6	4.749770E-8
2.861400E+3	3.429140E-6	4.749770E-8
2.828100E+3	3.239150E-6	-3.818450E-8
2.804400E+3	3.080830E-6	-5.587960E-9
2.794500E+3	2.976520E-6	3.911580E-8
2.773600E+3	2.837750E-6	1.396990E-8
2.764300E+3	2.720410E-6	5.215430E-8
2.743000E+3	2.613310E-6	1.955790E-8
2.733800E+3	2.570460E-6	0.000000E+0
2.721300E+3	2.448460E-6	6.333040E-8
2.700300E+3	2.346020E-6	3.632180E-8
2.690300E+3	2.324600E-6	0.000000E+0
2.679000E+3	2.182100E-6	7.264360E-8
2.654700E+3	2.072210E-6	3.259650E-8
2.644400E+3	2.074070E-6	-1.210730E-8
2.623900E+3	1.933440E-6	4.190970E-8
2.613100E+3	1.923200E-6	8.381960E-9
2.593100E+3	1.799320E-6	3.166520E-8
2.581900E+3	1.749030E-6	8.381960E-9
2.562400E+3	1.620510E-6	3.352780E-8
2.551000E+3	1.608400E-6	-2.793980E-8
2.531400E+3	1.507820E-6	-4.004710E-8
2.520100E+3	1.425860E-6	-7.450640E-9
2.500400E+3	1.344840E-6	0.000000E+0
2.489600E+3	1.277780E-6	1.583260E-8
2.469400E+3	1.242390E-6	-2.142050E-8
2.459100E+3	1.181860E-6	-3.725320E-9
2.449900E+3	1.076620E-6	4.749770E-8
2.425600E+3	1.036570E-6	-2.514580E-8
2.416400E+3	9.508840E-7	1.676390E-8
2.392400E+3	9.462270E-7	-3.539050E-8
2.382700E+3	8.530950E-7	2.048920E-8
2.369800E+3	8.242240E-7	2.887110E-8
2.348900E+3	8.251550E-7	1.117590E-8
2.339500E+3	8.232930E-7	-4.563500E-8
2.318000E+3	6.621740E-7	3.259650E-8
2.308200E+3	6.677620E-7	-2.607710E-8
2.287500E+3	5.997750E-7	6.519290E-9
2.277100E+3	6.062950E-7	-1.676390E-8
2.256900E+3	5.327200E-7	4.377240E-8
2.246100E+3	5.485530E-7	-1.117590E-8
2.235500E+3	5.131620E-7	-8.381960E-9
2.212200E+3	5.122310E-7	-4.284110E-8
2.192600E+3	3.855690E-7	2.514580E-8
2.181400E+3	4.125780E-7	-1.862660E-8
2.171400E+3	3.660120E-7	-1.303860E-8
2.148600E+3	3.166510E-7	3.725320E-9
2.138000E+3	3.352780E-7	-4.749770E-8
2.125900E+3	2.868490E-7	-2.421450E-8
2.102600E+3	2.644970E-7	-3.352780E-8
2.092200E+3	2.384200E-7	-2.421450E-8
2.082900E+3	1.629820E-7	4.470370E-8
2.058400E+3	2.011670E-7	-3.725310E-8
2.049100E+3	1.108280E-7	3.539050E-8
2.024700E+3	1.359740E-7	-2.887110E-8
2.014900E+3	7.543760E-8	1.862660E-8
1.993400E+3	6.333040E-8	-9.313280E-9
1.983900E+3	8.102550E-8	-3.073390E-8
1.961900E+3	6.798700E-8	9.313300E-10
1.952300E+3	2.514580E-8	4.842900E-8
1.940600E+3	6.333040E-8	4.656640E-9
1.916900E+3	-2.235190E-8	3.539050E-8
1.905900E+3	1.396990E-8	-4.656640E-9
1.894100E+3	1.490130E-8	-4.656640E-9
1.870800E+3	4.842900E-8	-4.656640E-8
1.858600E+3	2.793980E-8	-4.749770E-8
1.835200E+3	-8.195680E-8	4.749770E-8
1.823400E+3	-1.676390E-8	-2.793980E-8
1.802400E+3	-5.494830E-8	-1.490130E-8
1.787300E+3	-5.774220E-8	-2.887110E-8
1.776600E+3	-1.043090E-7	4.656640E-9
1.754600E+3	-1.080340E-7	-1.490130E-8
1.744600E+3	-1.555320E-7	3.445920E-8
1.722400E+3	-1.061710E-7	-4.749770E-8
1.712900E+3	-1.704330E-7	6.519290E-9
1.691300E+3	-1.844030E-7	3.166520E-8
1.678500E+3	-1.844030E-7	2.235190E-8
1.657200E+3	-1.406310E-7	-5.494830E-8
1.648000E+3	-1.592570E-7	-4.470370E-8
1.635800E+3	-2.281750E-7	1.210730E-8
1.612000E+3	-1.769520E-7	-5.587960E-8
1.603300E+3	-2.412140E-7	4.656640E-9
1.593100E+3	-2.346940E-7	9.313300E-10
1.571100E+3	-2.374880E-7	5.587960E-9
1.561900E+3	-1.871970E-7	-6.146770E-8
1.542400E+3	-2.896430E-7	0.000000E+0
1.532800E+3	-2.719480E-7	-5.867350E-8
1.511100E+3	-2.644970E-7	-4.842900E-8
1.502400E+3	-2.840550E-7	-1.024460E-8
1.491800E+3	-2.514590E-7	-3.166520E-8
1.472100E+3	-2.728790E-7	1.210730E-8
1.461900E+3	-1.955790E-7	-4.004710E-8
1.444200E+3	-2.067550E-7	-4.842900E-8
1.433800E+3	-2.421460E-7	-1.676390E-8
1.425000E+3	-3.054760E-7	3.632180E-8
1.404300E+3	-2.682230E-7	-2.514580E-8
1.394800E+3	-2.980250E-7	-1.396990E-8
1.373800E+3	-3.380720E-7	-1.117590E-8
1.364500E+3	-3.296900E-7	-1.490130E-8
1.345800E+3	-3.213080E-7	-7.450640E-9
1.337100E+3	-3.492480E-7	1.583260E-8
1.326100E+3	-3.771870E-7	3.445920E-8
1.306500E+3	-3.799810E-7	2.328320E-8
1.298400E+3	-3.315530E-7	-2.142050E-8
1.278900E+3	-3.241020E-7	4.656640E-9
1.270300E+3	-2.961620E-7	7.450640E-9
1.248200E+3	-3.054760E-7	-3.725320E-9
1.240100E+3	-3.250330E-7	6.519290E-9
1.220300E+3	-3.883630E-7	2.142050E-8
1.211900E+3	-3.976770E-7	2.048920E-8
1.201300E+3	-3.352780E-7	-5.029160E-8
1.183600E+3	-3.920890E-7	-2.793980E-9
1.171500E+3	-3.604240E-7	-4.749770E-8
1.153700E+3	-3.408660E-7	-1.210730E-8
1.143400E+3	-3.892950E-7	1.955790E-8
1.125700E+3	-3.809130E-7	1.862660E-9
1.115500E+3	-3.464540E-7	-3.352780E-8
1.107100E+3	-3.734620E-7	-1.210730E-8
1.086200E+3	-3.548360E-7	-4.842900E-8
1.077200E+3	-4.107150E-7	7.450640E-9
1.059000E+3	-4.544870E-7	4.284110E-8
1.050700E+3	-4.451740E-7	3.073390E-8
1.032200E+3	-3.976770E-7	-4.749770E-8
1.024500E+3	-4.805660E-7	2.514580E-8
1.004200E+3	-4.293420E-7	-5.215430E-8
9.958000E+2	-4.684570E-7	-1.210730E-8
9.878000E+2	-4.926730E-7	1.862660E-8
9.676000E+2	-4.610060E-7	1.862660E-9
9.595000E+2	-5.019870E-7	5.122300E-8
9.395000E+2	-4.563500E-7	-1.583260E-8
9.321000E+2	-5.075740E-7	3.911580E-8
9.225000E+2	-4.442430E-7	-2.421450E-8
9.045000E+2	-4.973300E-7	4.377240E-8
8.957000E+2	-4.293420E-7	-3.539050E-8
8.794000E+2	-5.094370E-7	2.235190E-8
8.702000E+2	-4.721820E-7	-1.862660E-8
8.544000E+2	-5.550720E-7	6.333040E-8
8.448000E+2	-5.122310E-7	1.396990E-8
8.274000E+2	-5.653160E-7	4.656640E-8
8.184000E+2	-4.954670E-7	-4.470370E-8
8.077000E+2	-5.513470E-7	-1.955790E-8
7.920000E+2	-5.392390E-7	-3.352780E-8
7.828000E+2	-5.215440E-7	-4.004710E-8
7.757000E+2	-5.252700E-7	-3.073390E-8
7.563000E+2	-5.383080E-7	-4.004710E-8
7.487000E+2	-5.867370E-7	-4.656640E-9
7.294000E+2	-5.858060E-7	-2.887110E-8
7.221000E+2	-6.537920E-7	2.793980E-8
7.056000E+2	-5.923250E-7	-6.053640E-8
6.979000E+2	-6.575170E-7	-2.328320E-8
6.905000E+2	-6.780060E-7	-2.607710E-8
6.717000E+2	-7.124650E-7	-2.235190E-8
6.641000E+2	-6.947700E-7	-4.749770E-8
6.481000E+2	-7.841770E-7	2.793980E-9
6.399000E+2	-7.506500E-7	-4.656640E-8
6.244000E+2	-7.990780E-7	1.210730E-8
6.157000E+2	-8.307430E-7	2.328320E-8
6.055000E+2	-7.860400E-7	-3.166520E-8
5.905000E+2	-8.503010E-7	4.656640E-9
5.801000E+2	-8.475070E-7	-2.607710E-8
5.653000E+2	-8.735840E-7	-2.514580E-8
5.550000E+2	-8.912790E-7	-3.073390E-8
5.465000E+2	-8.931420E-7	-4.377240E-8
5.299000E+2	-1.002110E-6	3.818450E-8
5.210000E+2	-9.611320E-7	-2.142050E-8
5.062000E+2	-1.013290E-6	-2.048920E-8
4.975000E+2	-1.109210E-6	4.377240E-8
4.885000E+2	-1.127840E-6	2.142050E-8
4.699000E+2	-1.176270E-6	-2.793980E-9
4.535000E+2	-1.173470E-6	-4.097840E-8
4.535000E+2	-1.173470E-6	-4.097840E-8
3.921000E+2	-1.356010E-6	2.514580E-8
3.479000E+2	-1.441690E-6	-1.210730E-8
3.244000E+2	-1.513410E-6	-9.313300E-10
2.996000E+2	-1.635410E-6	3.445920E-8
2.497000E+2	-1.788150E-6	2.235190E-8
2.233000E+2	-1.851480E-6	1.862660E-9
1.695000E+2	-2.097350E-6	4.190970E-8
1.425000E+2	-2.241710E-6	7.264360E-8
8.840000E+1	-2.391650E-6	7.450640E-9
6.030000E+1	-2.559290E-6	7.264360E-8
-3.600000E+0	-1.834710E-6	2.700850E-8
-3.130000E+1	-9.406390E-7	2.793980E-8
-8.710000E+1	6.407540E-7	-4.749770E-8
-1.138000E+2	1.110140E-6	-9.313300E-10
-1.687000E+2	1.789080E-6	-3.073390E-8
-1.935000E+2	1.974420E-6	-5.774220E-8
-2.460000E+2	2.061030E-6	-1.583260E-8
-2.708000E+2	2.023780E-6	1.490130E-8
-3.209000E+2	2.027500E-6	-7.823160E-8
-3.437000E+2	1.923200E-6	-6.612440E-8
