Sample Name, Varga_5_4_22G
Freq, 22, GHz, Power, 10, dBm
SR850: f = 25 Hz; phase = 97 deg; output = 5 V; sens. = 20 uV; tc = 300 ms; 12dB/oct
Field	X	Y
Oe	V	V
*
-6.878000E+2	-2.607710E-8	-4.004710E-8
-6.883000E+2	-7.823160E-8	1.862660E-9
-6.878000E+2	-4.749770E-8	-2.142050E-8
-6.795000E+2	-6.891830E-8	2.048920E-8
-6.712000E+2	-6.798700E-8	1.583260E-8
-6.583000E+2	-3.539050E-8	-1.769520E-8
-6.328000E+2	-8.195680E-8	3.632180E-8
-6.169000E+2	-3.818450E-8	-9.313280E-9
-6.032000E+2	-6.519300E-8	2.793980E-8
-5.717000E+2	-3.166520E-8	-7.450640E-9
-5.588000E+2	-2.142050E-8	-1.955790E-8
-5.284000E+2	-1.396990E-8	-3.818450E-8
-5.167000E+2	-5.587960E-9	-4.563500E-8
-4.939000E+2	-3.725320E-9	-3.445920E-8
-4.833000E+2	-8.381960E-9	-2.235190E-8
-4.646000E+2	2.793980E-8	-3.632180E-8
-4.554000E+2	-7.450640E-9	7.450640E-9
-4.403000E+2	4.936030E-8	-3.166520E-8
-4.327000E+2	1.769520E-8	1.117590E-8
-4.248000E+2	7.543760E-8	-3.352780E-8
-4.098000E+2	6.612440E-8	6.519290E-9
-4.024000E+2	7.916290E-8	-2.607710E-8
-3.876000E+2	6.705570E-8	-2.048920E-8
-3.791000E+2	1.396990E-8	1.769520E-8
-3.726000E+2	4.936030E-8	-1.583260E-8
-3.561000E+2	6.519300E-8	-1.490130E-8
-3.492000E+2	9.313270E-8	-2.700850E-8
-3.297000E+2	8.568210E-8	1.583260E-8
-3.221000E+2	1.210730E-7	-1.769520E-8
-3.046000E+2	1.341110E-7	-2.142050E-8
-2.974000E+2	1.145530E-7	-5.587960E-9
-2.798000E+2	9.778930E-8	2.607710E-8
-2.727000E+2	1.350430E-7	-1.583260E-8
-2.556000E+2	1.499440E-7	-1.490130E-8
-2.485000E+2	1.275920E-7	4.656640E-9
-2.320000E+2	1.220040E-7	-9.313280E-9
-2.245000E+2	1.415620E-7	-3.632180E-8
-2.140000E+2	1.201420E-7	-1.396990E-8
-1.990000E+2	1.564630E-7	-3.539050E-8
-1.889000E+2	1.424930E-7	-3.725320E-9
-1.730000E+2	1.927850E-7	-1.024460E-8
-1.646000E+2	1.704330E-7	2.328320E-8
-1.491000E+2	1.993040E-7	-7.450640E-9
-1.401000E+2	1.629820E-7	2.887110E-8
-1.320000E+2	1.778840E-7	1.210730E-8
-1.155000E+2	2.253810E-7	-1.676390E-8
-1.054000E+2	1.899910E-7	1.676390E-8
-8.960000E+1	2.132740E-7	6.519290E-9
-8.140000E+1	2.337630E-7	-1.490130E-8
-6.530000E+1	1.844030E-7	3.445920E-8
-5.770000E+1	2.393520E-7	-2.235190E-8
-4.110000E+1	2.002350E-7	9.313300E-10
-3.380000E+1	2.225870E-7	-4.936030E-8
-1.690000E+1	1.788150E-7	-3.725310E-8
-1.000000E+1	1.266610E-7	-1.769520E-8
6.900000E+0	6.519300E-8	-1.303860E-8
1.380000E+1	6.984960E-8	-3.632180E-8
2.280000E+1	-1.490130E-8	1.769520E-8
4.020000E+1	-9.592670E-8	-1.955790E-8
4.830000E+1	-1.462190E-7	-6.519290E-9
6.660000E+1	-1.918530E-7	-2.421450E-8
7.410000E+1	-2.067550E-7	-3.166520E-8
9.050000E+1	-2.114110E-7	-3.166520E-8
9.850000E+1	-2.579780E-7	2.328320E-8
1.145000E+2	-1.834710E-7	-2.142050E-8
1.231000E+2	-2.216560E-7	4.190970E-8
1.336000E+2	-2.132740E-7	4.097840E-8
1.489000E+2	-2.225870E-7	5.215430E-8
1.580000E+2	-2.020980E-7	3.539050E-8
1.733000E+2	-2.225870E-7	3.725310E-8
1.821000E+2	-2.142050E-7	2.328320E-8
1.979000E+2	-2.002350E-7	2.421450E-8
2.062000E+2	-1.695020E-7	0.000000E+0
2.224000E+2	-1.871970E-7	8.381960E-9
2.300000E+2	-1.546000E-7	-3.539050E-8
2.374000E+2	-1.695020E-7	-2.887110E-8
2.563000E+2	-1.993040E-7	7.450640E-9
2.632000E+2	-1.508750E-7	-4.004710E-8
2.828000E+2	-1.695020E-7	0.000000E+0
2.896000E+2	-1.173470E-7	-5.308560E-8
2.979000E+2	-1.154840E-7	-5.774220E-8
3.161000E+2	-1.126900E-7	-3.818450E-8
3.248000E+2	-1.201420E-7	-1.955790E-8
3.429000E+2	-1.247980E-7	-1.676390E-8
3.508000E+2	-8.102550E-8	-4.749770E-8
3.615000E+2	-1.089650E-7	-1.303860E-8
3.770000E+2	-9.872060E-8	-3.073390E-8
3.873000E+2	-1.061710E-7	-1.862660E-8
3.963000E+2	-8.940740E-8	-4.563500E-8
4.131000E+2	-7.543760E-8	-3.632180E-8
4.224000E+2	-1.043090E-7	6.519290E-9
4.376000E+2	-1.015150E-7	3.725310E-8
4.467000E+2	-7.543760E-8	6.519290E-9
4.621000E+2	-1.033770E-7	2.607710E-8
4.710000E+2	-6.053640E-8	3.725320E-9
4.883000E+2	-4.097840E-8	0.000000E+0
4.976000E+2	-5.867350E-8	1.955790E-8
5.073000E+2	-4.470370E-8	4.656640E-9
5.152000E+2	-2.793980E-9	-4.004710E-8
5.340000E+2	-3.073390E-8	-1.303860E-8
5.411000E+2	4.656640E-9	-5.122300E-8
5.579000E+2	-1.676390E-8	-2.421450E-8
5.656000E+2	-4.284110E-8	6.519290E-9
5.819000E+2	1.676390E-8	-2.235190E-8
5.900000E+2	-1.024460E-8	2.887110E-8
6.019000E+2	3.632180E-8	-1.210730E-8
6.209000E+2	3.818450E-8	-1.210730E-8
6.281000E+2	9.313300E-10	2.514580E-8
6.451000E+2	4.749770E-8	-1.024460E-8
6.529000E+2	1.583260E-8	2.142050E-8
6.624000E+2	3.725310E-8	-1.210730E-8
6.796000E+2	3.725310E-8	-1.210730E-8
6.889000E+2	2.421450E-8	1.955790E-8
7.068000E+2	6.239910E-8	-7.450640E-9
7.153000E+2	4.284110E-8	1.955790E-8
7.313000E+2	1.154840E-7	-2.700850E-8
7.404000E+2	7.916290E-8	9.313280E-9
7.512000E+2	4.377240E-8	3.911580E-8
7.676000E+2	7.171230E-8	2.048920E-8
7.779000E+2	2.514580E-8	3.911580E-8
7.850000E+2	6.705570E-8	-1.955790E-8
8.024000E+2	4.936030E-8	-1.210730E-8
8.094000E+2	4.004710E-8	1.862660E-9
8.290000E+2	4.190970E-8	2.235190E-8
8.363000E+2	1.005830E-7	-1.583260E-8
8.539000E+2	6.705570E-8	3.073390E-8
8.610000E+2	1.136220E-7	-6.519290E-9
8.714000E+2	1.210730E-7	-7.450640E-9
8.888000E+2	1.089650E-7	-2.328320E-8
8.971000E+2	1.024460E-7	-1.210730E-8
9.169000E+2	1.257290E-7	-4.284110E-8
9.245000E+2	1.424930E-7	-4.004710E-8
9.421000E+2	1.657760E-7	-2.980250E-8
9.500000E+2	1.331800E-7	1.769520E-8
9.597000E+2	1.434250E-7	2.048920E-8
9.754000E+2	1.275920E-7	1.862660E-8
9.845000E+2	1.490130E-7	9.313300E-10
1.001600E+3	1.369050E-7	-1.024460E-8
1.013200E+3	1.657760E-7	-1.769520E-8
1.023400E+3	1.164160E-7	4.284110E-8
1.039400E+3	1.098970E-7	5.774220E-8
1.048000E+3	1.480810E-7	2.980250E-8
1.064800E+3	1.369050E-7	4.656640E-8
1.072900E+3	1.573940E-7	2.514580E-8
1.080700E+3	1.657760E-7	2.700850E-8
1.100800E+3	1.527380E-7	2.607710E-8
1.108100E+3	1.946470E-7	-2.142050E-8
1.128500E+3	1.564630E-7	2.328320E-8
1.136000E+3	2.058230E-7	-1.955790E-8
1.153900E+3	2.160680E-7	-1.862660E-8
1.161100E+3	2.020980E-7	9.313300E-10
1.179000E+3	2.114110E-7	1.396990E-8
1.186200E+3	2.253810E-7	-9.313300E-10
1.196700E+3	1.871970E-7	1.676390E-8
1.213100E+3	1.834710E-7	1.955790E-8
1.221500E+3	2.058230E-7	-5.587960E-9
1.237600E+3	2.412140E-7	-4.470370E-8
1.246700E+3	1.946470E-7	1.862660E-9
1.262400E+3	1.993040E-7	1.303860E-8
1.271900E+3	2.011670E-7	1.117590E-8
1.289500E+3	2.551840E-7	-1.490130E-8
1.298600E+3	2.207240E-7	1.210730E-8
1.307300E+3	2.691540E-7	-3.445920E-8
1.326100E+3	2.197930E-7	2.980250E-8
1.334400E+3	2.169990E-7	2.793980E-8
1.351100E+3	2.235180E-7	1.117590E-8
1.358900E+3	2.570470E-7	-2.887110E-8
1.375100E+3	2.933680E-7	-2.142050E-8
1.385800E+3	2.775360E-7	7.450640E-9
1.392900E+3	3.073380E-7	-1.862660E-9
1.409900E+3	3.110640E-7	3.725320E-9
1.419400E+3	3.362090E-7	-2.793980E-8
1.436300E+3	3.166510E-7	-2.607710E-8
1.445700E+3	3.138580E-7	-1.862660E-8
1.453400E+3	2.831240E-7	4.656640E-9
1.472200E+3	2.766050E-7	2.793980E-9
1.481300E+3	3.101320E-7	-2.142050E-8
1.490400E+3	2.738110E-7	2.793980E-8
1.505500E+3	3.045440E-7	9.313280E-9
1.514700E+3	3.101320E-7	2.793980E-8
1.529700E+3	3.138580E-7	3.725310E-8
1.539000E+3	2.849870E-7	6.146770E-8
1.553400E+3	2.952310E-7	4.097840E-8
1.562700E+3	3.017500E-7	2.793980E-8
1.577700E+3	3.324840E-7	-1.862660E-8
1.589200E+3	2.877800E-7	1.583260E-8
1.596400E+3	3.324840E-7	-1.583260E-8
1.615000E+3	3.036130E-7	3.073390E-8
1.622900E+3	3.604240E-7	-2.235190E-8
1.630200E+3	3.194450E-7	4.656640E-9
1.649500E+3	3.119950E-7	3.259650E-8
1.656300E+3	3.092010E-7	2.607710E-8
1.675600E+3	3.539040E-7	-7.450640E-9
1.682800E+3	3.511100E-7	-1.210730E-8
1.699800E+3	3.147890E-7	2.514580E-8
1.706800E+3	3.445910E-7	-6.519290E-9
1.724000E+3	3.697370E-7	0.000000E+0
1.730900E+3	3.380720E-7	4.190970E-8
1.748100E+3	3.287590E-7	6.239910E-8
1.755400E+3	3.287590E-7	5.401690E-8
1.772100E+3	3.799810E-7	1.862660E-9
1.779800E+3	3.483160E-7	3.911580E-8
1.789000E+3	3.390030E-7	4.377240E-8
1.805800E+3	3.483160E-7	2.887110E-8
1.814900E+3	4.041960E-7	-2.607710E-8
1.831900E+3	4.079210E-7	-2.048920E-8
1.840400E+3	4.023330E-7	-1.862660E-8
1.851400E+3	3.613550E-7	1.024460E-8
1.867000E+3	3.725310E-7	-7.450640E-9
1.875000E+3	3.986080E-7	-3.166520E-8
1.890000E+3	3.827750E-7	-1.024460E-8
1.898800E+3	4.209600E-7	-4.284110E-8
1.914500E+3	3.734620E-7	4.656640E-9
1.922700E+3	4.200280E-7	-3.445920E-8
1.938900E+3	4.386550E-7	-3.818450E-8
1.949200E+3	4.032640E-7	9.313280E-9
1.956400E+3	4.395860E-7	-2.700850E-8
1.973300E+3	4.377230E-7	-3.725320E-9
1.980200E+3	4.256160E-7	1.117590E-8
1.997200E+3	4.144400E-7	3.073390E-8
2.004300E+3	3.930200E-7	4.749770E-8
2.021000E+3	4.312040E-7	2.793980E-9
2.028800E+3	4.200280E-7	1.024460E-8
2.047300E+3	4.554190E-7	-3.725320E-9
2.054600E+3	4.433110E-7	1.490130E-8
2.063900E+3	4.107150E-7	3.725310E-8
2.081300E+3	4.163030E-7	1.210730E-8
2.090400E+3	4.023330E-7	3.073390E-8
2.105600E+3	4.144400E-7	1.490130E-8
2.116100E+3	4.237540E-7	0.000000E+0
2.124300E+3	4.312040E-7	4.656640E-9
2.140400E+3	3.958140E-7	3.539050E-8
2.148100E+3	4.274790E-7	4.656640E-9
2.166000E+3	3.911570E-7	1.583260E-8
2.174500E+3	4.386550E-7	-2.421450E-8
2.191600E+3	4.200280E-7	-3.352780E-8
2.200700E+3	3.986080E-7	6.519290E-9
2.215900E+3	4.079210E-7	9.313280E-9
2.224600E+3	4.358610E-7	-1.955790E-8
2.231500E+3	4.079210E-7	4.656640E-9
2.248800E+3	4.218910E-7	-1.769520E-8
2.255800E+3	4.507620E-7	-4.749770E-8
2.272600E+3	4.414490E-7	3.725320E-9
2.282100E+3	4.852230E-7	-3.725310E-8
2.299100E+3	5.038490E-7	-3.352780E-8
2.306000E+3	4.824290E-7	-1.862660E-8
2.323000E+3	4.759080E-7	-1.024460E-8
2.330300E+3	4.963990E-7	-4.284110E-8
2.346700E+3	4.610060E-7	-2.421450E-8
2.354400E+3	4.293420E-7	4.656640E-9
2.370500E+3	4.740450E-7	-2.421450E-8
2.378800E+3	4.433110E-7	1.117590E-8
2.387500E+3	4.591440E-7	-7.450640E-9
2.404400E+3	4.712510E-7	-2.048920E-8
2.413700E+3	5.047800E-7	-3.352780E-8
2.430200E+3	5.085060E-7	-1.862660E-8
2.439300E+3	4.721820E-7	2.421450E-8
2.447100E+3	5.038490E-7	6.519290E-9
2.463700E+3	5.085060E-7	9.313300E-10
2.473500E+3	5.047800E-7	3.725320E-9
2.490300E+3	5.299260E-7	-3.539050E-8
2.500000E+3	5.178190E-7	-3.073390E-8
2.516100E+3	4.991930E-7	-9.313280E-9
2.523900E+3	5.429650E-7	-4.470370E-8
2.531300E+3	4.917420E-7	8.381960E-9
2.547700E+3	4.963990E-7	-1.024460E-8
2.555400E+3	5.196820E-7	-3.632180E-8
2.555400E+3	5.196820E-7	-3.632180E-8
2.579800E+3	4.936050E-7	9.313280E-9
2.595300E+3	5.550720E-7	-3.166520E-8
2.605500E+3	5.578660E-7	-2.421450E-8
2.614700E+3	5.271320E-7	1.396990E-8
2.631500E+3	5.746300E-7	-3.166520E-8
2.640700E+3	5.392390E-7	8.381960E-9
2.658000E+3	5.718360E-7	-2.793980E-8
2.666400E+3	5.522780E-7	-1.210730E-8
2.675100E+3	5.196820E-7	2.328320E-8
2.692100E+3	5.578660E-7	-1.210730E-8
2.701300E+3	5.196820E-7	2.142050E-8
2.718100E+3	5.792860E-7	-4.470370E-8
2.727200E+3	5.597290E-7	-2.421450E-8
2.737500E+3	5.364450E-7	-1.303860E-8
2.744500E+3	5.932560E-7	-7.823160E-8
2.763900E+3	6.072260E-7	-6.519300E-8
2.779600E+3	5.969810E-7	-9.313280E-9
2.788000E+3	6.426160E-7	-2.793980E-8
2.794900E+3	6.165390E-7	6.519290E-9
2.811900E+3	5.951190E-7	2.793980E-9
2.819300E+3	5.979130E-7	-2.793980E-9
2.836000E+3	6.258520E-7	-5.587960E-9
2.843000E+3	6.277150E-7	3.725320E-9
2.862400E+3	6.016380E-7	2.142050E-8
2.869600E+3	6.509980E-7	-1.676390E-8
2.886400E+3	6.491350E-7	1.862660E-9
2.895900E+3	6.798690E-7	-4.284110E-8
2.904600E+3	6.742810E-7	-3.352780E-8
2.922100E+3	6.845260E-7	-3.352780E-8
2.930000E+3	6.454100E-7	1.210730E-8
2.946000E+3	6.863880E-7	-3.725320E-9
2.954500E+3	6.612430E-7	3.911580E-8
2.970000E+3	7.236410E-7	-2.048920E-8
2.979000E+3	7.282980E-7	-3.166520E-8
2.989400E+3	6.910450E-7	8.381960E-9
3.004700E+3	7.487870E-7	-2.607710E-8
3.013600E+3	7.804520E-7	-3.818450E-8
3.029300E+3	7.655510E-7	1.396990E-8
3.037600E+3	7.767270E-7	1.117590E-8
3.044600E+3	8.055980E-7	-1.955790E-8
3.064000E+3	7.636880E-7	2.421450E-8
3.079500E+3	7.739330E-7	9.313280E-9
3.088000E+3	7.618260E-7	2.142050E-8
3.097500E+3	7.897650E-7	-7.450640E-9
3.105200E+3	8.093230E-7	-1.583260E-8
3.124300E+3	8.288810E-7	-1.024460E-8
3.131300E+3	8.568200E-7	-3.073390E-8
3.148200E+3	8.605460E-7	-2.142050E-8
3.155500E+3	8.055980E-7	2.514580E-8
3.172000E+3	8.512320E-7	-2.142050E-8
3.180100E+3	8.391250E-7	-7.450640E-9
3.196000E+3	8.335370E-7	5.401690E-8
3.205800E+3	8.791720E-7	2.421450E-8
3.215100E+3	8.614770E-7	4.563500E-8
3.232500E+3	8.987300E-7	2.514580E-8
3.241800E+3	8.894170E-7	3.911580E-8
3.256300E+3	9.536820E-7	-1.676390E-8
3.267500E+3	9.192190E-7	3.259650E-8
3.282800E+3	9.657890E-7	9.313280E-9
3.292000E+3	9.713770E-7	9.313300E-10
3.302000E+3	9.369140E-7	3.725310E-8
3.317700E+3	9.378450E-7	4.749770E-8
3.325900E+3	9.611320E-7	1.396990E-8
3.335200E+3	9.816210E-7	-7.450640E-9
3.353900E+3	9.685830E-7	2.980250E-8
3.361900E+3	9.965220E-7	0.000000E+0
3.378700E+3	9.983850E-7	1.210730E-8
3.386200E+3	1.020740E-6	-1.490130E-8
3.403200E+3	9.778960E-7	2.793980E-8
3.410200E+3	9.844150E-7	2.142050E-8
3.420100E+3	1.006770E-6	4.656640E-9
3.437200E+3	1.058920E-6	-4.377240E-8
3.444700E+3	1.038430E-6	-1.862660E-9
3.463700E+3	1.071030E-6	0.000000E+0
3.471500E+3	1.059850E-6	2.793980E-8
3.487500E+3	1.111080E-6	-1.955790E-8
3.495800E+3	1.096170E-6	2.793980E-9
3.504400E+3	1.129700E-6	-1.769520E-8
3.520100E+3	1.120390E-6	1.396990E-8
3.530400E+3	1.097110E-6	4.097840E-8
3.545600E+3	1.132500E-6	3.725320E-9
3.554600E+3	1.104560E-6	3.352780E-8
3.570000E+3	1.141810E-6	1.769520E-8
3.578600E+3	1.159500E-6	-1.490130E-8
3.596800E+3	1.135290E-6	-8.381960E-9
3.605100E+3	1.166950E-6	-3.632180E-8
3.612100E+3	1.160440E-6	-2.887110E-8
3.629300E+3	1.133430E-6	-2.793980E-9
3.636400E+3	1.165090E-6	-4.190970E-8
3.656000E+3	1.108280E-6	2.793980E-8
3.663000E+3	1.160440E-6	-1.676390E-8
3.672000E+3	1.160440E-6	-4.656640E-9
3.689400E+3	1.181860E-6	-1.955790E-8
3.697700E+3	1.190240E-6	-2.328320E-8
3.713300E+3	1.175340E-6	9.313280E-9
3.722200E+3	1.161370E-6	2.700850E-8
3.737400E+3	1.231220E-6	-2.887110E-8
3.746500E+3	1.183720E-6	1.676390E-8
3.763700E+3	1.218180E-6	-2.235190E-8
3.772300E+3	1.202340E-6	-7.450640E-9
3.780800E+3	1.166950E-6	3.259650E-8
3.798000E+3	1.199550E-6	1.862660E-9
3.807200E+3	1.167890E-6	3.911580E-8
3.824100E+3	1.220040E-6	-9.313300E-10
3.833300E+3	1.221900E-6	1.490130E-8
3.843400E+3	1.205140E-6	2.980250E-8
3.859000E+3	1.224700E-6	-1.769520E-8
3.869400E+3	1.179060E-6	1.583260E-8
3.876700E+3	1.214450E-6	-3.073390E-8
3.896000E+3	1.167890E-6	2.980250E-8
3.903100E+3	1.197690E-6	7.450640E-9
3.920100E+3	1.193030E-6	1.769520E-8
3.927000E+3	1.197690E-6	6.519290E-9
3.943900E+3	1.201410E-6	-5.587960E-9
3.951100E+3	1.212590E-6	-1.769520E-8
3.968100E+3	1.169750E-6	2.793980E-9
3.977500E+3	1.172540E-6	-1.024460E-8
3.985800E+3	1.161370E-6	-3.725320E-9
4.001600E+3	1.191170E-6	-2.142050E-8
4.010400E+3	1.167890E-6	-5.587960E-9
4.025800E+3	1.168820E-6	-7.450640E-9
4.035000E+3	1.173470E-6	-9.313280E-9
4.052200E+3	1.179990E-6	-1.490130E-8
4.061000E+3	1.138080E-6	3.539050E-8
4.076500E+3	1.161370E-6	-7.450640E-9
4.085600E+3	1.113870E-6	3.445920E-8
4.093500E+3	1.111080E-6	3.073390E-8
4.110000E+3	1.090590E-6	2.048920E-8
4.125100E+3	1.118530E-6	-3.352780E-8
4.134100E+3	1.077550E-6	0.000000E+0
4.143800E+3	1.102690E-6	-2.607710E-8
4.160100E+3	1.070100E-6	-5.587960E-9
4.167600E+3	1.103620E-6	-4.004710E-8
4.184400E+3	1.028190E-6	1.117590E-8
4.191600E+3	1.061720E-6	-2.421450E-8
4.208800E+3	1.046810E-6	-2.421450E-8
4.215900E+3	1.013290E-6	-8.381960E-9
4.233100E+3	9.648570E-7	3.166520E-8
4.240000E+3	9.518150E-7	3.818450E-8
4.250200E+3	9.480900E-7	1.210730E-8
4.266400E+3	9.425020E-7	-2.887110E-8
4.274900E+3	8.931420E-7	1.117590E-8
4.290400E+3	9.136310E-7	-3.911580E-8
4.299400E+3	8.745160E-7	-2.793980E-9
4.314700E+3	8.232930E-7	2.980250E-8
4.323800E+3	8.111860E-7	2.048920E-8
4.339200E+3	8.223610E-7	-1.862660E-8
4.348400E+3	8.177050E-7	-2.887110E-8
4.365400E+3	7.906970E-7	-2.142050E-8
4.374700E+3	7.255040E-7	2.607710E-8
4.390100E+3	7.217790E-7	-9.313300E-10
4.399300E+3	6.612430E-7	4.284110E-8
4.406600E+3	6.770750E-7	-2.793980E-9
4.425100E+3	5.895310E-7	2.607710E-8
4.433400E+3	5.876680E-7	1.210730E-8
4.449800E+3	5.457590E-7	1.024460E-8
4.457300E+3	5.532090E-7	-1.303860E-8
4.474100E+3	4.777720E-7	5.587960E-9
4.483900E+3	4.619380E-7	-9.313300E-10
4.490900E+3	4.870850E-7	-4.004710E-8
4.510200E+3	3.837070E-7	2.328320E-8
4.517200E+3	4.069900E-7	-3.818450E-8
4.534400E+3	3.492480E-7	-5.401690E-8
4.541400E+3	2.551840E-7	-9.313280E-9
4.558600E+3	2.477340E-7	-5.774220E-8
4.565700E+3	2.188620E-7	-6.053640E-8
4.575000E+3	1.760210E-7	-3.911580E-8
4.592000E+3	1.769520E-7	-5.122300E-8
4.600700E+3	1.192100E-7	4.656640E-9
4.616100E+3	7.450630E-8	3.725320E-9
4.625300E+3	3.445920E-8	1.676390E-8
4.640500E+3	-1.024460E-8	9.313300E-10
4.649700E+3	1.117590E-8	-4.097840E-8
4.666700E+3	-4.749770E-8	-4.936030E-8
4.675700E+3	-9.778930E-8	-2.421450E-8
4.690800E+3	-1.639140E-7	-6.519290E-9
4.700100E+3	-2.114110E-7	1.583260E-8
4.707800E+3	-2.011670E-7	-3.073390E-8
4.724700E+3	-2.561160E-7	-2.235190E-8
4.731900E+3	-3.082700E-7	4.656640E-9
4.750500E+3	-3.902260E-7	5.308560E-8
4.758200E+3	-3.809130E-7	2.048920E-8
4.777000E+3	-4.852230E-7	3.259650E-8
4.784500E+3	-4.936050E-7	9.313280E-9
4.792300E+3	-5.438960E-7	1.210730E-8
4.811300E+3	-5.709040E-7	-1.303860E-8
4.818300E+3	-5.662480E-7	-3.632180E-8
4.835300E+3	-6.193330E-7	-3.259650E-8
4.842800E+3	-6.640370E-7	0.000000E+0
4.859200E+3	-7.106030E-7	-2.514580E-8
4.867200E+3	-7.748640E-7	1.024460E-8
4.876200E+3	-7.655510E-7	-2.607710E-8
4.893100E+3	-8.493700E-7	-1.024460E-8
4.902400E+3	-8.586830E-7	-2.142050E-8
4.917600E+3	-9.378450E-7	1.862660E-9
4.926700E+3	-9.741710E-7	2.328320E-8
4.942100E+3	-1.037500E-6	1.583260E-8
4.950800E+3	-1.018870E-6	-4.284110E-8
4.966500E+3	-1.095240E-6	-8.381960E-9
4.974800E+3	-1.098040E-6	-1.490130E-8
4.992300E+3	-1.084070E-6	-4.563500E-8
5.001300E+3	-1.156710E-6	4.656640E-9
5.008300E+3	-1.130630E-6	-4.190970E-8
5.027400E+3	-1.210730E-6	7.450640E-9
5.034900E+3	-1.190240E-6	-3.073390E-8
5.052100E+3	-1.208860E-6	-2.421450E-8
5.059300E+3	-1.195830E-6	-5.308560E-8
5.067600E+3	-1.236800E-6	-2.887110E-8
5.086100E+3	-1.274060E-6	-4.097840E-8
5.093500E+3	-1.276850E-6	-5.681090E-8
5.112800E+3	-1.304790E-6	-5.308560E-8
5.119900E+3	-1.335520E-6	-2.980250E-8
5.137000E+3	-1.334590E-6	-4.563500E-8
5.144400E+3	-1.369050E-6	-3.259650E-8
5.161000E+3	-1.371850E-6	-4.284110E-8
5.168800E+3	-1.437970E-6	1.117590E-8
5.185100E+3	-1.379300E-6	-2.887110E-8
5.193300E+3	-1.412820E-6	0.000000E+0
5.202100E+3	-1.410030E-6	-9.313300E-10
5.217800E+3	-1.450080E-6	4.377240E-8
5.226100E+3	-1.424930E-6	1.769520E-8
5.243600E+3	-1.442630E-6	1.024460E-8
5.252700E+3	-1.477080E-6	3.818450E-8
5.268400E+3	-1.469630E-6	2.048920E-8
5.277000E+3	-1.416550E-6	-3.073390E-8
5.293000E+3	-1.459390E-6	1.862660E-8
5.301100E+3	-1.443560E-6	0.000000E+0
5.317600E+3	-1.482670E-6	1.583260E-8
5.325100E+3	-1.447280E-6	-3.166520E-8
5.332900E+3	-1.460320E-6	-3.352780E-8
5.351700E+3	-1.454730E-6	-4.470370E-8
5.358800E+3	-1.468700E-6	-1.862660E-8
5.375700E+3	-1.425860E-6	-2.328320E-8
5.383200E+3	-1.468700E-6	4.563500E-8
5.399600E+3	-1.393270E-6	6.519290E-9
5.407600E+3	-1.413750E-6	3.445920E-8
5.423700E+3	-1.414690E-6	3.725310E-8
5.433500E+3	-1.408170E-6	3.166520E-8
5.444000E+3	-1.404440E-6	2.980250E-8
5.459800E+3	-1.387680E-6	2.235190E-8
5.468600E+3	-1.396990E-6	4.842900E-8
5.484100E+3	-1.358810E-6	2.235190E-8
5.493300E+3	-1.372780E-6	3.818450E-8
5.508500E+3	-1.340180E-6	3.725310E-8
5.517700E+3	-1.274060E-6	-8.381960E-9
5.527500E+3	-1.289890E-6	6.519290E-9
5.543600E+3	-1.272190E-6	1.396990E-8
5.558700E+3	-1.250770E-6	-6.519290E-9
5.568000E+3	-1.278710E-6	3.911580E-8
5.575400E+3	-1.213520E-6	-1.583260E-8
5.594000E+3	-1.245190E-6	2.514580E-8
5.602300E+3	-1.195830E-6	-1.210730E-8
5.620800E+3	-1.179060E-6	2.793980E-9
5.628800E+3	-1.172540E-6	1.024460E-8
5.635900E+3	-1.166950E-6	6.519290E-9
5.655400E+3	-1.135290E-6	-5.587960E-9
5.662500E+3	-1.116660E-6	-2.142050E-8
5.679500E+3	-1.116660E-6	1.210730E-8
5.686600E+3	-1.062650E-6	-1.583260E-8
5.703400E+3	-1.047750E-6	-8.381960E-9
5.711000E+3	-1.070100E-6	1.676390E-8
5.727600E+3	-1.048680E-6	1.396990E-8
5.734700E+3	-1.063580E-6	3.445920E-8
5.751800E+3	-9.955910E-7	-1.490130E-8
5.759500E+3	-1.008630E-6	9.313280E-9
5.776100E+3	-9.751020E-7	-5.587960E-9
5.784400E+3	-9.834840E-7	2.048920E-8
5.800400E+3	-9.387770E-7	-1.862660E-8
5.809000E+3	-9.760330E-7	3.166520E-8
5.817500E+3	-9.257380E-7	-8.381960E-9
5.835800E+3	-9.452960E-7	3.725310E-8
5.844000E+3	-8.940730E-7	-1.024460E-8
5.861400E+3	-9.099060E-7	2.421450E-8
5.870300E+3	-9.136310E-7	3.911580E-8
5.877300E+3	-8.950050E-7	2.793980E-8
5.896400E+3	-8.698590E-7	3.445920E-8
5.903800E+3	-8.037350E-7	-2.142050E-8
5.920800E+3	-8.354000E-7	1.955790E-8
5.927900E+3	-7.832460E-7	-1.490130E-8
5.945000E+3	-7.404050E-7	-1.769520E-8
5.951900E+3	-7.506500E-7	1.024460E-8
5.969000E+3	-7.217790E-7	-2.887110E-8
5.976200E+3	-7.255040E-7	-1.583260E-8
5.993000E+3	-7.115340E-7	-3.818450E-8
6.000700E+3	-7.236410E-7	-1.583260E-8
6.017000E+3	-6.780060E-7	-1.024460E-8
6.025100E+3	-7.310920E-7	4.377240E-8
6.041100E+3	-6.705560E-7	-1.490130E-8
6.050000E+3	-6.957020E-7	9.313280E-9
6.058500E+3	-7.143280E-7	1.955790E-8
6.074000E+3	-6.994270E-7	-1.862660E-9
6.090200E+3	-6.221270E-7	-4.284110E-8
6.099000E+3	-6.593800E-7	1.210730E-8
6.107500E+3	-6.621740E-7	3.352780E-8
6.125900E+3	-6.202640E-7	1.210730E-8
6.134200E+3	-6.416850E-7	3.259650E-8
6.143600E+3	-5.867370E-7	-1.490130E-8
6.160600E+3	-6.109510E-7	4.190970E-8
6.167600E+3	-5.690420E-7	1.490130E-8
6.187000E+3	-6.053630E-7	5.308560E-8
6.194400E+3	-5.690420E-7	1.583260E-8
6.202300E+3	-5.727670E-7	1.862660E-8
6.221200E+3	-5.736980E-7	1.583260E-8
6.230600E+3	-5.234070E-7	-2.142050E-8
6.247800E+3	-5.168880E-7	-9.313300E-10
6.254800E+3	-4.880170E-7	-1.676390E-8
6.272000E+3	-5.317890E-7	3.911580E-8
6.279000E+3	-5.243380E-7	2.048920E-8
6.296000E+3	-5.131620E-7	1.396990E-8
6.305500E+3	-5.075740E-7	-1.396990E-8
6.313900E+3	-5.299260E-7	1.490130E-8
6.329600E+3	-4.898790E-7	-1.396990E-8
6.338600E+3	-5.262010E-7	2.980250E-8
6.354000E+3	-4.749760E-7	-2.328320E-8
6.363200E+3	-4.647320E-7	-1.117590E-8
6.378400E+3	-4.535560E-7	-1.210730E-8
6.387600E+3	-4.889480E-7	1.955790E-8
6.403100E+3	-4.488990E-7	-4.097840E-8
6.411900E+3	-4.414490E-7	-4.284110E-8
6.427700E+3	-4.740450E-7	1.862660E-8
6.436000E+3	-4.274790E-7	-1.490130E-8
6.452000E+3	-4.395860E-7	2.235190E-8
6.459900E+3	-4.014020E-7	-7.450640E-9
6.476600E+3	-4.321350E-7	2.328320E-8
6.484000E+3	-3.939510E-7	-1.769520E-8
6.501100E+3	-3.613550E-7	-2.142050E-8
6.510900E+3	-3.697370E-7	-1.210730E-8
6.518100E+3	-3.520420E-7	-3.166520E-8
6.537400E+3	-3.995390E-7	1.769520E-8
6.544500E+3	-3.501790E-7	-4.284110E-8
6.553300E+3	-3.520420E-7	-3.352780E-8
6.571200E+3	-3.436600E-7	-3.632180E-8
6.579300E+3	-3.390030E-7	-2.700850E-8
6.597700E+3	-3.436600E-7	-5.587960E-9
6.605100E+3	-3.166510E-7	-2.980250E-8
6.616600E+3	-3.566980E-7	8.381960E-9
6.632000E+3	-3.101320E-7	-5.867350E-8
6.641300E+3	-3.073380E-7	-5.215430E-8
6.658300E+3	-2.849870E-7	-4.563500E-8
6.667300E+3	-3.073380E-7	-1.862660E-8
6.675500E+3	-2.915060E-7	-2.142050E-8
6.692000E+3	-3.287590E-7	1.303860E-8
6.699600E+3	-2.980250E-7	-2.142050E-8
6.716600E+3	-2.766050E-7	-2.421450E-8
6.726400E+3	-2.915060E-7	6.519290E-9
6.742700E+3	-2.784670E-7	3.259650E-8
6.750500E+3	-2.542530E-7	1.862660E-8
6.757900E+3	-2.784670E-7	4.190970E-8
6.777100E+3	-3.278270E-7	5.308560E-8
6.784200E+3	-2.915060E-7	1.583260E-8
6.803900E+3	-3.203770E-7	5.960510E-8
6.811200E+3	-2.607720E-7	-1.583260E-8
6.819600E+3	-2.617030E-7	-2.514580E-8
6.838000E+3	-2.803300E-7	-2.607710E-8
6.846700E+3	-2.579780E-7	-4.004710E-8
6.864800E+3	-2.663600E-7	0.000000E+0
6.872500E+3	-2.617030E-7	1.862660E-9
6.883000E+3	-2.887120E-7	3.445920E-8
6.898400E+3	-2.812610E-7	3.445920E-8
6.907500E+3	-2.700850E-7	2.607710E-8
6.922900E+3	-2.384200E-7	-2.142050E-8
6.932100E+3	-2.803300E-7	1.955790E-8
6.949100E+3	-2.393520E-7	-4.004710E-8
6.958200E+3	-2.840550E-7	5.587960E-9
6.973800E+3	-2.672910E-7	-2.887110E-8
6.983100E+3	-2.859180E-7	6.519290E-9
6.990600E+3	-2.784670E-7	4.656640E-9
7.009000E+3	-2.589090E-7	6.519290E-9
7.017300E+3	-2.114110E-7	-3.352780E-8
7.024400E+3	-2.514590E-7	2.793980E-9
7.043800E+3	-2.039610E-7	-4.656640E-9
7.051100E+3	-1.909220E-7	-8.381960E-9
7.067800E+3	-2.440080E-7	4.656640E-8
7.077300E+3	-2.002350E-7	-2.793980E-9
7.094300E+3	-2.384200E-7	2.235190E-8
7.101400E+3	-2.123420E-7	-4.656640E-9
7.118400E+3	-1.881280E-7	-1.769520E-8
7.126000E+3	-2.067550E-7	4.656640E-9
7.142500E+3	-2.020980E-7	-5.587960E-9
7.150600E+3	-2.468020E-7	2.980250E-8
7.161300E+3	-2.505280E-7	1.583260E-8
7.176900E+3	-2.561160E-7	1.862660E-8
7.186300E+3	-2.589090E-7	2.514580E-8
7.201800E+3	-2.505280E-7	2.235190E-8
7.210900E+3	-2.300380E-7	3.445920E-8
7.226400E+3	-2.346940E-7	5.308560E-8
7.235100E+3	-2.095480E-7	3.445920E-8
7.251000E+3	-2.020980E-7	1.676390E-8
7.259300E+3	-1.527380E-7	-2.235190E-8
7.274600E+3	-2.058230E-7	1.583260E-8
7.283400E+3	-1.573940E-7	-2.328320E-8
7.299400E+3	-1.704330E-7	1.862660E-9
7.310200E+3	-1.946470E-7	4.377240E-8
7.317200E+3	-1.657760E-7	2.142050E-8
7.336700E+3	-2.020980E-7	4.563500E-8
7.343900E+3	-1.462190E-7	-1.210730E-8
7.352200E+3	-1.387680E-7	-1.490130E-8
7.370700E+3	-1.620510E-7	-1.862660E-8
7.378300E+3	-1.573940E-7	-3.632180E-8
7.397500E+3	-1.462190E-7	-1.955790E-8
7.404800E+3	-1.182780E-7	-4.004710E-8
7.421900E+3	-1.322490E-7	-3.725310E-8
7.429200E+3	-1.825400E-7	1.769520E-8
7.446000E+3	-1.275920E-7	-1.303860E-8
7.453900E+3	-1.629820E-7	3.259650E-8
7.470200E+3	-1.434250E-7	1.676390E-8
7.478500E+3	-1.778840E-7	4.284110E-8
7.487300E+3	-1.760210E-7	3.911580E-8
7.503200E+3	-1.415620E-7	6.519290E-9
7.518800E+3	-1.285230E-7	1.117590E-8
7.527900E+3	-1.732270E-7	4.004710E-8
7.538000E+3	-1.434250E-7	1.396990E-8
7.553700E+3	-1.573940E-7	2.142050E-8
7.564100E+3	-1.620510E-7	2.793980E-8
7.571600E+3	-1.052400E-7	-2.607710E-8
7.590100E+3	-1.369050E-7	1.955790E-8
7.598400E+3	-1.154840E-7	-5.587960E-9
7.614900E+3	-1.518060E-7	3.539050E-8
7.622600E+3	-9.872060E-8	-2.793980E-9
7.639700E+3	-1.434250E-7	3.352780E-8
7.646900E+3	-9.406400E-8	-2.421450E-8
7.664100E+3	-9.313270E-8	-2.421450E-8
7.673800E+3	-9.313270E-8	-3.911580E-8
7.681300E+3	-1.266610E-7	1.862660E-9
7.700600E+3	-1.201420E-7	1.490130E-8
7.707700E+3	-8.847610E-8	-1.396990E-8
7.724800E+3	-1.257290E-7	2.235190E-8
7.734300E+3	-7.543760E-8	-1.955790E-8
7.743300E+3	-1.285230E-7	3.259650E-8
7.758700E+3	-9.685800E-8	0.000000E+0
7.767900E+3	-1.285230E-7	1.303860E-8
7.785000E+3	-1.294550E-7	0.000000E+0
7.793900E+3	-1.415620E-7	2.048920E-8
7.804300E+3	-1.750900E-7	5.774220E-8
7.819700E+3	-1.024460E-7	-1.955790E-8
7.830400E+3	-1.415620E-7	3.445920E-8
7.845800E+3	-7.543760E-8	-1.024460E-8
7.855000E+3	-1.229350E-7	1.583260E-8
7.862400E+3	-8.754480E-8	-1.303860E-8
7.879600E+3	-1.369050E-7	3.259650E-8
7.886800E+3	-1.294550E-7	2.793980E-8
7.904200E+3	-1.015150E-7	1.862660E-9
7.913900E+3	-1.220040E-7	6.519290E-9
7.930900E+3	-1.033770E-7	-2.700850E-8
7.938000E+3	-1.173470E-7	-1.210730E-8
7.955100E+3	-1.247980E-7	1.303860E-8
7.962200E+3	-8.381950E-8	-3.445920E-8
7.970800E+3	-1.331800E-7	1.396990E-8
7.988800E+3	-1.033770E-7	-2.328320E-8
7.996700E+3	-1.005830E-7	-1.210730E-8
8.015500E+3	-1.071030E-7	-1.676390E-8
8.022700E+3	-9.499540E-8	-3.073390E-8
8.034000E+3	-1.341110E-7	4.656640E-9
8.049500E+3	-1.415620E-7	2.048920E-8
8.060000E+3	-1.369050E-7	2.887110E-8
8.068700E+3	-1.341110E-7	3.632180E-8
8.085900E+3	-1.285230E-7	4.656640E-8
8.095100E+3	-1.285230E-7	5.587960E-8
8.110500E+3	-1.173470E-7	5.122300E-8
8.119500E+3	-8.195680E-8	-5.587960E-9
8.135400E+3	-7.730020E-8	-7.450640E-9
8.146300E+3	-1.229350E-7	3.725310E-8
8.153400E+3	-7.543760E-8	-2.142050E-8
8.172900E+3	-1.313170E-7	3.166520E-8
8.180200E+3	-7.916290E-8	-3.073390E-8
8.188400E+3	-5.215430E-8	-4.470370E-8
8.206900E+3	-8.754480E-8	1.862660E-9
8.214400E+3	-1.164160E-7	4.470370E-8
8.231000E+3	-4.470370E-8	9.313300E-10
8.239000E+3	-7.543760E-8	2.887110E-8
8.255400E+3	-4.004710E-8	-2.421450E-8
8.264000E+3	-7.357490E-8	-1.862660E-9
8.282400E+3	-8.475080E-8	-2.048920E-8
8.290100E+3	-1.257290E-7	1.583260E-8
8.306400E+3	-6.426170E-8	-3.539050E-8
8.314500E+3	-8.754480E-8	-1.862660E-9
8.323400E+3	-5.867350E-8	-4.284110E-8
8.340400E+3	-9.033870E-8	-1.024460E-8
8.349500E+3	-1.173470E-7	1.955790E-8
8.366600E+3	-8.288820E-8	-1.862660E-8
8.375600E+3	-1.164160E-7	3.259650E-8
8.383700E+3	-9.685800E-8	7.450640E-9
8.402400E+3	-1.173470E-7	1.955790E-8
8.410400E+3	-1.033770E-7	-1.024460E-8
8.428500E+3	-1.043090E-7	8.381960E-9
8.437100E+3	-1.192100E-7	3.725310E-8
8.446700E+3	-8.568210E-8	-1.210730E-8
8.454500E+3	-6.798700E-8	-2.514580E-8
8.473700E+3	-6.612440E-8	-5.681090E-8
8.481000E+3	-6.891830E-8	-7.357490E-8
8.498200E+3	-6.426170E-8	-5.774220E-8
8.505700E+3	-1.210730E-7	-5.587960E-9
8.522400E+3	-7.078100E-8	-4.656640E-8
8.530500E+3	-9.685800E-8	-5.587960E-9
8.546600E+3	-7.543760E-8	-3.073390E-8
8.556500E+3	-3.539050E-8	-4.936030E-8
8.565800E+3	-8.475080E-8	9.313280E-9
8.583100E+3	-6.146770E-8	-1.490130E-8
8.591900E+3	-1.024460E-7	1.769520E-8
8.607500E+3	-5.401690E-8	-2.421450E-8
8.616700E+3	-8.102550E-8	9.313280E-9
8.632100E+3	-5.401690E-8	-5.587960E-9
8.641300E+3	-8.288820E-8	3.445920E-8
8.656800E+3	-5.587960E-8	2.142050E-8
8.667600E+3	-8.009420E-8	5.308560E-8
8.675700E+3	-4.470370E-8	6.519290E-9
8.692200E+3	-5.960510E-8	1.676390E-8
8.699800E+3	-1.005830E-7	4.842900E-8
8.719100E+3	-1.220040E-7	3.725310E-8
8.726500E+3	-6.146770E-8	-2.514580E-8
8.734600E+3	-8.288820E-8	-1.303860E-8
8.753500E+3	-1.015150E-7	6.519290E-9
8.760800E+3	-6.239910E-8	-2.328320E-8
8.777500E+3	-6.146770E-8	9.313300E-10
8.785500E+3	-9.033870E-8	3.259650E-8
8.802000E+3	-6.239910E-8	9.313300E-10
8.811800E+3	-3.725310E-8	-2.328320E-8
8.821100E+3	-8.009420E-8	1.490130E-8
8.838500E+3	-2.235190E-8	-4.284110E-8
8.847100E+3	-5.681090E-8	4.656640E-9
8.862800E+3	-7.730020E-8	1.303860E-8
8.873100E+3	-3.818450E-8	-2.235190E-8
8.889400E+3	-3.539050E-8	-1.769520E-8
8.897700E+3	-6.146770E-8	2.048920E-8
8.913500E+3	-4.470370E-8	9.313280E-9
8.922300E+3	-5.774220E-8	3.632180E-8
8.930700E+3	-4.004710E-8	1.676390E-8
8.947100E+3	-4.004710E-8	1.117590E-8
8.962500E+3	0.000000E+0	-4.936030E-8
8.971800E+3	-4.377240E-8	-1.862660E-9
8.987200E+3	-4.749770E-8	-3.352780E-8
8.996300E+3	-3.632180E-8	-4.190970E-8
9.003400E+3	-7.357490E-8	-3.725320E-9
9.022700E+3	-9.127010E-8	1.583260E-8
9.030200E+3	-3.818450E-8	-3.539050E-8
9.039900E+3	-7.357490E-8	-9.313300E-10
9.057200E+3	-9.872060E-8	4.656640E-9
9.064600E+3	-9.965200E-8	1.583260E-8
9.081600E+3	-5.681090E-8	-2.887110E-8
9.089200E+3	-4.749770E-8	-1.676390E-8
9.105800E+3	-4.470370E-8	-4.656640E-8
9.114000E+3	-9.685800E-8	8.381960E-9
9.130000E+3	-2.142050E-8	-3.445920E-8
9.138500E+3	-4.656640E-8	1.862660E-8
9.156500E+3	-1.862660E-8	-2.235190E-8
9.164400E+3	-1.769520E-8	-2.142050E-8
9.173600E+3	-8.381960E-9	-2.142050E-8
9.190500E+3	-5.215430E-8	1.955790E-8
9.199800E+3	-7.823160E-8	5.122300E-8
9.217600E+3	-1.583260E-8	-1.955790E-8
9.226800E+3	-5.774220E-8	1.862660E-8
9.234300E+3	-2.793980E-9	-3.725310E-8
9.252900E+3	-5.867350E-8	0.000000E+0
9.261200E+3	-5.867350E-8	-5.587960E-9
9.277500E+3	-6.891830E-8	1.583260E-8
9.285300E+3	-8.475080E-8	2.514580E-8
9.303700E+3	-6.239910E-8	-3.725320E-9
9.312200E+3	-6.239910E-8	-1.210730E-8
9.321700E+3	-2.887110E-8	-4.749770E-8
9.329700E+3	-3.818450E-8	-2.887110E-8
9.348600E+3	-3.725310E-8	-1.303860E-8
9.355800E+3	4.656640E-9	-4.190970E-8
9.375200E+3	-1.210730E-8	-2.421450E-8
9.382200E+3	-1.490130E-8	-1.676390E-8
9.399400E+3	-3.073390E-8	-8.381960E-9
9.408900E+3	-2.142050E-8	-2.607710E-8
9.417900E+3	-5.401690E-8	1.396990E-8
9.433200E+3	-8.940740E-8	2.980250E-8
9.442600E+3	-9.685800E-8	1.862660E-8
9.458100E+3	-5.122300E-8	-3.911580E-8
9.467400E+3	-8.475080E-8	-2.793980E-9
9.484400E+3	-4.656640E-8	-5.029160E-8
9.493600E+3	-8.754480E-8	-1.769520E-8
9.501600E+3	-6.612440E-8	-1.769520E-8
9.518800E+3	-3.073390E-8	-4.004710E-8
9.528100E+3	-2.142050E-8	-3.725310E-8
9.543400E+3	-5.308560E-8	3.725320E-9
9.550400E+3	-4.284110E-8	-1.769520E-8
9.559500E+3	-5.122300E-8	-2.421450E-8
9.564100E+3	-9.406400E-8	7.450640E-9
9.566100E+3	-5.681090E-8	-4.004710E-8
9.568200E+3	-1.126900E-7	2.793980E-8
9.566200E+3	-8.661350E-8	6.519290E-9
9.563500E+3	-1.210730E-7	4.097840E-8
9.554100E+3	-7.264360E-8	3.911580E-8
9.546500E+3	-4.749770E-8	3.911580E-8
9.529800E+3	-2.328320E-8	-5.587960E-9
9.519100E+3	-2.700850E-8	9.313300E-10
9.496900E+3	-7.171230E-8	1.769520E-8
9.481800E+3	-5.681090E-8	-3.725320E-9
9.458200E+3	-5.867350E-8	1.583260E-8
9.442800E+3	-2.887110E-8	-2.887110E-8
9.431300E+3	-5.681090E-8	1.490130E-8
9.408200E+3	-2.514580E-8	1.862660E-9
9.398300E+3	-4.563500E-8	2.514580E-8
9.375000E+3	6.519290E-9	-1.955790E-8
9.365700E+3	-3.073390E-8	0.000000E+0
9.347700E+3	-6.519290E-9	-5.308560E-8
9.340000E+3	-6.053640E-8	-1.490130E-8
9.323900E+3	-2.700850E-8	-4.936030E-8
9.317600E+3	-6.891830E-8	-1.210730E-8
9.310200E+3	-2.514580E-8	-7.171230E-8
9.296300E+3	-6.053640E-8	-1.303860E-8
9.288300E+3	-8.381950E-8	2.607710E-8
9.272000E+3	-1.210730E-8	-3.911580E-8
9.262700E+3	-5.494830E-8	1.024460E-8
9.245900E+3	-5.122300E-8	1.396990E-8
9.238500E+3	-2.421450E-8	-1.210730E-8
9.229300E+3	-6.705570E-8	4.190970E-8
9.211900E+3	-7.543760E-8	6.333040E-8
9.203000E+3	-7.450630E-8	5.308560E-8
9.192000E+3	-4.749770E-8	9.313280E-9
9.175800E+3	-4.004710E-8	-2.235190E-8
9.167700E+3	-8.009420E-8	4.656640E-9
9.151200E+3	-2.980250E-8	-2.607710E-8
9.143800E+3	-5.867350E-8	6.519290E-9
9.125500E+3	-5.587960E-9	-2.514580E-8
9.117300E+3	-1.396990E-8	-1.396990E-8
9.101100E+3	-1.210730E-8	-2.607710E-8
9.093300E+3	-4.936030E-8	1.583260E-8
9.076500E+3	-5.401690E-8	-1.396990E-8
9.069400E+3	-6.891830E-8	-1.490130E-8
9.052400E+3	-6.612440E-8	-9.313280E-9
9.045200E+3	-1.080340E-7	2.048920E-8
9.037600E+3	-6.891830E-8	-4.190970E-8
9.019000E+3	-1.275920E-7	1.303860E-8
9.011100E+3	-1.201420E-7	1.583260E-8
8.992500E+3	-7.171230E-8	0.000000E+0
8.985300E+3	-1.089650E-7	3.352780E-8
8.976300E+3	-6.984960E-8	6.519290E-9
8.961200E+3	-7.823160E-8	4.656640E-9
8.952100E+3	-8.568210E-8	0.000000E+0
8.935300E+3	-6.798700E-8	-1.024460E-8
8.926200E+3	-2.607710E-8	-5.960510E-8
8.911100E+3	-4.284110E-8	-6.612440E-8
8.901900E+3	-8.847610E-8	-1.862660E-8
8.891900E+3	-5.587960E-8	-5.122300E-8
8.876200E+3	-6.146770E-8	-4.936030E-8
8.868000E+3	-9.685800E-8	-2.793980E-9
8.850600E+3	-6.146770E-8	-2.514580E-8
8.841700E+3	-5.215430E-8	-3.539050E-8
8.832200E+3	-8.475080E-8	-1.210730E-8
8.815700E+3	-3.911580E-8	-4.749770E-8
8.808400E+3	-4.097840E-8	-3.818450E-8
8.789200E+3	-3.632180E-8	-5.308560E-8
8.782200E+3	-8.940740E-8	-8.381960E-9
8.765600E+3	-5.029160E-8	-4.842900E-8
8.758000E+3	-9.033870E-8	0.000000E+0
8.750200E+3	-3.725310E-8	-6.333040E-8
8.733800E+3	-7.078100E-8	-1.117590E-8
8.716800E+3	-6.612440E-8	-4.656640E-9
8.709800E+3	-8.568210E-8	2.421450E-8
8.701100E+3	-6.426170E-8	2.793980E-9
8.683300E+3	-9.033870E-8	1.303860E-8
8.674400E+3	-3.352780E-8	-4.470370E-8
8.659400E+3	-9.778930E-8	5.587960E-9
8.650900E+3	-9.685800E-8	-1.024460E-8
8.639900E+3	-4.097840E-8	-5.960510E-8
8.624200E+3	-1.024460E-7	-5.587960E-9
8.613800E+3	-4.097840E-8	-6.612440E-8
8.606500E+3	-7.730020E-8	-2.048920E-8
8.588000E+3	-5.960510E-8	-2.514580E-8
8.579800E+3	-5.401690E-8	-1.303860E-8
8.572600E+3	-6.053640E-8	-9.313280E-9
8.551600E+3	-5.122300E-8	-4.936030E-8
8.543700E+3	-8.381950E-8	-1.676390E-8
8.527200E+3	-7.171230E-8	-3.539050E-8
8.519800E+3	-4.842900E-8	-5.029160E-8
8.501500E+3	-6.426170E-8	-7.450640E-9
8.493600E+3	-5.681090E-8	-1.955790E-8
8.483800E+3	-9.685800E-8	3.818450E-8
8.466900E+3	-8.475080E-8	2.048920E-8
8.459500E+3	-4.936030E-8	-2.328320E-8
8.443100E+3	-1.015150E-7	3.352780E-8
8.435200E+3	-1.108280E-7	2.793980E-8
8.426200E+3	-1.275920E-7	2.328320E-8
8.409400E+3	-1.108280E-7	-6.519290E-9
8.400300E+3	-1.443560E-7	1.676390E-8
8.380600E+3	-1.182780E-7	-9.313280E-9
8.373400E+3	-1.173470E-7	-1.396990E-8
8.364200E+3	-8.940740E-8	-3.259650E-8
8.348900E+3	-9.592670E-8	-5.587960E-9
8.338300E+3	-7.264360E-8	-2.607710E-8
8.323100E+3	-6.146770E-8	-2.887110E-8
8.314000E+3	-5.494830E-8	-2.607710E-8
8.303900E+3	-6.984960E-8	1.769520E-8
8.285900E+3	-2.793980E-8	-3.818450E-8
8.277400E+3	-8.661350E-8	-8.381960E-9
8.270400E+3	-4.470370E-8	-7.171230E-8
8.251000E+3	-5.960510E-8	-5.494830E-8
8.243800E+3	-1.154840E-7	2.793980E-9
8.226500E+3	-7.078100E-8	-2.793980E-8
8.219400E+3	-1.043090E-7	1.955790E-8
8.200200E+3	-5.681090E-8	-4.936030E-8
8.192800E+3	-8.288820E-8	-3.073390E-8
8.183300E+3	-1.173470E-7	7.450640E-9
8.166300E+3	-1.126900E-7	-2.328320E-8
8.156900E+3	-1.462190E-7	1.490130E-8
8.147800E+3	-1.005830E-7	-2.607710E-8
8.130600E+3	-1.136220E-7	1.583260E-8
8.122200E+3	-8.847610E-8	-1.117590E-8
8.106600E+3	-7.543760E-8	-1.080340E-7
8.097600E+3	-4.656640E-8	-1.564630E-7
8.080000E+3	-3.632180E-8	-1.275920E-7
8.071800E+3	-2.514580E-8	-1.238670E-7
8.061100E+3	-3.725310E-8	-1.108280E-7
8.045900E+3	-1.005830E-7	-1.862660E-8
8.036700E+3	-8.475080E-8	-1.210730E-8
8.021500E+3	-7.543760E-8	-2.793980E-8
8.012400E+3	-8.009420E-8	-1.676390E-8
8.005400E+3	-1.275920E-7	3.445920E-8
7.986300E+3	-9.965200E-8	2.048920E-8
7.978900E+3	-1.182780E-7	3.632180E-8
7.961900E+3	-1.341110E-7	1.769520E-8
7.954900E+3	-1.266610E-7	9.313280E-9
7.946600E+3	-1.238670E-7	-9.313300E-10
7.928300E+3	-1.247980E-7	1.862660E-8
7.911700E+3	-6.984960E-8	-1.955790E-8
7.904600E+3	-1.220040E-7	2.514580E-8
7.896500E+3	-1.294550E-7	1.862660E-8
7.878000E+3	-1.387680E-7	1.862660E-8
7.870800E+3	-1.555320E-7	4.470370E-8
7.851700E+3	-1.126900E-7	2.607710E-8
7.844200E+3	-1.331800E-7	4.842900E-8
7.833800E+3	-1.210730E-7	2.421450E-8
7.818300E+3	-1.415620E-7	1.117590E-8
7.808100E+3	-1.396990E-7	1.583260E-8
7.798900E+3	-8.568210E-8	-2.793980E-8
7.781900E+3	-1.369050E-7	3.073390E-8
7.772800E+3	-1.005830E-7	-1.117590E-8
7.765000E+3	-1.052400E-7	-1.676390E-8
7.747000E+3	-8.940740E-8	-2.887110E-8
7.738400E+3	-9.778930E-8	-1.955790E-8
7.721200E+3	-1.359740E-7	-7.450640E-9
7.712200E+3	-1.126900E-7	-4.470370E-8
7.697000E+3	-1.331800E-7	-1.862660E-8
7.688300E+3	-1.434250E-7	6.519290E-9
7.672600E+3	-8.661350E-8	-4.284110E-8
7.664200E+3	-1.089650E-7	-1.955790E-8
7.657000E+3	-1.033770E-7	-3.166520E-8
7.637500E+3	-1.210730E-7	-2.142050E-8
7.630200E+3	-1.108280E-7	-3.073390E-8
7.613400E+3	-1.480810E-7	4.190970E-8
7.605500E+3	-1.508750E-7	3.166520E-8
7.589300E+3	-1.285230E-7	-1.862660E-9
7.581000E+3	-1.024460E-7	-3.632180E-8
7.565300E+3	-1.573940E-7	3.259650E-8
7.557500E+3	-1.080340E-7	-2.142050E-8
7.548400E+3	-1.508750E-7	1.117590E-8
7.531100E+3	-1.657760E-7	1.676390E-8
7.522200E+3	-1.266610E-7	-2.887110E-8
7.505300E+3	-1.834710E-7	3.725310E-8
7.496200E+3	-1.844030E-7	3.073390E-8
7.486300E+3	-1.387680E-7	-1.490130E-8
7.470400E+3	-1.499440E-7	-1.676390E-8
7.462100E+3	-1.825400E-7	2.328320E-8
7.445700E+3	-1.415620E-7	-7.450640E-9
7.438000E+3	-1.648450E-7	2.328320E-8
7.421300E+3	-1.387680E-7	-3.725320E-9
7.413900E+3	-1.778840E-7	2.980250E-8
7.396900E+3	-1.806770E-7	2.328320E-8
7.389900E+3	-1.369050E-7	-3.352780E-8
7.370900E+3	-1.396990E-7	-4.936030E-8
7.363600E+3	-1.555320E-7	-2.700850E-8
7.354100E+3	-1.313170E-7	-4.190970E-8
7.337000E+3	-1.620510E-7	7.450640E-9
7.330000E+3	-1.238670E-7	-3.259650E-8
7.313100E+3	-1.667080E-7	9.313280E-9
7.305500E+3	-1.713640E-7	6.519290E-9
7.286500E+3	-1.741580E-7	4.656640E-9
7.279500E+3	-1.918530E-7	3.352780E-8
7.270400E+3	-1.369050E-7	-1.396990E-8
7.253100E+3	-1.834710E-7	4.284110E-8
7.244700E+3	-1.480810E-7	1.583260E-8
7.229000E+3	-1.247980E-7	-5.587960E-9
7.218000E+3	-1.331800E-7	-2.793980E-9
7.209500E+3	-1.983730E-7	4.656640E-8
7.193700E+3	-1.732270E-7	-2.607710E-8
7.186000E+3	-2.058230E-7	4.656640E-9
7.169500E+3	-1.816090E-7	-4.004710E-8
7.162200E+3	-1.862650E-7	-3.911580E-8
7.143700E+3	-1.741580E-7	-3.632180E-8
7.135400E+3	-2.076860E-7	1.862660E-9
7.126100E+3	-2.253810E-7	2.235190E-8
7.108900E+3	-2.374880E-7	3.632180E-8
7.102000E+3	-2.104800E-7	1.676390E-8
7.084800E+3	-2.505280E-7	3.911580E-8
7.077800E+3	-2.300380E-7	-1.117590E-8
7.058400E+3	-2.393520E-7	-2.235190E-8
7.051300E+3	-2.607720E-7	1.955790E-8
7.042100E+3	-1.899910E-7	-4.563500E-8
7.027500E+3	-2.346940E-7	4.656640E-9
7.010400E+3	-2.076860E-7	-2.421450E-8
7.003400E+3	-1.927850E-7	-3.073390E-8
6.992000E+3	-1.844030E-7	-3.073390E-8
6.976600E+3	-1.955790E-7	-1.583260E-8
6.967300E+3	-1.899910E-7	-2.421450E-8
6.952700E+3	-2.430770E-7	3.725310E-8
6.943600E+3	-2.514590E-7	2.980250E-8
6.933400E+3	-2.197930E-7	7.450640E-9
6.917100E+3	-2.002350E-7	-2.607710E-8
6.909600E+3	-2.766050E-7	3.911580E-8
6.892700E+3	-2.328320E-7	-2.700850E-8
6.885600E+3	-2.887120E-7	2.887110E-8
6.869000E+3	-2.877800E-7	2.048920E-8
6.859100E+3	-2.840550E-7	2.607710E-8
6.842500E+3	-2.579780E-7	1.117590E-8
6.835200E+3	-2.849870E-7	4.190970E-8
6.818200E+3	-2.384200E-7	-1.862660E-8
6.811200E+3	-2.877800E-7	4.004710E-8
6.794300E+3	-2.598410E-7	5.587960E-9
6.786900E+3	-2.952310E-7	4.377240E-8
6.769800E+3	-2.682230E-7	2.048920E-8
6.762800E+3	-2.589090E-7	1.396990E-8
6.754300E+3	-2.495960E-7	0.000000E+0
6.738600E+3	-3.185140E-7	4.563500E-8
6.729600E+3	-3.026820E-7	1.117590E-8
6.712200E+3	-3.334150E-7	4.563500E-8
6.703900E+3	-2.821930E-7	4.656640E-9
6.688000E+3	-2.682230E-7	-1.210730E-8
6.679300E+3	-2.747420E-7	-3.725320E-9
6.670800E+3	-3.110640E-7	4.097840E-8
6.652400E+3	-2.887120E-7	1.396990E-8
6.644300E+3	-2.887120E-7	7.450640E-9
6.626700E+3	-3.157200E-7	1.676390E-8
6.617900E+3	-3.054760E-7	-2.793980E-9
6.610800E+3	-3.008190E-7	-1.024460E-8
6.591600E+3	-3.604240E-7	2.142050E-8
6.584300E+3	-3.166510E-7	-2.235190E-8
6.564900E+3	-3.362090E-7	-2.700850E-8
6.557900E+3	-3.613550E-7	-1.955790E-8
6.548300E+3	-3.837070E-7	9.313280E-9
6.531400E+3	-3.501790E-7	-3.352780E-8
6.523900E+3	-3.343470E-7	-4.936030E-8
6.507600E+3	-3.967450E-7	6.519290E-9
6.499500E+3	-4.041960E-7	6.519290E-9
6.483400E+3	-4.004710E-7	-5.587960E-9
6.474800E+3	-3.725310E-7	-2.887110E-8
6.459200E+3	-4.256160E-7	2.235190E-8
6.450100E+3	-3.753250E-7	-3.352780E-8
6.435000E+3	-4.014020E-7	-1.490130E-8
6.426500E+3	-3.892950E-7	-2.887110E-8
6.410800E+3	-4.675260E-7	3.911580E-8
6.401700E+3	-4.442430E-7	1.117590E-8
6.391100E+3	-4.181660E-7	-7.450640E-9
6.374900E+3	-4.572810E-7	1.396990E-8
6.364600E+3	-4.209600E-7	-3.259650E-8
6.357600E+3	-4.684570E-7	1.862660E-8
6.338600E+3	-4.135090E-7	-1.490130E-8
6.331200E+3	-4.433110E-7	1.769520E-8
6.312900E+3	-4.339980E-7	-1.583260E-8
6.304600E+3	-4.638000E-7	9.313280E-9
6.288600E+3	-4.516930E-7	-8.381960E-9
6.281000E+3	-5.038490E-7	1.396990E-8
6.264400E+3	-4.842910E-7	-3.352780E-8
6.257000E+3	-5.420330E-7	-6.519290E-9
6.247300E+3	-5.774240E-7	1.862660E-8
6.238100E+3	-5.262010E-7	-4.004710E-8
6.220600E+3	-5.587970E-7	-2.793980E-9
6.203400E+3	-5.131620E-7	-4.004710E-8
6.196400E+3	-5.224760E-7	-3.818450E-8
6.186300E+3	-5.587970E-7	-2.793980E-9
6.169800E+3	-5.718360E-7	-5.587960E-9
6.161900E+3	-5.541410E-7	-2.887110E-8
6.146000E+3	-6.211960E-7	2.421450E-8
6.137500E+3	-5.848740E-7	-2.421450E-8
6.122100E+3	-5.979130E-7	6.519290E-9
6.111900E+3	-6.100200E-7	1.583260E-8
6.102700E+3	-5.848740E-7	-2.048920E-8
6.102700E+3	-5.848740E-7	-2.048920E-8
6.078500E+3	-6.277150E-7	-2.793980E-9
6.060400E+3	-6.258520E-7	-3.539050E-8
6.052000E+3	-6.742810E-7	7.450640E-9
6.035800E+3	-6.407540E-7	-1.769520E-8
6.027900E+3	-6.994270E-7	3.352780E-8
6.011200E+3	-6.286460E-7	-3.073390E-8
6.003700E+3	-6.426160E-7	-3.073390E-8
5.994400E+3	-7.022210E-7	1.210730E-8
5.977100E+3	-6.826630E-7	-2.887110E-8
5.967800E+3	-7.180530E-7	-9.313300E-10
5.959700E+3	-6.919760E-7	-3.073390E-8
5.941000E+3	-7.646190E-7	0.000000E+0
5.933900E+3	-7.282980E-7	-4.749770E-8
5.917200E+3	-8.037350E-7	6.519290E-9
5.909200E+3	-7.841770E-7	-1.862660E-8
5.893000E+3	-7.897650E-7	-8.381960E-9
5.884700E+3	-7.581000E-7	-4.749770E-8
5.869000E+3	-8.614770E-7	1.862660E-8
5.860200E+3	-8.307430E-7	-1.490130E-8
5.844900E+3	-8.270180E-7	-3.539050E-8
5.834500E+3	-8.670650E-7	-9.313280E-9
5.825500E+3	-8.540260E-7	-4.004710E-8
5.809800E+3	-8.633400E-7	-2.328320E-8
5.801200E+3	-8.689280E-7	-3.259650E-8
5.784900E+3	-8.828970E-7	-3.632180E-8
5.776900E+3	-9.555440E-7	1.490130E-8
5.760300E+3	-9.248070E-7	-4.004710E-8
5.752900E+3	-9.788270E-7	2.793980E-9
5.734400E+3	-9.741710E-7	-5.215430E-8
5.726300E+3	-9.965220E-7	-4.097840E-8
5.709900E+3	-1.003040E-6	-1.955790E-8
5.702100E+3	-1.050540E-6	1.583260E-8
5.685400E+3	-9.937280E-7	-4.656640E-8
5.678300E+3	-1.053330E-6	1.676390E-8
5.670100E+3	-1.030050E-6	-2.142050E-8
5.649000E+3	-1.062650E-6	-2.048920E-8
5.641900E+3	-1.129700E-6	3.632180E-8
5.633400E+3	-1.100830E-6	-1.862660E-9
5.617600E+3	-1.105490E-6	-2.793980E-9
5.608700E+3	-1.146470E-6	2.607710E-8
5.593300E+3	-1.184650E-6	2.607710E-8
5.584100E+3	-1.206070E-6	2.700850E-8
5.567000E+3	-1.221900E-6	4.004710E-8
5.558400E+3	-1.189310E-6	-1.210730E-8
5.543000E+3	-1.231220E-6	1.862660E-9
5.533900E+3	-1.209800E-6	-2.887110E-8
5.518700E+3	-1.267540E-6	1.583260E-8
5.509600E+3	-1.244250E-6	-1.490130E-8
5.499800E+3	-1.250770E-6	-1.303860E-8
5.483600E+3	-1.327140E-6	1.396990E-8
5.472900E+3	-1.297340E-6	-3.818450E-8
5.456500E+3	-1.338320E-6	-1.210730E-8
5.448700E+3	-1.377430E-6	1.955790E-8
5.431900E+3	-1.386750E-6	-1.955790E-8
5.424500E+3	-1.419340E-6	1.862660E-9
5.416600E+3	-1.397920E-6	-3.911580E-8
5.398000E+3	-1.424000E-6	1.117590E-8
5.390900E+3	-1.389540E-6	-3.539050E-8
5.371500E+3	-1.397920E-6	-4.190970E-8
5.364500E+3	-1.408170E-6	-4.749770E-8
5.355800E+3	-1.412820E-6	-6.146770E-8
5.340300E+3	-1.469630E-6	-9.313280E-9
5.331100E+3	-1.485470E-6	2.793980E-9
5.313800E+3	-1.498510E-6	1.024460E-8
5.305400E+3	-1.479880E-6	-6.519290E-9
5.294300E+3	-1.459390E-6	-3.539050E-8
5.279700E+3	-1.480810E-6	-4.097840E-8
5.270600E+3	-1.536690E-6	4.656640E-9
5.255600E+3	-1.478020E-6	-5.122300E-8
5.246800E+3	-1.481740E-6	-4.190970E-8
5.231200E+3	-1.478020E-6	-2.607710E-8
5.222800E+3	-1.504090E-6	1.117590E-8
5.206900E+3	-1.450080E-6	-4.284110E-8
5.199100E+3	-1.468700E-6	-3.818450E-8
5.181300E+3	-1.475220E-6	-3.073390E-8
5.172600E+3	-1.501300E-6	-7.450640E-9
5.156600E+3	-1.443560E-6	-5.215430E-8
5.148500E+3	-1.486400E-6	0.000000E+0
5.132000E+3	-1.436110E-6	-1.210730E-8
5.124400E+3	-1.395130E-6	-9.313280E-9
5.114500E+3	-1.405370E-6	2.700850E-8
5.097600E+3	-1.354150E-6	-9.313300E-10
5.088200E+3	-1.402580E-6	3.632180E-8
5.079100E+3	-1.365330E-6	4.656640E-9
5.061500E+3	-1.371850E-6	2.793980E-8
5.053300E+3	-1.363460E-6	3.352780E-8
5.035000E+3	-1.302000E-6	8.381960E-9
5.027500E+3	-1.315970E-6	4.377240E-8
5.018300E+3	-1.272190E-6	3.725320E-9
5.001600E+3	-1.274060E-6	1.955790E-8
4.992500E+3	-1.220970E-6	-3.073390E-8
4.984600E+3	-1.191170E-6	-4.097840E-8
4.966900E+3	-1.179990E-6	-2.793980E-8
4.955700E+3	-1.137150E-6	-6.146770E-8
4.940100E+3	-1.130630E-6	-2.328320E-8
4.931400E+3	-1.064510E-6	-5.867350E-8
4.921900E+3	-1.088720E-6	-1.117590E-8
4.904900E+3	-1.023530E-6	-3.073390E-8
4.897700E+3	-1.024460E-6	7.450640E-9
4.880500E+3	-9.201500E-7	-4.470370E-8
4.873600E+3	-9.443650E-7	9.313280E-9
4.856400E+3	-8.987300E-7	7.450640E-9
4.849500E+3	-8.475070E-7	-1.955790E-8
4.832400E+3	-8.251550E-7	5.587960E-9
4.824900E+3	-7.757950E-7	-2.421450E-8
4.808200E+3	-7.497180E-7	-9.313300E-10
4.800400E+3	-6.901140E-7	-2.793980E-8
4.784300E+3	-6.528610E-7	-2.793980E-9
4.775800E+3	-5.848740E-7	-2.980250E-8
4.760200E+3	-5.997750E-7	1.862660E-8
4.752200E+3	-5.252700E-7	-2.142050E-8
4.743000E+3	-4.870850E-7	-2.607710E-8
4.725400E+3	-4.414490E-7	-2.514580E-8
4.716500E+3	-4.367920E-7	-4.656640E-9
4.700800E+3	-3.436600E-7	-4.377240E-8
4.692500E+3	-3.501790E-7	-5.587960E-9
4.677200E+3	-2.654290E-7	-4.284110E-8
4.668300E+3	-2.915060E-7	8.381960E-9
4.652400E+3	-1.834710E-7	-3.073390E-8
4.643900E+3	-1.890590E-7	-3.725320E-9
4.627600E+3	-1.667080E-7	2.235190E-8
4.617300E+3	-1.080340E-7	-2.793980E-9
4.610000E+3	-1.108280E-7	2.793980E-8
4.590700E+3	2.235190E-8	-3.725310E-8
4.583700E+3	-6.519290E-9	9.313280E-9
4.564400E+3	9.592670E-8	-5.867350E-8
4.557200E+3	8.195680E-8	-1.676390E-8
4.549200E+3	1.378370E-7	-2.887110E-8
4.530500E+3	1.611200E-7	0.000000E+0
4.523300E+3	1.965100E-7	-2.793980E-9
4.506700E+3	2.039610E-7	2.980250E-8
4.498900E+3	2.495960E-7	0.000000E+0
4.482500E+3	3.213080E-7	-3.352780E-8
4.472900E+3	3.036130E-7	8.381960E-9
4.463700E+3	3.837070E-7	-4.284110E-8
4.446500E+3	4.014020E-7	2.514580E-8
4.437900E+3	4.600750E-7	-1.024460E-8
4.422300E+3	4.805660E-7	1.396990E-8
4.413200E+3	5.364450E-7	-1.490130E-8
4.397600E+3	5.411020E-7	4.563500E-8
4.388300E+3	6.100200E-7	4.656640E-9
4.378200E+3	6.426160E-7	-6.519290E-9
4.362400E+3	6.780060E-7	-1.490130E-8
4.354100E+3	7.078090E-7	-2.235190E-8
4.336700E+3	7.273670E-7	1.396990E-8
4.327700E+3	7.441300E-7	1.769520E-8
4.320700E+3	7.739330E-7	2.235190E-8
4.301000E+3	8.223610E-7	0.000000E+0
4.294100E+3	8.251550E-7	1.676390E-8
4.276900E+3	8.270180E-7	6.053640E-8
4.270100E+3	8.624080E-7	4.097840E-8
4.252800E+3	8.717220E-7	5.308560E-8
4.245800E+3	9.080430E-7	3.445920E-8
4.228500E+3	9.853470E-7	-1.210730E-8
4.219200E+3	9.359830E-7	4.190970E-8
4.210000E+3	9.844150E-7	-1.769520E-8
4.192500E+3	9.704450E-7	-1.583260E-8
4.184200E+3	9.657890E-7	-1.210730E-8
4.165900E+3	1.009560E-6	-5.587960E-9
4.158200E+3	1.005840E-6	1.676390E-8
4.149000E+3	1.063580E-6	-1.396990E-8
4.132000E+3	1.034710E-6	3.632180E-8
4.123000E+3	1.085930E-6	-2.235190E-8
4.112500E+3	1.037500E-6	2.328320E-8
4.095100E+3	1.122250E-6	-1.024460E-8
4.086100E+3	1.161370E-6	-2.048920E-8
4.079200E+3	1.115730E-6	4.097840E-8
4.059900E+3	1.164160E-6	-2.142050E-8
4.052600E+3	1.121320E-6	9.313280E-9
4.034100E+3	1.163230E-6	-2.793980E-9
4.025900E+3	1.149260E-6	2.793980E-9
4.009700E+3	1.171610E-6	7.450640E-9
4.002100E+3	1.158570E-6	2.607710E-8
3.985300E+3	1.219110E-6	-1.862660E-8
3.978100E+3	1.166950E-6	2.980250E-8
3.969900E+3	1.216310E-6	-1.955790E-8
3.951200E+3	1.168820E-6	3.352780E-8
3.943900E+3	1.153920E-6	3.352780E-8
3.924600E+3	1.186510E-6	2.793980E-8
3.917600E+3	1.176270E-6	4.749770E-8
3.908600E+3	1.217250E-6	7.450640E-9
3.891000E+3	1.196760E-6	2.700850E-8
3.882800E+3	1.229350E-6	4.656640E-9
3.866900E+3	1.272190E-6	-2.048920E-8
3.858100E+3	1.259160E-6	-1.676390E-8
3.842700E+3	1.204210E-6	2.514580E-8
3.833500E+3	1.254500E-6	-3.166520E-8
3.825600E+3	1.236800E-6	-2.421450E-8
3.806800E+3	1.249840E-6	-3.259650E-8
3.799200E+3	1.261020E-6	-5.122300E-8
3.780800E+3	1.216310E-6	-2.514580E-8
3.772400E+3	1.251700E-6	-4.936030E-8
3.762900E+3	1.209800E-6	-2.793980E-9
3.745800E+3	1.208860E-6	-1.024460E-8
3.736000E+3	1.209800E-6	-1.024460E-8
3.719600E+3	1.233080E-6	-1.490130E-8
3.712000E+3	1.169750E-6	5.308560E-8
3.695000E+3	1.194890E-6	2.514580E-8
3.687900E+3	1.177200E-6	4.749770E-8
3.670700E+3	1.238670E-6	-2.328320E-8
3.663800E+3	1.231220E-6	-1.676390E-8
3.653800E+3	1.192100E-6	3.725310E-8
3.637200E+3	1.174410E-6	4.097840E-8
3.629300E+3	1.205140E-6	-6.519290E-9
3.613300E+3	1.153920E-6	3.445920E-8
3.604800E+3	1.197690E-6	-1.862660E-8
3.589200E+3	1.152980E-6	1.862660E-9
3.580200E+3	1.177200E-6	-2.048920E-8
3.572000E+3	1.139950E-6	1.676390E-8
3.554400E+3	1.174410E-6	-2.235190E-8
3.545400E+3	1.149260E-6	9.313280E-9
3.529800E+3	1.124110E-6	2.607710E-8
3.519400E+3	1.168820E-6	-2.328320E-8
3.512100E+3	1.156710E-6	-1.862660E-8
3.492500E+3	1.153920E-6	-2.048920E-8
3.485300E+3	1.111080E-6	2.980250E-8
3.468100E+3	1.129700E-6	9.313300E-10
3.461100E+3	1.087790E-6	3.445920E-8
3.444000E+3	1.098040E-6	-2.793980E-8
3.436800E+3	1.070100E-6	-9.313300E-10
3.417300E+3	1.071960E-6	-1.210730E-8
3.410200E+3	1.055200E-6	-7.450640E-9
3.400300E+3	1.002110E-6	3.911580E-8
3.383500E+3	1.029120E-6	-2.793980E-9
3.375800E+3	1.057060E-6	-4.470370E-8
3.359400E+3	9.881410E-7	0.000000E+0
3.351200E+3	1.019810E-6	-2.514580E-8
3.335400E+3	9.723080E-7	2.328320E-8
3.326500E+3	1.002110E-6	-9.313300E-10
3.308700E+3	9.602010E-7	6.519290E-9
3.300700E+3	9.834840E-7	-2.235190E-8
3.291500E+3	9.778960E-7	-2.514580E-8
3.275700E+3	9.192190E-7	8.381960E-9
3.267000E+3	8.987300E-7	7.450640E-9
3.251100E+3	8.828970E-7	1.490130E-8
3.240700E+3	9.033870E-7	5.587960E-9
3.225300E+3	9.499530E-7	-1.024460E-8
3.216500E+3	9.117680E-7	2.328320E-8
3.209500E+3	8.754470E-7	5.308560E-8
3.190300E+3	9.415710E-7	-1.862660E-8
3.183100E+3	9.238760E-7	-5.587960E-9
3.164400E+3	9.127000E-7	-2.421450E-8
3.156300E+3	8.540260E-7	3.445920E-8
3.149100E+3	8.745160E-7	1.769520E-8
3.129800E+3	8.530950E-7	2.793980E-8
3.122800E+3	8.232930E-7	5.681090E-8
3.105600E+3	8.214300E-7	2.142050E-8
3.098500E+3	7.879030E-7	4.936030E-8
3.081500E+3	7.646190E-7	5.308560E-8
3.074000E+3	8.158420E-7	-1.583260E-8
3.057300E+3	7.478560E-7	4.190970E-8
3.049200E+3	7.990780E-7	-2.048920E-8
3.030400E+3	7.590320E-7	-7.450640E-9
3.023200E+3	7.385420E-7	1.396990E-8
3.011700E+3	7.795210E-7	-2.980250E-8
2.996500E+3	7.385420E-7	-1.955790E-8
2.988200E+3	7.618260E-7	-4.284110E-8
2.972700E+3	7.515810E-7	1.862660E-9
2.963500E+3	7.795210E-7	-1.490130E-8
2.948100E+3	7.450620E-7	1.583260E-8
2.948100E+3	7.450620E-7	1.583260E-8
2.929100E+3	7.543750E-7	-2.328320E-8
2.912200E+3	6.705560E-7	2.235190E-8
2.902400E+3	6.509980E-7	3.445920E-8
2.886000E+3	6.612430E-7	1.396990E-8
2.878300E+3	6.333030E-7	4.004710E-8
2.861500E+3	6.863880E-7	-4.656640E-9
2.854400E+3	6.165390E-7	5.960510E-8
2.837400E+3	6.658990E-7	9.313280E-9
2.830300E+3	6.193330E-7	5.308560E-8
2.822600E+3	6.258520E-7	3.725310E-8
2.803500E+3	6.090890E-7	3.166520E-8
2.795700E+3	5.848740E-7	5.587960E-8
2.776800E+3	6.286460E-7	-5.587960E-9
2.769700E+3	6.044320E-7	1.117590E-8
2.759200E+3	6.090890E-7	7.450640E-9
2.750200E+3	6.491350E-7	-4.097840E-8
2.733200E+3	5.979130E-7	-4.656640E-9
2.716400E+3	5.979130E-7	-2.793980E-9
2.708600E+3	6.388910E-7	-4.284110E-8
2.699400E+3	6.388910E-7	-4.284110E-8
2.683800E+3	6.128140E-7	-4.563500E-8
2.675000E+3	6.072260E-7	-5.587960E-8
2.657800E+3	5.429650E-7	-1.117590E-8
2.648500E+3	5.560030E-7	-2.328320E-8
2.638400E+3	5.252700E-7	1.769520E-8
2.622200E+3	5.168880E-7	2.887110E-8
2.611700E+3	5.345830E-7	-2.793980E-9
2.604500E+3	4.945360E-7	3.259650E-8
2.584900E+3	5.513470E-7	-4.470370E-8
2.578000E+3	4.936050E-7	2.421450E-8
2.560900E+3	5.308580E-7	-7.450640E-9
2.553900E+3	4.908110E-7	3.632180E-8
2.534300E+3	5.113000E-7	4.656640E-9
2.527200E+3	4.842910E-7	2.421450E-8
2.518700E+3	5.438960E-7	-3.911580E-8
2.503000E+3	5.187500E-7	-3.539050E-8
2.485700E+3	4.740450E-7	1.862660E-9
2.478500E+3	4.488990E-7	2.793980E-8
2.469200E+3	4.712510E-7	0.000000E+0
2.453900E+3	4.842910E-7	-1.396990E-8
2.437400E+3	4.321350E-7	-5.494830E-8
2.429100E+3	4.293420E-7	-7.078100E-8
2.420100E+3	4.144400E-7	-6.426170E-8
2.404400E+3	4.842910E-7	-9.406400E-8
2.395800E+3	4.889480E-7	-8.568210E-8
2.379700E+3	4.712510E-7	-4.936030E-8
2.371700E+3	4.321350E-7	-9.313300E-10
2.355000E+3	4.796350E-7	-3.818450E-8
2.347500E+3	4.628690E-7	-1.583260E-8
2.329000E+3	4.768410E-7	-2.328320E-8
2.320800E+3	4.572810E-7	-9.313300E-10
2.313700E+3	4.172340E-7	2.887110E-8
2.294200E+3	4.665940E-7	-4.749770E-8
2.287200E+3	4.097840E-7	1.862660E-9
2.267800E+3	4.544870E-7	-2.700850E-8
2.260400E+3	4.498310E-7	-1.210730E-8
2.250800E+3	4.163030E-7	2.980250E-8
2.233300E+3	4.703200E-7	-1.583260E-8
2.223600E+3	4.088520E-7	3.445920E-8
2.215300E+3	4.358610E-7	8.381960E-9
2.196700E+3	4.256160E-7	2.887110E-8
2.188200E+3	4.200280E-7	3.445920E-8
2.172200E+3	4.190970E-7	4.097840E-8
2.164400E+3	4.814970E-7	-1.676390E-8
2.148300E+3	4.284100E-7	3.632180E-8
2.139800E+3	4.656630E-7	-6.519290E-9
2.124100E+3	4.591440E-7	-3.073390E-8
2.115100E+3	4.330670E-7	-1.955790E-8
2.106900E+3	3.865010E-7	1.396990E-8
2.089300E+3	4.256160E-7	-2.887110E-8
2.080300E+3	4.284100E-7	-4.284110E-8
2.064300E+3	4.395860E-7	-5.215430E-8
2.055800E+3	3.827750E-7	1.396990E-8
2.039400E+3	4.358610E-7	-4.004710E-8
2.031400E+3	3.902260E-7	3.725320E-9
2.014600E+3	3.865010E-7	2.328320E-8
2.004500E+3	4.237540E-7	0.000000E+0
1.988400E+3	4.125780E-7	8.381960E-9
1.980300E+3	3.874320E-7	2.700850E-8
1.973100E+3	4.265480E-7	-1.862660E-8
1.954000E+3	3.716000E-7	1.862660E-9
1.947300E+3	3.548360E-7	1.769520E-8
1.930800E+3	4.088520E-7	-2.142050E-8
1.924200E+3	4.256160E-7	-2.793980E-8
1.908200E+3	3.594920E-7	0.000000E+0
1.901400E+3	3.604240E-7	-1.210730E-8
1.886200E+3	3.790500E-7	-3.725310E-8
1.879000E+3	4.218910E-7	-6.426170E-8
1.864700E+3	3.622860E-7	1.676390E-8
1.857200E+3	3.716000E-7	9.313280E-9
1.841700E+3	3.520420E-7	1.676390E-8
1.835100E+3	3.762560E-7	6.519290E-9
1.827000E+3	3.725310E-7	6.519290E-9
1.814000E+3	3.790500E-7	1.862660E-9
1.806400E+3	4.144400E-7	-4.004710E-8
1.792000E+3	3.753250E-7	1.676390E-8
1.783900E+3	4.041960E-7	-2.793980E-9
1.770900E+3	4.051270E-7	1.862660E-9
1.762900E+3	3.660120E-7	3.352780E-8
1.749300E+3	4.051270E-7	-1.583260E-8
1.741600E+3	3.967450E-7	-6.519290E-9
1.727100E+3	3.818440E-7	-1.210730E-8
1.719700E+3	3.362090E-7	2.142050E-8
1.713000E+3	3.296900E-7	3.632180E-8
1.694500E+3	3.604240E-7	1.862660E-9
1.687800E+3	3.324840E-7	3.352780E-8
1.670900E+3	3.268960E-7	4.284110E-8
1.663800E+3	3.725310E-7	-1.862660E-9
1.654400E+3	3.865010E-7	-1.955790E-8
1.636600E+3	3.427290E-7	3.539050E-8
1.618500E+3	3.911570E-7	-2.607710E-8
1.611000E+3	3.939510E-7	-2.793980E-8
1.601300E+3	3.771870E-7	-2.980250E-8
1.584500E+3	3.138580E-7	-2.793980E-9
1.574400E+3	3.362090E-7	-2.980250E-8
1.555200E+3	2.793990E-7	1.303860E-8
1.545400E+3	2.905740E-7	-1.862660E-9
1.533200E+3	3.455220E-7	-4.470370E-8
1.516000E+3	3.259650E-7	-2.887110E-8
1.505800E+3	2.924370E-7	7.450640E-9
1.485400E+3	3.315530E-7	-1.024460E-8
1.475300E+3	3.017500E-7	2.980250E-8
1.464300E+3	3.203770E-7	7.450640E-9
1.445200E+3	2.663600E-7	3.911580E-8
1.436900E+3	2.887120E-7	9.313300E-10
1.425900E+3	2.402830E-7	4.097840E-8
1.406900E+3	2.626350E-7	1.303860E-8
1.388600E+3	3.045440E-7	-5.308560E-8
1.380300E+3	2.654290E-7	-1.024460E-8
1.371900E+3	3.036130E-7	-5.308560E-8
1.351700E+3	2.365570E-7	2.328320E-8
1.344200E+3	2.607720E-7	5.587960E-9
1.324200E+3	2.738110E-7	3.725320E-9
1.316800E+3	2.402830E-7	4.097840E-8
1.307500E+3	2.905740E-7	-1.396990E-8
1.293200E+3	2.905740E-7	-5.774220E-8
1.284400E+3	2.626350E-7	-2.328320E-8
1.267900E+3	2.719480E-7	-2.607710E-8
1.259200E+3	2.365570E-7	1.490130E-8
1.249700E+3	2.933680E-7	-4.749770E-8
1.236000E+3	2.328320E-7	-4.656640E-9
1.236000E+3	2.328320E-7	-4.656640E-9
1.213500E+3	2.738110E-7	-4.097840E-8
1.205300E+3	2.309690E-7	-5.587960E-9
1.192400E+3	2.272440E-7	9.313300E-10
1.184800E+3	2.272440E-7	-1.303860E-8
1.171800E+3	2.430770E-7	-5.029160E-8
1.164900E+3	1.890590E-7	-5.587960E-9
1.151400E+3	2.151360E-7	-4.284110E-8
1.145100E+3	2.319000E-7	-6.333040E-8
1.137500E+3	1.825400E-7	-2.793980E-9
1.123300E+3	2.421460E-7	-4.842900E-8
1.115700E+3	2.067550E-7	-1.117590E-8
1.109300E+3	2.086170E-7	-4.656640E-9
1.093700E+3	2.151360E-7	-2.607710E-8
1.088100E+3	1.778840E-7	2.328320E-8
1.071900E+3	2.309690E-7	-3.259650E-8
1.066400E+3	1.620510E-7	3.539050E-8
1.059200E+3	2.002350E-7	-2.421450E-8
1.044600E+3	1.313170E-7	3.166520E-8
1.037000E+3	1.518060E-7	-1.490130E-8
1.024500E+3	1.583260E-7	-2.607710E-8
1.017400E+3	1.750900E-7	-3.725310E-8
1.004400E+3	1.182780E-7	4.377240E-8
9.968000E+2	1.564630E-7	-5.587960E-9
9.840000E+2	1.546000E-7	-5.587960E-9
9.760000E+2	1.322490E-7	2.048920E-8
9.633000E+2	1.201420E-7	1.676390E-8
9.533000E+2	1.331800E-7	-5.587960E-9
9.471000E+2	9.685800E-8	2.421450E-8
9.324000E+2	8.195680E-8	8.381960E-9
9.267000E+2	1.015150E-7	-1.210730E-8
9.103000E+2	1.331800E-7	-2.421450E-8
9.039000E+2	1.117590E-7	1.862660E-8
8.975000E+2	1.657760E-7	-2.142050E-8
8.812000E+2	1.564630E-7	1.862660E-9
8.755000E+2	1.192100E-7	2.514580E-8
8.610000E+2	1.294550E-7	3.725320E-9
8.550000E+2	1.499440E-7	-2.142050E-8
8.409000E+2	8.754480E-8	2.793980E-8
8.345000E+2	8.754480E-8	1.955790E-8
8.186000E+2	8.940740E-8	-1.396990E-8
8.129000E+2	5.960510E-8	9.313280E-9
8.051000E+2	1.043090E-7	-2.980250E-8
7.928000E+2	6.798700E-8	6.519290E-9
7.849000E+2	1.061710E-7	-4.190970E-8
7.714000E+2	3.445920E-8	3.725310E-8
7.640000E+2	6.984960E-8	-1.583260E-8
7.575000E+2	7.916290E-8	-2.793980E-8
7.431000E+2	4.656640E-8	-2.048920E-8
7.359000E+2	8.195680E-8	-4.377240E-8
7.224000E+2	2.887110E-8	-4.656640E-9
7.149000E+2	7.450630E-8	-4.377240E-8
7.093000E+2	8.661350E-8	-5.401690E-8
6.943000E+2	7.357490E-8	-6.053640E-8
6.881000E+2	1.117590E-8	1.024460E-8
6.748000E+2	4.656640E-8	-9.313300E-10
6.692000E+2	2.235190E-8	3.725310E-8
6.556000E+2	7.264360E-8	-5.587960E-9
6.503000E+2	5.960510E-8	1.210730E-8
6.348000E+2	8.102550E-8	-1.955790E-8
6.294000E+2	7.636890E-8	-1.024460E-8
6.218000E+2	9.406400E-8	-1.955790E-8
6.087000E+2	7.636890E-8	2.328320E-8
6.024000E+2	1.164160E-7	-1.583260E-8
5.897000E+2	3.911580E-8	3.166520E-8
5.829000E+2	4.470370E-8	9.313280E-9
5.758000E+2	3.725320E-9	3.725320E-9
5.625000E+2	8.381960E-9	-1.210730E-8
5.494000E+2	7.450640E-9	-1.024460E-8
5.428000E+2	4.656640E-8	-2.887110E-8
5.355000E+2	1.210730E-8	1.676390E-8
5.231000E+2	2.980250E-8	-8.381960E-9
5.163000E+2	-9.313280E-9	3.911580E-8
5.033000E+2	4.936030E-8	-1.024460E-8
4.970000E+2	1.303860E-8	1.676390E-8
4.836000E+2	1.024460E-8	-2.980250E-8
4.718000E+2	-3.632180E-8	6.519290E-9
4.378000E+2	-4.190970E-8	-1.490130E-8
4.200000E+2	-5.215430E-8	-2.793980E-9
3.779000E+2	-5.867350E-8	-1.583260E-8
3.564000E+2	-1.220040E-7	2.887110E-8
3.322000E+2	-8.009420E-8	-4.656640E-8
2.845000E+2	-1.303860E-7	-4.656640E-9
2.580000E+2	-1.154840E-7	-2.235190E-8
2.000000E+2	-1.760210E-7	4.377240E-8
1.715000E+2	-1.518060E-7	1.117590E-8
1.103000E+2	-1.927850E-7	9.313280E-9
8.160000E+1	-2.142050E-7	1.583260E-8
5.300000E+1	-2.039610E-7	-1.024460E-8
-9.600000E+0	-1.797460E-7	2.328320E-8
-3.890000E+1	-1.797460E-7	2.328320E-8
-7.320000E+1	1.862660E-8	-4.936030E-8
-1.291000E+2	9.220140E-8	-5.215430E-8
-1.560000E+2	9.592670E-8	-5.587960E-9
-2.107000E+2	1.629820E-7	-3.539050E-8
-2.363000E+2	1.303860E-7	9.313280E-9
-2.890000E+2	1.452870E-7	-1.024460E-8
-3.129000E+2	1.667080E-7	-4.004710E-8
-3.682000E+2	1.154840E-7	-3.073390E-8
