Sample Name, Varga_5_4_40G
Freq, 40, GHz, Power, 10, dBm
SR850: f = 25 Hz; phase = 97 deg; output = 5 V; sens. = 100 uV; tc = 300 ms; 12dB/oct
Field	X	Y
Oe	V	V
*
-6.522000E+2	1.899910E-7	-1.862660E-8
-6.522000E+2	1.899910E-7	-1.862660E-8
-6.531000E+2	2.421460E-7	-5.587960E-8
-6.508000E+2	1.601880E-7	2.980250E-8
-6.375000E+2	1.937160E-7	-1.862660E-8
-6.265000E+2	1.937160E-7	-1.117590E-8
-6.161000E+2	1.527380E-7	4.470370E-8
-5.861000E+2	2.160680E-7	-3.725320E-9
-5.721000E+2	2.086170E-7	0.000000E+0
-5.414000E+2	2.048920E-7	2.980250E-8
-5.270000E+2	2.719480E-7	-2.980250E-8
-4.958000E+2	2.719480E-7	-4.470370E-8
-4.780000E+2	2.682230E-7	-3.352780E-8
-4.646000E+2	2.868490E-7	-4.842900E-8
-4.369000E+2	2.868490E-7	-5.215430E-8
-4.245000E+2	2.607720E-7	-1.117590E-8
-3.970000E+2	2.719480E-7	0.000000E+0
-3.870000E+2	3.390030E-7	-5.215430E-8
-3.629000E+2	3.166510E-7	2.607710E-8
-3.543000E+2	3.054760E-7	5.587960E-8
-3.425000E+2	3.427290E-7	1.862660E-8
-3.250000E+2	3.092010E-7	4.842900E-8
-3.137000E+2	3.911570E-7	-3.352780E-8
-3.032000E+2	3.203770E-7	4.842900E-8
-2.850000E+2	3.278270E-7	3.725310E-8
-2.742000E+2	3.874320E-7	-2.235190E-8
-2.546000E+2	3.464540E-7	1.862660E-8
-2.440000E+2	4.097840E-7	-2.980250E-8
-2.219000E+2	3.837070E-7	7.450640E-9
-2.105000E+2	3.688060E-7	3.725310E-8
-2.014000E+2	3.799810E-7	3.352780E-8
-1.775000E+2	4.619380E-7	0.000000E+0
-1.677000E+2	4.917420E-7	-3.725310E-8
-1.469000E+2	4.358610E-7	5.960510E-8
-1.378000E+2	5.289950E-7	-7.450640E-9
-1.170000E+2	5.774240E-7	-3.352780E-8
-1.081000E+2	5.364450E-7	2.607710E-8
-9.760000E+1	6.109510E-7	-2.607710E-8
-7.560000E+1	6.333030E-7	-3.725320E-9
-6.580000E+1	6.370280E-7	0.000000E+0
-4.260000E+1	6.780060E-7	2.235190E-8
-3.350000E+1	7.376110E-7	-3.725310E-8
-1.240000E+1	7.152590E-7	-9.685800E-8
-2.700000E+0	5.289950E-7	-2.980250E-8
1.140000E+1	3.725310E-7	-6.705570E-8
3.300000E+1	-1.862650E-7	3.725310E-8
4.560000E+1	-3.203770E-7	0.000000E+0
5.670000E+1	-4.693880E-7	4.842900E-8
7.600000E+1	-5.886000E-7	5.215430E-8
8.680000E+1	-6.072260E-7	5.215430E-8
1.064000E+2	-6.370280E-7	5.587960E-8
1.167000E+2	-5.625220E-7	-4.842900E-8
1.367000E+2	-6.444790E-7	3.352780E-8
1.466000E+2	-5.997750E-7	-7.450640E-9
1.688000E+2	-5.587970E-7	-2.235190E-8
1.795000E+2	-5.736980E-7	1.117590E-8
1.885000E+2	-5.327200E-7	-2.607710E-8
2.095000E+2	-4.470370E-7	-4.842900E-8
2.300000E+2	-5.066430E-7	5.960510E-8
2.396000E+2	-4.321350E-7	-2.235190E-8
2.492000E+2	-4.954670E-7	4.097840E-8
2.729000E+2	-4.693880E-7	3.725320E-9
2.820000E+2	-4.991930E-7	4.470370E-8
3.030000E+2	-4.135090E-7	-1.117590E-8
3.124000E+2	-4.507620E-7	3.352780E-8
3.329000E+2	-3.539040E-7	-2.235190E-8
3.430000E+2	-3.948830E-7	2.607710E-8
3.542000E+2	-3.762560E-7	2.607710E-8
3.766000E+2	-3.092010E-7	-5.215430E-8
3.878000E+2	-3.166510E-7	-4.470370E-8
4.097000E+2	-3.092010E-7	-4.842900E-8
4.210000E+2	-3.576300E-7	7.450640E-9
4.406000E+2	-3.501790E-7	3.725320E-9
4.518000E+2	-2.719480E-7	-5.587960E-8
4.715000E+2	-2.943000E-7	7.450640E-9
4.822000E+2	-2.905740E-7	2.980250E-8
4.911000E+2	-3.017500E-7	3.725310E-8
5.150000E+2	-2.980250E-7	2.980250E-8
5.242000E+2	-2.458710E-7	-2.607710E-8
5.453000E+2	-2.384200E-7	-3.352780E-8
5.544000E+2	-1.825400E-7	-6.705570E-8
5.758000E+2	-1.713640E-7	-5.215430E-8
5.850000E+2	-2.458710E-7	2.980250E-8
6.093000E+2	-2.309690E-7	4.470370E-8
6.186000E+2	-2.160680E-7	5.215430E-8
6.310000E+2	-1.899910E-7	1.117590E-8
6.523000E+2	-1.899910E-7	-1.490130E-8
6.622000E+2	-2.495960E-7	2.980250E-8
6.830000E+2	-1.937160E-7	-3.352780E-8
6.936000E+2	-2.570470E-7	4.470370E-8
7.139000E+2	-2.421460E-7	3.352780E-8
7.250000E+2	-2.682230E-7	6.333040E-8
7.450000E+2	-1.676390E-7	-2.235190E-8
7.564000E+2	-1.601880E-7	-1.117590E-8
7.696000E+2	-2.160680E-7	5.960510E-8
7.896000E+2	-2.160680E-7	4.842900E-8
8.006000E+2	-1.378370E-7	-1.490130E-8
8.211000E+2	-1.937160E-7	3.725310E-8
8.344000E+2	-1.974410E-7	4.097840E-8
8.543000E+2	-1.527380E-7	-2.607710E-8
8.655000E+2	-1.452870E-7	-2.235190E-8
8.862000E+2	-2.086170E-7	1.117590E-8
8.969000E+2	-1.899910E-7	0.000000E+0
9.179000E+2	-2.309690E-7	2.980250E-8
9.280000E+2	-1.862650E-7	-3.725320E-9
9.405000E+2	-1.303860E-7	-4.842900E-8
9.625000E+2	-1.154840E-7	-4.470370E-8
9.719000E+2	-1.341110E-7	-1.117590E-8
9.937000E+2	-1.527380E-7	1.862660E-8
1.003200E+3	-1.527380E-7	1.862660E-8
1.024700E+3	-1.117590E-7	-7.450640E-9
1.034700E+3	-1.378370E-7	2.607710E-8
1.055700E+3	-1.303860E-7	2.235190E-8
1.066500E+3	-1.415620E-7	3.725310E-8
1.079900E+3	-2.086170E-7	1.117590E-7
1.099800E+3	-1.974410E-7	7.823160E-8
1.113200E+3	-2.011670E-7	6.705570E-8
1.133400E+3	-1.937160E-7	2.607710E-8
1.144900E+3	-2.123420E-7	5.587960E-8
1.155300E+3	-1.601880E-7	0.000000E+0
1.179300E+3	-1.676390E-7	7.450640E-9
1.189300E+3	-1.713640E-7	2.235190E-8
1.209800E+3	-1.899910E-7	2.980250E-8
1.220500E+3	-1.303860E-7	-2.980250E-8
1.241500E+3	-2.160680E-7	2.235190E-8
1.251700E+3	-1.750900E-7	-1.490130E-8
1.276200E+3	-1.899910E-7	-3.725320E-9
1.285900E+3	-2.086170E-7	2.235190E-8
1.298200E+3	-1.154840E-7	-5.960510E-8
1.319600E+3	-1.937160E-7	2.607710E-8
1.331500E+3	-1.415620E-7	-2.980250E-8
1.352800E+3	-2.011670E-7	5.215430E-8
1.362000E+3	-1.341110E-7	-2.607710E-8
1.372600E+3	-1.713640E-7	7.450640E-9
1.392300E+3	-1.341110E-7	-1.117590E-8
1.413500E+3	-1.788150E-7	1.862660E-8
1.422700E+3	-2.011670E-7	3.725310E-8
1.435600E+3	-1.490130E-7	0.000000E+0
1.455400E+3	-1.713640E-7	2.980250E-8
1.469000E+3	-1.452870E-7	-7.450640E-9
1.479500E+3	-1.862650E-7	2.607710E-8
1.499300E+3	-1.974410E-7	1.117590E-8
1.509300E+3	-1.937160E-7	1.862660E-8
1.531400E+3	-1.490130E-7	-2.607710E-8
1.542200E+3	-1.937160E-7	3.352780E-8
1.551100E+3	-1.341110E-7	-2.235190E-8
1.574900E+3	-1.750900E-7	2.980250E-8
1.584100E+3	-1.788150E-7	4.097840E-8
1.607200E+3	-1.788150E-7	4.097840E-8
1.617200E+3	-1.937160E-7	2.607710E-8
1.629000E+3	-1.266610E-7	-5.215430E-8
1.650100E+3	-1.303860E-7	-6.333040E-8
1.659100E+3	-1.788150E-7	-7.450640E-9
1.680300E+3	-1.490130E-7	-1.117590E-8
1.689400E+3	-9.685800E-8	-5.587960E-8
1.700600E+3	-9.685800E-8	-4.842900E-8
1.722400E+3	-7.450630E-8	-4.097840E-8
1.733000E+3	-1.527380E-7	2.980250E-8
1.752600E+3	-1.154840E-7	-2.980250E-8
1.763700E+3	-2.011670E-7	4.842900E-8
1.782900E+3	-2.086170E-7	4.097840E-8
1.794000E+3	-1.676390E-7	-3.725320E-9
1.813200E+3	-1.676390E-7	0.000000E+0
1.826300E+3	-1.899910E-7	3.725310E-8
1.836400E+3	-1.452870E-7	1.862660E-8
1.859500E+3	-1.415620E-7	1.117590E-8
1.869500E+3	-1.750900E-7	4.842900E-8
1.891700E+3	-1.750900E-7	2.980250E-8
1.902400E+3	-2.160680E-7	5.587960E-8
1.911400E+3	-1.899910E-7	2.607710E-8
1.935300E+3	-2.086170E-7	7.078100E-8
1.944500E+3	-1.266610E-7	-2.980250E-8
1.967800E+3	-2.123420E-7	2.980250E-8
1.977700E+3	-2.160680E-7	2.980250E-8
1.989500E+3	-1.490130E-7	-3.725310E-8
1.999900E+3	-1.899910E-7	2.607710E-8
2.022800E+3	-1.341110E-7	-3.725310E-8
2.032500E+3	-1.601880E-7	-2.980250E-8
2.056200E+3	-1.825400E-7	0.000000E+0
2.066300E+3	-1.415620E-7	-4.097840E-8
2.077500E+3	-2.272440E-7	4.470370E-8
2.098900E+3	-1.564630E-7	-6.705570E-8
2.110100E+3	-2.235180E-7	3.725320E-9
2.129100E+3	-2.346940E-7	1.117590E-8
2.140300E+3	-2.346940E-7	7.450640E-9
2.159300E+3	-1.750900E-7	-5.960510E-8
2.170200E+3	-2.160680E-7	-2.235190E-8
2.189700E+3	-2.607720E-7	2.235190E-8
2.200100E+3	-2.384200E-7	7.450640E-9
2.221700E+3	-2.495960E-7	0.000000E+0
2.232900E+3	-2.607720E-7	2.607710E-8
2.252400E+3	-2.272440E-7	2.980250E-8
2.263100E+3	-1.378370E-7	-5.587960E-8
2.282900E+3	-2.235180E-7	2.607710E-8
2.293000E+3	-2.272440E-7	2.607710E-8
2.302100E+3	-1.899910E-7	-1.862660E-8
2.322900E+3	-1.303860E-7	-5.215430E-8
2.331900E+3	-1.527380E-7	-2.980250E-8
2.356000E+3	-1.788150E-7	-1.862660E-8
2.364900E+3	-1.303860E-7	-6.333040E-8
2.386000E+3	-1.266610E-7	-5.215430E-8
2.395400E+3	-1.750900E-7	0.000000E+0
2.415900E+3	-1.713640E-7	0.000000E+0
2.424900E+3	-1.266610E-7	-5.587960E-8
2.445900E+3	-1.266610E-7	-3.725310E-8
2.455200E+3	-1.862650E-7	2.980250E-8
2.475800E+3	-1.415620E-7	-2.980250E-8
2.485800E+3	-1.937160E-7	1.117590E-8
2.496900E+3	-1.899910E-7	-2.235190E-8
2.519200E+3	-1.527380E-7	-6.705570E-8
2.529500E+3	-1.415620E-7	-6.705570E-8
2.549000E+3	-1.937160E-7	0.000000E+0
2.560400E+3	-1.974410E-7	1.117590E-8
2.580000E+3	-1.899910E-7	-7.450640E-9
2.590900E+3	-1.527380E-7	-5.215430E-8
2.610700E+3	-2.048920E-7	-1.117590E-8
2.624000E+3	-2.086170E-7	0.000000E+0
2.632800E+3	-1.378370E-7	-7.823160E-8
2.656600E+3	-2.235180E-7	1.117590E-8
2.665600E+3	-1.639140E-7	-4.842900E-8
2.688800E+3	-2.123420E-7	2.607710E-8
2.698600E+3	-1.937160E-7	2.607710E-8
2.708000E+3	-1.303860E-7	-4.470370E-8
2.731600E+3	-1.825400E-7	2.980250E-8
2.740600E+3	-1.750900E-7	2.607710E-8
2.764700E+3	-2.421460E-7	6.705570E-8
2.773800E+3	-2.160680E-7	2.980250E-8
2.786000E+3	-1.676390E-7	-3.352780E-8
2.807000E+3	-2.421460E-7	2.235190E-8
2.819200E+3	-1.750900E-7	-4.097840E-8
2.830300E+3	-2.272440E-7	2.980250E-8
2.849000E+3	-1.527380E-7	-2.607710E-8
2.859900E+3	-1.601880E-7	-1.117590E-8
2.880000E+3	-1.899910E-7	1.117590E-8
2.890300E+3	-1.601880E-7	-2.980250E-8
2.906000E+3	-2.346940E-7	4.842900E-8
2.925500E+3	-2.160680E-7	7.450640E-9
2.936100E+3	-1.601880E-7	-3.352780E-8
2.958000E+3	-2.495960E-7	2.980250E-8
2.969200E+3	-2.421460E-7	1.862660E-8
2.978300E+3	-2.235180E-7	1.117590E-8
3.001600E+3	-2.682230E-7	2.235190E-8
3.011400E+3	-2.197930E-7	-4.097840E-8
3.035000E+3	-2.831240E-7	1.862660E-8
3.044500E+3	-2.086170E-7	-5.215430E-8
3.054400E+3	-2.831240E-7	1.490130E-8
3.074800E+3	-1.825400E-7	-6.705570E-8
3.085100E+3	-2.086170E-7	-2.980250E-8
3.108100E+3	-2.309690E-7	-1.490130E-8
3.117500E+3	-1.937160E-7	-6.705570E-8
3.141100E+3	-2.235180E-7	-7.450640E-9
3.150000E+3	-1.713640E-7	-7.450630E-8
3.161000E+3	-2.086170E-7	-5.587960E-8
3.182500E+3	-1.937160E-7	-5.960510E-8
3.192700E+3	-2.719480E-7	2.607710E-8
3.212300E+3	-2.048920E-7	-1.862660E-8
3.223100E+3	-2.570470E-7	3.352780E-8
3.242400E+3	-2.607720E-7	5.215430E-8
3.253600E+3	-1.750900E-7	-1.490130E-8
3.266300E+3	-2.160680E-7	2.607710E-8
3.285900E+3	-2.458710E-7	1.117590E-8
3.299400E+3	-2.868490E-7	4.470370E-8
3.308400E+3	-2.086170E-7	-3.725310E-8
3.332200E+3	-2.831240E-7	1.862660E-8
3.341500E+3	-2.868490E-7	4.470370E-8
3.364700E+3	-2.719480E-7	3.352780E-8
3.374600E+3	-2.384200E-7	3.725320E-9
3.383800E+3	-2.011670E-7	-3.352780E-8
3.407600E+3	-3.017500E-7	5.215430E-8
3.416600E+3	-2.533220E-7	-7.450640E-9
3.440200E+3	-3.241020E-7	4.842900E-8
3.449500E+3	-2.719480E-7	-1.862660E-8
3.462200E+3	-2.346940E-7	-4.842900E-8
3.482700E+3	-2.943000E-7	3.725320E-9
3.494900E+3	-2.346940E-7	-5.587960E-8
3.516100E+3	-3.017500E-7	7.450640E-9
3.525600E+3	-2.533220E-7	-4.470370E-8
3.537000E+3	-2.719480E-7	-2.235190E-8
3.556300E+3	-2.421460E-7	-3.725310E-8
3.567500E+3	-2.868490E-7	2.607710E-8
3.586000E+3	-2.756730E-7	0.000000E+0
3.597100E+3	-2.458710E-7	-1.490130E-8
3.616300E+3	-2.719480E-7	-1.117590E-8
3.627300E+3	-2.607720E-7	0.000000E+0
3.649600E+3	-2.272440E-7	-5.587960E-8
3.660300E+3	-2.309690E-7	-2.980250E-8
3.679000E+3	-2.570470E-7	3.352780E-8
3.690100E+3	-3.017500E-7	6.333040E-8
3.709300E+3	-2.980250E-7	5.215430E-8
3.720100E+3	-2.793990E-7	2.235190E-8
3.732000E+3	-2.272440E-7	-2.980250E-8
3.753100E+3	-2.719480E-7	0.000000E+0
3.762000E+3	-2.980250E-7	2.607710E-8
3.783100E+3	-3.464540E-7	7.078100E-8
3.792000E+3	-3.017500E-7	2.607710E-8
3.813200E+3	-2.458710E-7	-2.235190E-8
3.822300E+3	-3.017500E-7	3.352780E-8
3.836200E+3	-2.943000E-7	5.587960E-8
3.855500E+3	-2.123420E-7	-1.490130E-8
3.866600E+3	-2.346940E-7	0.000000E+0
3.888300E+3	-2.123420E-7	-3.352780E-8
3.898900E+3	-2.570470E-7	0.000000E+0
3.918400E+3	-2.644970E-7	7.450640E-9
3.929500E+3	-3.017500E-7	2.980250E-8
3.948800E+3	-2.384200E-7	-7.078100E-8
3.960000E+3	-2.756730E-7	-4.842900E-8
3.972600E+3	-3.576300E-7	1.862660E-8
3.992400E+3	-3.799810E-7	2.607710E-8
4.002700E+3	-3.017500E-7	-6.705570E-8
4.023000E+3	-3.576300E-7	-1.490130E-8
4.032800E+3	-3.241020E-7	-2.980250E-8
4.053600E+3	-2.868490E-7	-3.725310E-8
4.062800E+3	-2.644970E-7	-5.960510E-8
4.083900E+3	-3.650800E-7	4.470370E-8
4.093000E+3	-3.054760E-7	-2.235190E-8
4.116800E+3	-3.539040E-7	4.470370E-8
4.126200E+3	-3.129260E-7	7.450640E-9
4.147300E+3	-3.576300E-7	4.842900E-8
4.156500E+3	-3.092010E-7	-1.862660E-8
4.166900E+3	-4.284100E-7	1.490130E-8
4.186700E+3	-3.650800E-7	-1.527380E-7
4.197600E+3	-4.321350E-7	-6.705570E-8
4.216700E+3	-3.688060E-7	-6.333040E-8
4.237800E+3	-3.501790E-7	-2.235190E-8
4.246800E+3	-2.905740E-7	-8.568210E-8
4.257700E+3	-2.905740E-7	-7.450630E-8
4.279800E+3	-3.054760E-7	-5.960510E-8
4.291100E+3	-3.129260E-7	-4.842900E-8
4.303900E+3	-3.054760E-7	-5.215430E-8
4.323300E+3	-3.725310E-7	7.450640E-9
4.336500E+3	-4.097840E-7	4.470370E-8
4.355900E+3	-3.948830E-7	4.470370E-8
4.367200E+3	-4.097840E-7	5.215430E-8
4.386600E+3	-3.576300E-7	0.000000E+0
4.397700E+3	-3.539040E-7	0.000000E+0
4.406800E+3	-3.613550E-7	3.725320E-9
4.428100E+3	-3.166510E-7	-3.352780E-8
4.448400E+3	-3.725310E-7	4.097840E-8
4.458500E+3	-3.799810E-7	5.587960E-8
4.467900E+3	-3.464540E-7	1.490130E-8
4.488600E+3	-3.092010E-7	-1.117590E-8
4.509800E+3	-4.135090E-7	6.333040E-8
4.519000E+3	-3.613550E-7	-7.450640E-9
4.528300E+3	-4.172340E-7	3.352780E-8
4.548900E+3	-3.315530E-7	-4.842900E-8
4.569900E+3	-4.209600E-7	2.980250E-8
4.578900E+3	-3.501790E-7	-4.097840E-8
4.592100E+3	-3.501790E-7	-4.097840E-8
4.603000E+3	-4.172340E-7	3.725310E-8
4.624400E+3	-3.352780E-7	-4.842900E-8
4.635700E+3	-4.284100E-7	3.352780E-8
4.655100E+3	-4.321350E-7	3.725310E-8
4.666200E+3	-3.650800E-7	-4.842900E-8
4.687600E+3	-3.725310E-7	-2.980250E-8
4.698700E+3	-4.246850E-7	5.587960E-8
4.718000E+3	-4.433110E-7	7.078100E-8
4.729100E+3	-4.358610E-7	5.960510E-8
4.741300E+3	-4.395860E-7	4.470370E-8
4.763100E+3	-4.731140E-7	3.725310E-8
4.774200E+3	-4.768410E-7	2.980250E-8
4.793700E+3	-4.880170E-7	3.352780E-8
4.804400E+3	-4.619380E-7	1.490130E-8
4.824500E+3	-4.768410E-7	4.470370E-8
4.834700E+3	-4.135090E-7	-3.725320E-9
4.843800E+3	-4.023330E-7	-5.960510E-8
4.867700E+3	-4.731140E-7	-7.450640E-9
4.876700E+3	-4.209600E-7	-6.705570E-8
4.900800E+3	-5.140940E-7	1.490130E-8
4.909800E+3	-4.172340E-7	-6.705570E-8
4.920800E+3	-5.103680E-7	2.235190E-8
4.942800E+3	-4.209600E-7	-9.685800E-8
4.953000E+3	-4.246850E-7	-6.705570E-8
4.963900E+3	-3.948830E-7	-8.195680E-8
4.985400E+3	-4.135090E-7	-6.705570E-8
4.996500E+3	-4.172340E-7	-5.587960E-8
5.015700E+3	-4.917420E-7	1.862660E-8
5.026700E+3	-4.954670E-7	2.607710E-8
5.046300E+3	-4.768410E-7	0.000000E+0
5.056900E+3	-4.358610E-7	-4.470370E-8
5.077100E+3	-4.954670E-7	1.490130E-8
5.090100E+3	-5.066430E-7	1.117590E-8
5.099300E+3	-4.507620E-7	-6.333040E-8
5.122700E+3	-5.364450E-7	2.607710E-8
5.132400E+3	-4.731140E-7	-2.980250E-8
5.155700E+3	-5.252700E-7	1.862660E-8
5.165300E+3	-5.103680E-7	-1.117590E-8
5.174300E+3	-4.544870E-7	-7.450630E-8
5.198600E+3	-5.401710E-7	2.607710E-8
5.207700E+3	-4.842910E-7	-6.333040E-8
5.231700E+3	-5.774240E-7	4.470370E-8
5.240700E+3	-5.289950E-7	-3.352780E-8
5.253200E+3	-5.066430E-7	-4.842900E-8
5.264400E+3	-5.848740E-7	3.352780E-8
5.286100E+3	-5.289950E-7	-4.097840E-8
5.297100E+3	-5.960500E-7	2.980250E-8
5.319500E+3	-5.140940E-7	-2.607710E-8
5.329500E+3	-5.513470E-7	1.862660E-8
5.349700E+3	-5.066430E-7	-4.097840E-8
5.360300E+3	-5.476210E-7	-1.117590E-8
5.373900E+3	-5.438960E-7	-1.862660E-8
5.393700E+3	-5.997750E-7	1.862660E-8
5.404000E+3	-5.438960E-7	-3.352780E-8
5.423100E+3	-6.035010E-7	2.235190E-8
5.434000E+3	-5.587970E-7	-2.980250E-8
5.454000E+3	-6.295780E-7	2.980250E-8
5.464400E+3	-5.736980E-7	-2.980250E-8
5.484800E+3	-5.886000E-7	-2.980250E-8
5.497700E+3	-6.631050E-7	2.607710E-8
5.506900E+3	-6.370280E-7	-1.862660E-8
5.527700E+3	-6.072260E-7	-4.842900E-8
5.547900E+3	-7.078090E-7	5.215430E-8
5.557900E+3	-6.593800E-7	0.000000E+0
5.567100E+3	-6.780060E-7	2.235190E-8
5.587900E+3	-6.072260E-7	-3.352780E-8
5.597700E+3	-6.631050E-7	7.450640E-9
5.618000E+3	-6.258520E-7	-3.725310E-8
5.628300E+3	-6.593800E-7	-2.235190E-8
5.651200E+3	-6.631050E-7	0.000000E+0
5.660800E+3	-6.929080E-7	2.980250E-8
5.674800E+3	-7.152590E-7	4.470370E-8
5.694000E+3	-7.301610E-7	2.980250E-8
5.705200E+3	-7.301610E-7	2.607710E-8
5.724600E+3	-6.742810E-7	-2.607710E-8
5.734900E+3	-7.376110E-7	5.215430E-8
5.754400E+3	-7.487870E-7	4.842900E-8
5.765800E+3	-7.003580E-7	0.000000E+0
5.785400E+3	-7.450620E-7	2.235190E-8
5.796400E+3	-7.003580E-7	-4.842900E-8
5.816500E+3	-7.897650E-7	2.607710E-8
5.826800E+3	-7.711390E-7	-1.117590E-8
5.848900E+3	-8.195680E-7	7.450640E-9
5.859900E+3	-8.419190E-7	3.352780E-8
5.879600E+3	-8.307430E-7	2.235190E-8
5.890100E+3	-7.711390E-7	-4.842900E-8
5.910200E+3	-8.344690E-7	1.117590E-8
5.920200E+3	-7.934900E-7	-1.862660E-8
5.929300E+3	-8.307430E-7	2.980250E-8
5.953100E+3	-8.232930E-7	3.352780E-8
5.962300E+3	-8.679960E-7	5.587960E-8
5.983600E+3	-8.381940E-7	-1.490130E-8
5.992800E+3	-8.232930E-7	-2.980250E-8
6.013900E+3	-8.828970E-7	3.725320E-9
6.023500E+3	-9.201500E-7	2.980250E-8
6.044000E+3	-8.530950E-7	-4.470370E-8
6.054200E+3	-8.940730E-7	3.725320E-9
6.074500E+3	-8.903480E-7	0.000000E+0
6.085200E+3	-9.201500E-7	1.117590E-8
6.104900E+3	-8.717220E-7	-8.568210E-8
6.116100E+3	-9.238760E-7	-3.725310E-8
6.135700E+3	-9.164250E-7	-3.352780E-8
6.147000E+3	-9.723080E-7	1.490130E-8
6.159700E+3	-9.350520E-7	-2.980250E-8
6.179700E+3	-1.009560E-6	2.980250E-8
6.190000E+3	-9.983850E-7	0.000000E+0
6.212000E+3	-1.005840E-6	7.450640E-9
6.223100E+3	-1.028190E-6	7.450640E-9
6.242700E+3	-1.057990E-6	7.450640E-9
6.253000E+3	-9.872090E-7	-4.842900E-8
6.273200E+3	-1.076620E-6	5.215430E-8
6.283100E+3	-1.080340E-6	4.470370E-8
6.295200E+3	-1.017010E-6	-3.725310E-8
6.315900E+3	-1.125040E-6	4.842900E-8
6.328000E+3	-1.065440E-6	-2.607710E-8
6.338800E+3	-1.143670E-6	1.862660E-8
6.361400E+3	-1.147400E-6	1.117590E-8
6.371300E+3	-1.136220E-6	0.000000E+0
6.382600E+3	-1.169750E-6	3.352780E-8
6.404300E+3	-1.158570E-6	-1.117590E-8
6.415700E+3	-1.251700E-6	6.333040E-8
6.435300E+3	-1.277780E-6	6.333040E-8
6.446600E+3	-1.225630E-6	1.117590E-8
6.466000E+3	-1.259160E-6	1.117590E-8
6.476900E+3	-1.300130E-6	4.470370E-8
6.498400E+3	-1.251700E-6	-4.097840E-8
6.509700E+3	-1.363460E-6	5.587960E-8
6.519100E+3	-1.348560E-6	1.862660E-8
6.542100E+3	-1.411890E-6	5.960510E-8
6.552400E+3	-1.415620E-6	6.333040E-8
6.574700E+3	-1.415620E-6	3.352780E-8
6.585700E+3	-1.437970E-6	3.725310E-8
6.597900E+3	-1.411890E-6	0.000000E+0
6.619100E+3	-1.490120E-6	7.823160E-8
6.628300E+3	-1.456600E-6	3.725320E-9
6.649400E+3	-1.486400E-6	7.450640E-9
6.658500E+3	-1.583260E-6	8.940740E-8
6.671400E+3	-1.553450E-6	5.215430E-8
6.691400E+3	-1.586980E-6	4.470370E-8
6.702100E+3	-1.549730E-6	-1.490130E-8
6.724600E+3	-1.583260E-6	-1.117590E-8
6.734600E+3	-1.631680E-6	1.862660E-8
6.747900E+3	-1.680110E-6	5.587960E-8
6.767500E+3	-1.732270E-6	6.705570E-8
6.778800E+3	-1.754620E-6	7.823160E-8
6.800700E+3	-1.695010E-6	0.000000E+0
6.811400E+3	-1.773250E-6	7.078100E-8
6.821900E+3	-1.773250E-6	2.980250E-8
6.845000E+3	-1.810500E-6	1.117590E-8
6.855100E+3	-1.870100E-6	6.333040E-8
6.877000E+3	-1.903630E-6	5.960510E-8
6.888000E+3	-1.847750E-6	-1.117590E-8
6.907800E+3	-1.944620E-6	8.195680E-8
6.918300E+3	-1.937170E-6	4.470370E-8
6.938600E+3	-2.004220E-6	5.587960E-8
6.948500E+3	-1.925990E-6	-4.842900E-8
6.969300E+3	-2.037750E-6	2.235190E-8
6.978700E+3	-1.966970E-6	-5.960510E-8
6.988000E+3	-2.015400E-6	-2.235190E-8
7.012200E+3	-2.000500E-6	-6.705570E-8
7.021300E+3	-2.078730E-6	-7.450640E-9
7.042000E+3	-2.142060E-6	3.725310E-8
7.054100E+3	-2.156960E-6	4.842900E-8
7.064800E+3	-2.164410E-6	3.352780E-8
7.084200E+3	-2.156960E-6	-1.862660E-8
7.105400E+3	-2.194210E-6	0.000000E+0
7.114900E+3	-2.168130E-6	-4.097840E-8
7.128000E+3	-2.194210E-6	0.000000E+0
7.138800E+3	-2.238910E-6	2.980250E-8
7.160800E+3	-2.235190E-6	1.117590E-8
7.172000E+3	-2.261270E-6	2.980250E-8
7.193700E+3	-2.186760E-6	-6.333040E-8
7.205000E+3	-2.283620E-6	3.352780E-8
7.214900E+3	-2.179310E-6	-3.352780E-8
7.238600E+3	-2.264990E-6	6.333040E-8
7.248100E+3	-2.257540E-6	6.333040E-8
7.271100E+3	-2.212840E-6	2.980250E-8
7.281500E+3	-2.186760E-6	2.235190E-8
7.293400E+3	-2.153230E-6	-1.862660E-8
7.314700E+3	-2.142060E-6	-2.980250E-8
7.323900E+3	-2.227740E-6	5.960510E-8
7.336300E+3	-2.123430E-6	-4.842900E-8
7.357100E+3	-2.104800E-6	-5.215430E-8
7.366900E+3	-2.123430E-6	-2.235190E-8
7.387300E+3	-2.093630E-6	-1.490130E-8
7.397500E+3	-2.138330E-6	4.470370E-8
7.420600E+3	-2.052650E-6	-1.117590E-8
7.430100E+3	-2.108530E-6	7.823160E-8
7.450800E+3	-1.978140E-6	-7.450640E-9
7.460800E+3	-2.030300E-6	5.215430E-8
7.481100E+3	-2.030300E-6	5.215430E-8
7.491600E+3	-2.026570E-6	5.587960E-8
7.502200E+3	-1.944620E-6	-7.450640E-9
7.524000E+3	-1.970690E-6	7.450630E-8
7.535200E+3	-1.851480E-6	-1.862660E-8
7.557600E+3	-1.877550E-6	7.078100E-8
7.568700E+3	-1.844030E-6	5.587960E-8
7.577900E+3	-1.743440E-6	-2.235190E-8
7.601600E+3	-1.776970E-6	4.470370E-8
7.611300E+3	-1.713640E-6	0.000000E+0
7.632400E+3	-1.709920E-6	4.097840E-8
7.641600E+3	-1.650310E-6	0.000000E+0
7.662900E+3	-1.672660E-6	5.215430E-8
7.672000E+3	-1.575810E-6	-2.607710E-8
7.693000E+3	-1.553450E-6	1.117590E-8
7.702200E+3	-1.497570E-6	-2.607710E-8
7.723400E+3	-1.460320E-6	0.000000E+0
7.732500E+3	-1.534830E-6	9.685800E-8
7.753800E+3	-1.411890E-6	-1.862660E-8
7.762900E+3	-1.411890E-6	7.450640E-9
7.783800E+3	-1.415620E-6	6.705570E-8
7.796200E+3	-1.315030E-6	-1.117590E-8
7.807200E+3	-1.382090E-6	7.823160E-8
7.829000E+3	-1.233080E-6	-7.450640E-9
7.839900E+3	-1.270330E-6	5.215430E-8
7.850300E+3	-1.277780E-6	9.313270E-8
7.872400E+3	-1.203280E-6	1.862660E-8
7.883500E+3	-1.199550E-6	2.607710E-8
7.905100E+3	-1.173470E-6	7.450640E-9
7.916400E+3	-1.091520E-6	-6.705570E-8
7.929000E+3	-1.098970E-6	-3.352780E-8
7.949100E+3	-1.080340E-6	0.000000E+0
7.959400E+3	-1.046810E-6	-1.862660E-8
7.979900E+3	-1.076620E-6	5.215430E-8
7.989800E+3	-1.057990E-6	5.960510E-8
8.012700E+3	-1.013290E-6	6.333040E-8
8.023300E+3	-9.238760E-7	-2.235190E-8
8.043400E+3	-9.946600E-7	6.333040E-8
8.053500E+3	-9.164250E-7	-3.725320E-9
8.062700E+3	-8.717220E-7	-3.725310E-8
8.086600E+3	-9.089740E-7	4.842900E-8
8.095700E+3	-8.717220E-7	2.607710E-8
8.120000E+3	-8.754470E-7	6.333040E-8
8.129200E+3	-8.270180E-7	2.607710E-8
8.141900E+3	-7.748640E-7	-3.725320E-9
8.162400E+3	-8.009410E-7	4.470370E-8
8.174600E+3	-7.040840E-7	-5.960510E-8
8.185900E+3	-7.860400E-7	2.607710E-8
8.205400E+3	-7.636880E-7	4.470370E-8
8.216600E+3	-6.854570E-7	-2.980250E-8
8.236000E+3	-7.301610E-7	2.980250E-8
8.247000E+3	-7.413360E-7	5.587960E-8
8.266500E+3	-7.078090E-7	2.980250E-8
8.276900E+3	-6.370280E-7	-3.352780E-8
8.297100E+3	-6.742810E-7	2.980250E-8
8.307100E+3	-6.370280E-7	1.117590E-8
8.329700E+3	-5.960500E-7	2.235190E-8
8.340500E+3	-5.662480E-7	2.607710E-8
8.349600E+3	-4.507620E-7	-4.842900E-8
8.373700E+3	-5.178190E-7	5.587960E-8
8.383100E+3	-4.246850E-7	-2.607710E-8
8.404400E+3	-3.911570E-7	-1.117590E-8
8.413500E+3	-4.097840E-7	1.117590E-8
8.434700E+3	-4.097840E-7	6.333040E-8
8.446700E+3	-3.315530E-7	0.000000E+0
8.456500E+3	-3.948830E-7	7.823160E-8
8.480000E+3	-3.129260E-7	3.352780E-8
8.489200E+3	-2.495960E-7	-3.725320E-9
8.510300E+3	-2.384200E-7	-2.607710E-8
8.519900E+3	-2.607720E-7	7.450640E-9
8.534100E+3	-2.533220E-7	2.980250E-8
8.553600E+3	-2.086170E-7	2.980250E-8
8.566800E+3	-1.043090E-7	-4.097840E-8
8.579900E+3	-1.713640E-7	5.587960E-8
8.599500E+3	-1.043090E-7	6.333040E-8
8.610500E+3	-3.725310E-8	0.000000E+0
8.632000E+3	1.862660E-8	0.000000E+0
8.643200E+3	-1.862660E-8	5.215430E-8
8.662700E+3	5.215430E-8	4.097840E-8
8.673800E+3	6.333040E-8	3.352780E-8
8.693600E+3	1.154840E-7	2.980250E-8
8.704300E+3	2.458710E-7	-5.960510E-8
8.716400E+3	2.868490E-7	-6.705570E-8
8.737500E+3	2.905740E-7	-1.862660E-8
8.749900E+3	3.427290E-7	-6.333040E-8
8.759900E+3	4.097840E-7	-9.685800E-8
8.783700E+3	4.656630E-7	-3.725320E-9
8.793100E+3	5.401710E-7	-4.470370E-8
8.814000E+3	5.997750E-7	-3.352780E-8
8.823800E+3	5.550720E-7	4.470370E-8
8.847500E+3	6.519290E-7	1.117590E-8
8.856700E+3	7.450620E-7	-1.117590E-8
8.869600E+3	8.121170E-7	-2.980250E-8
8.890000E+3	9.685830E-7	-8.568210E-8
8.900500E+3	9.685830E-7	-3.352780E-8
8.920500E+3	1.117590E-6	-6.333040E-8
8.931400E+3	1.121320E-6	-2.235190E-8
8.941600E+3	1.158570E-6	-2.980250E-8
8.963800E+3	1.300130E-6	-6.705570E-8
8.974800E+3	1.303860E-6	-1.862660E-8
8.996300E+3	1.501300E-6	-8.568210E-8
9.007600E+3	1.490120E-6	0.000000E+0
9.017100E+3	1.549730E-6	3.725320E-9
9.040300E+3	1.683840E-6	7.450640E-9
9.050600E+3	1.754620E-6	1.862660E-8
9.073900E+3	1.929710E-6	-2.235190E-8
9.084000E+3	2.052650E-6	-6.705570E-8
9.096200E+3	2.134610E-6	-7.078100E-8
9.117500E+3	2.309690E-6	-8.940740E-8
9.129500E+3	2.421450E-6	-1.080340E-7
9.139200E+3	2.477330E-6	-8.940740E-8
9.159600E+3	2.663600E-6	-8.195680E-8
9.169800E+3	2.685950E-6	-2.235190E-8
9.189800E+3	2.928090E-6	-1.043090E-7
9.200700E+3	2.924370E-6	-1.862660E-8
9.220300E+3	3.136710E-6	-7.450630E-8
9.241500E+3	3.296900E-6	-4.097840E-8
9.251100E+3	3.378850E-6	-3.352780E-8
9.262400E+3	3.490610E-6	-4.842900E-8
9.282000E+3	3.747660E-6	-1.154840E-7
9.295400E+3	3.773730E-6	-5.587960E-8
9.315300E+3	4.019620E-6	-1.154840E-7
9.326800E+3	4.056870E-6	-5.215430E-8
9.346400E+3	4.272940E-6	-9.685800E-8
9.357700E+3	4.343720E-6	-7.450630E-8
9.377200E+3	4.570960E-6	-1.490130E-7
9.388100E+3	4.638020E-6	-1.080340E-7
9.400400E+3	4.760950E-6	-1.266610E-7
9.421200E+3	4.880160E-6	-1.117590E-7
9.430700E+3	4.973290E-6	-1.266610E-7
9.454200E+3	5.140930E-6	-1.229350E-7
9.464500E+3	5.293670E-6	-1.825400E-7
9.485200E+3	5.383070E-6	-1.080340E-7
9.495000E+3	5.535810E-6	-1.676390E-7
9.505000E+3	5.643840E-6	-1.937160E-7
9.528600E+3	5.763050E-6	-1.713640E-7
9.537900E+3	5.848730E-6	-1.750900E-7
9.551900E+3	5.878540E-6	-1.527380E-7
9.571100E+3	6.053630E-6	-2.048920E-7
9.584000E+3	6.094600E-6	-1.862650E-7
9.595000E+3	6.102050E-6	-1.341110E-7
9.616900E+3	6.292040E-6	-1.862650E-7
9.628200E+3	6.288320E-6	-1.303860E-7
9.647800E+3	6.418700E-6	-2.048920E-7
9.659000E+3	6.448510E-6	-2.048920E-7
9.680800E+3	6.571440E-6	-2.384200E-7
9.692200E+3	6.567720E-6	-1.825400E-7
9.711800E+3	6.668300E-6	-1.937160E-7
9.723100E+3	6.675750E-6	-1.788150E-7
9.742700E+3	6.731630E-6	-1.937160E-7
9.753600E+3	6.735350E-6	-1.937160E-7
9.773500E+3	6.787510E-6	-2.048920E-7
9.783900E+3	6.817310E-6	-2.160680E-7
9.804200E+3	6.862010E-6	-1.937160E-7
9.814200E+3	6.925340E-6	-2.346940E-7
9.823900E+3	6.977500E-6	-2.533220E-7
9.847700E+3	6.966320E-6	-1.899910E-7
9.857000E+3	7.029650E-6	-2.309690E-7
9.869900E+3	6.996120E-6	-1.899910E-7
9.890600E+3	7.048280E-6	-2.421460E-7
9.901000E+3	7.011030E-6	-2.086170E-7
9.924100E+3	7.029650E-6	-2.495960E-7
9.933800E+3	7.022200E-6	-2.570470E-7
9.954400E+3	7.011030E-6	-2.495960E-7
9.964500E+3	6.966320E-6	-2.160680E-7
9.984800E+3	6.977500E-6	-2.570470E-7
9.995400E+3	6.947700E-6	-2.346940E-7
1.000900E+4	6.947700E-6	-2.384200E-7
1.002800E+4	6.899270E-6	-2.235180E-7
1.003920E+4	6.869460E-6	-2.011670E-7
1.005880E+4	6.847110E-6	-2.086170E-7
1.006970E+4	6.854560E-6	-2.123420E-7
1.009260E+4	6.832210E-6	-2.570470E-7
1.010320E+4	6.757710E-6	-2.048920E-7
1.011230E+4	6.716730E-6	-2.160680E-7
1.013640E+4	6.657120E-6	-2.160680E-7
1.014570E+4	6.586340E-6	-1.825400E-7
1.016920E+4	6.526740E-6	-1.713640E-7
1.017910E+4	6.504390E-6	-2.048920E-7
1.020010E+4	6.377730E-6	-1.862650E-7
1.020940E+4	6.321850E-6	-1.899910E-7
1.022180E+4	6.306950E-6	-2.384200E-7
1.024310E+4	6.202640E-6	-2.123420E-7
1.025250E+4	6.165380E-6	-2.272440E-7
1.027640E+4	5.982850E-6	-1.601880E-7
1.028550E+4	5.982850E-6	-2.309690E-7
1.029650E+4	5.900890E-6	-2.086170E-7
1.031880E+4	5.789130E-6	-2.235180E-7
1.032900E+4	5.636390E-6	-1.601880E-7
1.034930E+4	5.509730E-6	-1.825400E-7
1.036000E+4	5.427780E-6	-1.676390E-7
1.037980E+4	5.349550E-6	-2.458710E-7
1.039100E+4	5.286220E-6	-2.570470E-7
1.040400E+4	5.137200E-6	-1.713640E-7
1.042390E+4	5.032900E-6	-2.086170E-7
1.043790E+4	4.883880E-6	-1.527380E-7
1.045790E+4	4.779580E-6	-1.937160E-7
1.046850E+4	4.686440E-6	-1.788150E-7
1.048870E+4	4.485280E-6	-1.341110E-7
1.049890E+4	4.418220E-6	-1.564630E-7
1.051850E+4	4.224510E-6	-1.229350E-7
1.052910E+4	4.202160E-6	-1.788150E-7
1.054940E+4	3.978640E-6	-1.005830E-7
1.055950E+4	3.956290E-6	-1.452870E-7
1.056890E+4	3.874330E-6	-1.490130E-7
1.059280E+4	3.639620E-6	-9.685800E-8
1.060240E+4	3.598640E-6	-1.639140E-7
1.061280E+4	3.483160E-6	-1.564630E-7
1.063550E+4	3.326700E-6	-1.676390E-7
1.064670E+4	3.203760E-6	-1.303860E-7
1.066920E+4	3.069650E-6	-1.564630E-7
1.067960E+4	2.909470E-6	-7.450630E-8
1.069970E+4	2.838690E-6	-1.378370E-7
1.071060E+4	2.678500E-6	-6.705570E-8
1.073020E+4	2.488510E-6	-5.587960E-8
1.074140E+4	2.436350E-6	-6.333040E-8
1.076100E+4	2.279890E-6	-5.960510E-8
1.077240E+4	2.201660E-6	-6.705570E-8
1.078180E+4	2.119700E-6	-7.450630E-8
1.080540E+4	1.955790E-6	-4.470370E-8
1.081550E+4	1.944620E-6	-1.192100E-7
1.083630E+4	1.799320E-6	-1.303860E-7
1.084900E+4	1.706190E-6	-1.229350E-7
1.085880E+4	1.627960E-6	-1.043090E-7
1.087940E+4	1.404440E-6	-2.607710E-8
1.089170E+4	1.352290E-6	-6.333040E-8
1.091310E+4	1.233080E-6	-5.960510E-8
1.091310E+4	1.233080E-6	-5.960510E-8
1.093570E+4	1.087790E-6	-3.725310E-8
1.095590E+4	9.685830E-7	-6.333040E-8
1.096700E+4	8.605460E-7	0.000000E+0
1.098970E+4	7.599630E-7	-4.842900E-8
1.100010E+4	6.519290E-7	0.000000E+0
1.101130E+4	5.699730E-7	7.450640E-9
1.103400E+4	4.917420E-7	-4.470370E-8
1.104470E+4	3.911570E-7	-1.490130E-8
1.106650E+4	3.464540E-7	-6.333040E-8
1.107760E+4	1.825400E-7	3.725310E-8
1.109000E+4	2.123420E-7	-5.215430E-8
1.111040E+4	4.842900E-8	2.980250E-8
1.112050E+4	3.352780E-8	7.450640E-9
1.114330E+4	-4.842900E-8	-1.862660E-8
1.115430E+4	-1.378370E-7	1.117590E-8
1.117470E+4	-2.458710E-7	1.862660E-8
1.118520E+4	-2.533220E-7	-7.450640E-9
1.120600E+4	-3.203770E-7	1.490130E-8
1.121570E+4	-3.352780E-7	-1.117590E-8
1.122550E+4	-4.135090E-7	3.352780E-8
1.124900E+4	-4.135090E-7	-2.980250E-8
1.125830E+4	-4.470370E-7	-3.725320E-9
1.127940E+4	-5.923250E-7	8.195680E-8
1.129150E+4	-5.364450E-7	-3.725320E-9
1.130190E+4	-5.736980E-7	0.000000E+0
1.132500E+4	-6.444790E-7	0.000000E+0
1.133490E+4	-7.599630E-7	9.685800E-8
1.135550E+4	-7.450620E-7	2.980250E-8
1.136590E+4	-8.046660E-7	8.195680E-8
1.138620E+4	-7.674130E-7	1.862660E-8
1.139700E+4	-8.642710E-7	7.823160E-8
1.141000E+4	-8.121170E-7	2.235190E-8
1.143090E+4	-8.419190E-7	7.450640E-9
1.144420E+4	-9.499530E-7	9.313270E-8
1.145350E+4	-8.940730E-7	-3.725320E-9
1.147490E+4	-9.201500E-7	-2.235190E-8
1.148730E+4	-9.127000E-7	-2.980250E-8
1.150840E+4	-1.024460E-6	7.823160E-8
1.151790E+4	-1.039360E-6	8.195680E-8
1.153090E+4	-9.946600E-7	1.490130E-8
1.155140E+4	-9.834840E-7	0.000000E+0
1.157220E+4	-1.069170E-6	9.685800E-8
1.158200E+4	-9.685830E-7	0.000000E+0
1.159200E+4	-1.013290E-6	3.352780E-8
1.161280E+4	-1.065440E-6	8.195680E-8
1.162610E+4	-9.872090E-7	0.000000E+0
1.164670E+4	-1.031910E-6	2.980250E-8
1.165720E+4	-1.076620E-6	7.078100E-8
1.166800E+4	-1.039360E-6	3.725310E-8
1.169000E+4	-1.031910E-6	3.725310E-8
1.170110E+4	-1.080340E-6	9.685800E-8
1.172080E+4	-1.076620E-6	6.705570E-8
1.173170E+4	-1.031910E-6	2.235190E-8
1.175190E+4	-1.110140E-6	8.568210E-8
1.176220E+4	-1.035640E-6	1.862660E-8
1.178270E+4	-1.084070E-6	8.568210E-8
1.179270E+4	-1.039360E-6	4.842900E-8
1.181390E+4	-1.102690E-6	1.229350E-7
1.182340E+4	-1.002110E-6	2.980250E-8
1.184490E+4	-1.013290E-6	4.097840E-8
1.185440E+4	-9.723080E-7	1.490130E-8
1.187580E+4	-1.076620E-6	9.313270E-8
1.188510E+4	-1.069170E-6	7.450630E-8
1.189790E+4	-9.909340E-7	-1.117590E-8
1.191840E+4	-1.009560E-6	0.000000E+0
1.192880E+4	-1.017010E-6	1.862660E-8
1.194890E+4	-9.983850E-7	1.490130E-8
1.195970E+4	-1.028190E-6	5.960510E-8
1.198230E+4	-9.723080E-7	2.980250E-8
1.199240E+4	-9.536820E-7	1.862660E-8
1.200360E+4	-9.350520E-7	1.862660E-8
1.202540E+4	-9.462270E-7	1.862660E-8
1.203670E+4	-9.723080E-7	2.980250E-8
1.205640E+4	-1.043090E-6	1.005830E-7
1.206760E+4	-1.005840E-6	8.195680E-8
1.208940E+4	-9.834840E-7	5.215430E-8
1.210050E+4	-1.050540E-6	1.266610E-7
1.212020E+4	-9.983850E-7	1.043090E-7
1.213140E+4	-1.017010E-6	1.080340E-7
1.214090E+4	-9.313260E-7	1.117590E-8
1.216450E+4	-9.983850E-7	6.333040E-8
1.217480E+4	-9.462270E-7	1.490130E-8
1.219880E+4	-9.723080E-7	6.333040E-8
1.220880E+4	-9.499530E-7	6.333040E-8
1.221860E+4	-8.828970E-7	2.980250E-8
1.224260E+4	-9.238760E-7	1.005830E-7
1.225200E+4	-9.052490E-7	7.450630E-8
1.227620E+4	-9.350520E-7	1.192100E-7
1.228560E+4	-9.164250E-7	8.568210E-8
1.229800E+4	-8.419190E-7	3.725320E-9
1.231920E+4	-9.015240E-7	7.450630E-8
1.233150E+4	-8.307430E-7	1.117590E-8
1.234210E+4	-8.977990E-7	8.940740E-8
1.236200E+4	-8.940730E-7	1.005830E-7
1.237300E+4	-8.121170E-7	3.725310E-8
1.239530E+4	-8.232930E-7	4.470370E-8
1.240570E+4	-8.679960E-7	9.313270E-8
1.242570E+4	-8.344690E-7	6.333040E-8
1.243670E+4	-8.232930E-7	6.333040E-8
1.245660E+4	-8.493700E-7	9.313270E-8
1.246770E+4	-8.381940E-7	1.043090E-7
1.248070E+4	-7.748640E-7	6.333040E-8
1.250060E+4	-7.711390E-7	5.215430E-8
1.251430E+4	-8.419190E-7	9.313270E-8
1.252340E+4	-7.636880E-7	1.862660E-8
1.254740E+4	-8.270180E-7	9.313270E-8
1.255680E+4	-7.562380E-7	1.862660E-8
1.258030E+4	-8.270180E-7	1.005830E-7
1.259050E+4	-7.748640E-7	3.725310E-8
1.260000E+4	-7.376110E-7	2.607710E-8
1.262400E+4	-8.083920E-7	1.154840E-7
1.263320E+4	-7.264350E-7	2.607710E-8
1.265450E+4	-7.040840E-7	2.607710E-8
1.266380E+4	-7.487870E-7	6.705570E-8
1.267510E+4	-6.780060E-7	1.862660E-8
1.269730E+4	-6.705560E-7	2.607710E-8
1.270810E+4	-7.376110E-7	9.313270E-8
1.273080E+4	-7.003580E-7	4.470370E-8
1.274090E+4	-7.264350E-7	6.333040E-8
1.276160E+4	-7.078090E-7	6.333040E-8
1.277210E+4	-7.301610E-7	7.078100E-8
1.279240E+4	-7.003580E-7	9.313270E-8
1.280320E+4	-7.450620E-7	1.266610E-7
1.281360E+4	-7.376110E-7	1.117590E-7
1.283600E+4	-7.078090E-7	4.097840E-8
1.284710E+4	-6.631050E-7	0.000000E+0
1.286720E+4	-7.003580E-7	5.587960E-8
1.287780E+4	-6.444790E-7	7.450640E-9
1.289820E+4	-7.003580E-7	7.823160E-8
1.290840E+4	-6.742810E-7	5.587960E-8
1.293200E+4	-6.780060E-7	4.470370E-8
1.294180E+4	-6.184020E-7	0.000000E+0
1.296210E+4	-6.668310E-7	6.705570E-8
1.297260E+4	-5.997750E-7	1.490130E-8
1.298200E+4	-6.482040E-7	6.333040E-8
1.300620E+4	-6.482040E-7	5.587960E-8
1.301570E+4	-5.960500E-7	-1.117590E-8
1.303670E+4	-5.886000E-7	-7.450640E-9
1.304600E+4	-5.736980E-7	-7.450640E-9
1.306740E+4	-5.736980E-7	1.117590E-8
1.307700E+4	-6.482040E-7	9.685800E-8
1.309800E+4	-5.699730E-7	3.725320E-9
1.310810E+4	-6.072260E-7	5.215430E-8
1.312870E+4	-6.295780E-7	5.587960E-8
1.313920E+4	-6.221270E-7	3.352780E-8
1.315940E+4	-5.401710E-7	-2.980250E-8
1.317030E+4	-6.258520E-7	7.450630E-8
1.319020E+4	-6.035010E-7	5.587960E-8
1.320150E+4	-5.327200E-7	-2.235190E-8
1.322120E+4	-5.736980E-7	2.980250E-8
1.323240E+4	-6.146770E-7	5.587960E-8
1.324190E+4	-5.215440E-7	-3.725310E-8
1.326550E+4	-5.811490E-7	6.705570E-8
1.327580E+4	-5.066430E-7	0.000000E+0
1.329960E+4	-5.513470E-7	5.960510E-8
1.330950E+4	-5.327200E-7	3.352780E-8
1.331950E+4	-5.662480E-7	5.587960E-8
1.334330E+4	-5.662480E-7	3.352780E-8
1.335270E+4	-5.550720E-7	2.607710E-8
1.337410E+4	-4.917420E-7	-2.980250E-8
1.338390E+4	-5.513470E-7	3.352780E-8
1.340500E+4	-5.364450E-7	4.470370E-8
1.341740E+4	-4.768410E-7	0.000000E+0
1.342840E+4	-5.289950E-7	5.960510E-8
1.345100E+4	-4.656630E-7	2.607710E-8
1.346130E+4	-4.954670E-7	6.333040E-8
1.347230E+4	-5.327200E-7	1.005830E-7
1.349430E+4	-4.693880E-7	1.862660E-8
1.350570E+4	-4.917420E-7	4.470370E-8
1.352770E+4	-4.470370E-7	-7.450640E-9
1.353880E+4	-4.470370E-7	3.725320E-9
1.355220E+4	-5.103680E-7	9.313270E-8
1.357160E+4	-4.209600E-7	2.980250E-8
1.358560E+4	-4.135090E-7	7.450640E-9
1.359490E+4	-4.954670E-7	9.313270E-8
1.361880E+4	-5.029180E-7	9.685800E-8
1.362870E+4	-4.172340E-7	1.862660E-8
1.364970E+4	-4.880170E-7	6.705570E-8
1.365910E+4	-4.284100E-7	-7.450640E-9
1.368040E+4	-4.842910E-7	8.195680E-8
1.368980E+4	-4.507620E-7	4.470370E-8
1.371370E+4	-4.768410E-7	7.078100E-8
1.372340E+4	-4.693880E-7	6.333040E-8
1.373580E+4	-3.837070E-7	-1.490130E-8
1.375730E+4	-4.097840E-7	7.450640E-9
1.376680E+4	-4.582130E-7	5.587960E-8
1.378800E+4	-4.060580E-7	1.862660E-8
1.379800E+4	-4.470370E-7	6.705570E-8
1.381870E+4	-3.874320E-7	7.450640E-9
1.382920E+4	-4.209600E-7	5.960510E-8
1.384950E+4	-3.837070E-7	7.450640E-9
1.386030E+4	-3.948830E-7	3.352780E-8
1.388020E+4	-3.725310E-7	3.725320E-9
1.389130E+4	-4.284100E-7	6.333040E-8
1.391120E+4	-4.470370E-7	8.195680E-8
1.392250E+4	-3.911570E-7	4.097840E-8
1.394240E+4	-3.576300E-7	-1.117590E-8
1.395360E+4	-3.837070E-7	7.450640E-9
1.397360E+4	-4.470370E-7	4.470370E-8
1.398440E+4	-4.060580E-7	2.607710E-8
1.400510E+4	-4.284100E-7	4.470370E-8
1.401550E+4	-4.209600E-7	1.862660E-8
1.402770E+4	-3.501790E-7	-5.215430E-8
1.404910E+4	-3.501790E-7	-3.725310E-8
1.405840E+4	-3.762560E-7	0.000000E+0
1.406920E+4	-3.613550E-7	7.450640E-9
1.409180E+4	-3.129260E-7	0.000000E+0
1.410190E+4	-3.986080E-7	8.195680E-8
1.412560E+4	-3.576300E-7	2.980250E-8
1.413500E+4	-3.501790E-7	2.980250E-8
1.414930E+4	-4.097840E-7	7.823160E-8
1.416870E+4	-3.874320E-7	3.725310E-8
1.417960E+4	-3.390030E-7	-1.490130E-8
1.420260E+4	-3.315530E-7	-3.352780E-8
1.421370E+4	-3.427290E-7	-2.235190E-8
1.422680E+4	-4.023330E-7	5.960510E-8
1.424650E+4	-3.278270E-7	1.117590E-8
1.425990E+4	-3.688060E-7	6.333040E-8
1.427290E+4	-3.650800E-7	6.333040E-8
1.429290E+4	-3.203770E-7	7.450640E-9
1.430610E+4	-3.837070E-7	7.078100E-8
1.431890E+4	-3.725310E-7	8.195680E-8
1.434000E+4	-2.682230E-7	1.862660E-8
1.435270E+4	-3.352780E-7	9.685800E-8
1.437330E+4	-3.501790E-7	1.005830E-7
1.438370E+4	-3.203770E-7	4.097840E-8
1.439600E+4	-3.576300E-7	7.078100E-8
1.440660E+4	-3.688060E-7	6.333040E-8
1.443320E+4	-3.911570E-7	7.450630E-8
1.444280E+4	-3.054760E-7	0.000000E+0
1.446700E+4	-3.837070E-7	9.313270E-8
1.447640E+4	-2.905740E-7	7.450640E-9
1.448720E+4	-3.650800E-7	8.940740E-8
1.450980E+4	-3.464540E-7	7.078100E-8
1.452000E+4	-2.868490E-7	0.000000E+0
1.453130E+4	-2.868490E-7	-3.725320E-9
1.455330E+4	-3.092010E-7	3.725310E-8
1.456460E+4	-2.570470E-7	-3.725320E-9
1.457760E+4	-3.241020E-7	6.333040E-8
1.460080E+4	-2.756730E-7	-1.117590E-8
1.461400E+4	-2.570470E-7	-1.862660E-8
1.462680E+4	-3.166510E-7	5.587960E-8
1.464690E+4	-3.054760E-7	7.078100E-8
1.465730E+4	-3.129260E-7	7.450630E-8
1.466950E+4	-2.421460E-7	7.450640E-9
1.469350E+4	-3.464540E-7	6.705570E-8
1.470280E+4	-2.868490E-7	-7.450640E-9
1.472660E+4	-3.203770E-7	5.960510E-8
1.473960E+4	-2.570470E-7	-1.490130E-8
1.474900E+4	-2.905740E-7	1.862660E-8
1.476260E+4	-3.054760E-7	3.352780E-8
1.478590E+4	-3.017500E-7	1.490130E-8
1.479570E+4	-2.831240E-7	-1.490130E-8
1.481650E+4	-2.570470E-7	-2.607710E-8
1.482910E+4	-2.868490E-7	1.862660E-8
1.484220E+4	-3.166510E-7	5.960510E-8
1.486300E+4	-2.644970E-7	-1.490130E-8
1.487350E+4	-3.278270E-7	4.470370E-8
1.488760E+4	-2.756730E-7	0.000000E+0
1.490970E+4	-3.427290E-7	7.823160E-8
1.492100E+4	-2.719480E-7	1.862660E-8
1.493370E+4	-3.203770E-7	7.823160E-8
1.494320E+4	-3.017500E-7	8.195680E-8
1.497000E+4	-2.719480E-7	7.078100E-8
1.497980E+4	-1.937160E-7	-2.980250E-8
1.500330E+4	-2.346940E-7	1.490130E-8
1.501380E+4	-1.974410E-7	-4.097840E-8
1.502340E+4	-2.309690E-7	-1.117590E-8
1.504480E+4	-2.123420E-7	-3.352780E-8
1.505720E+4	-1.974410E-7	-5.215430E-8
1.506990E+4	-2.831240E-7	2.980250E-8
1.509410E+4	-1.788150E-7	-4.842900E-8
1.510350E+4	-2.235180E-7	-1.117590E-8
1.512760E+4	-2.905740E-7	4.470370E-8
1.513720E+4	-2.570470E-7	7.450640E-9
1.514740E+4	-2.682230E-7	2.980250E-8
1.517110E+4	-2.570470E-7	3.725310E-8
1.518170E+4	-2.570470E-7	3.725310E-8
1.519240E+4	-2.346940E-7	2.607710E-8
1.521480E+4	-2.756730E-7	6.333040E-8
1.522610E+4	-2.719480E-7	4.470370E-8
1.524810E+4	-2.570470E-7	3.725310E-8
1.525930E+4	-2.160680E-7	1.862660E-8
1.527240E+4	-2.793990E-7	8.940740E-8
1.529520E+4	-2.682230E-7	7.823160E-8
1.530840E+4	-2.421460E-7	2.980250E-8
1.532150E+4	-2.235180E-7	2.607710E-8
1.533090E+4	-2.160680E-7	-7.450640E-9
1.535480E+4	-2.458710E-7	2.980250E-8
1.536490E+4	-1.937160E-7	-3.352780E-8
1.538830E+4	-2.756730E-7	5.215430E-8
1.539890E+4	-2.011670E-7	-3.352780E-8
1.540840E+4	-2.421460E-7	1.862660E-8
1.543280E+4	-2.570470E-7	4.470370E-8
1.544220E+4	-1.601880E-7	-4.097840E-8
1.546330E+4	-1.899910E-7	7.450640E-9
1.547270E+4	-2.123420E-7	4.470370E-8
1.548660E+4	-1.266610E-7	-4.097840E-8
1.550960E+4	-1.452870E-7	-2.607710E-8
1.552220E+4	-1.601880E-7	0.000000E+0
1.553330E+4	-2.235180E-7	3.725310E-8
1.555610E+4	-1.974410E-7	2.980250E-8
1.556650E+4	-2.346940E-7	5.587960E-8
1.557990E+4	-2.197930E-7	4.470370E-8
1.560270E+4	-1.937160E-7	7.450640E-9
1.561400E+4	-2.309690E-7	6.705570E-8
1.562700E+4	-2.197930E-7	6.333040E-8
1.564710E+4	-2.011670E-7	6.705570E-8
1.565790E+4	-1.788150E-7	5.587960E-8
1.567840E+4	-1.341110E-7	-1.117590E-8
1.569150E+4	-2.160680E-7	6.705570E-8
1.570090E+4	-2.086170E-7	4.097840E-8
1.572460E+4	-2.533220E-7	9.685800E-8
1.573460E+4	-2.495960E-7	8.568210E-8
1.575780E+4	-2.235180E-7	5.587960E-8
1.577150E+4	-2.272440E-7	4.842900E-8
1.578090E+4	-2.086170E-7	1.490130E-8
1.579400E+4	-1.639140E-7	-3.352780E-8
1.581790E+4	-1.303860E-7	-2.607710E-8
1.582750E+4	-1.676390E-7	2.607710E-8
1.584170E+4	-2.011670E-7	6.705570E-8
1.586450E+4	-2.048920E-7	1.490130E-8
1.587710E+4	-1.415620E-7	-4.842900E-8
1.588840E+4	-2.235180E-7	4.470370E-8
1.591100E+4	-1.452870E-7	-3.352780E-8
1.592160E+4	-1.750900E-7	1.117590E-8
1.593540E+4	-2.123420E-7	4.097840E-8
1.595580E+4	-2.048920E-7	3.725310E-8
1.596880E+4	-2.011670E-7	4.097840E-8
1.597870E+4	-2.123420E-7	3.352780E-8
1.600230E+4	-2.197930E-7	6.333040E-8
1.601270E+4	-2.011670E-7	5.960510E-8
1.603370E+4	-1.564630E-7	1.117590E-8
1.604650E+4	-2.235180E-7	8.195680E-8
1.606670E+4	-1.676390E-7	7.450640E-9
1.607990E+4	-2.384200E-7	5.960510E-8
1.608960E+4	-2.011670E-7	1.490130E-8
1.610200E+4	-1.415620E-7	-3.352780E-8
1.612640E+4	-2.235180E-7	5.215430E-8
1.613590E+4	-1.639140E-7	0.000000E+0
1.616020E+4	-2.160680E-7	5.587960E-8
1.616970E+4	-1.341110E-7	0.000000E+0
1.618040E+4	-2.011670E-7	7.450630E-8
1.620380E+4	-1.676390E-7	2.980250E-8
1.621390E+4	-1.266610E-7	-1.117590E-8
1.622520E+4	-1.154840E-7	-4.470370E-8
1.624740E+4	-1.266610E-7	-4.842900E-8
1.625860E+4	-1.341110E-7	-3.725310E-8
1.628100E+4	-1.490130E-7	-3.352780E-8
1.629170E+4	-2.086170E-7	2.980250E-8
1.631190E+4	-1.303860E-7	-2.980250E-8
1.632300E+4	-1.452870E-7	3.725320E-9
1.633650E+4	-1.601880E-7	3.352780E-8
1.635910E+4	-1.415620E-7	0.000000E+0
1.637020E+4	-2.235180E-7	8.568210E-8
1.637980E+4	-2.346940E-7	1.229350E-7
1.640380E+4	-2.048920E-7	1.043090E-7
1.641370E+4	-1.080340E-7	1.862660E-8
1.642380E+4	-1.825400E-7	8.195680E-8
1.645070E+4	-1.229350E-7	7.450640E-9
1.646000E+4	-1.043090E-7	-1.490130E-8
1.647290E+4	-1.713640E-7	3.352780E-8
1.649680E+4	-1.564630E-7	1.862660E-8
1.650620E+4	-1.117590E-7	-1.862660E-8
1.651950E+4	-8.195680E-8	-3.352780E-8
1.654660E+4	-1.601880E-7	5.587960E-8
1.655640E+4	-1.750900E-7	6.333040E-8
1.656950E+4	-9.313270E-8	-2.980250E-8
1.658070E+4	-9.685800E-8	-2.980250E-8
1.660590E+4	-9.313270E-8	-3.352780E-8
1.661700E+4	-1.601880E-7	4.470370E-8
1.663700E+4	-9.685800E-8	7.450640E-9
1.665020E+4	-1.601880E-7	8.195680E-8
1.666090E+4	-1.415620E-7	4.842900E-8
1.668340E+4	-1.899910E-7	7.823160E-8
1.669650E+4	-1.527380E-7	5.215430E-8
1.670700E+4	-8.195680E-8	-1.490130E-8
1.672740E+4	-1.080340E-7	3.725320E-9
1.674060E+4	-1.080340E-7	2.235190E-8
1.676140E+4	-1.564630E-7	8.568210E-8
1.677130E+4	-1.117590E-7	8.568210E-8
1.678080E+4	-1.452870E-7	2.980250E-8
1.680540E+4	-1.154840E-7	-4.470370E-8
1.681490E+4	-1.937160E-7	3.352780E-8
1.682810E+4	-1.490130E-7	0.000000E+0
1.685170E+4	-6.705570E-8	-7.078100E-8
1.686400E+4	-8.940740E-8	-3.352780E-8
1.687450E+4	-7.078100E-8	-3.725310E-8
1.689490E+4	-1.564630E-7	4.470370E-8
1.690870E+4	-1.303860E-7	3.725320E-9
1.691950E+4	-1.154840E-7	-3.725320E-9
1.694180E+4	-9.685800E-8	-3.725320E-9
1.695510E+4	-1.825400E-7	7.823160E-8
1.697790E+4	-1.266610E-7	1.117590E-8
1.698820E+4	-1.788150E-7	4.097840E-8
1.700240E+4	-9.685800E-8	-4.842900E-8
1.701510E+4	-1.527380E-7	-1.117590E-8
1.702460E+4	-1.527380E-7	3.725320E-9
1.705100E+4	-1.452870E-7	7.450640E-9
1.706140E+4	-1.154840E-7	-7.450640E-9
1.708250E+4	-1.564630E-7	5.587960E-8
1.709230E+4	-9.685800E-8	7.450640E-9
1.710480E+4	-8.568210E-8	-1.117590E-8
1.712950E+4	-8.568210E-8	0.000000E+0
1.714180E+4	-1.303860E-7	6.333040E-8
1.715430E+4	-9.685800E-8	2.980250E-8
1.715430E+4	-9.685800E-8	2.980250E-8
1.718790E+4	-7.078100E-8	0.000000E+0
1.720930E+4	-9.685800E-8	-7.450640E-9
1.721890E+4	-1.154840E-7	1.117590E-8
1.723170E+4	-1.639140E-7	6.333040E-8
1.724580E+4	-1.564630E-7	2.980250E-8
1.726580E+4	-1.192100E-7	3.725320E-9
1.727710E+4	-1.937160E-7	7.450630E-8
1.729710E+4	-8.195680E-8	-1.117590E-8
1.730840E+4	-9.685800E-8	1.490130E-8
1.733060E+4	-1.527380E-7	6.333040E-8
1.734200E+4	-6.705570E-8	-2.235190E-8
1.735480E+4	-1.303860E-7	2.607710E-8
1.737530E+4	-1.601880E-7	5.960510E-8
1.737530E+4	-1.601880E-7	5.960510E-8
1.740850E+4	-1.341110E-7	6.333040E-8
1.742190E+4	-1.341110E-7	7.450630E-8
1.743210E+4	-9.685800E-8	2.607710E-8
1.745310E+4	-2.980250E-8	-2.980250E-8
1.746600E+4	-1.862660E-8	-3.352780E-8
1.747550E+4	-7.078100E-8	2.980250E-8
1.750020E+4	-5.215430E-8	0.000000E+0
1.750970E+4	-7.450630E-8	2.235190E-8
1.752280E+4	-8.568210E-8	2.607710E-8
1.753620E+4	-1.117590E-7	5.215430E-8
1.756220E+4	-4.097840E-8	-1.862660E-8
1.757480E+4	-1.378370E-7	6.705570E-8
1.758790E+4	-1.080340E-7	4.097840E-8
1.760890E+4	-1.303860E-7	7.078100E-8
1.762140E+4	-1.490130E-7	9.313270E-8
1.763550E+4	-1.415620E-7	7.078100E-8
1.764600E+4	-5.587960E-8	-2.235190E-8
1.766860E+4	-1.303860E-7	4.470370E-8
1.768180E+4	-1.192100E-7	0.000000E+0
1.769210E+4	-7.823160E-8	-6.705570E-8
1.771770E+4	-1.080340E-7	-1.490130E-8
1.772880E+4	-5.215430E-8	-5.960510E-8
1.774140E+4	-4.842900E-8	-5.960510E-8
1.776450E+4	-1.154840E-7	2.607710E-8
1.777790E+4	-3.352780E-8	-2.235190E-8
1.779110E+4	-4.097840E-8	-3.352780E-8
1.780090E+4	-1.154840E-7	5.215430E-8
1.782510E+4	-3.725310E-8	-6.705570E-8
1.783760E+4	-4.842900E-8	-6.705570E-8
1.785010E+4	-7.450630E-8	-5.960510E-8
1.786100E+4	-1.154840E-7	-2.980250E-8
1.788720E+4	-8.195680E-8	-5.960510E-8
1.789720E+4	-1.490130E-7	1.117590E-8
1.791040E+4	-1.341110E-7	2.235190E-8
1.793350E+4	-6.705570E-8	-5.587960E-8
1.794660E+4	-6.705570E-8	-3.725310E-8
1.795790E+4	-1.378370E-7	5.215430E-8
1.797800E+4	-1.229350E-7	4.842900E-8
1.799140E+4	-6.333040E-8	1.862660E-8
1.799140E+4	-6.333040E-8	1.862660E-8
1.802700E+4	-1.117590E-7	4.842900E-8
1.804040E+4	-7.450630E-8	2.235190E-8
1.805160E+4	-8.568210E-8	1.862660E-8
1.807500E+4	-1.303860E-7	4.470370E-8
1.808550E+4	-1.750900E-7	8.195680E-8
1.809540E+4	-1.788150E-7	9.313270E-8
1.811970E+4	-7.450630E-8	0.000000E+0
1.813240E+4	-7.078100E-8	1.117590E-8
1.814490E+4	-5.587960E-8	3.725320E-9
1.816860E+4	-8.940740E-8	4.470370E-8
1.817900E+4	-3.725310E-8	0.000000E+0
1.819140E+4	-3.725310E-8	-1.117590E-8
1.820180E+4	-1.154840E-7	4.842900E-8
1.822860E+4	-1.154840E-7	4.097840E-8
1.823830E+4	-7.078100E-8	1.862660E-8
1.826270E+4	-5.587960E-8	-3.725320E-9
1.827220E+4	-9.685800E-8	3.352780E-8
1.828490E+4	-4.842900E-8	-1.117590E-8
1.830590E+4	-2.607710E-8	-3.352780E-8
1.831620E+4	-6.333040E-8	7.450640E-9
1.833700E+4	-1.192100E-7	5.215430E-8
1.835040E+4	-1.303860E-7	6.705570E-8
1.836090E+4	-7.450630E-8	-3.725320E-9
1.838650E+4	-1.005830E-7	-1.490130E-8
1.839720E+4	-1.303860E-7	2.235190E-8
1.840820E+4	-4.842900E-8	-3.352780E-8
1.843090E+4	-6.333040E-8	-3.725320E-9
1.844440E+4	-6.705570E-8	-1.862660E-8
1.845490E+4	-9.685800E-8	2.980250E-8
1.846750E+4	-1.490130E-8	-5.960510E-8
1.849170E+4	-7.450630E-8	-7.450640E-9
1.850430E+4	-1.154840E-7	4.097840E-8
1.851380E+4	-2.980250E-8	-5.215430E-8
1.853530E+4	-2.980250E-8	-3.725310E-8
1.854770E+4	-3.352780E-8	-4.097840E-8
1.856930E+4	-4.842900E-8	-4.842900E-8
1.858190E+4	-1.080340E-7	0.000000E+0
1.859200E+4	-1.378370E-7	4.097840E-8
1.861310E+4	-1.154840E-7	4.470370E-8
1.862650E+4	-1.080340E-7	6.333040E-8
1.863990E+4	-9.313270E-8	5.960510E-8
1.866290E+4	-9.685800E-8	6.705570E-8
1.867550E+4	-5.215430E-8	2.980250E-8
1.868870E+4	-2.980250E-8	7.450640E-9
1.871280E+4	-5.960510E-8	0.000000E+0
1.872330E+4	-3.725310E-8	-1.862660E-8
1.873430E+4	-5.215430E-8	-2.235190E-8
1.875680E+4	-5.960510E-8	1.117590E-8
1.876820E+4	-1.378370E-7	7.823160E-8
1.877800E+4	-8.568210E-8	4.097840E-8
1.880170E+4	-5.215430E-8	3.725320E-9
1.881490E+4	-1.117590E-7	6.333040E-8
1.882460E+4	-7.450630E-8	3.725310E-8
1.884850E+4	-1.229350E-7	7.450630E-8
1.885870E+4	-1.043090E-7	5.215430E-8
1.887100E+4	-6.705570E-8	7.450640E-9
1.889570E+4	-2.607710E-8	-2.607710E-8
1.890840E+4	-7.450630E-8	1.862660E-8
1.891830E+4	-9.685800E-8	2.980250E-8
1.893160E+4	-1.080340E-7	4.470370E-8
1.895480E+4	-1.341110E-7	4.842900E-8
1.896780E+4	-1.229350E-7	3.352780E-8
1.898890E+4	-1.154840E-7	2.980250E-8
1.900150E+4	-4.470370E-8	-3.725310E-8
1.901270E+4	-5.587960E-8	-1.117590E-8
1.903560E+4	-8.568210E-8	2.607710E-8
1.904830E+4	-2.607710E-8	-4.097840E-8
1.905950E+4	-6.705570E-8	-3.725320E-9
1.907270E+4	-8.940740E-8	-1.117590E-8
1.909600E+4	-1.043090E-7	1.862660E-8
1.910690E+4	-5.960510E-8	-2.980250E-8
1.912940E+4	-1.341110E-7	5.215430E-8
1.914070E+4	-9.313270E-8	0.000000E+0
1.915350E+4	-7.078100E-8	-7.450640E-9
1.917410E+4	-1.564630E-7	8.195680E-8
1.918720E+4	-1.080340E-7	3.352780E-8
1.919700E+4	-1.266610E-7	5.215430E-8
1.921870E+4	-9.685800E-8	4.097840E-8
1.923150E+4	-7.450630E-8	2.980250E-8
1.924420E+4	-5.960510E-8	-1.490130E-8
1.926820E+4	-1.415620E-7	8.195680E-8
1.927790E+4	-1.080340E-7	6.333040E-8
1.929070E+4	-8.940740E-8	5.960510E-8
1.931500E+4	-3.725320E-9	3.725320E-9
1.932480E+4	-4.842900E-8	4.842900E-8
1.934650E+4	-2.980250E-8	2.980250E-8
1.935630E+4	-8.568210E-8	6.333040E-8
1.937050E+4	-7.450630E-8	6.333040E-8
1.939060E+4	-1.080340E-7	6.705570E-8
1.940400E+4	-8.568210E-8	5.587960E-8
1.941730E+4	-8.568210E-8	4.842900E-8
1.943980E+4	-1.229350E-7	5.587960E-8
1.945080E+4	-1.303860E-7	4.842900E-8
1.946130E+4	-6.705570E-8	-1.490130E-8
1.947670E+4	-3.725310E-8	-2.607710E-8
1.950010E+4	-1.229350E-7	6.333040E-8
1.951070E+4	-4.097840E-8	-1.490130E-8
1.952330E+4	-5.960510E-8	0.000000E+0
1.954670E+4	-6.705570E-8	2.980250E-8
1.955490E+4	-1.043090E-7	5.587960E-8
1.956480E+4	-7.450630E-8	3.352780E-8
1.958230E+4	-6.705570E-8	1.490130E-8
1.958650E+4	-6.705570E-8	2.980250E-8
1.959090E+4	-2.607710E-8	-4.097840E-8
1.959590E+4	-1.378370E-7	2.980250E-8
1.959500E+4	-8.195680E-8	-3.352780E-8
1.959410E+4	-5.215430E-8	-5.215430E-8
1.958680E+4	-7.450630E-8	3.725320E-9
1.957960E+4	-2.980250E-8	-2.235190E-8
1.957350E+4	0.000000E+0	-2.607710E-8
1.956310E+4	-7.078100E-8	1.490130E-8
1.953900E+4	-1.862660E-8	-4.842900E-8
1.952760E+4	-7.823160E-8	0.000000E+0
1.950100E+4	-8.940740E-8	2.607710E-8
1.948450E+4	-1.043090E-7	4.470370E-8
1.945590E+4	-1.378370E-7	9.313270E-8
1.944300E+4	-6.333040E-8	2.607710E-8
1.942590E+4	-6.705570E-8	4.097840E-8
1.939560E+4	-1.154840E-7	7.823160E-8
1.938330E+4	-6.705570E-8	2.607710E-8
1.937040E+4	-1.266610E-7	7.450630E-8
1.934570E+4	-3.352780E-8	-1.117590E-8
1.933410E+4	-5.960510E-8	1.862660E-8
1.932400E+4	-2.607710E-8	-1.117590E-8
1.930000E+4	-8.568210E-8	3.352780E-8
1.928970E+4	-1.154840E-7	7.823160E-8
1.927140E+4	-5.960510E-8	1.490130E-8
1.925900E+4	-2.607710E-8	-1.490130E-8
1.924620E+4	-6.705570E-8	2.607710E-8
1.922410E+4	-8.940740E-8	2.607710E-8
1.921300E+4	-1.415620E-7	8.568210E-8
1.920340E+4	-1.452870E-7	8.195680E-8
1.919080E+4	-4.470370E-8	0.000000E+0
1.916660E+4	-1.341110E-7	7.450630E-8
1.915670E+4	-8.568210E-8	2.980250E-8
1.914350E+4	-1.080340E-7	5.587960E-8
1.912040E+4	-5.960510E-8	0.000000E+0
1.911030E+4	-8.195680E-8	2.607710E-8
1.908960E+4	-7.823160E-8	3.352780E-8
1.907930E+4	-4.097840E-8	-1.490130E-8
1.906620E+4	-6.705570E-8	-7.450640E-9
1.904390E+4	-2.607710E-8	-2.980250E-8
1.903060E+4	-1.080340E-7	6.333040E-8
1.901970E+4	-3.352780E-8	-1.117590E-8
1.899960E+4	-9.685800E-8	5.587960E-8
1.898670E+4	-1.117590E-8	-2.980250E-8
1.897420E+4	-6.705570E-8	7.450640E-9
1.895390E+4	-1.192100E-7	7.450640E-9
1.894110E+4	-1.527380E-7	1.490130E-8
1.892860E+4	-1.527380E-7	0.000000E+0
1.890530E+4	-1.229350E-7	-1.117590E-8
1.889500E+4	-1.527380E-7	2.607710E-8
1.887440E+4	-9.685800E-8	-1.117590E-8
1.886460E+4	-5.960510E-8	-4.470370E-8
1.885230E+4	-6.705570E-8	-2.235190E-8
1.882850E+4	-1.266610E-7	2.607710E-8
1.881890E+4	-1.303860E-7	2.980250E-8
1.880660E+4	-1.192100E-7	3.352780E-8
1.878550E+4	-1.192100E-7	3.725320E-9
1.877590E+4	-3.352780E-8	-8.195680E-8
1.875500E+4	-5.587960E-8	-6.705570E-8
1.874280E+4	-1.192100E-7	1.117590E-8
1.873210E+4	-3.725310E-8	-5.960510E-8
1.870920E+4	-8.940740E-8	7.450640E-9
1.869650E+4	-3.725310E-8	-5.215430E-8
1.868350E+4	-1.341110E-7	2.607710E-8
1.867050E+4	-3.352780E-8	-6.333040E-8
1.864780E+4	-1.601880E-7	3.725310E-8
1.863680E+4	-1.266610E-7	3.725320E-9
1.861690E+4	-1.117590E-7	-1.117590E-8
1.860360E+4	-6.705570E-8	-5.960510E-8
1.859360E+4	-1.490130E-7	4.097840E-8
1.858150E+4	-5.587960E-8	-4.097840E-8
1.855600E+4	-1.378370E-7	2.607710E-8
1.854520E+4	-1.303860E-7	2.235190E-8
1.853590E+4	-5.587960E-8	-4.470370E-8
1.850920E+4	-1.080340E-7	1.117590E-8
1.849960E+4	-9.685800E-8	2.235190E-8
1.848730E+4	-8.940740E-8	1.490130E-8
1.847450E+4	-4.470370E-8	-2.607710E-8
1.845080E+4	-1.080340E-7	3.352780E-8
1.843850E+4	-1.043090E-7	2.607710E-8
1.842770E+4	-1.154840E-7	1.490130E-8
1.840510E+4	-1.043090E-7	-2.235190E-8
1.839490E+4	-6.705570E-8	-5.960510E-8
1.837160E+4	-8.568210E-8	0.000000E+0
1.835940E+4	-1.154840E-7	3.352780E-8
1.834890E+4	-4.470370E-8	-1.117590E-8
1.832870E+4	-9.313270E-8	3.352780E-8
1.831780E+4	-1.192100E-7	5.587960E-8
1.829530E+4	-1.415620E-7	6.333040E-8
1.828510E+4	-8.195680E-8	-7.450640E-9
1.827410E+4	-1.452870E-7	5.587960E-8
1.826180E+4	-1.378370E-7	4.470370E-8
1.823630E+4	-1.080340E-7	1.862660E-8
1.822330E+4	-5.215430E-8	-2.235190E-8
1.821310E+4	-1.043090E-7	4.097840E-8
1.819060E+4	-1.117590E-7	2.607710E-8
1.817980E+4	-1.117590E-7	7.450640E-9
1.816760E+4	-1.564630E-7	4.097840E-8
1.814370E+4	-1.378370E-7	2.607710E-8
1.813400E+4	-1.490130E-7	3.352780E-8
1.811280E+4	-1.154840E-7	-7.450640E-9
1.810340E+4	-8.568210E-8	-3.725310E-8
1.809070E+4	-1.452870E-7	2.235190E-8
1.806970E+4	-1.452870E-7	2.980250E-8
1.805990E+4	-9.313270E-8	0.000000E+0
1.803630E+4	-1.303860E-7	2.980250E-8
1.802690E+4	-5.960510E-8	-3.725310E-8
1.801410E+4	-1.192100E-7	2.607710E-8
1.799360E+4	-1.192100E-7	7.450640E-9
1.798050E+4	-7.823160E-8	-3.725310E-8
1.796720E+4	-9.313270E-8	0.000000E+0
1.795710E+4	-5.960510E-8	-3.352780E-8
1.793210E+4	-1.154840E-7	2.980250E-8
1.792090E+4	-1.080340E-7	1.490130E-8
1.790790E+4	-1.452870E-7	3.725310E-8
1.788510E+4	-5.960510E-8	-5.960510E-8
1.787220E+4	-4.842900E-8	-5.960510E-8
1.786240E+4	-9.685800E-8	7.450640E-9
1.783960E+4	-6.705570E-8	-1.117590E-8
1.782920E+4	-9.685800E-8	7.450640E-9
1.780700E+4	-1.527380E-7	4.842900E-8
1.779590E+4	-1.043090E-7	-1.117590E-8
1.778650E+4	-1.341110E-7	0.000000E+0
1.776290E+4	-1.043090E-7	-1.862660E-8
1.775300E+4	-1.378370E-7	1.862660E-8
1.773200E+4	-1.341110E-7	1.862660E-8
1.771950E+4	-9.685800E-8	-3.352780E-8
1.771010E+4	-1.750900E-7	2.980250E-8
1.768890E+4	-1.005830E-7	-2.235190E-8
1.767650E+4	-1.750900E-7	3.725310E-8
1.766360E+4	-1.303860E-7	3.725320E-9
1.764340E+4	-1.713640E-7	4.097840E-8
1.763270E+4	-1.527380E-7	1.490130E-8
1.761960E+4	-1.043090E-7	-3.352780E-8
1.759760E+4	-1.825400E-7	4.842900E-8
1.758390E+4	-2.011670E-7	5.960510E-8
1.757340E+4	-1.229350E-7	-2.980250E-8
1.755110E+4	-1.154840E-7	-2.235190E-8
1.753800E+4	-7.823160E-8	-5.587960E-8
1.752780E+4	-1.601880E-7	3.352780E-8
1.750540E+4	-1.601880E-7	4.470370E-8
1.749460E+4	-1.490130E-7	4.470370E-8
1.748520E+4	-1.415620E-7	3.352780E-8
1.746160E+4	-1.415620E-7	2.607710E-8
1.744880E+4	-1.378370E-7	1.862660E-8
1.742790E+4	-7.450630E-8	-2.235190E-8
1.741830E+4	-1.676390E-7	7.078100E-8
1.740580E+4	-1.676390E-7	6.333040E-8
1.738160E+4	-1.490130E-7	4.842900E-8
1.736910E+4	-1.415620E-7	5.960510E-8
1.735960E+4	-1.043090E-7	0.000000E+0
1.733840E+4	-1.490130E-7	5.960510E-8
1.732610E+4	-6.705570E-8	-2.607710E-8
1.731260E+4	-7.823160E-8	-2.235190E-8
1.729960E+4	-6.705570E-8	-4.842900E-8
1.727770E+4	-6.705570E-8	-4.097840E-8
1.726410E+4	-1.154840E-7	2.235190E-8
1.725360E+4	-1.229350E-7	2.980250E-8
1.723330E+4	-1.229350E-7	7.450640E-9
1.722040E+4	-9.685800E-8	0.000000E+0
1.720800E+4	-8.568210E-8	-2.980250E-8
1.718570E+4	-9.313270E-8	-3.725310E-8
1.717180E+4	-8.940740E-8	-2.607710E-8
1.716240E+4	-1.527380E-7	4.842900E-8
1.713910E+4	-6.705570E-8	-2.980250E-8
1.712920E+4	-1.117590E-7	1.117590E-8
1.711950E+4	-1.229350E-7	2.980250E-8
1.709560E+4	-8.940740E-8	-2.980250E-8
1.708620E+4	-1.229350E-7	-3.725320E-9
1.706220E+4	-9.313270E-8	-4.842900E-8
1.705270E+4	-8.568210E-8	-6.333040E-8
1.704030E+4	-1.005830E-7	-6.333040E-8
1.701920E+4	-2.011670E-7	4.097840E-8
1.701920E+4	-2.011670E-7	4.097840E-8
1.700710E+4	-2.011670E-7	3.725310E-8
1.697340E+4	-1.601880E-7	4.470370E-8
1.696260E+4	-1.005830E-7	1.862660E-8
1.694950E+4	-6.333040E-8	-2.980250E-8
1.692780E+4	-1.490130E-7	6.333040E-8
1.691670E+4	-7.078100E-8	-1.490130E-8
1.689440E+4	-1.117590E-7	1.862660E-8
1.688410E+4	-8.568210E-8	0.000000E+0
1.687330E+4	-1.266610E-7	4.470370E-8
1.686090E+4	-1.527380E-7	7.450630E-8
1.683740E+4	-1.788150E-7	5.960510E-8
1.682470E+4	-1.415620E-7	1.490130E-8
1.681240E+4	-1.862650E-7	6.333040E-8
1.679140E+4	-1.676390E-7	7.450630E-8
1.677920E+4	-1.490130E-7	5.587960E-8
1.675810E+4	-1.490130E-7	1.862660E-8
1.674540E+4	-1.825400E-7	2.980250E-8
1.673600E+4	-1.788150E-7	1.490130E-8
1.671460E+4	-1.899910E-7	2.980250E-8
1.670490E+4	-1.341110E-7	-1.117590E-8
1.668120E+4	-1.341110E-7	-1.490130E-8
1.667180E+4	-1.043090E-7	-3.725310E-8
1.665890E+4	-1.713640E-7	3.725310E-8
1.663850E+4	-1.788150E-7	4.097840E-8
1.662520E+4	-1.676390E-7	2.235190E-8
1.661410E+4	-1.788150E-7	2.607710E-8
1.659210E+4	-1.788150E-7	2.980250E-8
1.658100E+4	-8.940740E-8	-4.470370E-8
1.657140E+4	-1.676390E-7	4.842900E-8
1.654660E+4	-1.490130E-7	3.352780E-8
1.653530E+4	-1.229350E-7	3.725320E-9
1.651570E+4	-1.154840E-7	-3.352780E-8
1.650200E+4	-1.266610E-7	-2.980250E-8
1.649260E+4	-2.160680E-7	7.078100E-8
1.647140E+4	-2.197930E-7	7.823160E-8
1.645900E+4	-1.676390E-7	3.352780E-8
1.643810E+4	-1.303860E-7	1.862660E-8
1.642550E+4	-1.452870E-7	1.862660E-8
1.641610E+4	-2.086170E-7	6.705570E-8
1.639490E+4	-1.974410E-7	2.235190E-8
1.638270E+4	-2.421460E-7	5.215430E-8
1.636150E+4	-2.011670E-7	2.980250E-8
1.636150E+4	-2.011670E-7	2.980250E-8
1.633680E+4	-1.601880E-7	-2.607710E-8
1.632570E+4	-1.303860E-7	-5.960510E-8
1.630380E+4	-1.750900E-7	-1.117590E-8
1.629100E+4	-1.527380E-7	-3.725310E-8
1.627780E+4	-1.750900E-7	-1.117590E-8
1.625780E+4	-1.899910E-7	1.862660E-8
1.624660E+4	-1.601880E-7	-2.980250E-8
1.622430E+4	-2.160680E-7	5.587960E-8
1.621370E+4	-1.341110E-7	-3.352780E-8
1.620290E+4	-2.160680E-7	4.470370E-8
1.618080E+4	-1.415620E-7	-2.980250E-8
1.616960E+4	-1.378370E-7	-3.725310E-8
1.615710E+4	-1.676390E-7	-7.450640E-9
1.613610E+4	-2.086170E-7	5.960510E-8
1.612360E+4	-1.378370E-7	-7.450640E-9
1.610320E+4	-2.123420E-7	4.842900E-8
1.609040E+4	-1.639140E-7	-1.117590E-8
1.608110E+4	-1.788150E-7	3.725320E-9
1.605740E+4	-1.415620E-7	-2.980250E-8
1.604780E+4	-2.197930E-7	5.215430E-8
1.603780E+4	-1.341110E-7	-3.352780E-8
1.601420E+4	-2.235180E-7	3.725310E-8
1.600500E+4	-1.490130E-7	-4.097840E-8
1.599100E+4	-1.527380E-7	-3.352780E-8
1.596880E+4	-2.235180E-7	3.352780E-8
1.595840E+4	-1.862650E-7	-3.725320E-9
1.593830E+4	-2.160680E-7	1.117590E-8
1.592730E+4	-2.160680E-7	2.607710E-8
1.590470E+4	-2.086170E-7	5.215430E-8
1.589430E+4	-1.527380E-7	-2.980250E-8
1.587390E+4	-2.197930E-7	2.235190E-8
1.586310E+4	-1.490130E-7	-4.842900E-8
1.585260E+4	-1.639140E-7	-3.352780E-8
1.583030E+4	-1.639140E-7	3.725320E-9
1.581920E+4	-1.452870E-7	-1.490130E-8
1.579760E+4	-2.086170E-7	6.705570E-8
1.578650E+4	-1.303860E-7	-1.490130E-8
1.577660E+4	-2.272440E-7	7.078100E-8
1.575390E+4	-1.527380E-7	-2.607710E-8
1.574350E+4	-1.937160E-7	1.117590E-8
1.573140E+4	-2.570470E-7	7.078100E-8
1.571030E+4	-2.160680E-7	3.725310E-8
1.569820E+4	-2.384200E-7	7.823160E-8
1.568800E+4	-2.086170E-7	4.470370E-8
1.566470E+4	-1.899910E-7	6.333040E-8
1.565510E+4	-2.160680E-7	8.568210E-8
1.563120E+4	-1.415620E-7	2.980250E-8
1.562190E+4	-2.086170E-7	9.313270E-8
1.560060E+4	-2.272440E-7	8.568210E-8
1.559120E+4	-1.527380E-7	0.000000E+0
1.557000E+4	-1.899910E-7	5.587960E-8
1.556010E+4	-2.272440E-7	7.078100E-8
1.554700E+4	-1.639140E-7	1.490130E-8
1.552730E+4	-1.974410E-7	5.587960E-8
1.551450E+4	-1.862650E-7	4.097840E-8
1.550330E+4	-1.601880E-7	1.117590E-8
1.548080E+4	-2.495960E-7	6.705570E-8
1.547050E+4	-1.750900E-7	0.000000E+0
1.544790E+4	-2.682230E-7	9.313270E-8
1.543660E+4	-1.750900E-7	-1.490130E-8
1.542700E+4	-2.011670E-7	7.450640E-9
1.540340E+4	-2.123420E-7	1.117590E-8
1.539310E+4	-2.607720E-7	3.352780E-8
1.537220E+4	-1.937160E-7	-3.725310E-8
1.536250E+4	-2.570470E-7	1.490130E-8
1.534150E+4	-2.831240E-7	4.097840E-8
1.533210E+4	-2.719480E-7	2.980250E-8
1.531110E+4	-1.862650E-7	-3.725310E-8
1.530190E+4	-1.676390E-7	-3.725310E-8
1.528920E+4	-2.123420E-7	3.725320E-9
1.526840E+4	-2.831240E-7	3.352780E-8
1.525830E+4	-2.197930E-7	-3.352780E-8
1.523460E+4	-2.346940E-7	-1.117590E-8
1.522510E+4	-2.235180E-7	-3.725310E-8
1.521210E+4	-2.384200E-7	-2.235190E-8
1.519170E+4	-1.862650E-7	-3.352780E-8
1.518090E+4	-1.713640E-7	-2.235190E-8
1.517030E+4	-2.272440E-7	4.097840E-8
1.514800E+4	-2.086170E-7	-3.725320E-9
1.512770E+4	-2.831240E-7	6.705570E-8
1.511710E+4	-2.235180E-7	3.725320E-9
1.510640E+4	-3.017500E-7	6.333040E-8
1.508610E+4	-2.235180E-7	-3.725310E-8
1.507590E+4	-2.495960E-7	-3.725320E-9
1.505330E+4	-2.235180E-7	3.725320E-9
1.504240E+4	-2.235180E-7	0.000000E+0
1.503000E+4	-2.943000E-7	6.333040E-8
1.500880E+4	-3.017500E-7	9.313270E-8
1.499680E+4	-2.607720E-7	6.705570E-8
1.497580E+4	-2.793990E-7	8.195680E-8
1.496650E+4	-2.458710E-7	4.097840E-8
1.495420E+4	-2.831240E-7	8.195680E-8
1.493320E+4	-2.570470E-7	5.215430E-8
1.492350E+4	-2.160680E-7	0.000000E+0
1.490270E+4	-2.495960E-7	4.470370E-8
1.489260E+4	-2.235180E-7	2.980250E-8
1.487230E+4	-2.868490E-7	1.043090E-7
1.486170E+4	-2.346940E-7	3.725310E-8
1.484180E+4	-2.570470E-7	3.352780E-8
1.483080E+4	-2.570470E-7	4.470370E-8
1.481140E+4	-3.427290E-7	1.117590E-7
1.480020E+4	-2.607720E-7	2.980250E-8
1.477830E+4	-3.501790E-7	8.940740E-8
1.476730E+4	-2.570470E-7	-1.490130E-8
1.475700E+4	-3.390030E-7	7.450630E-8
1.473650E+4	-2.458710E-7	-2.980250E-8
1.471680E+4	-2.905740E-7	1.862660E-8
1.470560E+4	-3.166510E-7	2.607710E-8
1.469310E+4	-2.719480E-7	-7.450640E-9
1.467090E+4	-2.868490E-7	0.000000E+0
1.466000E+4	-3.762560E-7	7.450630E-8
1.464500E+4	-3.166510E-7	1.490130E-8
1.463250E+4	-3.762560E-7	8.940740E-8
1.461130E+4	-3.203770E-7	3.725310E-8
1.460210E+4	-3.613550E-7	9.313270E-8
1.459180E+4	-3.315530E-7	7.450630E-8
1.456880E+4	-2.756730E-7	2.607710E-8
1.455920E+4	-2.346940E-7	-7.450640E-9
1.453570E+4	-2.719480E-7	3.725310E-8
1.452360E+4	-3.203770E-7	8.195680E-8
1.451360E+4	-2.384200E-7	3.725320E-9
1.449300E+4	-2.980250E-7	4.470370E-8
1.447970E+4	-3.390030E-7	7.078100E-8
1.446850E+4	-2.682230E-7	0.000000E+0
1.444650E+4	-3.501790E-7	4.842900E-8
1.443530E+4	-2.868490E-7	-7.450640E-9
1.442570E+4	-3.688060E-7	6.705570E-8
1.440230E+4	-3.203770E-7	-3.725320E-9
1.439200E+4	-3.837070E-7	4.470370E-8
1.436970E+4	-4.172340E-7	3.352780E-8
1.435870E+4	-4.246850E-7	2.980250E-8
1.434660E+4	-4.284100E-7	3.352780E-8
1.432580E+4	-3.501790E-7	-1.490130E-8
1.431630E+4	-4.135090E-7	5.960510E-8
1.429230E+4	-3.725310E-7	1.490130E-8
1.427980E+4	-3.390030E-7	-1.490130E-8
1.427050E+4	-3.315530E-7	-7.450640E-9
1.424640E+4	-3.315530E-7	7.450640E-9
1.423720E+4	-3.911570E-7	8.568210E-8
1.422670E+4	-3.129260E-7	0.000000E+0
1.420360E+4	-3.948830E-7	6.705570E-8
1.419100E+4	-4.023330E-7	6.705570E-8
1.417980E+4	-3.837070E-7	3.352780E-8
1.415780E+4	-4.209600E-7	4.097840E-8
1.414680E+4	-3.762560E-7	0.000000E+0
1.413390E+4	-4.284100E-7	5.587960E-8
1.411230E+4	-4.358610E-7	3.352780E-8
1.410110E+4	-4.284100E-7	1.117590E-8
1.408830E+4	-3.650800E-7	-5.587960E-8
1.407590E+4	-4.358610E-7	4.470370E-8
1.405240E+4	-3.650800E-7	0.000000E+0
1.403950E+4	-3.352780E-7	-7.450640E-9
1.401960E+4	-3.948830E-7	7.078100E-8
1.400880E+4	-3.837070E-7	8.195680E-8
1.399640E+4	-3.464540E-7	4.470370E-8
1.398380E+4	-3.203770E-7	7.450640E-9
1.395990E+4	-4.097840E-7	8.195680E-8
1.395070E+4	-3.576300E-7	1.862660E-8
1.393780E+4	-4.395860E-7	7.078100E-8
1.391420E+4	-3.911570E-7	0.000000E+0
1.390500E+4	-4.135090E-7	1.862660E-8
1.389210E+4	-3.725310E-7	-7.450640E-9
1.386880E+4	-4.433110E-7	2.980250E-8
1.385370E+4	-4.768410E-7	4.470370E-8
1.384350E+4	-4.321350E-7	-1.862660E-8
1.382010E+4	-4.805660E-7	3.352780E-8
1.381060E+4	-4.135090E-7	-2.607710E-8
1.379640E+4	-4.582130E-7	2.235190E-8
1.377670E+4	-4.768410E-7	6.333040E-8
1.376540E+4	-4.284100E-7	0.000000E+0
1.375580E+4	-4.805660E-7	5.215430E-8
1.373250E+4	-4.991930E-7	1.862660E-8
1.371960E+4	-4.619380E-7	-2.235190E-8
1.369800E+4	-4.656630E-7	2.235190E-8
1.368690E+4	-4.768410E-7	4.470370E-8
1.367400E+4	-4.470370E-7	2.235190E-8
1.366210E+4	-4.693880E-7	3.725310E-8
1.364110E+4	-5.140940E-7	8.195680E-8
1.362910E+4	-5.103680E-7	8.940740E-8
1.360850E+4	-4.544870E-7	7.450640E-9
1.359910E+4	-5.401710E-7	9.313270E-8
1.358620E+4	-5.364450E-7	8.940740E-8
1.356240E+4	-5.252700E-7	7.823160E-8
1.355020E+4	-5.401710E-7	9.313270E-8
1.354010E+4	-4.768410E-7	2.980250E-8
1.351960E+4	-4.880170E-7	4.470370E-8
1.350910E+4	-4.507620E-7	1.862660E-8
1.348600E+4	-5.252700E-7	9.685800E-8
1.347610E+4	-4.731140E-7	3.725310E-8
1.346300E+4	-4.656630E-7	1.862660E-8
1.344340E+4	-4.619380E-7	0.000000E+0
1.343230E+4	-4.544870E-7	-1.117590E-8
1.341930E+4	-5.401710E-7	8.195680E-8
1.339690E+4	-4.768410E-7	1.862660E-8
1.338590E+4	-5.550720E-7	8.568210E-8
1.337360E+4	-4.880170E-7	7.450640E-9
1.336130E+4	-4.880170E-7	7.450640E-9
1.333450E+4	-4.768410E-7	-3.352780E-8
1.332440E+4	-4.880170E-7	-1.490130E-8
1.331210E+4	-5.736980E-7	4.470370E-8
1.328830E+4	-5.103680E-7	-1.117590E-8
1.327860E+4	-5.215440E-7	0.000000E+0
1.326630E+4	-5.550720E-7	4.097840E-8
1.324260E+4	-4.954670E-7	-1.862660E-8
1.323320E+4	-5.625220E-7	7.078100E-8
1.321210E+4	-5.140940E-7	7.450640E-9
1.319980E+4	-5.736980E-7	5.587960E-8
1.318950E+4	-5.886000E-7	5.960510E-8
1.317860E+4	-6.072260E-7	5.960510E-8
1.315430E+4	-6.146770E-7	5.587960E-8
1.314370E+4	-6.146770E-7	4.097840E-8
1.312110E+4	-5.960500E-7	0.000000E+0
1.312110E+4	-5.960500E-7	0.000000E+0
1.309060E+4	-5.736980E-7	-2.235190E-8
1.307750E+4	-5.625220E-7	-2.980250E-8
1.306430E+4	-6.258520E-7	3.352780E-8
1.305130E+4	-6.072260E-7	1.117590E-8
1.302940E+4	-6.519290E-7	5.215430E-8
1.301820E+4	-5.997750E-7	3.725320E-9
1.300830E+4	-6.519290E-7	6.333040E-8
1.298270E+4	-6.668310E-7	5.587960E-8
1.297190E+4	-6.966330E-7	5.587960E-8
1.295980E+4	-6.333030E-7	-2.235190E-8
1.294770E+4	-6.519290E-7	0.000000E+0
1.293520E+4	-6.370280E-7	0.000000E+0
1.291140E+4	-6.556550E-7	2.607710E-8
1.289920E+4	-6.891820E-7	5.215430E-8
1.287790E+4	-7.189850E-7	7.078100E-8
1.286870E+4	-7.115340E-7	6.333040E-8
1.286870E+4	-7.115340E-7	6.333040E-8
1.283530E+4	-6.668310E-7	-2.235190E-8
1.282280E+4	-7.227100E-7	6.705570E-8
1.280180E+4	-7.115340E-7	5.587960E-8
1.279220E+4	-7.115340E-7	5.587960E-8
1.278110E+4	-6.593800E-7	0.000000E+0
1.275940E+4	-6.556550E-7	-7.450640E-9
1.274570E+4	-6.966330E-7	2.607710E-8
1.272610E+4	-7.003580E-7	4.470370E-8
1.271490E+4	-7.040840E-7	2.980250E-8
1.270200E+4	-6.780060E-7	0.000000E+0
1.268210E+4	-7.003580E-7	1.862660E-8
1.267140E+4	-7.785890E-7	7.823160E-8
1.264900E+4	-7.338860E-7	1.862660E-8
1.263770E+4	-7.450620E-7	3.352780E-8
1.262830E+4	-7.785890E-7	4.842900E-8
1.261780E+4	-7.115340E-7	-3.352780E-8
1.259170E+4	-8.009410E-7	4.842900E-8
1.258250E+4	-7.264350E-7	0.000000E+0
1.255880E+4	-7.376110E-7	7.450640E-9
1.254930E+4	-7.636880E-7	2.980250E-8
1.253650E+4	-8.121170E-7	7.450630E-8
1.251590E+4	-8.307430E-7	7.823160E-8
1.250570E+4	-7.934900E-7	3.725310E-8
1.248560E+4	-8.419190E-7	6.333040E-8
1.247040E+4	-8.121170E-7	2.235190E-8
1.246000E+4	-7.934900E-7	3.725320E-9
1.244000E+4	-8.791720E-7	6.333040E-8
1.242910E+4	-8.679960E-7	5.215430E-8
1.241610E+4	-8.605460E-7	3.725310E-8
1.239450E+4	-8.493700E-7	2.607710E-8
1.238330E+4	-8.046660E-7	-1.117590E-8
1.237330E+4	-8.493700E-7	4.842900E-8
1.234980E+4	-8.717220E-7	2.980250E-8
1.233710E+4	-8.642710E-7	3.725310E-8
1.231540E+4	-8.940730E-7	6.333040E-8
1.230400E+4	-8.568200E-7	3.725320E-9
1.229450E+4	-9.387770E-7	7.078100E-8
1.227330E+4	-8.977990E-7	2.980250E-8
1.226080E+4	-9.201500E-7	3.725310E-8
1.224020E+4	-9.201500E-7	1.862660E-8
1.223040E+4	-9.797590E-7	7.078100E-8
1.222070E+4	-9.723080E-7	8.568210E-8
1.219700E+4	-1.009560E-6	1.043090E-7
1.219700E+4	-1.009560E-6	1.043090E-7
1.217390E+4	-9.462270E-7	3.352780E-8
1.215170E+4	-1.013290E-6	9.685800E-8
1.214150E+4	-9.238760E-7	1.862660E-8
1.211830E+4	-1.009560E-6	8.195680E-8
1.210880E+4	-9.723080E-7	3.352780E-8
1.209760E+4	-9.313260E-7	-7.450640E-9
1.207270E+4	-9.872090E-7	3.352780E-8
1.206190E+4	-9.462270E-7	-7.450640E-9
1.205130E+4	-9.834840E-7	1.117590E-8
1.202920E+4	-1.039360E-6	6.333040E-8
1.201800E+4	-9.983850E-7	2.607710E-8
1.199820E+4	-9.648570E-7	0.000000E+0
1.198740E+4	-9.611320E-7	-3.725320E-9
1.197520E+4	-9.983850E-7	3.725310E-8
1.195410E+4	-9.760330E-7	7.450640E-9
1.194170E+4	-1.028190E-6	7.078100E-8
1.193260E+4	-9.648570E-7	3.725320E-9
1.190570E+4	-9.909340E-7	1.862660E-8
1.189650E+4	-1.039360E-6	6.705570E-8
1.188430E+4	-9.983850E-7	4.470370E-8
1.186020E+4	-1.046810E-6	7.078100E-8
1.184820E+4	-1.069170E-6	7.450630E-8
1.183800E+4	-1.102690E-6	9.313270E-8
1.182490E+4	-1.046810E-6	2.980250E-8
1.179970E+4	-1.080340E-6	6.333040E-8
1.178940E+4	-1.091520E-6	4.842900E-8
1.177850E+4	-1.039360E-6	-1.490130E-8
1.175670E+4	-1.132500E-6	8.568210E-8
1.174540E+4	-1.046810E-6	-1.117590E-8
1.172580E+4	-1.046810E-6	-3.725320E-9
1.171250E+4	-1.072890E-6	4.842900E-8
1.170220E+4	-1.098970E-6	6.333040E-8
1.167990E+4	-1.005840E-6	-2.235190E-8
1.166900E+4	-1.035640E-6	1.862660E-8
1.164730E+4	-1.069170E-6	6.333040E-8
1.163620E+4	-1.069170E-6	5.587960E-8
1.162360E+4	-1.084070E-6	5.587960E-8
1.160060E+4	-1.039360E-6	1.862660E-8
1.159010E+4	-1.028190E-6	-3.725320E-9
1.158080E+4	-1.028190E-6	-7.450640E-9
1.156790E+4	-1.035640E-6	1.862660E-8
1.154160E+4	-1.028190E-6	1.490130E-8
1.153240E+4	-1.091520E-6	8.195680E-8
1.152190E+4	-1.005840E-6	1.490130E-8
1.149840E+4	-1.076620E-6	7.078100E-8
1.148880E+4	-1.005840E-6	-1.117590E-8
1.146480E+4	-9.834840E-7	0.000000E+0
1.145500E+4	-9.574070E-7	-1.490130E-8
1.144200E+4	-1.035640E-6	6.705570E-8
1.142250E+4	-1.039360E-6	9.685800E-8
1.141140E+4	-1.017010E-6	8.940740E-8
1.138940E+4	-9.536820E-7	4.097840E-8
1.137890E+4	-9.723080E-7	7.078100E-8
1.136830E+4	-9.089740E-7	1.490130E-8
1.134630E+4	-8.977990E-7	7.078100E-8
1.133500E+4	-8.232930E-7	3.725320E-9
1.131320E+4	-8.083920E-7	3.352780E-8
1.130200E+4	-8.009410E-7	3.725310E-8
1.129210E+4	-7.376110E-7	-7.450640E-9
1.126670E+4	-7.264350E-7	2.235190E-8
1.125590E+4	-6.258520E-7	-4.470370E-8
1.124670E+4	-5.699730E-7	-5.587960E-8
1.123390E+4	-6.221270E-7	4.097840E-8
1.121010E+4	-5.401710E-7	1.862660E-8
1.120090E+4	-5.215440E-7	3.725320E-9
1.117670E+4	-3.911570E-7	-3.352780E-8
1.116730E+4	-4.023330E-7	3.725320E-9
1.114570E+4	-3.017500E-7	1.862660E-8
1.113350E+4	-2.309690E-7	0.000000E+0
1.112290E+4	-1.862650E-7	-2.980250E-8
1.110030E+4	-1.937160E-7	4.470370E-8
1.109050E+4	-8.195680E-8	-4.842900E-8
1.107940E+4	-8.940740E-8	-1.117590E-8
1.105500E+4	3.352780E-8	-1.862660E-8
1.104500E+4	6.333040E-8	1.117590E-8
1.102460E+4	1.825400E-7	3.725320E-9
1.101390E+4	3.166510E-7	-7.450630E-8
1.099380E+4	3.464540E-7	-1.490130E-8
1.098270E+4	4.023330E-7	-1.117590E-8
1.096940E+4	5.178190E-7	-4.470370E-8
1.095000E+4	6.295780E-7	-4.842900E-8
1.093630E+4	7.040840E-7	-5.587960E-8
1.092730E+4	7.599630E-7	-3.725310E-8
1.090370E+4	9.313260E-7	-7.450630E-8
1.089420E+4	9.127000E-7	1.490130E-8
1.088430E+4	9.797590E-7	1.490130E-8
1.085830E+4	1.207000E-6	-6.705570E-8
1.084890E+4	1.303860E-6	-9.685800E-8
1.083660E+4	1.281510E-6	-1.862660E-8
1.081210E+4	1.497570E-6	-7.450630E-8
1.080280E+4	1.523650E-6	-1.117590E-8
1.079140E+4	1.631680E-6	-3.352780E-8
1.076940E+4	1.847750E-6	-6.705570E-8
1.075680E+4	1.881280E-6	-1.117590E-8
1.074540E+4	2.030300E-6	-6.705570E-8
1.072360E+4	2.138330E-6	-2.607710E-8
1.071260E+4	2.291070E-6	-1.117590E-7
1.070220E+4	2.369300E-6	-1.043090E-7
1.067990E+4	2.559290E-6	-1.341110E-7
1.066880E+4	2.563010E-6	-4.470370E-8
1.064620E+4	2.861040E-6	-1.266610E-7
1.063300E+4	2.946720E-6	-9.685800E-8
1.062320E+4	2.998870E-6	-2.980250E-8
1.060050E+4	3.248470E-6	-9.685800E-8
1.059000E+4	3.300620E-6	-8.195680E-8
1.058120E+4	3.412380E-6	-8.568210E-8
1.055450E+4	3.527860E-6	0.000000E+0
1.054220E+4	3.702950E-6	-8.568210E-8
1.053310E+4	3.717850E-6	-2.235190E-8
1.050900E+4	3.937660E-6	-8.195680E-8
1.049970E+4	3.978640E-6	-4.842900E-8
1.047820E+4	4.168630E-6	-7.078100E-8
1.046590E+4	4.261760E-6	-5.215430E-8
1.045500E+4	4.403320E-6	-8.940740E-8
1.043210E+4	4.548610E-6	-4.097840E-8
1.042210E+4	4.675270E-6	-8.195680E-8
1.040880E+4	4.794480E-6	-1.266610E-7
1.038940E+4	4.969570E-6	-1.266610E-7
1.037640E+4	5.096230E-6	-1.564630E-7
1.036540E+4	5.096230E-6	-8.940740E-8
1.034570E+4	5.275040E-6	-1.043090E-7
1.033210E+4	5.353270E-6	-1.080340E-7
1.033210E+4	5.353270E-6	-1.080340E-7
1.029900E+4	5.643840E-6	-1.974410E-7
1.028970E+4	5.628940E-6	-9.685800E-8
1.026620E+4	5.822660E-6	-1.564630E-7
1.025620E+4	5.908340E-6	-1.452870E-7
1.024670E+4	6.005200E-6	-1.899910E-7
1.022290E+4	6.072250E-6	-1.154840E-7
1.021370E+4	6.143030E-6	-1.303860E-7
1.018930E+4	6.273420E-6	-1.490130E-7
1.018020E+4	6.418700E-6	-2.123420E-7
1.016720E+4	6.377730E-6	-9.685800E-8
1.014680E+4	6.526740E-6	-1.452870E-7
1.013440E+4	6.537910E-6	-1.229350E-7
1.012320E+4	6.560270E-6	-1.005830E-7
1.010120E+4	6.768880E-6	-2.048920E-7
1.008870E+4	6.835940E-6	-2.011670E-7
1.007460E+4	6.880640E-6	-1.862650E-7
1.005520E+4	6.910440E-6	-1.229350E-7
1.004390E+4	6.999850E-6	-1.639140E-7
1.003140E+4	6.921620E-6	-6.333040E-8
1.000920E+4	7.089260E-6	-1.937160E-7
9.995800E+3	7.011030E-6	-9.685800E-8
9.985500E+3	7.014750E-6	-7.450630E-8
9.963100E+3	7.171210E-6	-1.937160E-7
9.949000E+3	7.182390E-6	-1.713640E-7
9.939700E+3	7.107880E-6	-8.195680E-8
9.915900E+3	7.227090E-6	-1.527380E-7
9.906300E+3	7.137690E-6	-5.960510E-8
9.883500E+3	7.219640E-6	-1.490130E-7
9.873100E+3	7.133960E-6	-7.078100E-8
9.864000E+3	7.238270E-6	-1.788150E-7
9.851100E+3	7.227090E-6	-1.825400E-7
9.827800E+3	7.182390E-6	-1.490130E-7
9.815600E+3	7.104160E-6	-8.940740E-8
9.802700E+3	7.163760E-6	-1.415620E-7
9.791500E+3	7.078080E-6	-4.470370E-8
9.766900E+3	7.089260E-6	-8.568210E-8
9.756600E+3	7.063180E-6	-8.940740E-8
9.742400E+3	6.999850E-6	-5.960510E-8
9.720600E+3	7.003570E-6	-9.685800E-8
9.707600E+3	7.025930E-6	-1.527380E-7
9.696600E+3	6.929070E-6	-7.823160E-8
9.696600E+3	6.929070E-6	-7.823160E-8
9.663800E+3	6.917890E-6	-1.303860E-7
9.654400E+3	6.806130E-6	-5.960510E-8
9.630300E+3	6.713000E-6	-5.960510E-8
9.617900E+3	6.757710E-6	-1.303860E-7
9.608800E+3	6.627320E-6	-3.725310E-8
9.584500E+3	6.526740E-6	-5.587960E-8
9.572000E+3	6.515560E-6	-9.685800E-8
9.551200E+3	6.355370E-6	-4.470370E-8
9.538300E+3	6.280870E-6	-4.097840E-8
9.528700E+3	6.325570E-6	-1.452870E-7
9.504700E+3	6.169110E-6	-9.685800E-8
9.495600E+3	6.042450E-6	-5.215430E-8
9.484500E+3	6.046180E-6	-1.303860E-7
9.462300E+3	5.882260E-6	-1.341110E-7
9.450100E+3	5.744430E-6	-7.078100E-8
9.438900E+3	5.684820E-6	-1.043090E-7
9.419400E+3	5.569340E-6	-1.117590E-7
9.408100E+3	5.491110E-6	-1.192100E-7
9.383500E+3	5.185630E-6	-3.725320E-9
9.372600E+3	5.185630E-6	-1.043090E-7
9.359500E+3	4.969570E-6	-7.450640E-9
9.346900E+3	4.950940E-6	-8.568210E-8
9.326400E+3	4.716250E-6	-7.450640E-9
9.326400E+3	4.716250E-6	-7.450640E-9
9.290700E+3	4.418220E-6	7.450640E-9
9.279600E+3	4.380970E-6	-6.333040E-8
9.270400E+3	4.287840E-6	-8.195680E-8
9.246700E+3	4.082950E-6	-9.313270E-8
9.237100E+3	3.892960E-6	-3.725320E-9
9.216100E+3	3.807260E-6	-1.192100E-7
9.206900E+3	3.647070E-6	-2.980250E-8
9.185600E+3	3.475710E-6	-5.960510E-8
9.173400E+3	3.319250E-6	0.000000E+0
9.163700E+3	3.315520E-6	-1.043090E-7
9.139700E+3	3.106910E-6	-8.195680E-8
9.130500E+3	2.928090E-6	-1.117590E-8
9.106200E+3	2.805160E-6	-8.195680E-8
9.096900E+3	2.618890E-6	1.862660E-8
9.096900E+3	2.618890E-6	1.862660E-8
9.063400E+3	2.317150E-6	1.862660E-8
9.052600E+3	2.343220E-6	-6.705570E-8
9.042000E+3	2.175580E-6	2.607710E-8
9.020200E+3	2.082450E-6	-2.235190E-8
9.009000E+3	1.981870E-6	0.000000E+0
8.987600E+3	1.866380E-6	-2.980250E-8
8.976300E+3	1.784420E-6	-7.450640E-9
8.963400E+3	1.776970E-6	-8.568210E-8
8.943700E+3	1.605610E-6	-6.705570E-8
8.933000E+3	1.486400E-6	-1.490130E-8
8.923700E+3	1.460320E-6	-6.333040E-8
8.896300E+3	1.341110E-6	-8.195680E-8
8.886900E+3	1.255430E-6	-6.333040E-8
8.874500E+3	1.180920E-6	-4.842900E-8
8.861600E+3	1.091520E-6	-4.097840E-8
8.837900E+3	1.002110E-6	-5.960510E-8
8.827800E+3	9.611320E-7	-4.842900E-8
8.804400E+3	7.823150E-7	4.097840E-8
8.795100E+3	8.195680E-7	-3.352780E-8
8.782000E+3	7.376110E-7	1.862660E-8
8.768800E+3	7.227100E-7	-2.235190E-8
8.749400E+3	6.333030E-7	-1.862660E-8
8.738200E+3	5.066430E-7	5.587960E-8
8.715700E+3	4.880170E-7	-1.490130E-8
8.702400E+3	4.656630E-7	-3.725310E-8
8.692000E+3	4.395860E-7	-4.097840E-8
8.671400E+3	2.868490E-7	2.980250E-8
8.658400E+3	3.166510E-7	-2.235190E-8
8.638500E+3	1.899910E-7	4.097840E-8
8.625500E+3	2.384200E-7	-2.607710E-8
8.612700E+3	1.937160E-7	0.000000E+0
8.591700E+3	1.192100E-7	-2.980250E-8
8.591700E+3	1.192100E-7	-2.980250E-8
8.561600E+3	-3.725310E-8	2.607710E-8
8.548600E+3	-4.470370E-8	3.725320E-9
8.539100E+3	-9.685800E-8	3.352780E-8
8.539100E+3	-9.685800E-8	3.352780E-8
8.506000E+3	-1.005830E-7	-2.607710E-8
8.493300E+3	-1.229350E-7	-1.117590E-8
8.472700E+3	-2.421460E-7	8.195680E-8
8.462500E+3	-2.458710E-7	3.725310E-8
8.448300E+3	-2.123420E-7	-3.352780E-8
8.426700E+3	-3.203770E-7	2.607710E-8
8.415300E+3	-2.905740E-7	-3.352780E-8
8.395800E+3	-3.427290E-7	-4.842900E-8
8.382600E+3	-3.539040E-7	-5.215430E-8
8.369100E+3	-4.209600E-7	-1.117590E-8
8.357000E+3	-4.358610E-7	-1.117590E-8
8.334500E+3	-4.358610E-7	-5.960510E-8
8.321400E+3	-5.066430E-7	-2.235190E-8
8.312100E+3	-5.513470E-7	-1.117590E-8
8.312100E+3	-5.513470E-7	-1.117590E-8
8.275700E+3	-6.146770E-7	1.490130E-8
8.263500E+3	-5.736980E-7	-2.980250E-8
8.242100E+3	-5.923250E-7	-3.725310E-8
8.242100E+3	-5.923250E-7	-3.725310E-8
8.222300E+3	-5.997750E-7	-6.705570E-8
8.199100E+3	-6.929080E-7	7.450640E-9
8.186900E+3	-7.189850E-7	1.490130E-8
8.176000E+3	-7.003580E-7	-1.862660E-8
8.150100E+3	-7.264350E-7	-1.862660E-8
8.140500E+3	-7.003580E-7	-3.725310E-8
8.129100E+3	-7.934900E-7	3.725310E-8
8.107600E+3	-8.270180E-7	4.470370E-8
8.096400E+3	-7.636880E-7	-2.980250E-8
8.083600E+3	-8.344690E-7	6.333040E-8
8.059200E+3	-8.754470E-7	4.470370E-8
8.048100E+3	-9.164250E-7	4.842900E-8
8.035100E+3	-9.350520E-7	4.470370E-8
8.022700E+3	-8.642710E-7	-4.842900E-8
8.001900E+3	-9.946600E-7	4.470370E-8
7.988900E+3	-9.574070E-7	-1.490130E-8
7.979700E+3	-9.536820E-7	-4.097840E-8
7.953000E+3	-9.797590E-7	-3.352780E-8
7.943200E+3	-1.046810E-6	7.450640E-9
7.931100E+3	-1.002110E-6	-3.725310E-8
7.907300E+3	-1.113870E-6	3.352780E-8
7.894800E+3	-1.121320E-6	2.235190E-8
7.885000E+3	-1.054260E-6	-6.705570E-8
7.861300E+3	-1.147400E-6	1.117590E-8
7.852200E+3	-1.102690E-6	-4.470370E-8
7.839100E+3	-1.166020E-6	7.450640E-9
7.818600E+3	-1.233080E-6	1.490130E-8
7.808100E+3	-1.262880E-6	1.490130E-8
7.785100E+3	-1.296410E-6	3.725320E-9
7.772900E+3	-1.329940E-6	1.862660E-8
7.762000E+3	-1.315030E-6	-2.980250E-8
7.748400E+3	-1.318760E-6	-4.842900E-8
7.728300E+3	-1.329940E-6	-5.215430E-8
7.715300E+3	-1.378360E-6	-3.352780E-8
7.706200E+3	-1.426790E-6	2.235190E-8
7.682700E+3	-1.460320E-6	1.117590E-8
7.669800E+3	-1.445420E-6	-1.490130E-8
7.650100E+3	-1.486400E-6	-1.862660E-8
7.636300E+3	-1.527380E-6	-3.725320E-9
7.627100E+3	-1.553450E-6	-1.490130E-8
7.601300E+3	-1.650310E-6	2.980250E-8
7.590600E+3	-1.691290E-6	5.960510E-8
7.581400E+3	-1.676390E-6	2.235190E-8
7.557000E+3	-1.709920E-6	0.000000E+0
7.544600E+3	-1.803050E-6	4.470370E-8
7.535300E+3	-1.810500E-6	6.333040E-8
7.514100E+3	-1.855200E-6	4.842900E-8
7.501800E+3	-1.862650E-6	1.490130E-8
7.488700E+3	-1.877550E-6	-1.490130E-8
7.468500E+3	-1.948340E-6	-7.450640E-9
7.457700E+3	-1.903630E-6	-7.823160E-8
7.435300E+3	-2.034020E-6	2.980250E-8
7.423000E+3	-2.071280E-6	2.980250E-8
7.411900E+3	-2.056370E-6	-2.607710E-8
7.389700E+3	-2.101080E-6	0.000000E+0
7.379300E+3	-2.060100E-6	-4.842900E-8
7.368200E+3	-2.093630E-6	-1.862660E-8
7.346400E+3	-2.156960E-6	2.235190E-8
7.335100E+3	-2.115980E-6	-3.352780E-8
7.315400E+3	-2.175580E-6	-2.607710E-8
7.301200E+3	-2.149510E-6	-6.705570E-8
7.291900E+3	-2.186760E-6	-3.725310E-8
7.268300E+3	-2.190490E-6	-4.470370E-8
7.258400E+3	-2.250090E-6	1.117590E-8
7.248700E+3	-2.175580E-6	-5.587960E-8
7.222500E+3	-2.179310E-6	-3.725310E-8
7.212800E+3	-2.186760E-6	-3.725310E-8
7.202900E+3	-2.179310E-6	-5.215430E-8
7.179300E+3	-2.268720E-6	2.980250E-8
7.170000E+3	-2.250090E-6	2.607710E-8
7.145700E+3	-2.279890E-6	4.097840E-8
7.136300E+3	-2.283620E-6	3.352780E-8
7.115400E+3	-2.257540E-6	7.450640E-9
7.103200E+3	-2.294790E-6	4.470370E-8
7.092300E+3	-2.291070E-6	4.470370E-8
7.069600E+3	-2.250090E-6	1.862660E-8
7.059500E+3	-2.220290E-6	7.450640E-9
7.048300E+3	-2.242640E-6	5.215430E-8
7.026700E+3	-2.220290E-6	5.587960E-8
7.015300E+3	-2.119700E-6	-3.725310E-8
6.995700E+3	-2.164410E-6	2.980250E-8
6.984300E+3	-2.138330E-6	2.980250E-8
6.962600E+3	-2.101080E-6	2.607710E-8
6.951400E+3	-2.093630E-6	2.980250E-8
6.941500E+3	-2.030300E-6	-2.235190E-8
6.917600E+3	-2.045200E-6	2.235190E-8
6.904900E+3	-1.966970E-6	-2.980250E-8
6.895900E+3	-2.045200E-6	6.333040E-8
6.874300E+3	-2.000500E-6	4.842900E-8
6.865200E+3	-1.914810E-6	-3.725310E-8
6.841000E+3	-1.877550E-6	-5.215430E-8
6.831900E+3	-1.911090E-6	3.725320E-9
6.821200E+3	-1.922260E-6	2.980250E-8
6.798300E+3	-1.870100E-6	2.980250E-8
6.788500E+3	-1.784420E-6	-3.725310E-8
6.764900E+3	-1.769520E-6	-2.980250E-8
6.755700E+3	-1.724820E-6	-5.587960E-8
6.734600E+3	-1.769520E-6	1.117590E-8
6.725100E+3	-1.762070E-6	2.607710E-8
6.713700E+3	-1.706190E-6	0.000000E+0
6.691400E+3	-1.650310E-6	-2.607710E-8
6.680100E+3	-1.676390E-6	7.450640E-9
6.661400E+3	-1.624230E-6	-2.607710E-8
6.649900E+3	-1.609330E-6	-2.980250E-8
6.630400E+3	-1.635410E-6	1.117590E-8
6.619000E+3	-1.583260E-6	-2.607710E-8
6.606700E+3	-1.601880E-6	1.117590E-8
6.585400E+3	-1.523650E-6	1.117590E-8
6.573100E+3	-1.475220E-6	-1.117590E-8
6.563700E+3	-1.531100E-6	5.215430E-8
6.539700E+3	-1.437970E-6	-2.607710E-8
6.530600E+3	-1.497570E-6	4.842900E-8
6.506300E+3	-1.374640E-6	-5.960510E-8
6.496900E+3	-1.437970E-6	1.862660E-8
6.486800E+3	-1.423070E-6	2.607710E-8
6.463500E+3	-1.344840E-6	-1.862660E-8
6.454100E+3	-1.344840E-6	2.980250E-8
6.430100E+3	-1.266610E-6	-2.980250E-8
6.420900E+3	-1.318760E-6	2.980250E-8
6.399400E+3	-1.303860E-6	1.862660E-8
6.390200E+3	-1.266610E-6	-2.607710E-8
6.369000E+3	-1.300130E-6	7.450640E-9
6.359200E+3	-1.221900E-6	-4.097840E-8
6.348000E+3	-1.281510E-6	2.607710E-8
6.325700E+3	-1.233080E-6	2.607710E-8
6.314300E+3	-1.166020E-6	-1.862660E-8
6.294600E+3	-1.169750E-6	-3.725320E-9
6.283700E+3	-1.125040E-6	-2.235190E-8
6.263600E+3	-1.076620E-6	-3.352780E-8
6.253300E+3	-1.147400E-6	4.470370E-8
6.241300E+3	-1.143670E-6	4.097840E-8
6.219900E+3	-1.087790E-6	-7.450640E-9
6.210800E+3	-1.128770E-6	3.352780E-8
6.186800E+3	-1.046810E-6	-3.725310E-8
6.177200E+3	-1.121320E-6	3.725310E-8
6.167000E+3	-1.102690E-6	2.980250E-8
6.143200E+3	-1.031910E-6	0.000000E+0
6.133800E+3	-1.065440E-6	5.960510E-8
6.109500E+3	-9.797590E-7	-2.980250E-8
6.100400E+3	-1.035640E-6	2.980250E-8
6.079100E+3	-1.017010E-6	3.725310E-8
6.070000E+3	-9.648570E-7	1.490130E-8
6.048800E+3	-9.238760E-7	-7.450640E-9
6.039400E+3	-8.903480E-7	-4.097840E-8
6.028000E+3	-9.536820E-7	4.097840E-8
6.006300E+3	-9.052490E-7	3.725320E-9
5.995200E+3	-8.903480E-7	7.450640E-9
5.975400E+3	-8.940730E-7	2.607710E-8
5.964000E+3	-8.828970E-7	1.117590E-8
5.944400E+3	-8.456450E-7	-2.235190E-8
5.930200E+3	-8.381940E-7	-3.352780E-8
5.920700E+3	-9.052490E-7	3.725310E-8
5.899700E+3	-8.456450E-7	-2.235190E-8
5.890600E+3	-8.903480E-7	4.097840E-8
5.867100E+3	-8.121170E-7	-1.862660E-8
5.857400E+3	-8.232930E-7	1.117590E-8
5.847700E+3	-8.530950E-7	6.333040E-8
5.823900E+3	-7.748640E-7	-7.450640E-9
5.814700E+3	-8.307430E-7	3.352780E-8
5.790400E+3	-7.525120E-7	-4.842900E-8
5.781100E+3	-8.046660E-7	3.725320E-9
5.768700E+3	-8.195680E-7	3.352780E-8
5.747500E+3	-7.040840E-7	-4.470370E-8
5.735200E+3	-7.785890E-7	2.980250E-8
5.724300E+3	-7.003580E-7	-3.352780E-8
5.701600E+3	-7.301610E-7	2.235190E-8
5.690400E+3	-6.742810E-7	-3.352780E-8
5.671300E+3	-7.376110E-7	2.607710E-8
5.660700E+3	-6.407540E-7	-6.333040E-8
5.640700E+3	-6.370280E-7	-6.333040E-8
5.629600E+3	-6.966330E-7	3.725320E-9
5.607200E+3	-6.891820E-7	1.490130E-8
5.595900E+3	-6.705560E-7	-7.450640E-9
5.582900E+3	-6.295780E-7	-5.587960E-8
5.563100E+3	-7.189850E-7	3.352780E-8
5.550000E+3	-6.333030E-7	-5.960510E-8
5.540300E+3	-6.705560E-7	-1.117590E-8
5.517400E+3	-6.742810E-7	-3.725320E-9
5.506900E+3	-7.078090E-7	1.490130E-8
5.497800E+3	-6.370280E-7	-2.980250E-8
5.473600E+3	-6.668310E-7	2.980250E-8
5.464500E+3	-5.625220E-7	-3.352780E-8
5.440600E+3	-6.258520E-7	2.235190E-8
5.430900E+3	-5.960500E-7	-1.490130E-8
5.418200E+3	-6.668310E-7	4.097840E-8
5.397400E+3	-6.668310E-7	3.352780E-8
5.387300E+3	-6.556550E-7	1.117590E-8
5.366800E+3	-6.333030E-7	-7.450640E-9
5.356200E+3	-5.513470E-7	-6.705570E-8
5.333300E+3	-6.072260E-7	2.980250E-8
5.323500E+3	-6.109510E-7	2.607710E-8
5.312100E+3	-5.215440E-7	-5.215430E-8
5.290700E+3	-5.923250E-7	4.470370E-8
5.279500E+3	-5.513470E-7	-7.450640E-9
5.260100E+3	-5.513470E-7	-2.235190E-8
5.248800E+3	-5.774240E-7	3.725320E-9
5.229300E+3	-5.736980E-7	7.450640E-9
5.218100E+3	-5.364450E-7	-1.117590E-8
5.198200E+3	-4.880170E-7	-4.097840E-8
5.187500E+3	-5.215440E-7	2.235190E-8
5.167200E+3	-4.991930E-7	0.000000E+0
5.157000E+3	-5.103680E-7	7.450640E-9
5.144800E+3	-5.513470E-7	5.587960E-8
5.123200E+3	-5.401710E-7	5.587960E-8
5.114000E+3	-5.029180E-7	7.450640E-9
5.092400E+3	-4.731140E-7	-2.980250E-8
5.083200E+3	-5.438960E-7	5.587960E-8
5.058900E+3	-4.544870E-7	-2.607710E-8
5.049800E+3	-5.327200E-7	5.960510E-8
5.028500E+3	-4.954670E-7	2.607710E-8
5.019400E+3	-5.252700E-7	4.842900E-8
5.006600E+3	-4.358610E-7	-5.587960E-8
4.986100E+3	-5.103680E-7	7.450640E-9
4.975600E+3	-4.321350E-7	-7.823160E-8
4.955700E+3	-4.135090E-7	-4.470370E-8
4.944700E+3	-4.097840E-7	-4.097840E-8
4.925000E+3	-4.954670E-7	3.725310E-8
4.913700E+3	-4.358610E-7	-2.980250E-8
4.891500E+3	-4.880170E-7	3.725310E-8
4.880900E+3	-4.991930E-7	5.587960E-8
4.867600E+3	-4.135090E-7	-4.097840E-8
4.848100E+3	-3.874320E-7	-6.333040E-8
4.836800E+3	-4.768410E-7	2.980250E-8
4.824500E+3	-4.433110E-7	0.000000E+0
4.800900E+3	-3.948830E-7	-2.980250E-8
4.790800E+3	-3.948830E-7	-4.470370E-8
4.770000E+3	-4.768410E-7	1.862660E-8
4.757200E+3	-4.284100E-7	-2.980250E-8
4.748100E+3	-4.768410E-7	2.980250E-8
4.726800E+3	-4.768410E-7	1.862660E-8
4.717500E+3	-4.060580E-7	-5.960510E-8
4.696400E+3	-4.470370E-7	0.000000E+0
4.686900E+3	-4.656630E-7	2.980250E-8
4.663100E+3	-3.837070E-7	-4.842900E-8
4.654000E+3	-4.582130E-7	2.980250E-8
4.642800E+3	-3.799810E-7	-4.470370E-8
4.620400E+3	-4.470370E-7	2.607710E-8
4.610000E+3	-3.948830E-7	-3.352780E-8
4.589800E+3	-3.650800E-7	-4.842900E-8
4.578800E+3	-3.501790E-7	-5.960510E-8
4.559200E+3	-3.911570E-7	-2.235190E-8
4.545000E+3	-3.352780E-7	-7.823160E-8
4.525500E+3	-4.135090E-7	3.725320E-9
4.514200E+3	-3.799810E-7	-2.980250E-8
4.495400E+3	-4.023330E-7	-3.725320E-9
4.484200E+3	-3.539040E-7	-4.097840E-8
4.474000E+3	-3.911570E-7	0.000000E+0
4.450400E+3	-3.092010E-7	-1.005830E-7
4.440600E+3	-3.650800E-7	-3.725310E-8
4.419500E+3	-3.613550E-7	-1.117590E-8
4.410200E+3	-3.986080E-7	2.235190E-8
4.388700E+3	-3.166510E-7	-4.842900E-8
4.379400E+3	-3.092010E-7	-4.470370E-8
4.366900E+3	-3.501790E-7	-7.450640E-9
4.342800E+3	-3.390030E-7	-2.235190E-8
4.333700E+3	-3.948830E-7	1.117590E-8
4.322600E+3	-3.278270E-7	-6.705570E-8
4.300200E+3	-4.209600E-7	3.725320E-9
4.289900E+3	-3.650800E-7	-3.352780E-8
4.266500E+3	-3.539040E-7	-4.097840E-8
4.257100E+3	-3.799810E-7	-1.490130E-8
4.245800E+3	-2.943000E-7	-7.823160E-8
4.224000E+3	-3.837070E-7	4.842900E-8
4.213100E+3	-3.092010E-7	-2.980250E-8
4.193600E+3	-2.868490E-7	-3.352780E-8
4.182200E+3	-3.054760E-7	-7.450640E-9
4.162600E+3	-4.470370E-7	1.490130E-7
4.151300E+3	-4.470370E-7	1.266610E-7
4.131600E+3	-3.874320E-7	2.235190E-8
4.120500E+3	-3.948830E-7	2.980250E-8
4.111300E+3	-4.321350E-7	6.705570E-8
4.087300E+3	-3.390030E-7	-4.097840E-8
4.077800E+3	-3.837070E-7	2.607710E-8
4.056500E+3	-3.948830E-7	4.842900E-8
4.047200E+3	-3.427290E-7	0.000000E+0
4.025900E+3	-3.837070E-7	6.705570E-8
4.016700E+3	-3.390030E-7	2.980250E-8
3.995200E+3	-3.688060E-7	3.725310E-8
3.985800E+3	-2.719480E-7	-5.587960E-8
3.961600E+3	-3.613550E-7	2.607710E-8
3.952500E+3	-2.719480E-7	-6.705570E-8
3.931000E+3	-3.501790E-7	2.980250E-8
3.921800E+3	-2.719480E-7	-3.352780E-8
3.907600E+3	-3.241020E-7	3.725320E-9
3.885300E+3	-3.464540E-7	0.000000E+0
3.875100E+3	-3.203770E-7	-2.980250E-8
3.864000E+3	-2.756730E-7	-5.960510E-8
3.844200E+3	-2.495960E-7	-6.333040E-8
3.833600E+3	-2.943000E-7	-1.490130E-8
3.811600E+3	-3.092010E-7	0.000000E+0
3.800300E+3	-2.495960E-7	-5.960510E-8
3.778700E+3	-3.427290E-7	2.607710E-8
3.778700E+3	-3.427290E-7	2.607710E-8
3.747700E+3	-3.315530E-7	3.725310E-8
3.736300E+3	-2.793990E-7	-2.607710E-8
3.723600E+3	-2.570470E-7	-2.980250E-8
3.714400E+3	-3.278270E-7	3.725310E-8
3.689900E+3	-2.607720E-7	-5.215430E-8
3.680600E+3	-3.203770E-7	1.490130E-8
3.659000E+3	-2.943000E-7	7.450640E-9
3.649800E+3	-2.272440E-7	-5.587960E-8
3.628300E+3	-3.092010E-7	2.607710E-8
3.619100E+3	-2.980250E-7	1.117590E-8
3.597900E+3	-2.160680E-7	-6.705570E-8
3.585800E+3	-3.054760E-7	2.607710E-8
3.564500E+3	-2.943000E-7	1.117590E-8
3.555400E+3	-2.682230E-7	-2.235190E-8
3.534100E+3	-2.346940E-7	-3.352780E-8
3.524800E+3	-1.937160E-7	-6.705570E-8
3.504000E+3	-2.868490E-7	2.980250E-8
3.493800E+3	-2.421460E-7	-1.117590E-8
3.473300E+3	-2.868490E-7	1.862660E-8
3.462700E+3	-2.235180E-7	-3.352780E-8
3.442600E+3	-2.905740E-7	2.235190E-8
3.431400E+3	-2.346940E-7	-3.352780E-8
3.411900E+3	-3.017500E-7	2.607710E-8
3.400500E+3	-2.309690E-7	-5.587960E-8
3.390800E+3	-2.868490E-7	3.725320E-9
3.369700E+3	-2.048920E-7	-6.705570E-8
3.350200E+3	-2.793990E-7	0.000000E+0
3.339100E+3	-2.048920E-7	-7.823160E-8
3.326900E+3	-2.458710E-7	-4.470370E-8
3.317400E+3	-2.868490E-7	3.725320E-9
3.293300E+3	-2.086170E-7	-4.842900E-8
3.284100E+3	-2.756730E-7	2.980250E-8
3.259800E+3	-1.788150E-7	-3.725310E-8
3.250400E+3	-2.607720E-7	5.587960E-8
3.228900E+3	-2.570470E-7	3.352780E-8
3.219700E+3	-2.868490E-7	6.333040E-8
3.198400E+3	-2.384200E-7	0.000000E+0
3.189200E+3	-2.495960E-7	-1.117590E-8
3.176200E+3	-2.644970E-7	1.862660E-8
3.155700E+3	-2.905740E-7	5.587960E-8
3.142200E+3	-2.235180E-7	0.000000E+0
3.122000E+3	-2.607720E-7	5.587960E-8
3.112100E+3	-2.048920E-7	-1.117590E-8
3.100600E+3	-2.682230E-7	6.705570E-8
3.078100E+3	-2.719480E-7	5.960510E-8
3.066800E+3	-2.570470E-7	3.352780E-8
3.046800E+3	-2.160680E-7	-1.117590E-8
3.036500E+3	-1.713640E-7	-6.705570E-8
3.016800E+3	-2.011670E-7	-2.980250E-8
3.005600E+3	-2.570470E-7	2.607710E-8
2.985700E+3	-1.564630E-7	-5.215430E-8
2.975000E+3	-2.495960E-7	5.215430E-8
2.965700E+3	-1.788150E-7	-4.470370E-8
2.941200E+3	-1.788150E-7	-7.450630E-8
2.932100E+3	-2.309690E-7	-2.607710E-8
2.907600E+3	-1.825400E-7	-4.842900E-8
2.898300E+3	-2.346940E-7	1.862660E-8
2.885600E+3	-2.570470E-7	4.842900E-8
2.864400E+3	-2.309690E-7	4.097840E-8
2.854400E+3	-1.601880E-7	-3.352780E-8
2.833900E+3	-2.309690E-7	1.862660E-8
2.821500E+3	-1.974410E-7	-2.235190E-8
2.810100E+3	-2.495960E-7	2.980250E-8
2.797100E+3	-2.086170E-7	-1.490130E-8
2.772600E+3	-2.160680E-7	0.000000E+0
2.761200E+3	-1.788150E-7	-5.587960E-8
2.741500E+3	-2.235180E-7	1.862660E-8
2.729900E+3	-1.825400E-7	-2.235190E-8
2.708100E+3	-2.048920E-7	7.450640E-9
2.696800E+3	-2.160680E-7	7.450640E-9
2.683700E+3	-1.713640E-7	-5.215430E-8
2.664100E+3	-1.713640E-7	-5.215430E-8
2.653100E+3	-2.458710E-7	5.215430E-8
2.630200E+3	-1.415620E-7	-1.490130E-8
2.619400E+3	-2.235180E-7	5.215430E-8
2.607400E+3	-2.123420E-7	3.725320E-9
2.586300E+3	-2.048920E-7	-2.980250E-8
2.573900E+3	-1.937160E-7	-5.215430E-8
2.564700E+3	-2.123420E-7	-3.352780E-8
2.540500E+3	-2.048920E-7	-2.980250E-8
2.531100E+3	-2.495960E-7	2.980250E-8
2.510100E+3	-2.495960E-7	5.215430E-8
2.500100E+3	-2.123420E-7	-1.117590E-8
2.488600E+3	-2.123420E-7	-7.450640E-9
2.463900E+3	-2.346940E-7	2.607710E-8
2.453500E+3	-1.676390E-7	-4.097840E-8
2.442200E+3	-1.564630E-7	-5.587960E-8
2.417500E+3	-2.272440E-7	1.862660E-8
2.406000E+3	-1.713640E-7	-2.980250E-8
2.393100E+3	-2.272440E-7	5.587960E-8
2.371200E+3	-2.235180E-7	4.470370E-8
2.359700E+3	-1.192100E-7	-4.842900E-8
2.350100E+3	-2.011670E-7	1.862660E-8
2.326900E+3	-1.192100E-7	-6.705570E-8
2.316400E+3	-1.899910E-7	3.725320E-9
2.307200E+3	-2.086170E-7	2.980250E-8
2.282800E+3	-1.266610E-7	-3.352780E-8
2.273600E+3	-1.043090E-7	-6.705570E-8
2.249100E+3	-1.899910E-7	2.980250E-8
2.236900E+3	-1.490130E-7	-3.725320E-9
2.224800E+3	-2.048920E-7	1.862660E-8
2.213900E+3	-1.415620E-7	-5.960510E-8
2.191100E+3	-2.048920E-7	1.862660E-8
2.178800E+3	-1.937160E-7	7.450640E-9
2.165000E+3	-1.601880E-7	-3.725310E-8
2.154300E+3	-1.229350E-7	-5.960510E-8
2.129800E+3	-2.011670E-7	2.607710E-8
2.116900E+3	-1.452870E-7	-2.607710E-8
2.102500E+3	-1.676390E-7	7.450640E-9
2.089800E+3	-1.974410E-7	3.352780E-8
2.069500E+3	-1.713640E-7	3.725320E-9
2.056200E+3	-1.303860E-7	-5.215430E-8
2.046700E+3	-2.235180E-7	3.352780E-8
2.019600E+3	-1.937160E-7	1.862660E-8
2.006300E+3	-1.750900E-7	7.450640E-9
1.993600E+3	-1.415620E-7	-2.235190E-8
1.972500E+3	-1.639140E-7	-3.352780E-8
1.959000E+3	-1.229350E-7	-7.078100E-8
1.949500E+3	-1.154840E-7	-6.705570E-8
1.936400E+3	-1.676390E-7	-7.450640E-9
1.911100E+3	-1.415620E-7	-5.960510E-8
1.898500E+3	-1.564630E-7	-4.842900E-8
1.887300E+3	-1.974410E-7	-2.607710E-8
1.863300E+3	-2.495960E-7	1.490130E-8
1.863300E+3	-2.495960E-7	1.490130E-8
1.839400E+3	-1.713640E-7	-5.215430E-8
1.815800E+3	-1.676390E-7	-2.607710E-8
1.805600E+3	-1.415620E-7	-5.960510E-8
1.784400E+3	-1.303860E-7	-6.705570E-8
1.770800E+3	-1.266610E-7	-5.215430E-8
1.757300E+3	-1.974410E-7	1.862660E-8
1.735000E+3	-1.750900E-7	-2.235190E-8
1.724500E+3	-1.974410E-7	-3.725320E-9
1.711300E+3	-1.601880E-7	-3.725310E-8
1.692100E+3	-1.303860E-7	-5.960510E-8
1.678100E+3	-1.490130E-7	-2.980250E-8
1.668900E+3	-1.192100E-7	-4.842900E-8
1.646300E+3	-1.490130E-7	0.000000E+0
1.636400E+3	-1.527380E-7	0.000000E+0
1.627500E+3	-1.415620E-7	-1.862660E-8
1.604500E+3	-2.011670E-7	1.862660E-8
1.592900E+3	-1.862650E-7	7.450640E-9
1.581500E+3	-1.490130E-7	-2.235190E-8
1.559000E+3	-1.303860E-7	-4.097840E-8
1.549900E+3	-2.309690E-7	4.470370E-8
1.530000E+3	-1.490130E-7	-3.352780E-8
1.518500E+3	-2.160680E-7	5.215430E-8
1.509200E+3	-2.011670E-7	5.215430E-8
1.490300E+3	-1.303860E-7	-3.352780E-8
1.478700E+3	-1.862650E-7	0.000000E+0
1.466600E+3	-1.601880E-7	-3.725310E-8
1.454300E+3	-1.341110E-7	-3.725310E-8
1.433900E+3	-1.974410E-7	2.235190E-8
1.424100E+3	-1.303860E-7	-5.960510E-8
1.414100E+3	-2.235180E-7	4.097840E-8
1.393000E+3	-1.415620E-7	-2.980250E-8
1.380800E+3	-1.154840E-7	-4.842900E-8
1.363000E+3	-1.303860E-7	-2.607710E-8
1.350800E+3	-1.229350E-7	-5.960510E-8
1.341500E+3	-2.197930E-7	2.980250E-8
1.321000E+3	-1.303860E-7	-8.568210E-8
1.310900E+3	-1.713640E-7	-4.097840E-8
1.300000E+3	-1.639140E-7	-3.352780E-8
1.288700E+3	-1.899910E-7	-3.725320E-9
1.288700E+3	-1.899910E-7	-3.725320E-9
1.255700E+3	-1.527380E-7	-2.607710E-8
1.235200E+3	-1.303860E-7	-3.725320E-9
1.225500E+3	-7.450630E-8	-5.960510E-8
1.217400E+3	-6.705570E-8	-5.215430E-8
1.195500E+3	-9.685800E-8	-3.725310E-8
1.187500E+3	-1.154840E-7	-2.980250E-8
1.175900E+3	-1.788150E-7	2.980250E-8
1.157800E+3	-1.341110E-7	-3.725310E-8
1.146800E+3	-2.086170E-7	3.725310E-8
1.136700E+3	-1.303860E-7	-4.097840E-8
1.117500E+3	-1.378370E-7	-2.235190E-8
1.107900E+3	-1.825400E-7	1.862660E-8
1.096000E+3	-1.005830E-7	-6.333040E-8
1.077100E+3	-1.937160E-7	2.607710E-8
1.067200E+3	-1.974410E-7	2.607710E-8
1.056500E+3	-1.750900E-7	0.000000E+0
1.037600E+3	-8.940740E-8	-6.705570E-8
1.027800E+3	-1.899910E-7	2.607710E-8
1.009500E+3	-1.490130E-7	-7.450640E-9
9.997000E+2	-1.788150E-7	2.607710E-8
9.890000E+2	-1.601880E-7	7.450640E-9
9.713000E+2	-9.685800E-8	-6.333040E-8
9.608000E+2	-8.568210E-8	-5.587960E-8
9.534000E+2	-1.154840E-7	-7.450640E-9
9.330000E+2	-1.043090E-7	-3.352780E-8
9.255000E+2	-1.713640E-7	2.980250E-8
9.169000E+2	-8.568210E-8	-6.705570E-8
8.976000E+2	-1.527380E-7	-2.235190E-8
8.875000E+2	-1.862650E-7	-1.117590E-8
8.779000E+2	-1.043090E-7	-7.078100E-8
8.600000E+2	-1.192100E-7	-5.587960E-8
8.496000E+2	-1.452870E-7	-4.470370E-8
8.386000E+2	-1.303860E-7	-5.960510E-8
8.198000E+2	-1.974410E-7	0.000000E+0
8.118000E+2	-2.011670E-7	1.117590E-8
7.950000E+2	-1.303860E-7	-7.450640E-9
7.864000E+2	-1.862650E-7	4.470370E-8
7.749000E+2	-1.154840E-7	-4.470370E-8
7.574000E+2	-2.235180E-7	2.980250E-8
7.479000E+2	-1.490130E-7	-5.215430E-8
7.376000E+2	-1.601880E-7	-5.215430E-8
7.216000E+2	-2.235180E-7	3.352780E-8
7.109000E+2	-1.676390E-7	-2.980250E-8
7.035000E+2	-2.160680E-7	2.607710E-8
6.845000E+2	-1.303860E-7	-4.842900E-8
6.765000E+2	-2.048920E-7	1.117590E-8
6.668000E+2	-2.048920E-7	0.000000E+0
6.498000E+2	-1.825400E-7	-5.215430E-8
6.377000E+2	-2.048920E-7	-2.235190E-8
6.305000E+2	-1.937160E-7	-3.352780E-8
6.200000E+2	-1.825400E-7	-4.842900E-8
6.018000E+2	-2.123420E-7	-3.352780E-8
5.920000E+2	-2.235180E-7	-1.490130E-8
5.828000E+2	-2.421460E-7	1.490130E-8
5.659000E+2	-1.825400E-7	-4.097840E-8
5.559000E+2	-2.719480E-7	2.607710E-8
5.397000E+2	-2.756730E-7	2.235190E-8
5.317000E+2	-1.937160E-7	-5.960510E-8
5.228000E+2	-2.905740E-7	4.470370E-8
5.062000E+2	-2.235180E-7	-1.117590E-8
4.960000E+2	-1.974410E-7	-3.725310E-8
4.850000E+2	-2.123420E-7	-3.352780E-8
4.771000E+2	-2.607720E-7	3.725320E-9
4.470000E+2	-3.166510E-7	4.470370E-8
4.297000E+2	-3.017500E-7	3.352780E-8
3.845000E+2	-3.017500E-7	2.607710E-8
3.579000E+2	-3.501790E-7	4.842900E-8
3.298000E+2	-3.166510E-7	-3.352780E-8
3.000000E+2	-3.501790E-7	-2.607710E-8
2.752000E+2	-4.209600E-7	1.490130E-8
2.132000E+2	-4.544870E-7	7.450640E-9
1.860000E+2	-4.395860E-7	-3.352780E-8
1.255000E+2	-5.513470E-7	2.980250E-8
9.720000E+1	-5.103680E-7	-5.960510E-8
6.310000E+1	-5.513470E-7	-6.333040E-8
3.670000E+1	-6.668310E-7	4.097840E-8
-2.530000E+1	-2.905740E-7	0.000000E+0
-5.910000E+1	-1.117590E-8	-4.470370E-8
-8.490000E+1	1.862650E-7	-3.725310E-8
-1.531000E+2	3.874320E-7	-4.097840E-8
-1.856000E+2	4.470370E-7	-6.705570E-8
-2.101000E+2	3.911570E-7	2.235190E-8
-2.614000E+2	3.986080E-7	2.235190E-8
-2.847000E+2	4.582130E-7	-5.960510E-8
-3.387000E+2	3.613550E-7	-7.450640E-9
