Sample Name, Varga_5_4_24G
Freq, 24, GHz, Power, 10, dBm
SR850: f = 25 Hz; phase = 97 deg; output = 5 V; sens. = 20 uV; tc = 300 ms; 12dB/oct
Field	X	Y
Oe	V	V
*
-6.735000E+2	7.897650E-7	4.470370E-8
-6.735000E+2	7.897650E-7	4.470370E-8
-6.726000E+2	8.204990E-7	1.676390E-8
-6.720000E+2	7.944220E-7	2.514580E-8
-6.655000E+2	8.065290E-7	1.490130E-8
-6.578000E+2	8.437820E-7	-1.583260E-8
-6.326000E+2	8.298120E-7	2.514580E-8
-6.216000E+2	9.005930E-7	-4.097840E-8
-6.083000E+2	9.210820E-7	-2.421450E-8
-5.789000E+2	9.778960E-7	-2.142050E-8
-5.658000E+2	1.003040E-6	-8.381960E-9
-5.397000E+2	1.081270E-6	-1.955790E-8
-5.267000E+2	1.088720E-6	4.656640E-9
-5.004000E+2	1.185580E-6	-2.607710E-8
-4.900000E+2	1.206070E-6	-2.142050E-8
-4.786000E+2	1.219110E-6	2.328320E-8
-4.589000E+2	1.310380E-6	2.235190E-8
-4.495000E+2	1.364390E-6	2.328320E-8
-4.331000E+2	1.480810E-6	-4.190970E-8
-4.256000E+2	1.471500E-6	1.117590E-8
-4.161000E+2	1.480810E-6	2.328320E-8
-4.028000E+2	1.579530E-6	2.793980E-9
-3.937000E+2	1.584190E-6	3.632180E-8
-3.873000E+2	1.646590E-6	9.313280E-9
-3.716000E+2	1.668940E-6	3.259650E-8
-3.649000E+2	1.685700E-6	4.377240E-8
-3.461000E+2	1.748100E-6	3.445920E-8
-3.385000E+2	1.787220E-6	2.235190E-8
-3.212000E+2	1.860790E-6	2.142050E-8
-3.137000E+2	1.942750E-6	-5.587960E-9
-2.962000E+2	2.047990E-6	-1.210730E-8
-2.890000E+2	2.047990E-6	1.117590E-8
-2.716000E+2	2.131810E-6	1.862660E-8
-2.646000E+2	2.215630E-6	-2.142050E-8
-2.554000E+2	2.269650E-6	-2.514580E-8
-2.383000E+2	2.334840E-6	-2.514580E-8
-2.299000E+2	2.358120E-6	0.000000E+0
-2.122000E+2	2.435420E-6	-5.587960E-9
-2.046000E+2	2.497820E-6	-9.313280E-9
-1.942000E+2	2.485710E-6	3.445920E-8
-1.790000E+2	2.572330E-6	1.862660E-8
-1.679000E+2	2.640310E-6	-4.656640E-9
-1.528000E+2	2.741830E-6	-2.793980E-8
-1.436000E+2	2.742760E-6	1.024460E-8
-1.285000E+2	2.842410E-6	-1.862660E-8
-1.193000E+2	2.831240E-6	2.793980E-8
-1.049000E+2	2.955100E-6	-1.676390E-8
-9.580000E+1	2.981180E-6	-4.656640E-9
-8.820000E+1	2.996080E-6	1.955790E-8
-6.910000E+1	3.096660E-6	7.450640E-9
-6.190000E+1	3.156270E-6	9.313300E-10
-4.330000E+1	3.321110E-6	-3.818450E-8
-3.540000E+1	3.377920E-6	-6.984960E-8
-2.610000E+1	3.295030E-6	-7.171230E-8
-9.100000E+0	2.664530E-6	-2.980250E-8
-2.200000E+0	2.176520E-6	-3.259650E-8
6.600000E+0	1.520860E-6	2.048920E-8
2.420000E+1	-2.793980E-8	-2.328320E-8
3.210000E+1	-7.785890E-7	2.514580E-8
4.800000E+1	-1.994910E-6	5.681090E-8
5.640000E+1	-2.400030E-6	5.774220E-8
7.390000E+1	-2.875940E-6	4.097840E-8
8.270000E+1	-3.024020E-6	5.587960E-8
9.760000E+1	-3.083620E-6	9.313280E-9
1.058000E+2	-3.127400E-6	5.308560E-8
1.146000E+2	-3.068720E-6	1.024460E-8
1.304000E+2	-3.092010E-6	7.171230E-8
1.457000E+2	-2.997940E-6	1.862660E-9
1.549000E+2	-2.997940E-6	5.122300E-8
1.701000E+2	-2.894570E-6	1.955790E-8
1.793000E+2	-2.874080E-6	3.259650E-8
1.866000E+2	-2.780940E-6	-1.583260E-8
2.052000E+2	-2.766970E-6	3.166520E-8
2.131000E+2	-2.694330E-6	-8.381960E-9
2.296000E+2	-2.590020E-6	-4.004710E-8
2.394000E+2	-2.567670E-6	-4.470370E-8
2.464000E+2	-2.524830E-6	-5.494830E-8
2.635000E+2	-2.424250E-6	-5.587960E-8
2.703000E+2	-2.395380E-6	-3.818450E-8
2.872000E+2	-2.331110E-6	-3.166520E-8
2.945000E+2	-2.358120E-6	3.073390E-8
3.107000E+2	-2.207250E-6	-4.004710E-8
3.188000E+2	-2.205390E-6	1.210730E-8
3.374000E+2	-2.106670E-6	-3.166520E-8
3.447000E+2	-2.026570E-6	-5.867350E-8
3.564000E+2	-2.042400E-6	-5.587960E-9
3.720000E+2	-1.909230E-6	-5.867350E-8
3.826000E+2	-1.929710E-6	1.303860E-8
3.913000E+2	-1.865450E-6	-1.676390E-8
4.088000E+2	-1.755550E-6	-4.284110E-8
4.179000E+2	-1.781630E-6	2.700850E-8
4.346000E+2	-1.631680E-6	-2.887110E-8
4.436000E+2	-1.657760E-6	1.769520E-8
4.513000E+2	-1.580460E-6	-3.632180E-8
4.692000E+2	-1.537620E-6	-8.381960E-9
4.776000E+2	-1.522720E-6	2.421450E-8
4.947000E+2	-1.428660E-6	1.862660E-9
5.038000E+2	-1.422140E-6	3.539050E-8
5.109000E+2	-1.369980E-6	1.210730E-8
5.282000E+2	-1.295480E-6	-2.980250E-8
5.352000E+2	-1.279640E-6	-2.607710E-8
5.524000E+2	-1.214450E-6	-4.284110E-8
5.596000E+2	-1.227490E-6	-1.024460E-8
5.791000E+2	-1.112010E-6	-5.215430E-8
5.865000E+2	-1.143670E-6	1.210730E-8
5.958000E+2	-1.093380E-6	-2.700850E-8
6.129000E+2	-1.062650E-6	-2.048920E-8
6.217000E+2	-1.084070E-6	-2.793980E-9
6.372000E+2	-1.019810E-6	-3.725310E-8
6.464000E+2	-1.032840E-6	1.862660E-8
6.619000E+2	-9.555440E-7	-1.396990E-8
6.728000E+2	-9.490210E-7	6.519290E-9
6.887000E+2	-9.145620E-7	1.583260E-8
6.980000E+2	-9.089740E-7	3.725310E-8
7.136000E+2	-8.186360E-7	-2.235190E-8
7.229000E+2	-8.605460E-7	3.632180E-8
7.384000E+2	-7.934900E-7	6.519290E-9
7.476000E+2	-8.316750E-7	4.936030E-8
7.548000E+2	-7.636880E-7	-1.303860E-8
7.739000E+2	-7.860400E-7	3.259650E-8
7.816000E+2	-7.087400E-7	-2.142050E-8
7.986000E+2	-6.901140E-7	2.142050E-8
8.059000E+2	-6.388910E-7	-1.117590E-8
8.235000E+2	-6.146770E-7	-1.210730E-8
8.306000E+2	-6.305090E-7	2.048920E-8
8.408000E+2	-5.634540E-7	-1.117590E-8
8.579000E+2	-5.634540E-7	-2.793980E-9
8.662000E+2	-5.895310E-7	2.700850E-8
8.832000E+2	-5.206130E-7	-4.470370E-8
8.920000E+2	-5.429650E-7	-5.587960E-9
9.110000E+2	-4.647320E-7	-4.842900E-8
9.188000E+2	-4.675260E-7	-3.259650E-8
9.283000E+2	-4.572810E-7	-3.166520E-8
9.458000E+2	-4.274790E-7	-1.676390E-8
9.553000E+2	-4.628690E-7	3.632180E-8
9.712000E+2	-3.874320E-7	-1.676390E-8
9.833000E+2	-4.135090E-7	2.793980E-8
9.984000E+2	-3.250330E-7	-3.073390E-8
1.007600E+3	-3.753250E-7	2.980250E-8
1.018400E+3	-3.725310E-7	2.048920E-8
1.034600E+3	-3.539040E-7	1.676390E-8
1.042500E+3	-2.821930E-7	-3.725310E-8
1.059300E+3	-3.175830E-7	6.519290E-9
1.066800E+3	-2.812610E-7	-2.048920E-8
1.083400E+3	-2.905740E-7	1.117590E-8
1.091600E+3	-2.495960E-7	-9.313280E-9
1.109100E+3	-2.207240E-7	5.587960E-9
1.116900E+3	-1.695020E-7	-3.911580E-8
1.134600E+3	-1.452870E-7	-2.793980E-8
1.144500E+3	-1.285230E-7	-3.818450E-8
1.152900E+3	-1.573940E-7	8.381960E-9
1.172000E+3	-1.043090E-7	-5.587960E-9
1.179600E+3	-7.357490E-8	-2.607710E-8
1.196500E+3	-5.587960E-9	-5.215430E-8
1.204600E+3	-5.401690E-8	1.303860E-8
1.221000E+3	4.656640E-9	-3.445920E-8
1.229700E+3	1.862660E-9	-1.210730E-8
1.240500E+3	-9.313300E-10	2.793980E-8
1.256200E+3	6.984960E-8	2.793980E-8
1.265600E+3	6.426170E-8	4.563500E-8
1.281300E+3	1.378370E-7	-3.725320E-9
1.290400E+3	1.341110E-7	1.583260E-8
1.306400E+3	1.303860E-7	2.793980E-8
1.314900E+3	1.471500E-7	2.142050E-8
1.331300E+3	1.890590E-7	1.955790E-8
1.339200E+3	2.458710E-7	-1.862660E-8
1.357400E+3	2.877800E-7	-2.328320E-8
1.366300E+3	3.101320E-7	-2.514580E-8
1.382500E+3	3.464540E-7	-1.303860E-8
1.390700E+3	3.408660E-7	1.117590E-8
1.400300E+3	4.125780E-7	-3.352780E-8
1.417600E+3	4.619380E-7	-3.352780E-8
1.427000E+3	5.010550E-7	-4.004710E-8
1.434400E+3	4.954670E-7	-1.210730E-8
1.453300E+3	5.234070E-7	9.313280E-9
1.460300E+3	5.951190E-7	-4.842900E-8
1.477100E+3	6.305090E-7	-1.490130E-8
1.484200E+3	6.817320E-7	-3.259650E-8
1.500900E+3	7.199160E-7	-4.377240E-8
1.508600E+3	7.031520E-7	-7.450640E-9
1.519200E+3	7.031520E-7	1.117590E-8
1.534600E+3	7.599630E-7	1.117590E-8
1.543800E+3	8.177050E-7	1.396990E-8
1.558900E+3	9.248070E-7	-1.583260E-8
1.568100E+3	9.192190E-7	2.793980E-8
1.583300E+3	9.546130E-7	3.539050E-8
1.592400E+3	1.005840E-6	2.048920E-8
1.609200E+3	1.070100E-6	-9.313280E-9
1.618500E+3	1.065440E-6	3.445920E-8
1.633800E+3	1.129700E-6	4.284110E-8
1.642900E+3	1.223770E-6	-5.587960E-9
1.658300E+3	1.249840E-6	2.048920E-8
1.667200E+3	1.267540E-6	3.166520E-8
1.674200E+3	1.313170E-6	2.048920E-8
1.691300E+3	1.419340E-6	-1.490130E-8
1.698500E+3	1.424000E-6	0.000000E+0
1.715300E+3	1.477080E-6	-3.632180E-8
1.722800E+3	1.467770E-6	1.676390E-8
1.741800E+3	1.561840E-6	2.793980E-8
1.748600E+3	1.600950E-6	2.793980E-8
1.765500E+3	1.700600E-6	9.313280E-9
1.772600E+3	1.751830E-6	-1.117590E-8
1.789200E+3	1.803980E-6	-6.519290E-9
1.796900E+3	1.796530E-6	2.793980E-8
1.813000E+3	1.909230E-6	-2.421450E-8
1.821300E+3	1.896180E-6	2.607710E-8
1.830100E+3	1.979080E-6	-2.700850E-8
1.848100E+3	2.035890E-6	-2.793980E-9
1.856500E+3	2.039610E-6	3.445920E-8
1.873800E+3	2.164410E-6	-1.676390E-8
1.883000E+3	2.144850E-6	5.774220E-8
1.890100E+3	2.223080E-6	2.980250E-8
1.909000E+3	2.272440E-6	6.519300E-8
1.916700E+3	2.326460E-6	2.887110E-8
1.934800E+3	2.393510E-6	2.048920E-8
1.943300E+3	2.429840E-6	3.166520E-8
1.950300E+3	2.459640E-6	3.911580E-8
1.969700E+3	2.516450E-6	4.284110E-8
1.976600E+3	2.576050E-6	3.445920E-8
1.993600E+3	2.666390E-6	7.450640E-9
2.000500E+3	2.725060E-6	-1.210730E-8
2.017500E+3	2.781880E-6	-1.862660E-9
2.024500E+3	2.766970E-6	4.656640E-8
2.034800E+3	2.809810E-6	4.842900E-8
2.050700E+3	2.931820E-6	3.725320E-9
2.059300E+3	2.930890E-6	2.793980E-8
2.077100E+3	3.034260E-6	0.000000E+0
2.085900E+3	3.031470E-6	3.352780E-8
2.101300E+3	3.129260E-6	-1.210730E-8
2.110400E+3	3.127400E-6	3.352780E-8
2.125200E+3	3.189790E-6	2.048920E-8
2.134100E+3	3.189790E-6	4.656640E-8
2.142400E+3	3.277340E-6	-1.396990E-8
2.160800E+3	3.309000E-6	1.117590E-8
2.168600E+3	3.323900E-6	2.700850E-8
2.185100E+3	3.376060E-6	5.215430E-8
2.192400E+3	3.429140E-6	2.980250E-8
2.208500E+3	3.466400E-6	4.563500E-8
2.216400E+3	3.550220E-6	-1.117590E-8
2.232700E+3	3.534380E-6	4.936030E-8
2.240000E+3	3.583740E-6	1.024460E-8
2.256800E+3	3.588400E-6	4.190970E-8
2.263800E+3	3.651730E-6	-1.117590E-8
2.280800E+3	3.702020E-6	-4.656640E-9
2.290100E+3	3.738340E-6	-1.024460E-8
2.298900E+3	3.728100E-6	2.235190E-8
2.314600E+3	3.786770E-6	-2.793980E-9
2.323700E+3	3.759760E-6	2.700850E-8
2.341100E+3	3.838940E-6	1.117590E-8
2.349400E+3	3.856640E-6	2.700850E-8
2.358000E+3	3.851050E-6	8.195680E-8
2.374900E+3	3.941390E-6	3.539050E-8
2.384000E+3	3.933000E-6	6.333040E-8
2.393700E+3	3.939520E-6	6.239910E-8
2.409600E+3	3.956290E-6	6.891830E-8
2.419900E+3	3.986090E-6	5.587960E-8
2.435100E+3	4.017750E-6	6.519300E-8
2.443800E+3	4.053140E-6	7.357490E-8
2.459700E+3	4.092260E-6	7.357490E-8
2.467900E+3	4.123930E-6	5.494830E-8
2.484200E+3	4.140690E-6	4.842900E-8
2.491800E+3	4.171420E-6	3.166520E-8
2.501300E+3	4.167700E-6	4.842900E-8
2.518400E+3	4.237550E-6	1.862660E-8
2.525300E+3	4.212400E-6	6.705570E-8
2.544900E+3	4.245000E-6	5.494830E-8
2.551900E+3	4.274800E-6	2.048920E-8
2.560400E+3	4.246860E-6	4.470370E-8
2.578600E+3	4.290630E-6	1.862660E-9
2.587200E+3	4.282250E-6	1.862660E-8
2.604900E+3	4.320430E-6	2.793980E-8
2.612700E+3	4.296220E-6	6.333040E-8
2.621900E+3	4.306460E-6	8.195680E-8
2.638600E+3	4.393080E-6	3.911580E-8
2.647700E+3	4.400530E-6	6.053640E-8
2.664700E+3	4.433120E-6	4.656640E-8
2.673300E+3	4.431260E-6	5.587960E-8
2.683800E+3	4.410770E-6	8.381950E-8
2.699000E+3	4.456410E-6	4.284110E-8
2.708200E+3	4.450820E-6	6.984960E-8
2.723700E+3	4.492730E-6	3.911580E-8
2.732400E+3	4.510420E-6	3.352780E-8
2.748200E+3	4.489000E-6	6.891830E-8
2.756300E+3	4.517870E-6	5.308560E-8
2.763500E+3	4.510420E-6	7.543760E-8
2.782600E+3	4.548610E-6	4.004710E-8
2.798100E+3	4.556990E-6	3.725310E-8
2.806400E+3	4.592380E-6	-9.313300E-10
2.813400E+3	4.552330E-6	5.122300E-8
2.832800E+3	4.583070E-6	3.445920E-8
2.839700E+3	4.620320E-6	1.583260E-8
2.848100E+3	4.605420E-6	3.911580E-8
2.866100E+3	4.649190E-6	1.490130E-8
2.873800E+3	4.653850E-6	1.862660E-8
2.892500E+3	4.683650E-6	-9.313300E-10
2.900600E+3	4.670610E-6	2.514580E-8
2.916700E+3	4.711590E-6	1.490130E-8
2.925000E+3	4.693890E-6	5.308560E-8
2.940600E+3	4.760020E-6	2.980250E-8
2.949700E+3	4.777710E-6	2.793980E-8
2.960000E+3	4.747910E-6	6.798700E-8
2.975300E+3	4.827070E-6	2.048920E-8
2.986000E+3	4.805650E-6	6.053640E-8
2.993800E+3	4.827070E-6	5.774220E-8
3.011600E+3	4.871780E-6	5.774220E-8
3.020300E+3	4.864330E-6	6.984960E-8
3.037400E+3	4.909030E-6	3.725310E-8
3.046500E+3	4.899720E-6	6.984960E-8
3.053600E+3	4.940700E-6	4.097840E-8
3.072500E+3	4.947210E-6	4.656640E-8
3.080200E+3	4.978880E-6	1.024460E-8
3.096900E+3	5.003090E-6	2.514580E-8
3.104200E+3	5.042210E-6	0.000000E+0
3.121000E+3	5.046870E-6	3.911580E-8
3.130300E+3	5.082260E-6	2.048920E-8
3.138500E+3	5.112060E-6	6.519290E-9
3.157000E+3	5.131620E-6	9.313280E-9
3.164500E+3	5.153970E-6	-5.587960E-9
3.181100E+3	5.194020E-6	1.862660E-9
3.189100E+3	5.185630E-6	2.607710E-8
3.205200E+3	5.260140E-6	-7.450640E-9
3.213800E+3	5.307640E-6	-1.490130E-8
3.224400E+3	5.287150E-6	2.514580E-8
3.239600E+3	5.371900E-6	-9.313280E-9
3.250100E+3	5.359790E-6	2.607710E-8
3.258400E+3	5.374690E-6	5.215430E-8
3.275800E+3	5.440820E-6	2.793980E-8
3.284700E+3	5.417530E-6	6.705570E-8
3.301500E+3	5.498560E-6	1.862660E-8
3.310700E+3	5.481790E-6	5.774220E-8
3.325900E+3	5.560960E-6	5.774220E-8
3.335200E+3	5.624290E-6	1.117590E-8
3.342200E+3	5.631740E-6	2.980250E-8
3.359400E+3	5.673650E-6	6.146770E-8
3.366300E+3	5.748150E-6	1.490130E-8
3.385700E+3	5.757470E-6	8.102550E-8
3.393000E+3	5.826380E-6	4.377240E-8
3.400900E+3	5.863640E-6	2.793980E-8
3.419300E+3	5.898090E-6	1.583260E-8
3.427500E+3	5.950250E-6	-9.313280E-9
3.445800E+3	6.008920E-6	4.656640E-9
3.453200E+3	6.047110E-6	6.519290E-9
3.463700E+3	6.058280E-6	3.632180E-8
3.479100E+3	6.135580E-6	4.842900E-8
3.489300E+3	6.203570E-6	2.235190E-8
3.505500E+3	6.229650E-6	3.911580E-8
3.513700E+3	6.233370E-6	7.450630E-8
3.529400E+3	6.336750E-6	2.328320E-8
3.538300E+3	6.327430E-6	6.333040E-8
3.553500E+3	6.447580E-6	2.980250E-8
3.562800E+3	6.455030E-6	6.053640E-8
3.570500E+3	6.500660E-6	4.749770E-8
3.588500E+3	6.561200E-6	6.333040E-8
3.597000E+3	6.634770E-6	3.166520E-8
3.613100E+3	6.649670E-6	7.636890E-8
3.621100E+3	6.707410E-6	6.426170E-8
3.637600E+3	6.771680E-6	8.381950E-8
3.645100E+3	6.855490E-6	3.725310E-8
3.662000E+3	6.885300E-6	7.450630E-8
3.669000E+3	6.958870E-6	4.377240E-8
3.686200E+3	7.006370E-6	7.823160E-8
3.693000E+3	7.058520E-6	6.333040E-8
3.710000E+3	7.141410E-6	3.632180E-8
3.717000E+3	7.190770E-6	2.793980E-8
3.733700E+3	7.295080E-6	2.235190E-8
3.741100E+3	7.302530E-6	5.401690E-8
3.757400E+3	7.387280E-6	3.352780E-8
3.765400E+3	7.406840E-6	5.122300E-8
3.781600E+3	7.548400E-6	2.607710E-8
3.789200E+3	7.551190E-6	7.078100E-8
3.805900E+3	7.660190E-6	4.190970E-8
3.814100E+3	7.719790E-6	3.166520E-8
3.825500E+3	7.727240E-6	5.960510E-8
3.840900E+3	7.849240E-6	9.313280E-9
3.840900E+3	7.849240E-6	9.313280E-9
3.859200E+3	7.919090E-6	5.774220E-8
3.877400E+3	8.007570E-6	4.656640E-8
3.886000E+3	8.032720E-6	6.519300E-8
3.903400E+3	8.138890E-6	4.563500E-8
3.912500E+3	8.138890E-6	8.288820E-8
3.919600E+3	8.200350E-6	6.984960E-8
3.938500E+3	8.277650E-6	7.730020E-8
3.946200E+3	8.313970E-6	7.730020E-8
3.964300E+3	8.389410E-6	6.333040E-8
3.972800E+3	8.415490E-6	6.798700E-8
3.982100E+3	8.488130E-6	3.725310E-8
3.991000E+3	8.538420E-6	2.700850E-8
4.008600E+3	8.620380E-6	2.514580E-8
4.016700E+3	8.670670E-6	3.259650E-8
4.035300E+3	8.747970E-6	6.891830E-8
4.042600E+3	8.800130E-6	4.190970E-8
4.051800E+3	8.829930E-6	4.377240E-8
4.068900E+3	8.848550E-6	6.519300E-8
4.077700E+3	8.891390E-6	5.122300E-8
4.095400E+3	8.949140E-6	3.445920E-8
4.103500E+3	8.932370E-6	7.357490E-8
4.119200E+3	8.992910E-6	2.793980E-8
4.127900E+3	8.976150E-6	6.612440E-8
4.138300E+3	8.988250E-6	6.891830E-8
4.153800E+3	9.048790E-6	2.421450E-8
4.165300E+3	9.027370E-6	6.053640E-8
4.172600E+3	9.061830E-6	2.887110E-8
4.191500E+3	9.075800E-6	3.725310E-8
4.199400E+3	9.083250E-6	4.190970E-8
4.217200E+3	9.105600E-6	4.190970E-8
4.225900E+3	9.100010E-6	6.053640E-8
4.232800E+3	9.140990E-6	3.632180E-8
4.250000E+3	9.144710E-6	4.656640E-8
4.257200E+3	9.118640E-6	7.078100E-8
4.273900E+3	9.124230E-6	5.774220E-8
4.281400E+3	9.147510E-6	2.793980E-8
4.300400E+3	9.097220E-6	3.445920E-8
4.307300E+3	9.113980E-6	6.519290E-9
4.316500E+3	9.101870E-6	1.396990E-8
4.334000E+3	9.077660E-6	0.000000E+0
4.342400E+3	9.056240E-6	4.656640E-9
4.360700E+3	9.013400E-6	3.725310E-8
4.368400E+3	9.010600E-6	4.190970E-8
4.378900E+3	8.964040E-6	6.519300E-8
4.394400E+3	8.930510E-6	6.705570E-8
4.403600E+3	8.916540E-6	4.842900E-8
4.419100E+3	8.856940E-6	3.725310E-8
4.428300E+3	8.881150E-6	-1.862660E-9
4.445800E+3	8.838310E-6	4.656640E-9
4.455100E+3	8.772190E-6	4.097840E-8
4.462500E+3	8.758220E-6	2.793980E-8
4.480900E+3	8.687440E-6	2.887110E-8
4.488700E+3	8.682780E-6	3.725320E-9
4.505200E+3	8.604550E-6	4.284110E-8
4.512300E+3	8.588710E-6	3.445920E-8
4.529200E+3	8.535630E-6	2.793980E-8
4.536200E+3	8.502100E-6	1.676390E-8
4.553300E+3	8.393140E-6	4.004710E-8
4.560300E+3	8.376370E-6	8.381960E-9
4.569300E+3	8.328880E-6	2.235190E-8
4.586900E+3	8.260890E-6	1.117590E-8
4.595100E+3	8.201280E-6	5.122300E-8
4.611000E+3	8.172410E-6	2.980250E-8
4.619800E+3	8.110950E-6	5.494830E-8
4.635400E+3	8.008500E-6	5.494830E-8
4.644600E+3	7.947970E-6	5.681090E-8
4.659800E+3	7.888360E-6	1.676390E-8
4.669000E+3	7.814790E-6	5.308560E-8
4.685800E+3	7.742140E-6	2.142050E-8
4.694700E+3	7.678810E-6	4.190970E-8
4.702800E+3	7.653670E-6	1.583260E-8
4.720400E+3	7.510210E-6	4.656640E-8
4.729200E+3	7.494380E-6	-3.725320E-9
4.744800E+3	7.354680E-6	3.073390E-8
4.753100E+3	7.324880E-6	-1.862660E-9
4.769300E+3	7.167490E-6	2.235190E-8
4.777100E+3	7.140480E-6	-1.024460E-8
4.793900E+3	7.000780E-6	-1.024460E-8
4.803900E+3	6.928140E-6	9.313300E-10
4.810900E+3	6.862010E-6	-5.587960E-9
4.830400E+3	6.710210E-6	4.656640E-9
4.837500E+3	6.675750E-6	-4.656640E-8
4.845900E+3	6.568650E-6	-1.769520E-8
4.864300E+3	6.439190E-6	-3.073390E-8
4.871600E+3	6.318120E-6	8.381960E-9
4.888100E+3	6.184940E-6	-2.793980E-9
4.896100E+3	6.114160E-6	-7.450640E-9
4.914600E+3	5.964220E-6	-7.450640E-9
4.922700E+3	5.869220E-6	-1.583260E-8
4.933300E+3	5.743500E-6	9.313280E-9
4.948800E+3	5.565610E-6	-2.142050E-8
4.959300E+3	5.460370E-6	-5.587960E-9
4.968000E+3	5.377490E-6	-2.980250E-8
4.985200E+3	5.098090E-6	2.328320E-8
4.994500E+3	4.995640E-6	2.048920E-8
5.010000E+3	4.768400E-6	1.117590E-8
5.018900E+3	4.689240E-6	8.381960E-9
5.034700E+3	4.462930E-6	4.377240E-8
5.043000E+3	4.362340E-6	0.000000E+0
5.060400E+3	4.119270E-6	-3.725320E-9
5.069500E+3	4.024270E-6	-4.470370E-8
5.079200E+3	3.883640E-6	-4.377240E-8
5.095700E+3	3.638690E-6	-2.980250E-8
5.105800E+3	3.461740E-6	1.117590E-8
5.112700E+3	3.339740E-6	-2.887110E-8
5.129800E+3	3.109700E-6	-5.308560E-8
5.136800E+3	2.970000E-6	-4.004710E-8
5.153800E+3	2.654280E-6	2.235190E-8
5.163600E+3	2.542530E-6	2.793980E-9
5.180400E+3	2.286410E-6	3.259650E-8
5.187500E+3	2.117840E-6	3.911580E-8
5.204700E+3	1.911090E-6	-2.142050E-8
5.211900E+3	1.769520E-6	-3.725320E-9
5.228700E+3	1.514340E-6	-6.519290E-9
5.236600E+3	1.366260E-6	-7.450640E-9
5.252800E+3	1.084070E-6	-1.210730E-8
5.261200E+3	9.071120E-7	2.235190E-8
5.277100E+3	6.808000E-7	-5.774220E-8
5.285900E+3	5.085060E-7	-5.215430E-8
5.296300E+3	2.980250E-7	5.587960E-9
5.311600E+3	-9.313280E-9	2.048920E-8
5.320700E+3	-1.126900E-7	-1.117590E-8
5.336100E+3	-4.442430E-7	-7.450640E-9
5.346500E+3	-5.895310E-7	-1.862660E-8
5.354000E+3	-6.891820E-7	-6.053640E-8
5.373200E+3	-1.065440E-6	9.313300E-10
5.380500E+3	-1.192100E-6	-3.259650E-8
5.388600E+3	-1.376500E-6	-3.073390E-8
5.407300E+3	-1.681040E-6	7.450640E-9
5.414500E+3	-1.827260E-6	-7.450640E-9
5.431300E+3	-2.094560E-6	-5.401690E-8
5.439200E+3	-2.301310E-6	6.519290E-9
5.455600E+3	-2.606790E-6	-1.862660E-9
5.465400E+3	-2.695260E-6	-3.911580E-8
5.474700E+3	-2.889910E-6	1.769520E-8
5.492000E+3	-3.158130E-6	-3.445920E-8
5.500600E+3	-3.331360E-6	-2.793980E-9
5.518600E+3	-3.617270E-6	-1.862660E-8
5.526500E+3	-3.761630E-6	-1.769520E-8
5.535700E+3	-3.974910E-6	2.142050E-8
5.552600E+3	-4.205880E-6	-2.048920E-8
5.561800E+3	-4.399600E-6	1.117590E-8
5.579000E+3	-4.628700E-6	-2.328320E-8
5.587600E+3	-4.814970E-6	2.793980E-9
5.598400E+3	-4.970500E-6	3.725310E-8
5.614300E+3	-5.228470E-6	2.887110E-8
5.622500E+3	-5.298320E-6	-2.607710E-8
5.638800E+3	-5.591690E-6	4.749770E-8
5.646500E+3	-5.646640E-6	2.142050E-8
5.662500E+3	-5.859910E-6	5.029160E-8
5.670700E+3	-5.952110E-6	1.583260E-8
5.689300E+3	-6.164450E-6	2.514580E-8
5.697400E+3	-6.203570E-6	-2.235190E-8
5.704700E+3	-6.328370E-6	1.396990E-8
5.721300E+3	-6.537910E-6	2.887110E-8
5.729200E+3	-6.643150E-6	4.097840E-8
5.745400E+3	-6.738150E-6	-1.303860E-8
5.753800E+3	-6.857360E-6	2.793980E-8
5.769700E+3	-7.079940E-6	6.053640E-8
5.779900E+3	-7.154450E-6	2.607710E-8
5.796300E+3	-7.283900E-6	8.381960E-9
5.804500E+3	-7.377040E-6	3.725310E-8
5.820600E+3	-7.426400E-6	-5.215430E-8
5.829200E+3	-7.527910E-6	-2.421450E-8
5.837700E+3	-7.591240E-6	-2.700850E-8
5.853700E+3	-7.754250E-6	1.396990E-8
5.869100E+3	-7.785910E-6	-6.239910E-8
5.878300E+3	-7.847380E-6	-3.352780E-8
5.888300E+3	-7.968450E-6	3.539050E-8
5.904100E+3	-8.029920E-6	2.514580E-8
5.912400E+3	-8.015020E-6	-1.210730E-8
5.928600E+3	-8.126780E-6	4.284110E-8
5.936200E+3	-8.096980E-6	-3.166520E-8
5.953100E+3	-8.233880E-6	2.980250E-8
5.960200E+3	-8.205010E-6	-2.607710E-8
5.968500E+3	-8.208740E-6	-4.842900E-8
5.987100E+3	-8.288830E-6	4.656640E-9
5.994500E+3	-8.248780E-6	-4.097840E-8
6.013700E+3	-8.331670E-6	3.259650E-8
6.020700E+3	-8.265550E-6	-3.539050E-8
6.029600E+3	-8.309320E-6	0.000000E+0
6.047200E+3	-8.273000E-6	-4.470370E-8
6.055400E+3	-8.282310E-6	-3.911580E-8
6.074100E+3	-8.311180E-6	-1.676390E-8
6.081400E+3	-8.261820E-6	-5.215430E-8
6.093000E+3	-8.315840E-6	3.352780E-8
6.108400E+3	-8.291620E-6	4.749770E-8
6.117600E+3	-8.235740E-6	1.210730E-8
6.133000E+3	-8.177070E-6	0.000000E+0
6.141900E+3	-8.206870E-6	6.053640E-8
6.157700E+3	-8.144470E-6	4.842900E-8
6.166200E+3	-8.107220E-6	4.749770E-8
6.182400E+3	-8.046690E-6	5.215430E-8
6.190300E+3	-7.947970E-6	-7.450640E-9
6.206100E+3	-7.970320E-6	9.313270E-8
6.214400E+3	-7.877180E-6	4.749770E-8
6.230600E+3	-7.790570E-6	4.004710E-8
6.238500E+3	-7.757040E-6	2.980250E-8
6.255100E+3	-7.752390E-6	7.730020E-8
6.262600E+3	-7.647150E-6	-2.793980E-9
6.279700E+3	-7.571680E-6	3.259650E-8
6.286800E+3	-7.546540E-6	5.401690E-8
6.304100E+3	-7.443160E-6	3.166520E-8
6.311200E+3	-7.387280E-6	3.073390E-8
6.328400E+3	-7.335130E-6	6.239910E-8
6.335700E+3	-7.253170E-6	9.313300E-10
6.344900E+3	-7.226160E-6	1.303860E-8
6.362100E+3	-7.114400E-6	-1.210730E-8
6.370800E+3	-7.091120E-6	1.117590E-8
6.388600E+3	-6.999850E-6	-1.024460E-8
6.397600E+3	-6.986810E-6	4.284110E-8
6.408000E+3	-6.959800E-6	7.264360E-8
6.423400E+3	-6.743740E-6	-1.955790E-8
6.434100E+3	-6.759570E-6	4.097840E-8
6.449400E+3	-6.616140E-6	-4.656640E-9
6.458700E+3	-6.615210E-6	4.097840E-8
6.474100E+3	-6.533260E-6	6.239910E-8
6.483100E+3	-6.482970E-6	6.705570E-8
6.490200E+3	-6.376790E-6	1.583260E-8
6.507500E+3	-6.275280E-6	3.725320E-9
6.523600E+3	-6.255720E-6	4.656640E-8
6.531700E+3	-6.157000E-6	-5.587960E-9
6.539000E+3	-6.113230E-6	-1.676390E-8
6.555900E+3	-6.013580E-6	-2.887110E-8
6.563700E+3	-6.007060E-6	9.313300E-10
6.580300E+3	-5.897160E-6	-1.303860E-8
6.587500E+3	-5.934420E-6	8.102550E-8
6.604400E+3	-5.787270E-6	1.862660E-8
6.611900E+3	-5.744430E-6	4.936030E-8
6.630800E+3	-5.649430E-6	4.377240E-8
6.638700E+3	-5.587030E-6	2.328320E-8
6.647800E+3	-5.520910E-6	-3.725320E-9
6.664700E+3	-5.481790E-6	9.313280E-9
6.673900E+3	-5.484590E-6	5.308560E-8
6.691000E+3	-5.305770E-6	-2.793980E-9
6.699800E+3	-5.307640E-6	4.097840E-8
6.715300E+3	-5.209850E-6	1.676390E-8
6.724600E+3	-5.160490E-6	2.793980E-9
6.732500E+3	-5.129750E-6	1.862660E-9
6.750600E+3	-5.097160E-6	5.122300E-8
6.759200E+3	-5.009610E-6	-1.024460E-8
6.775400E+3	-4.984470E-6	4.470370E-8
6.783700E+3	-4.880160E-6	-2.142050E-8
6.791000E+3	-4.901580E-6	4.842900E-8
6.810500E+3	-4.826140E-6	6.984960E-8
6.820000E+3	-4.744190E-6	1.396990E-8
6.837100E+3	-4.689240E-6	-3.725320E-9
6.844100E+3	-4.729290E-6	7.450630E-8
6.854400E+3	-4.653850E-6	3.539050E-8
6.873200E+3	-4.516010E-6	-1.210730E-8
6.880300E+3	-4.486210E-6	-1.210730E-8
6.897300E+3	-4.442440E-6	9.313280E-9
6.904800E+3	-4.440580E-6	5.587960E-8
6.921500E+3	-4.332540E-6	2.793980E-9
6.929600E+3	-4.309260E-6	6.519290E-9
6.945600E+3	-4.250590E-6	1.862660E-8
6.954100E+3	-4.258040E-6	6.519300E-8
6.969700E+3	-4.118340E-6	-3.725320E-9
6.978700E+3	-4.102510E-6	-4.284110E-8
6.989000E+3	-4.205880E-6	-1.695020E-7
7.004400E+3	-4.085740E-6	-2.598410E-7
7.014900E+3	-4.107160E-6	-1.452870E-7
7.022600E+3	-4.025210E-6	-1.313170E-7
7.041500E+3	-3.941390E-6	-2.793980E-8
7.049000E+3	-3.860360E-6	-3.818450E-8
7.065300E+3	-3.843600E-6	4.377240E-8
7.075700E+3	-3.824970E-6	5.960510E-8
7.083000E+3	-3.770010E-6	1.769520E-8
7.099900E+3	-3.738340E-6	3.073390E-8
7.107400E+3	-3.666630E-6	-5.587960E-9
7.124000E+3	-3.653590E-6	3.911580E-8
7.133700E+3	-3.589330E-6	0.000000E+0
7.150900E+3	-3.537180E-6	1.117590E-8
7.158300E+3	-3.504580E-6	1.862660E-9
7.167700E+3	-3.476640E-6	-1.862660E-9
7.184900E+3	-3.441250E-6	1.583260E-8
7.193700E+3	-3.441250E-6	4.749770E-8
7.209100E+3	-3.381650E-6	4.749770E-8
7.219600E+3	-3.324840E-6	2.142050E-8
7.235500E+3	-3.277340E-6	2.142050E-8
7.244100E+3	-3.240090E-6	1.303860E-8
7.254600E+3	-3.252190E-6	4.656640E-8
7.269800E+3	-3.150680E-6	-3.539050E-8
7.280400E+3	-3.179550E-6	3.725310E-8
7.288600E+3	-3.118080E-6	-1.024460E-8
7.306900E+3	-3.118080E-6	5.122300E-8
7.314900E+3	-3.074310E-6	3.073390E-8
7.331500E+3	-3.014710E-6	7.450640E-9
7.331500E+3	-3.014710E-6	7.450640E-9
7.355900E+3	-3.017500E-6	6.519300E-8
7.363200E+3	-2.953240E-6	4.004710E-8
7.379800E+3	-2.926230E-6	6.984960E-8
7.387400E+3	-2.866630E-6	2.980250E-8
7.404400E+3	-2.810750E-6	9.313280E-9
7.411500E+3	-2.817270E-6	2.700850E-8
7.428800E+3	-2.822850E-6	4.284110E-8
7.435800E+3	-2.742760E-6	-2.793980E-8
7.453000E+3	-2.715750E-6	-2.793980E-8
7.460200E+3	-2.752070E-6	4.190970E-8
7.470700E+3	-2.749280E-6	6.426170E-8
7.486700E+3	-2.642180E-6	0.000000E+0
7.495400E+3	-2.670120E-6	6.239910E-8
7.511000E+3	-2.640310E-6	6.705570E-8
7.520100E+3	-2.580710E-6	3.725310E-8
7.535300E+3	-2.520170E-6	1.862660E-8
7.544600E+3	-2.536940E-6	5.215430E-8
7.562100E+3	-2.458710E-6	-1.303860E-8
7.570500E+3	-2.486650E-6	3.632180E-8
7.586000E+3	-2.467090E-6	4.563500E-8
7.595300E+3	-2.491300E-6	6.984960E-8
7.610900E+3	-2.432630E-6	2.048920E-8
7.620200E+3	-2.415870E-6	3.445920E-8
7.629900E+3	-2.353470E-6	1.862660E-9
7.647000E+3	-2.372090E-6	6.333040E-8
7.654300E+3	-2.309690E-6	2.328320E-8
7.671000E+3	-2.279890E-6	6.519290E-9
7.678400E+3	-2.259400E-6	-1.024460E-8
7.695500E+3	-2.237050E-6	1.583260E-8
7.702500E+3	-2.271510E-6	6.333040E-8
7.713000E+3	-2.207250E-6	1.024460E-8
7.729100E+3	-2.202590E-6	3.445920E-8
7.737800E+3	-2.138330E-6	-2.607710E-8
7.755900E+3	-2.116910E-6	-7.450640E-9
7.763800E+3	-2.156030E-6	3.259650E-8
7.780100E+3	-2.088970E-6	-9.313300E-10
7.788600E+3	-2.123430E-6	5.587960E-8
7.797300E+3	-2.043340E-6	-2.142050E-8
7.814600E+3	-2.066620E-6	3.725320E-9
7.823900E+3	-2.015400E-6	-3.259650E-8
7.840800E+3	-1.986530E-6	-2.421450E-8
7.850000E+3	-1.970690E-6	-3.073390E-8
7.860500E+3	-1.956720E-6	-1.303860E-8
7.876100E+3	-1.953000E-6	2.048920E-8
7.884900E+3	-1.968830E-6	4.563500E-8
7.900900E+3	-1.904560E-6	3.445920E-8
7.909100E+3	-1.844030E-6	-9.313300E-10
7.925500E+3	-1.897110E-6	7.264360E-8
7.933200E+3	-1.827260E-6	1.862660E-8
7.940900E+3	-1.893390E-6	7.730020E-8
7.960100E+3	-1.844960E-6	-4.656640E-9
7.967100E+3	-1.879420E-6	3.166520E-8
7.984400E+3	-1.816090E-6	-2.793980E-8
7.991900E+3	-1.800250E-6	-2.421450E-8
8.008500E+3	-1.754620E-6	-1.303860E-8
8.016600E+3	-1.789080E-6	3.259650E-8
8.032800E+3	-1.710850E-6	-3.725310E-8
8.041300E+3	-1.729470E-6	-4.656640E-9
8.059600E+3	-1.682910E-6	-7.450640E-9
8.067500E+3	-1.721090E-6	4.656640E-8
8.076700E+3	-1.662420E-6	1.862660E-9
8.094200E+3	-1.660560E-6	1.210730E-8
8.102700E+3	-1.688500E-6	4.190970E-8
8.118000E+3	-1.600020E-6	-2.607710E-8
8.129500E+3	-1.657760E-6	5.867350E-8
8.137200E+3	-1.596290E-6	1.024460E-8
8.154200E+3	-1.621440E-6	5.308560E-8
8.161500E+3	-1.558110E-6	0.000000E+0
8.178700E+3	-1.528310E-6	1.117590E-8
8.188300E+3	-1.555320E-6	5.308560E-8
8.205100E+3	-1.471500E-6	-1.769520E-8
8.215100E+3	-1.445420E-6	-4.190970E-8
8.222100E+3	-1.492920E-6	1.583260E-8
8.239200E+3	-1.412820E-6	-2.793980E-8
8.246500E+3	-1.433310E-6	-1.862660E-9
8.263300E+3	-1.415620E-6	-1.490130E-8
8.270900E+3	-1.470570E-6	4.097840E-8
8.287200E+3	-1.399790E-6	-2.793980E-8
8.295500E+3	-1.422140E-6	-5.587960E-9
8.311500E+3	-1.456600E-6	3.445920E-8
8.321600E+3	-1.387680E-6	-2.235190E-8
8.338300E+3	-1.412820E-6	2.048920E-8
8.348000E+3	-1.358810E-6	-1.676390E-8
8.357100E+3	-1.401650E-6	3.725310E-8
8.372500E+3	-1.393270E-6	5.029160E-8
8.383900E+3	-1.383950E-6	4.936030E-8
8.398900E+3	-1.303860E-6	-2.048920E-8
8.407500E+3	-1.346700E-6	3.445920E-8
8.416000E+3	-1.358810E-6	4.190970E-8
8.434200E+3	-1.300130E-6	-1.024460E-8
8.444600E+3	-1.320620E-6	2.421450E-8
8.451800E+3	-1.263810E-6	-2.607710E-8
8.468900E+3	-1.250770E-6	-2.607710E-8
8.478700E+3	-1.241460E-6	-1.676390E-8
8.495600E+3	-1.221900E-6	-1.676390E-8
8.503100E+3	-1.233080E-6	-1.396990E-8
8.520300E+3	-1.264740E-6	3.539050E-8
8.527500E+3	-1.229350E-6	-4.656640E-9
8.544800E+3	-1.222830E-6	-3.166520E-8
8.551900E+3	-1.220970E-6	-2.887110E-8
8.569100E+3	-1.198620E-6	-3.818450E-8
8.576500E+3	-1.254500E-6	3.725310E-8
8.587000E+3	-1.241460E-6	3.539050E-8
8.603100E+3	-1.177200E-6	-2.607710E-8
8.613100E+3	-1.179990E-6	4.656640E-9
8.622200E+3	-1.223770E-6	6.426170E-8
8.639800E+3	-1.143670E-6	-1.210730E-8
8.649000E+3	-1.190240E-6	4.377240E-8
8.666000E+3	-1.103620E-6	-1.769520E-8
8.675100E+3	-1.135290E-6	1.583260E-8
8.690400E+3	-1.094310E-6	-2.142050E-8
8.699600E+3	-1.084070E-6	-3.725320E-9
8.715000E+3	-1.079410E-6	2.887110E-8
8.724000E+3	-1.114800E-6	7.171230E-8
8.731200E+3	-1.125980E-6	6.612440E-8
8.750300E+3	-1.105490E-6	3.539050E-8
8.758000E+3	-1.037500E-6	-3.259650E-8
8.775200E+3	-1.097110E-6	2.142050E-8
8.782500E+3	-1.052400E-6	-2.607710E-8
8.790900E+3	-1.028190E-6	-4.470370E-8
8.809500E+3	-1.047750E-6	-1.490130E-8
8.817100E+3	-9.974540E-7	-3.632180E-8
8.833800E+3	-1.021670E-6	1.676390E-8
8.843500E+3	-9.713770E-7	-3.445920E-8
8.852600E+3	-1.037500E-6	3.725310E-8
8.870200E+3	-9.704450E-7	-1.303860E-8
8.878600E+3	-1.002110E-6	4.190970E-8
8.897100E+3	-9.602010E-7	1.117590E-8
8.904700E+3	-9.611320E-7	1.024460E-8
8.913800E+3	-9.462270E-7	3.725320E-9
8.930800E+3	-9.331890E-7	-1.955790E-8
8.939800E+3	-9.602010E-7	4.656640E-9
8.955300E+3	-9.285320E-7	-2.793980E-9
8.964500E+3	-9.266700E-7	-9.313300E-10
8.979900E+3	-9.387770E-7	-5.587960E-9
8.990600E+3	-9.648570E-7	2.142050E-8
8.998900E+3	-8.977990E-7	-3.725310E-8
9.017700E+3	-9.294640E-7	-8.381960E-9
9.025900E+3	-9.294640E-7	4.656640E-9
9.042700E+3	-9.341200E-7	2.700850E-8
9.050200E+3	-9.127000E-7	1.396990E-8
9.067400E+3	-9.173560E-7	4.004710E-8
9.074600E+3	-9.229440E-7	6.798700E-8
9.093500E+3	-8.922110E-7	3.632180E-8
9.101300E+3	-8.540260E-7	1.862660E-9
9.108900E+3	-8.707900E-7	2.980250E-8
9.125500E+3	-8.111860E-7	-1.117590E-8
9.133700E+3	-8.568200E-7	2.887110E-8
9.152500E+3	-8.074600E-7	-3.725320E-9
9.159900E+3	-7.757950E-7	-2.607710E-8
9.169200E+3	-7.906970E-7	-1.117590E-8
9.186300E+3	-7.674130E-7	-2.235190E-8
9.195200E+3	-8.335370E-7	4.190970E-8
9.213100E+3	-7.608940E-7	-1.583260E-8
9.221200E+3	-7.739330E-7	9.313280E-9
9.237400E+3	-7.627570E-7	0.000000E+0
9.246000E+3	-7.841770E-7	1.117590E-8
9.254600E+3	-7.925590E-7	2.048920E-8
9.272200E+3	-7.869710E-7	1.862660E-8
9.281400E+3	-7.953530E-7	4.190970E-8
9.297100E+3	-7.925590E-7	5.681090E-8
9.305900E+3	-7.217790E-7	-1.024460E-8
9.321900E+3	-7.813830E-7	5.681090E-8
9.330300E+3	-7.683450E-7	4.470370E-8
9.348000E+3	-7.301610E-7	-5.587960E-9
9.357000E+3	-7.702070E-7	2.700850E-8
9.366700E+3	-7.404050E-7	-1.210730E-8
9.383300E+3	-7.506500E-7	1.583260E-8
9.393300E+3	-7.422680E-7	1.862660E-8
9.401100E+3	-7.161910E-7	-2.607710E-8
9.420200E+3	-6.957020E-7	-3.259650E-8
9.427300E+3	-6.705560E-7	-5.401690E-8
9.436600E+3	-6.789380E-7	-2.793980E-8
9.454200E+3	-6.984960E-7	-2.793980E-9
9.462600E+3	-6.668310E-7	-2.887110E-8
9.480900E+3	-6.360970E-7	-1.117590E-8
9.488500E+3	-6.826630E-7	4.190970E-8
9.499100E+3	-7.050150E-7	5.681090E-8
9.514800E+3	-7.031520E-7	3.632180E-8
9.523800E+3	-7.124650E-7	3.725310E-8
9.539200E+3	-6.370280E-7	-3.911580E-8
9.548400E+3	-6.919760E-7	2.607710E-8
9.564000E+3	-6.658990E-7	3.259650E-8
9.573200E+3	-6.742810E-7	4.377240E-8
9.588900E+3	-6.677620E-7	3.725310E-8
9.597800E+3	-6.100200E-7	-2.793980E-9
9.613900E+3	-6.854570E-7	5.681090E-8
9.622200E+3	-6.444790E-7	1.396990E-8
9.638700E+3	-6.314400E-7	8.381960E-9
9.649000E+3	-6.584490E-7	2.980250E-8
9.656100E+3	-6.035010E-7	-3.259650E-8
9.675400E+3	-6.612430E-7	5.122300E-8
9.682700E+3	-5.848740E-7	-1.024460E-8
9.690800E+3	-5.401710E-7	-1.862660E-8
9.709700E+3	-5.383080E-7	1.769520E-8
9.717000E+3	-5.392390E-7	4.656640E-9
9.734100E+3	-6.035010E-7	4.377240E-8
9.744200E+3	-5.513470E-7	-1.024460E-8
9.761000E+3	-5.699730E-7	1.862660E-9
9.769000E+3	-6.072260E-7	4.749770E-8
9.785500E+3	-5.560030E-7	-3.725320E-9
9.793000E+3	-6.109510E-7	4.936030E-8
9.809600E+3	-5.476210E-7	-1.303860E-8
9.817700E+3	-6.035010E-7	5.029160E-8
9.834000E+3	-5.494840E-7	2.793980E-9
9.842500E+3	-5.960500E-7	5.774220E-8
9.858500E+3	-5.494840E-7	-2.514580E-8
9.867600E+3	-6.044320E-7	3.259650E-8
9.875800E+3	-5.960500E-7	2.048920E-8
9.893700E+3	-6.081570E-7	2.980250E-8
9.902700E+3	-6.007070E-7	2.328320E-8
9.918600E+3	-5.858060E-7	3.818450E-8
9.927000E+3	-5.317890E-7	-2.142050E-8
9.943300E+3	-5.783550E-7	2.887110E-8
9.951300E+3	-5.299260E-7	-2.328320E-8
9.969200E+3	-5.625220E-7	1.303860E-8
9.978000E+3	-5.466900E-7	9.313300E-10
9.985200E+3	-5.047800E-7	-4.470370E-8
1.000250E+4	-5.047800E-7	-2.048920E-8
1.000990E+4	-5.066430E-7	-8.381960E-9
1.002940E+4	-5.504150E-7	3.352780E-8
1.003650E+4	-4.945360E-7	-2.887110E-8
1.004530E+4	-5.299260E-7	1.862660E-9
1.006330E+4	-5.001240E-7	-1.862660E-8
1.007220E+4	-5.299260E-7	-9.313300E-10
1.008990E+4	-5.057120E-7	-1.862660E-9
1.009820E+4	-5.150250E-7	4.656640E-9
1.010710E+4	-4.982610E-7	1.862660E-9
1.012430E+4	-5.289950E-7	2.048920E-8
1.013340E+4	-4.917420E-7	8.381960E-9
1.014880E+4	-5.038490E-7	1.303860E-8
1.015790E+4	-5.234070E-7	3.911580E-8
1.017370E+4	-5.122310E-7	4.097840E-8
1.018230E+4	-4.405170E-7	-3.166520E-8
1.019850E+4	-5.094370E-7	2.887110E-8
1.020680E+4	-5.122310E-7	2.793980E-8
1.022490E+4	-4.740450E-7	-1.862660E-9
1.023390E+4	-5.075740E-7	3.352780E-8
1.024370E+4	-4.814970E-7	-9.313280E-9
1.026050E+4	-5.140940E-7	3.632180E-8
1.026790E+4	-5.047800E-7	4.097840E-8
1.027770E+4	-4.488990E-7	-4.656640E-9
1.029490E+4	-4.163030E-7	-4.004710E-8
1.030220E+4	-4.814970E-7	1.210730E-8
1.032160E+4	-4.116460E-7	-3.539050E-8
1.032880E+4	-4.293420E-7	-2.048920E-8
1.034580E+4	-4.088520E-7	-5.215430E-8
1.035310E+4	-4.293420E-7	-3.166520E-8
1.037010E+4	-4.144400E-7	-4.936030E-8
1.037770E+4	-4.535560E-7	-7.450640E-9
1.038700E+4	-4.926730E-7	2.887110E-8
1.040420E+4	-4.377230E-7	-4.749770E-8
1.041320E+4	-4.833600E-7	6.519290E-9
1.043120E+4	-4.079210E-7	-4.749770E-8
1.044040E+4	-4.647320E-7	2.048920E-8
1.044820E+4	-4.787030E-7	3.259650E-8
1.046640E+4	-4.377230E-7	4.656640E-9
1.047500E+4	-4.274790E-7	4.656640E-9
1.049260E+4	-4.041960E-7	-2.421450E-8
1.050170E+4	-4.526250E-7	3.166520E-8
1.050900E+4	-4.014020E-7	-3.911580E-8
1.052620E+4	-4.190970E-7	-2.048920E-8
1.054220E+4	-4.274790E-7	1.862660E-9
1.055060E+4	-4.051270E-7	-1.210730E-8
1.055780E+4	-4.433110E-7	1.396990E-8
1.057490E+4	-3.874320E-7	-2.607710E-8
1.058260E+4	-3.827750E-7	-2.607710E-8
1.059940E+4	-4.088520E-7	9.313300E-10
1.060750E+4	-4.423800E-7	2.514580E-8
1.062650E+4	-3.771870E-7	-3.539050E-8
1.063390E+4	-4.014020E-7	-7.450640E-9
1.064310E+4	-4.386550E-7	3.259650E-8
1.066040E+4	-3.874320E-7	-4.284110E-8
1.066930E+4	-4.414490E-7	5.587960E-9
1.068710E+4	-3.799810E-7	-3.445920E-8
1.069530E+4	-3.883630E-7	-1.210730E-8
1.070440E+4	-4.004710E-7	1.117590E-8
1.072140E+4	-3.781190E-7	-2.980250E-8
1.073060E+4	-4.069900E-7	1.862660E-9
1.074840E+4	-3.436600E-7	-4.284110E-8
1.075760E+4	-3.902260E-7	1.024460E-8
1.075760E+4	-3.902260E-7	1.024460E-8
1.078400E+4	-3.576300E-7	-9.313280E-9
1.079220E+4	-3.716000E-7	-9.313300E-10
1.080890E+4	-3.315530E-7	-5.681090E-8
1.081910E+4	-3.995390E-7	1.955790E-8
1.083510E+4	-3.734620E-7	1.210730E-8
1.084350E+4	-3.334150E-7	-1.769520E-8
1.085070E+4	-3.520420E-7	-1.862660E-9
1.086770E+4	-3.734620E-7	-2.793980E-9
1.087560E+4	-4.060580E-7	2.607710E-8
1.089230E+4	-3.268960E-7	-4.004710E-8
1.090040E+4	-3.492480E-7	-1.490130E-8
1.090040E+4	-3.492480E-7	-1.490130E-8
1.092560E+4	-3.641490E-7	9.313300E-10
1.094380E+4	-3.511100E-7	-3.073390E-8
1.095170E+4	-4.023330E-7	1.396990E-8
1.096760E+4	-3.287590E-7	-4.936030E-8
1.097410E+4	-3.287590E-7	-3.073390E-8
1.098250E+4	-3.641490E-7	2.514580E-8
1.099240E+4	-3.101320E-7	-1.117590E-8
1.099760E+4	-3.241020E-7	7.450640E-9
1.100040E+4	-3.688060E-7	4.097840E-8
1.100110E+4	-3.175830E-7	-1.117590E-8
1.100080E+4	-3.855690E-7	4.656640E-8
1.099380E+4	-3.334150E-7	-5.587960E-9
1.098940E+4	-3.520420E-7	9.313280E-9
1.097220E+4	-3.222390E-7	-4.097840E-8
1.096400E+4	-3.809130E-7	2.793980E-8
1.095290E+4	-3.119950E-7	-3.073390E-8
1.093110E+4	-3.408660E-7	-1.583260E-8
1.090630E+4	-3.594920E-7	-3.445920E-8
1.089450E+4	-4.014020E-7	-2.793980E-9
1.088120E+4	-4.097840E-7	-4.656640E-9
1.085590E+4	-4.116460E-7	-2.793980E-9
1.084370E+4	-3.660120E-7	-4.284110E-8
1.083300E+4	-3.697370E-7	-2.793980E-8
1.081060E+4	-3.157200E-7	-4.936030E-8
1.080090E+4	-3.455220E-7	-9.313280E-9
1.078410E+4	-3.511100E-7	-1.955790E-8
1.077640E+4	-4.014020E-7	2.048920E-8
1.076050E+4	-3.315530E-7	-4.284110E-8
1.075250E+4	-3.706680E-7	9.313300E-10
1.073870E+4	-3.427290E-7	-4.936030E-8
1.073110E+4	-3.920890E-7	9.313300E-10
1.071610E+4	-3.501790E-7	-4.936030E-8
1.070880E+4	-3.753250E-7	-2.607710E-8
1.069930E+4	-4.246850E-7	9.313280E-9
1.068230E+4	-4.135090E-7	7.450640E-9
1.067510E+4	-3.594920E-7	-2.607710E-8
1.065770E+4	-4.023330E-7	4.097840E-8
1.065020E+4	-3.809130E-7	1.955790E-8
1.063060E+4	-3.948830E-7	-9.313300E-10
1.062340E+4	-4.461050E-7	4.004710E-8
1.060620E+4	-4.246850E-7	1.303860E-8
1.059900E+4	-4.479680E-7	1.769520E-8
1.059000E+4	-3.911570E-7	-5.494830E-8
1.057470E+4	-4.014020E-7	-2.700850E-8
1.056340E+4	-3.809130E-7	-4.470370E-8
1.054840E+4	-3.734620E-7	-3.073390E-8
1.053800E+4	-3.948830E-7	-1.583260E-8
1.052970E+4	-4.321350E-7	2.235190E-8
1.051380E+4	-4.498310E-7	2.514580E-8
1.050360E+4	-3.930200E-7	-2.700850E-8
1.048810E+4	-3.818440E-7	-4.656640E-9
1.047950E+4	-3.846380E-7	-1.117590E-8
1.047250E+4	-4.312040E-7	2.514580E-8
1.045320E+4	-3.874320E-7	-3.352780E-8
1.044610E+4	-4.265480E-7	-9.313300E-10
1.042730E+4	-4.060580E-7	-3.073390E-8
1.041950E+4	-4.507620E-7	6.519290E-9
1.041200E+4	-4.749760E-7	2.514580E-8
1.039580E+4	-4.814970E-7	5.308560E-8
1.037890E+4	-4.190970E-7	-3.725320E-9
1.037170E+4	-4.768410E-7	4.936030E-8
1.036320E+4	-4.731140E-7	1.769520E-8
1.034510E+4	-4.787030E-7	1.024460E-8
1.033730E+4	-4.908110E-7	2.887110E-8
1.031850E+4	-4.665940E-7	1.396990E-8
1.031130E+4	-4.135090E-7	-3.073390E-8
1.030220E+4	-4.088520E-7	-3.259650E-8
1.028460E+4	-4.768410E-7	2.421450E-8
1.027550E+4	-4.218910E-7	-3.725310E-8
1.026020E+4	-4.079210E-7	-5.681090E-8
1.024970E+4	-4.014020E-7	-6.333040E-8
1.024150E+4	-4.572810E-7	-1.862660E-9
1.022540E+4	-4.442430E-7	-3.073390E-8
1.021780E+4	-5.010550E-7	2.514580E-8
1.020120E+4	-5.075740E-7	2.887110E-8
1.019140E+4	-4.507620E-7	-3.073390E-8
1.017550E+4	-4.349290E-7	-5.215430E-8
1.016750E+4	-4.954670E-7	9.313280E-9
1.016020E+4	-5.010550E-7	1.583260E-8
1.014130E+4	-5.280640E-7	3.259650E-8
1.013430E+4	-4.619380E-7	-3.911580E-8
1.011480E+4	-4.982610E-7	-3.073390E-8
1.010780E+4	-5.625220E-7	2.793980E-8
1.009870E+4	-5.560030E-7	1.117590E-8
1.008130E+4	-5.494840E-7	0.000000E+0
1.007290E+4	-5.280640E-7	3.725320E-9
1.005470E+4	-5.094370E-7	1.862660E-9
1.004710E+4	-4.852230E-7	-1.862660E-8
1.003790E+4	-5.485530E-7	4.004710E-8
1.002100E+4	-5.289950E-7	-2.793980E-9
1.001200E+4	-5.038490E-7	-4.284110E-8
1.000410E+4	-5.085060E-7	-3.725310E-8
9.986300E+3	-5.038490E-7	-1.955790E-8
9.977600E+3	-5.587970E-7	2.700850E-8
9.959400E+3	-5.094370E-7	-1.490130E-8
9.951000E+3	-4.908110E-7	-2.607710E-8
9.944000E+3	-4.908110E-7	-1.676390E-8
9.924600E+3	-4.852230E-7	-1.955790E-8
9.917400E+3	-5.541410E-7	4.004710E-8
9.900500E+3	-5.587970E-7	1.955790E-8
9.893600E+3	-5.662480E-7	2.607710E-8
9.876500E+3	-5.168880E-7	1.862660E-9
9.869400E+3	-5.587970E-7	3.725310E-8
9.852800E+3	-5.140940E-7	-2.235190E-8
9.843300E+3	-5.820800E-7	3.166520E-8
9.834800E+3	-5.457590E-7	-1.024460E-8
9.817000E+3	-5.960500E-7	-1.303860E-8
9.809100E+3	-5.913930E-7	-1.024460E-8
9.790300E+3	-5.774240E-7	-3.818450E-8
9.783200E+3	-6.100200E-7	-6.519290E-9
9.774000E+3	-5.792860E-7	-2.887110E-8
9.756700E+3	-6.193330E-7	7.450640E-9
9.748100E+3	-6.202640E-7	-3.725320E-9
9.737200E+3	-5.643850E-7	-4.936030E-8
9.721300E+3	-6.016380E-7	0.000000E+0
9.713200E+3	-6.351660E-7	8.381960E-9
9.697800E+3	-6.528610E-7	-1.862660E-9
9.689100E+3	-6.901140E-7	4.377240E-8
9.673200E+3	-6.249210E-7	-2.328320E-8
9.665100E+3	-6.556550E-7	7.450640E-9
9.646600E+3	-6.146770E-7	-2.793980E-9
9.638700E+3	-5.895310E-7	-3.539050E-8
9.629200E+3	-6.528610E-7	9.313280E-9
9.612100E+3	-6.239900E-7	-5.215430E-8
9.605100E+3	-6.733500E-7	-1.210730E-8
9.585900E+3	-6.128140E-7	-7.264360E-8
9.578800E+3	-6.705560E-7	-1.490130E-8
9.570700E+3	-6.668310E-7	-3.073390E-8
9.552300E+3	-6.714870E-7	-2.980250E-8
9.544800E+3	-6.854570E-7	-5.587960E-9
9.525400E+3	-6.360970E-7	-2.607710E-8
9.518300E+3	-6.770750E-7	4.656640E-8
9.508100E+3	-6.537920E-7	1.024460E-8
9.492000E+3	-6.780060E-7	1.862660E-9
9.481600E+3	-7.040840E-7	1.490130E-8
9.473200E+3	-6.547230E-7	-5.308560E-8
9.455700E+3	-6.901140E-7	-2.793980E-9
9.446400E+3	-6.519290E-7	-3.539050E-8
9.431200E+3	-6.286460E-7	-2.700850E-8
9.422100E+3	-6.891820E-7	3.259650E-8
9.406700E+3	-6.873200E-7	9.313280E-9
9.397900E+3	-7.115340E-7	1.117590E-8
9.397900E+3	-7.115340E-7	1.117590E-8
9.374100E+3	-7.366800E-7	-2.793980E-9
9.367100E+3	-7.581000E-7	1.862660E-9
9.347800E+3	-7.245730E-7	-4.656640E-8
9.340700E+3	-7.646190E-7	2.793980E-9
9.321800E+3	-6.901140E-7	-4.749770E-8
9.314200E+3	-7.217790E-7	-2.142050E-8
9.306500E+3	-7.553060E-7	2.142050E-8
9.287600E+3	-7.227100E-7	-1.490130E-8
9.280500E+3	-7.832460E-7	4.842900E-8
9.263500E+3	-7.320230E-7	-1.490130E-8
9.254100E+3	-7.841770E-7	3.911580E-8
9.245600E+3	-7.636880E-7	6.519290E-9
9.227500E+3	-7.879030E-7	-2.793980E-9
9.219700E+3	-8.065290E-7	0.000000E+0
9.200800E+3	-8.055980E-7	-1.024460E-8
9.193700E+3	-8.568200E-7	3.352780E-8
9.184500E+3	-8.214300E-7	-1.396990E-8
9.167000E+3	-8.652020E-7	4.842900E-8
9.157800E+3	-8.493700E-7	4.190970E-8
9.140800E+3	-8.568200E-7	4.377240E-8
9.140800E+3	-8.568200E-7	4.377240E-8
9.121700E+3	-7.953530E-7	-1.769520E-8
9.106500E+3	-8.577520E-7	2.328320E-8
9.097500E+3	-8.726530E-7	2.980250E-8
9.090500E+3	-8.419190E-7	-1.490130E-8
9.071500E+3	-8.465760E-7	-2.514580E-8
9.064100E+3	-8.856910E-7	-4.656640E-9
9.047200E+3	-9.406390E-7	1.955790E-8
9.037400E+3	-9.434330E-7	1.862660E-8
9.021200E+3	-8.922110E-7	-3.539050E-8
9.013600E+3	-9.564760E-7	3.725310E-8
9.006100E+3	-9.145620E-7	7.450640E-9
8.987200E+3	-9.182880E-7	4.470370E-8
8.980000E+3	-9.434330E-7	6.798700E-8
8.963200E+3	-9.629950E-7	6.798700E-8
8.955800E+3	-9.443650E-7	2.607710E-8
8.936700E+3	-9.508840E-7	9.313280E-9
8.929200E+3	-9.900030E-7	3.818450E-8
8.912500E+3	-9.546130E-7	9.313300E-10
8.905500E+3	-9.294640E-7	-2.793980E-8
8.896300E+3	-9.620630E-7	-8.381960E-9
8.881000E+3	-9.900030E-7	2.328320E-8
8.871800E+3	-9.806900E-7	6.519290E-9
8.856500E+3	-9.434330E-7	-2.980250E-8
8.847600E+3	-9.881410E-7	-2.793980E-9
8.832000E+3	-9.834840E-7	-1.490130E-8
8.823500E+3	-1.032840E-6	3.073390E-8
8.805400E+3	-1.007700E-6	1.862660E-9
8.797200E+3	-9.806900E-7	-4.097840E-8
8.787700E+3	-1.030050E-6	4.656640E-9
8.770600E+3	-1.037500E-6	-1.862660E-9
8.761000E+3	-1.037500E-6	-5.587960E-9
8.744400E+3	-1.025390E-6	-1.955790E-8
8.737000E+3	-1.056130E-6	1.862660E-8
8.720100E+3	-1.054260E-6	1.210730E-8
8.713000E+3	-1.100830E-6	4.842900E-8
8.704600E+3	-1.086860E-6	3.818450E-8
8.686500E+3	-1.122250E-6	3.259650E-8
8.678900E+3	-1.139950E-6	3.166520E-8
8.662500E+3	-1.141810E-6	1.676390E-8
8.654500E+3	-1.119460E-6	-1.303860E-8
8.638500E+3	-1.193960E-6	5.122300E-8
8.630000E+3	-1.197690E-6	1.862660E-8
8.612000E+3	-1.198620E-6	4.656640E-9
8.604100E+3	-1.177200E-6	-2.421450E-8
8.595000E+3	-1.232150E-6	1.303860E-8
8.579500E+3	-1.193960E-6	-2.607710E-8
8.570700E+3	-1.184650E-6	-4.842900E-8
8.554900E+3	-1.213520E-6	-6.519290E-9
8.546700E+3	-1.245190E-6	3.166520E-8
8.530300E+3	-1.208860E-6	9.313280E-9
8.522600E+3	-1.252640E-6	3.818450E-8
8.505900E+3	-1.215380E-6	1.955790E-8
8.498700E+3	-1.233080E-6	2.887110E-8
8.481700E+3	-1.220040E-6	-3.725320E-9
8.474700E+3	-1.271260E-6	4.470370E-8
8.457600E+3	-1.295480E-6	3.911580E-8
8.450600E+3	-1.291750E-6	1.862660E-8
8.433500E+3	-1.269400E-6	-2.142050E-8
8.426200E+3	-1.271260E-6	-2.421450E-8
8.406800E+3	-1.285230E-6	-5.308560E-8
8.399800E+3	-1.352290E-6	-1.210730E-8
8.391000E+3	-1.364390E-6	-1.490130E-8
8.373500E+3	-1.325280E-6	-4.284110E-8
8.373500E+3	-1.325280E-6	-4.284110E-8
8.354800E+3	-1.333660E-6	-2.142050E-8
8.339800E+3	-1.352290E-6	0.000000E+0
8.323200E+3	-1.397920E-6	1.210730E-8
8.315300E+3	-1.420270E-6	2.048920E-8
8.306200E+3	-1.390470E-6	-1.676390E-8
8.290500E+3	-1.292680E-6	-5.867350E-8
8.281700E+3	-1.288030E-6	-1.490130E-8
8.265700E+3	-1.345770E-6	-2.793980E-9
8.255300E+3	-1.357880E-6	-1.862660E-8
8.240100E+3	-1.431450E-6	-5.587960E-9
8.231100E+3	-1.494780E-6	2.514580E-8
8.223900E+3	-1.501300E-6	1.955790E-8
8.204700E+3	-1.483600E-6	-1.955790E-8
8.197300E+3	-1.538550E-6	2.142050E-8
8.180300E+3	-1.523650E-6	-2.514580E-8
8.170500E+3	-1.559040E-6	-9.313300E-10
8.154200E+3	-1.552520E-6	-4.190970E-8
8.146600E+3	-1.613060E-6	9.313300E-10
8.139000E+3	-1.632620E-6	1.303860E-8
8.120000E+3	-1.602810E-6	-1.490130E-8
8.113000E+3	-1.646590E-6	3.166520E-8
8.093600E+3	-1.613990E-6	-7.450640E-9
8.086500E+3	-1.662420E-6	3.166520E-8
8.076100E+3	-1.678250E-6	2.980250E-8
8.060200E+3	-1.712710E-6	1.583260E-8
8.050200E+3	-1.749030E-6	4.097840E-8
8.033600E+3	-1.752760E-6	-1.024460E-8
8.025700E+3	-1.771380E-6	7.450640E-9
8.016600E+3	-1.788150E-6	1.396990E-8
8.001000E+3	-1.759280E-6	-1.955790E-8
7.992200E+3	-1.754620E-6	-2.421450E-8
7.976300E+3	-1.783490E-6	-9.313300E-10
7.968300E+3	-1.811430E-6	2.048920E-8
7.951900E+3	-1.794670E-6	-1.117590E-8
7.944400E+3	-1.858000E-6	4.097840E-8
7.926300E+3	-1.825400E-6	-3.259650E-8
7.918000E+3	-1.857060E-6	-2.142050E-8
7.911000E+3	-1.921330E-6	2.793980E-8
7.891600E+3	-1.899910E-6	-4.097840E-8
7.884500E+3	-1.939960E-6	-4.656640E-9
7.865500E+3	-1.928780E-6	-4.190970E-8
7.857900E+3	-1.970690E-6	-1.583260E-8
7.848300E+3	-2.010740E-6	5.587960E-9
7.831300E+3	-1.984660E-6	-2.048920E-8
7.821800E+3	-2.043340E-6	3.259650E-8
7.804700E+3	-2.020050E-6	-2.328320E-8
7.797800E+3	-2.061030E-6	6.519290E-9
7.789400E+3	-2.071280E-6	2.793980E-9
7.773800E+3	-2.102010E-6	0.000000E+0
7.764800E+3	-2.092700E-6	-3.259650E-8
7.749600E+3	-2.146710E-6	-2.793980E-9
7.739000E+3	-2.160680E-6	7.450640E-9
7.723100E+3	-2.162550E-6	-7.450640E-9
7.714300E+3	-2.171860E-6	-2.607710E-8
7.698700E+3	-2.260330E-6	2.793980E-8
7.689500E+3	-2.227740E-6	-1.583260E-8
7.674200E+3	-2.240780E-6	-2.607710E-8
7.665000E+3	-2.259400E-6	-1.676390E-8
7.657800E+3	-2.302240E-6	1.769520E-8
7.639100E+3	-2.270580E-6	-1.396990E-8
7.631100E+3	-2.285480E-6	1.862660E-9
7.612400E+3	-2.326460E-6	1.210730E-8
7.604700E+3	-2.341360E-6	-4.656640E-9
7.595400E+3	-2.406550E-6	3.818450E-8
7.578300E+3	-2.405620E-6	-2.607710E-8
7.568800E+3	-2.462430E-6	1.769520E-8
7.551700E+3	-2.454050E-6	-2.793980E-9
7.544600E+3	-2.491300E-6	3.818450E-8
7.536300E+3	-2.476400E-6	-6.519290E-9
7.517800E+3	-2.543460E-6	1.117590E-8
7.510400E+3	-2.545320E-6	0.000000E+0
7.491200E+3	-2.611440E-6	-3.725320E-9
7.484200E+3	-2.587230E-6	-4.284110E-8
7.473000E+3	-2.627280E-6	-1.210730E-8
7.457700E+3	-2.683150E-6	-7.450640E-9
7.449600E+3	-2.680360E-6	-4.004710E-8
7.440800E+3	-2.708300E-6	-3.259650E-8
7.422800E+3	-2.765110E-6	-4.936030E-8
7.414300E+3	-2.780010E-6	-5.401690E-8
7.398200E+3	-2.787460E-6	-4.470370E-8
7.390200E+3	-2.861970E-6	2.700850E-8
7.373700E+3	-2.834960E-6	-2.235190E-8
7.366000E+3	-2.842410E-6	-3.073390E-8
7.348000E+3	-2.909470E-6	-3.073390E-8
7.339700E+3	-2.911330E-6	-6.146770E-8
7.323600E+3	-2.956030E-6	-5.401690E-8
7.315900E+3	-3.015640E-6	-1.676390E-8
7.299200E+3	-3.005390E-6	-7.078100E-8
7.292000E+3	-3.086420E-6	-1.210730E-8
7.275400E+3	-3.099460E-6	-4.004710E-8
7.267600E+3	-3.147880E-6	-6.519290E-9
7.250900E+3	-3.169310E-6	-6.519290E-9
7.243700E+3	-3.178620E-6	-3.259650E-8
7.226600E+3	-3.242880E-6	-1.862660E-9
7.219500E+3	-3.252190E-6	-2.328320E-8
7.207500E+3	-3.312730E-6	1.955790E-8
7.198300E+3	-3.290380E-6	-3.073390E-8
7.183100E+3	-3.349980E-6	-1.210730E-8
7.173900E+3	-3.417970E-6	2.328320E-8
7.156900E+3	-3.457080E-6	2.514580E-8
7.147800E+3	-3.480370E-6	2.048920E-8
7.130300E+3	-3.527860E-6	-2.793980E-9
7.121900E+3	-3.510170E-6	-6.426170E-8
7.113200E+3	-3.593060E-6	-2.142050E-8
7.096100E+3	-3.648940E-6	-2.793980E-8
7.086800E+3	-3.688050E-6	-2.514580E-8
7.079600E+3	-3.682460E-6	-6.891830E-8
7.060100E+3	-3.721580E-6	-7.636890E-8
7.053100E+3	-3.788630E-6	-4.190970E-8
7.036000E+3	-3.830560E-6	-4.563500E-8
7.026500E+3	-3.843600E-6	-5.867350E-8
7.009800E+3	-3.915310E-6	-3.259650E-8
7.009800E+3	-3.915310E-6	-3.259650E-8
6.985400E+3	-3.967460E-6	-5.681090E-8
6.978500E+3	-4.046630E-6	-6.519290E-9
6.969800E+3	-4.043830E-6	-4.097840E-8
6.954300E+3	-4.120200E-6	-2.328320E-8
6.945200E+3	-4.120200E-6	-5.029160E-8
6.929700E+3	-4.182600E-6	-5.401690E-8
6.919100E+3	-4.201230E-6	-5.681090E-8
6.900600E+3	-4.299950E-6	-1.955790E-8
6.893100E+3	-4.332540E-6	-1.676390E-8
6.883900E+3	-4.365140E-6	-4.004710E-8
6.868600E+3	-4.434060E-6	-6.891830E-8
6.859600E+3	-4.510420E-6	-1.955790E-8
6.843000E+3	-4.525330E-6	-6.146770E-8
6.833700E+3	-4.604490E-6	-1.676390E-8
6.826400E+3	-4.600760E-6	-4.749770E-8
6.807900E+3	-4.660370E-6	-5.401690E-8
6.799800E+3	-4.709730E-6	-4.936030E-8
6.781300E+3	-4.798200E-6	-1.676390E-8
6.773300E+3	-4.851290E-6	-6.519290E-9
6.763900E+3	-4.910890E-6	4.656640E-9
6.746800E+3	-4.977950E-6	-1.490130E-8
6.739800E+3	-5.011480E-6	-2.793980E-9
6.722600E+3	-5.043140E-6	-4.749770E-8
6.713100E+3	-5.123230E-6	-7.450640E-9
6.695900E+3	-5.146520E-6	-3.911580E-8
6.688800E+3	-5.219160E-6	5.587960E-9
6.671700E+3	-5.275970E-6	-4.656640E-8
6.664600E+3	-5.345820E-6	-2.421450E-8
6.655400E+3	-5.409150E-6	-4.656640E-9
6.637800E+3	-5.495760E-6	-5.587960E-9
6.629300E+3	-5.526500E-6	-2.700850E-8
6.618600E+3	-5.545120E-6	-4.004710E-8
6.603300E+3	-5.617770E-6	-3.259650E-8
6.594100E+3	-5.684820E-6	-1.210730E-8
6.578800E+3	-5.777950E-6	-1.955790E-8
6.569900E+3	-5.786340E-6	-7.078100E-8
6.553100E+3	-5.929760E-6	-4.842900E-8
6.543900E+3	-5.969810E-6	-5.494830E-8
6.536600E+3	-5.977260E-6	-7.916290E-8
6.518000E+3	-6.049900E-6	-5.867350E-8
6.509900E+3	-6.100190E-6	-6.239910E-8
6.491300E+3	-6.221260E-6	-6.239910E-8
6.483400E+3	-6.276210E-6	-8.102550E-8
6.473800E+3	-6.378660E-6	-4.097840E-8
6.456800E+3	-6.453160E-6	-5.587960E-8
6.447300E+3	-6.511840E-6	-3.632180E-8
6.439400E+3	-6.590070E-6	-6.519290E-9
6.420300E+3	-6.689720E-6	-3.539050E-8
6.413200E+3	-6.710210E-6	-5.215430E-8
6.396100E+3	-6.835010E-6	4.656640E-9
6.388700E+3	-6.848040E-6	-9.313280E-9
6.372200E+3	-6.940240E-6	1.024460E-8
6.364300E+3	-6.947700E-6	-3.911580E-8
6.348200E+3	-7.092050E-6	-1.024460E-8
6.339900E+3	-7.121850E-6	-4.656640E-8
6.321700E+3	-7.234540E-6	-2.607710E-8
6.313900E+3	-7.282040E-6	-1.210730E-8
6.304600E+3	-7.349100E-6	-1.024460E-8
6.287800E+3	-7.445020E-6	-1.676390E-8
6.278600E+3	-7.458060E-6	-5.681090E-8
6.263400E+3	-7.548400E-6	-5.867350E-8
6.254100E+3	-7.560510E-6	-7.916290E-8
6.238900E+3	-7.650870E-6	-7.823160E-8
6.229800E+3	-7.748660E-6	-2.980250E-8
6.214200E+3	-7.788710E-6	-6.239910E-8
6.205500E+3	-7.846450E-6	-4.470370E-8
6.198600E+3	-7.869730E-6	-6.798700E-8
6.179000E+3	-7.958210E-6	-5.681090E-8
6.172000E+3	-8.033650E-6	-1.210730E-8
6.155100E+3	-8.106290E-6	-3.818450E-8
6.147600E+3	-8.153790E-6	-3.073390E-8
6.128500E+3	-8.178000E-6	-7.543760E-8
6.121500E+3	-8.243190E-6	-4.749770E-8
6.112400E+3	-8.259030E-6	-6.519300E-8
6.094800E+3	-8.328880E-6	-5.494830E-8
6.086400E+3	-8.347500E-6	-3.911580E-8
6.070600E+3	-8.358680E-6	-8.195680E-8
6.061800E+3	-8.383820E-6	-9.499540E-8
6.046400E+3	-8.469510E-6	-6.333040E-8
6.037300E+3	-8.484410E-6	-7.730020E-8
6.020100E+3	-8.532840E-6	-6.053640E-8
6.011500E+3	-8.521660E-6	-7.357490E-8
6.003000E+3	-8.535630E-6	-5.122300E-8
5.985700E+3	-8.496510E-6	-7.823160E-8
5.976400E+3	-8.496510E-6	-6.519300E-8
5.961000E+3	-8.467640E-6	-6.426170E-8
5.952000E+3	-8.481610E-6	-4.749770E-8
5.936300E+3	-8.450880E-6	-5.867350E-8
5.927900E+3	-8.459260E-6	-3.352780E-8
5.918400E+3	-8.442500E-6	-4.097840E-8
5.901200E+3	-8.382890E-6	-3.911580E-8
5.894200E+3	-8.334460E-6	-5.215430E-8
5.877100E+3	-8.296280E-6	-4.190970E-8
5.870200E+3	-8.263680E-6	-1.955790E-8
5.870200E+3	-8.263680E-6	-1.955790E-8
5.845800E+3	-8.093250E-6	-6.239910E-8
5.829100E+3	-8.056000E-6	-3.539050E-8
5.821300E+3	-7.981490E-6	-6.612440E-8
5.805000E+3	-7.909780E-6	-4.004710E-8
5.796700E+3	-7.818510E-6	-7.636890E-8
5.787900E+3	-7.764490E-6	-7.543760E-8
5.770900E+3	-7.625700E-6	-6.891830E-8
5.761700E+3	-7.558640E-6	-6.333040E-8
5.746400E+3	-7.407770E-6	-6.612440E-8
5.737400E+3	-7.394730E-6	-1.117590E-8
5.721700E+3	-7.210330E-6	-6.146770E-8
5.713000E+3	-7.134890E-6	-5.215430E-8
5.696900E+3	-6.980290E-6	-2.514580E-8
5.686400E+3	-6.843390E-6	-7.264360E-8
5.670900E+3	-6.633840E-6	-8.009420E-8
5.662000E+3	-6.586340E-6	-4.004710E-8
5.646200E+3	-6.356310E-6	-8.009420E-8
5.637900E+3	-6.277140E-6	-5.867350E-8
5.637900E+3	-6.277140E-6	-5.867350E-8
5.611500E+3	-5.958630E-6	-7.450630E-8
5.604600E+3	-5.857120E-6	-4.842900E-8
5.585200E+3	-5.592620E-6	-9.127010E-8
5.578100E+3	-5.464100E-6	-6.612440E-8
5.568100E+3	-5.364450E-6	-3.725310E-8
5.551600E+3	-5.018000E-6	-7.636890E-8
5.542100E+3	-4.945350E-6	-2.793980E-8
5.525000E+3	-4.646400E-6	-6.519300E-8
5.517700E+3	-4.561650E-6	-1.210730E-8
5.508400E+3	-4.400530E-6	-2.142050E-8
5.493200E+3	-4.111820E-6	-2.793980E-8
5.482500E+3	-3.933000E-6	-5.122300E-8
5.467200E+3	-3.736480E-6	5.587960E-9
5.458000E+3	-3.528800E-6	-5.587960E-8
5.442800E+3	-3.232640E-6	-6.519300E-8
5.432200E+3	-3.065930E-6	-6.146770E-8
5.423600E+3	-2.966280E-6	-6.519290E-9
5.407500E+3	-2.591890E-6	-6.519300E-8
5.399600E+3	-2.480130E-6	-2.980250E-8
5.383000E+3	-2.174650E-6	-2.980250E-8
5.375600E+3	-2.055440E-6	-1.396990E-8
5.357000E+3	-1.687560E-6	-6.426170E-8
5.348600E+3	-1.578600E-6	-1.862660E-8
5.332200E+3	-1.248910E-6	-6.426170E-8
5.324500E+3	-1.057990E-6	-6.333040E-8
5.315000E+3	-9.657890E-7	-2.793980E-9
5.297900E+3	-5.988440E-7	-3.725310E-8
5.291000E+3	-4.889480E-7	1.396990E-8
5.281800E+3	-3.073380E-7	1.862660E-9
5.264400E+3	0.000000E+0	1.210730E-8
5.256000E+3	1.881280E-7	-4.004710E-8
5.240300E+3	4.367920E-7	-1.210730E-8
5.231400E+3	6.090890E-7	-3.073390E-8
5.216000E+3	9.285320E-7	-3.352780E-8
5.206700E+3	1.032840E-6	9.313280E-9
5.191400E+3	1.315970E-6	1.024460E-8
5.182200E+3	1.477080E-6	6.519290E-9
5.166900E+3	1.789080E-6	-2.980250E-8
5.158000E+3	1.899910E-6	-3.445920E-8
5.142400E+3	2.150440E-6	-3.352780E-8
5.134000E+3	2.351600E-6	-3.539050E-8
5.116600E+3	2.563950E-6	3.632180E-8
5.107500E+3	2.777220E-6	5.587960E-9
5.098000E+3	2.870350E-6	6.984960E-8
5.081300E+3	3.150680E-6	6.333040E-8
5.071200E+3	3.284790E-6	6.612440E-8
5.054500E+3	3.519480E-6	7.823160E-8
5.044500E+3	3.715060E-6	1.583260E-8
5.037600E+3	3.764420E-6	9.313270E-8
5.020600E+3	4.018690E-6	7.543760E-8
5.013500E+3	4.153730E-6	4.284110E-8
4.996600E+3	4.374450E-6	2.887110E-8
4.989000E+3	4.477830E-6	5.774220E-8
4.972600E+3	4.665960E-6	9.778930E-8
4.964500E+3	4.788890E-6	7.264360E-8
4.948400E+3	4.990990E-6	9.499540E-8
4.939500E+3	5.134410E-6	6.519300E-8
4.921600E+3	5.330920E-6	7.916290E-8
4.921600E+3	5.330920E-6	7.916290E-8
4.904400E+3	5.551640E-6	6.798700E-8
4.888900E+3	5.722080E-6	8.381950E-8
4.880200E+3	5.823590E-6	8.195680E-8
4.864300E+3	6.037790E-6	4.936030E-8
4.856200E+3	6.152350E-6	9.313280E-9
4.839900E+3	6.308810E-6	3.445920E-8
4.832300E+3	6.342340E-6	7.823160E-8
4.816300E+3	6.576100E-6	-7.450640E-9
4.808200E+3	6.579820E-6	7.171230E-8
4.789500E+3	6.832210E-6	-5.587960E-9
4.781600E+3	6.815450E-6	8.847610E-8
4.774200E+3	6.966320E-6	1.117590E-8
4.755000E+3	7.092050E-6	1.955790E-8
4.748100E+3	7.082740E-6	1.015150E-7
4.731000E+3	7.204740E-6	1.052400E-7
4.723600E+3	7.320220E-6	5.401690E-8
4.704000E+3	7.381690E-6	1.098970E-7
4.697000E+3	7.446880E-6	1.005830E-7
4.688300E+3	7.548400E-6	5.587960E-8
4.672800E+3	7.604280E-6	1.043090E-7
4.663600E+3	7.646220E-6	1.164160E-7
4.646300E+3	7.777530E-6	9.127010E-8
4.637800E+3	7.882770E-6	3.073390E-8
4.622200E+3	7.964730E-6	4.656640E-8
4.622200E+3	7.964730E-6	4.656640E-8
4.602700E+3	8.077420E-6	2.514580E-8
4.587400E+3	8.084870E-6	1.303860E-7
4.576800E+3	8.206870E-6	4.842900E-8
4.568900E+3	8.211530E-6	8.102550E-8
4.550900E+3	8.316770E-6	6.705570E-8
4.542200E+3	8.347500E-6	6.333040E-8
4.524100E+3	8.415490E-6	6.984960E-8
4.515700E+3	8.486270E-6	3.818450E-8
4.508700E+3	8.499310E-6	7.730020E-8
4.489200E+3	8.591510E-6	3.259650E-8
4.482100E+3	8.601750E-6	5.029160E-8
4.462900E+3	8.686500E-6	1.024460E-8
4.455300E+3	8.713510E-6	1.490130E-8
4.445800E+3	8.671600E-6	1.080340E-7
4.428500E+3	8.786160E-6	6.333040E-8
4.419200E+3	8.748900E-6	1.210730E-7
4.411200E+3	8.797330E-6	9.872060E-8
4.395000E+3	8.835520E-6	9.778930E-8
4.377800E+3	8.918400E-6	2.328320E-8
4.370800E+3	8.910020E-6	5.587960E-8
4.361800E+3	8.923990E-6	6.984960E-8
4.346500E+3	8.976150E-6	9.592670E-8
4.337300E+3	8.994770E-6	1.145530E-7
4.322000E+3	9.074870E-6	5.587960E-8
4.311400E+3	9.091630E-6	5.122300E-8
4.296000E+3	9.119570E-6	3.911580E-8
4.286700E+3	9.106530E-6	5.774220E-8
4.271400E+3	9.091630E-6	9.592670E-8
4.262200E+3	9.140060E-6	5.215430E-8
4.246800E+3	9.192210E-6	9.313280E-9
4.237700E+3	9.186620E-6	2.514580E-8
4.222000E+3	9.165200E-6	8.661350E-8
4.211400E+3	9.212700E-6	5.122300E-8
4.203800E+3	9.156820E-6	1.229350E-7
4.186800E+3	9.135400E-6	1.266610E-7
4.179700E+3	9.149370E-6	1.015150E-7
4.162400E+3	9.184760E-6	4.004710E-8
4.155400E+3	9.155890E-6	9.033870E-8
4.138100E+3	9.093490E-6	1.415620E-7
4.131200E+3	9.147510E-6	9.778930E-8
4.111600E+3	9.135400E-6	8.847610E-8
4.104600E+3	9.085110E-6	1.136220E-7
4.096100E+3	9.033890E-6	1.471500E-7
4.078000E+3	9.030160E-6	1.210730E-7
4.070200E+3	8.984530E-6	1.424930E-7
4.051400E+3	8.982660E-6	9.406400E-8
4.044400E+3	8.976150E-6	6.798700E-8
4.032800E+3	8.954720E-6	4.936030E-8
4.017500E+3	8.893260E-6	5.029160E-8
4.008200E+3	8.843900E-6	7.636890E-8
3.992900E+3	8.758220E-6	1.220040E-7
3.983700E+3	8.760080E-6	9.033870E-8
3.968300E+3	8.739590E-6	5.215430E-8
3.959400E+3	8.659500E-6	9.313270E-8
3.943500E+3	8.587780E-6	8.661350E-8
3.935200E+3	8.584060E-6	4.284110E-8
3.919000E+3	8.525390E-6	6.798700E-8
3.911200E+3	8.441570E-6	1.238670E-7
3.903600E+3	8.408970E-6	1.266610E-7
3.884400E+3	8.358680E-6	1.098970E-7
3.877400E+3	8.292550E-6	1.443560E-7
3.860300E+3	8.265550E-6	8.940740E-8
3.853000E+3	8.230160E-6	1.005830E-7
3.836200E+3	8.157510E-6	6.891830E-8
3.828400E+3	8.056000E-6	1.322490E-7
3.809600E+3	7.980560E-6	5.867350E-8
3.802400E+3	7.881840E-6	1.052400E-7
3.793200E+3	7.906990E-6	1.303860E-8
3.778000E+3	7.819440E-6	4.377240E-8
3.768800E+3	7.792430E-6	9.313280E-9
3.753500E+3	7.647150E-6	4.377240E-8
3.744400E+3	7.528840E-6	1.005830E-7
3.727300E+3	7.466440E-6	6.426170E-8
3.718000E+3	7.421740E-6	4.936030E-8
3.702600E+3	7.324880E-6	7.450630E-8
3.693500E+3	7.369580E-6	-1.862660E-9
3.678000E+3	7.295080E-6	9.313280E-9
3.669200E+3	7.240130E-6	2.700850E-8
3.653400E+3	7.136750E-6	8.381950E-8
3.645200E+3	7.050140E-6	1.164160E-7
3.638100E+3	7.090190E-6	4.284110E-8
3.618600E+3	6.946760E-6	8.381950E-8
3.611600E+3	6.862950E-6	1.071030E-7
3.592400E+3	6.864810E-6	2.793980E-8
3.585000E+3	6.736290E-6	1.071030E-7
3.567900E+3	6.693440E-6	1.015150E-7
3.560700E+3	6.672020E-6	9.872060E-8
3.552400E+3	6.641290E-6	7.823160E-8
3.534000E+3	6.517420E-6	1.229350E-7
3.526500E+3	6.498800E-6	1.071030E-7
3.507300E+3	6.442920E-6	6.239910E-8
3.500300E+3	6.362820E-6	9.592670E-8
3.491000E+3	6.361890E-6	5.122300E-8
3.473500E+3	6.289250E-6	5.029160E-8
3.465100E+3	6.279010E-6	1.862660E-8
3.446900E+3	6.158870E-6	9.685800E-8
3.438100E+3	6.127200E-6	1.071030E-7
3.429800E+3	6.128130E-6	7.264360E-8
3.414400E+3	6.098330E-6	3.725310E-8
3.405400E+3	6.019170E-6	8.661350E-8
3.389700E+3	5.996820E-6	3.259650E-8
3.381200E+3	5.889710E-6	1.033770E-7
3.365000E+3	5.923240E-6	3.539050E-8
3.357100E+3	5.874810E-6	6.239910E-8
3.340500E+3	5.840350E-6	6.426170E-8
3.330400E+3	5.828250E-6	2.980250E-8
3.314400E+3	5.693200E-6	8.940740E-8
3.303700E+3	5.724870E-6	1.490130E-8
3.296700E+3	5.622420E-6	9.499540E-8
3.279400E+3	5.575860E-6	5.867350E-8
3.272400E+3	5.510660E-6	9.127010E-8
3.255200E+3	5.455720E-6	9.872060E-8
3.248200E+3	5.506940E-6	2.142050E-8
3.231300E+3	5.388660E-6	7.916290E-8
3.223900E+3	5.382140E-6	6.333040E-8
3.214600E+3	5.336510E-6	9.127010E-8
3.197200E+3	5.380280E-6	1.862660E-8
3.186600E+3	5.323470E-6	6.239910E-8
3.171100E+3	5.261070E-6	7.171230E-8
3.161900E+3	5.301120E-6	1.117590E-8
3.146400E+3	5.181910E-6	6.333040E-8
3.135800E+3	5.180980E-6	4.470370E-8
3.127000E+3	5.139070E-6	7.078100E-8
3.111000E+3	5.170730E-6	6.519290E-9
3.102800E+3	5.158620E-6	1.862660E-9
3.086400E+3	5.124170E-6	2.421450E-8
3.078800E+3	5.054320E-6	7.171230E-8
3.062000E+3	5.079460E-6	8.381960E-9
3.054800E+3	4.979810E-6	8.288820E-8
3.037600E+3	4.982600E-6	2.514580E-8
3.030600E+3	4.916480E-6	7.450630E-8
3.013600E+3	4.891340E-6	6.333040E-8
3.006500E+3	4.952800E-6	1.862660E-9
2.986800E+3	4.952800E-6	1.303860E-8
2.979700E+3	4.929520E-6	4.190970E-8
2.969900E+3	4.866190E-6	1.071030E-7
2.953000E+3	4.892270E-6	6.519290E-9
2.943500E+3	4.796340E-6	7.823160E-8
2.934700E+3	4.830800E-6	2.235190E-8
2.916800E+3	4.746980E-6	5.867350E-8
2.908700E+3	4.733010E-6	5.774220E-8
2.899500E+3	4.747910E-6	-5.587960E-9
2.882400E+3	4.737670E-6	-1.490130E-8
2.871000E+3	4.734870E-6	-1.676390E-8
2.855600E+3	4.636150E-6	7.916290E-8
2.846300E+3	4.651990E-6	5.960510E-8
2.829400E+3	4.603560E-6	8.661350E-8
2.820400E+3	4.599830E-6	6.798700E-8
2.810000E+3	4.648260E-6	3.725320E-9
2.802900E+3	4.589590E-6	6.426170E-8
2.784000E+3	4.630560E-6	4.004710E-8
2.776100E+3	4.594240E-6	4.842900E-8
2.758000E+3	4.561650E-6	5.308560E-8
2.749300E+3	4.558850E-6	2.793980E-8
2.733200E+3	4.551400E-6	-7.450640E-9
2.725100E+3	4.472240E-6	6.705570E-8
2.708500E+3	4.530910E-6	-5.587960E-9
2.701000E+3	4.450820E-6	5.774220E-8
2.693100E+3	4.516940E-6	-2.421450E-8
2.674100E+3	4.410770E-6	5.122300E-8
2.666900E+3	4.390280E-6	6.612440E-8
2.657700E+3	4.407980E-6	3.632180E-8
2.640300E+3	4.385630E-6	3.539050E-8
2.623000E+3	4.334400E-6	6.239910E-8
2.615900E+3	4.334400E-6	6.891830E-8
2.606900E+3	4.400530E-6	4.656640E-9
2.591500E+3	4.378180E-6	9.313280E-9
2.582100E+3	4.346510E-6	3.445920E-8
2.566800E+3	4.291560E-6	7.450630E-8
2.557600E+3	4.306460E-6	4.656640E-8
2.542100E+3	4.320430E-6	1.769520E-8
2.533300E+3	4.258970E-6	6.798700E-8
2.517400E+3	4.276660E-6	1.490130E-8
2.509000E+3	4.192840E-6	9.033870E-8
2.492700E+3	4.232890E-6	2.700850E-8
2.484900E+3	4.177010E-6	6.798700E-8
2.468100E+3	4.159320E-6	5.401690E-8
2.458100E+3	4.172350E-6	2.793980E-8
2.451100E+3	4.096920E-6	9.778930E-8
2.431500E+3	4.108090E-6	4.842900E-8
2.424400E+3	4.064320E-6	7.916290E-8
2.404700E+3	4.109020E-6	-4.656640E-9
2.397600E+3	4.032660E-6	4.563500E-8
2.380500E+3	4.064320E-6	-1.955790E-8
2.373200E+3	4.041970E-6	-3.725320E-9
2.355900E+3	3.999130E-6	1.955790E-8
2.348900E+3	4.003780E-6	9.313280E-9
2.340200E+3	4.006580E-6	-2.328320E-8
2.322100E+3	3.877120E-6	5.774220E-8
2.313200E+3	3.907860E-6	2.048920E-8
2.297800E+3	3.863160E-6	2.980250E-8
2.288600E+3	3.878060E-6	0.000000E+0
2.273300E+3	3.783050E-6	4.842900E-8
2.264000E+3	3.723440E-6	6.519300E-8
2.254100E+3	3.743000E-6	3.259650E-8
2.238000E+3	3.731820E-6	-7.450640E-9
2.229900E+3	3.671290E-6	2.235190E-8
2.213300E+3	3.648940E-6	-4.749770E-8
2.205800E+3	3.565120E-6	-9.313300E-10
2.188700E+3	3.564190E-6	-3.818450E-8
2.181500E+3	3.494340E-6	0.000000E+0
2.162400E+3	3.461740E-6	-3.259650E-8
2.154700E+3	3.362090E-6	4.563500E-8
2.137800E+3	3.383510E-6	-2.328320E-8
2.130600E+3	3.363020E-6	-1.676390E-8
2.120500E+3	3.276410E-6	5.774220E-8
2.104100E+3	3.222390E-6	7.171230E-8
2.095700E+3	3.226120E-6	4.470370E-8
2.079800E+3	3.149750E-6	6.053640E-8
2.070900E+3	3.177690E-6	-9.313300E-10
2.055300E+3	3.093870E-6	4.936030E-8
2.046800E+3	3.096660E-6	9.313280E-9
2.030900E+3	2.992350E-6	1.862660E-8
2.019600E+3	2.929960E-6	4.377240E-8
2.010900E+3	2.945790E-6	-1.117590E-8
1.994700E+3	2.895500E-6	-1.490130E-8
1.979700E+3	2.762320E-6	3.911580E-8
1.971000E+3	2.770700E-6	0.000000E+0
1.962400E+3	2.683150E-6	3.259650E-8
1.946500E+3	2.675700E-6	-2.607710E-8
1.938700E+3	2.579780E-6	3.725310E-8
1.922600E+3	2.482920E-6	5.215430E-8
1.913000E+3	2.503410E-6	-2.793980E-9
1.898100E+3	2.415870E-6	-1.117590E-8
1.890400E+3	2.324600E-6	5.401690E-8
1.875300E+3	2.360920E-6	-1.117590E-8
1.868400E+3	2.283620E-6	5.774220E-8
1.861600E+3	2.321800E-6	-7.450640E-9
1.846800E+3	2.216560E-6	2.980250E-8
1.831500E+3	2.196070E-6	-4.004710E-8
1.825600E+3	2.144850E-6	-3.539050E-8
1.816800E+3	2.077800E-6	4.656640E-9
1.802200E+3	2.041470E-6	-1.676390E-8
1.793300E+3	1.978140E-6	2.048920E-8
1.785000E+3	1.997700E-6	-3.539050E-8
1.770400E+3	1.874760E-6	5.960510E-8
1.762100E+3	1.890590E-6	7.450640E-9
1.748500E+3	1.812360E-6	-9.313300E-10
1.740000E+3	1.791870E-6	-1.210730E-8
1.726100E+3	1.689430E-6	4.377240E-8
1.717500E+3	1.665210E-6	1.583260E-8
1.703100E+3	1.627960E-6	-2.048920E-8
1.694700E+3	1.593500E-6	-1.769520E-8
1.679500E+3	1.503160E-6	3.725320E-9
1.669400E+3	1.479880E-6	-2.421450E-8
1.662300E+3	1.404440E-6	1.862660E-8
1.645200E+3	1.364390E-6	4.656640E-9
1.638300E+3	1.325280E-6	2.700850E-8
1.620600E+3	1.274060E-6	8.381960E-9
1.610700E+3	1.214450E-6	3.725310E-8
1.592800E+3	1.223770E-6	-3.911580E-8
1.585200E+3	1.172540E-6	-8.381960E-9
1.576100E+3	1.158570E-6	-1.955790E-8
1.559100E+3	1.057060E-6	2.793980E-9
1.549500E+3	1.077550E-6	-4.936030E-8
1.532600E+3	1.004900E-6	-4.936030E-8
1.521000E+3	9.639260E-7	-4.749770E-8
1.503400E+3	9.033870E-7	-4.190970E-8
1.491400E+3	8.158420E-7	1.117590E-8
1.481700E+3	8.298120E-7	-3.352780E-8
1.464000E+3	7.692760E-7	-3.539050E-8
1.454900E+3	6.612430E-7	3.259650E-8
1.436700E+3	6.649680E-7	-4.842900E-8
1.428200E+3	5.699730E-7	1.955790E-8
1.409700E+3	5.634540E-7	-3.352780E-8
1.401900E+3	4.991930E-7	6.519290E-9
1.383500E+3	4.442430E-7	2.421450E-8
1.376100E+3	4.554190E-7	0.000000E+0
1.358200E+3	4.097840E-7	-1.303860E-8
1.350800E+3	3.399350E-7	2.235190E-8
1.331000E+3	3.511100E-7	-5.681090E-8
1.324100E+3	2.859180E-7	1.862660E-9
1.315600E+3	3.017500E-7	-2.980250E-8
1.297900E+3	2.644970E-7	-3.073390E-8
1.290600E+3	2.337630E-7	1.862660E-9
1.275100E+3	1.844030E-7	3.632180E-8
1.267400E+3	2.291060E-7	-3.352780E-8
1.259200E+3	1.657760E-7	-2.793980E-9
1.243900E+3	1.396990E-7	-2.980250E-8
1.235500E+3	1.294550E-7	-3.911580E-8
1.222000E+3	1.061710E-7	-4.656640E-8
1.213900E+3	3.911580E-8	1.303860E-8
1.200500E+3	8.940740E-8	-4.470370E-8
1.192900E+3	6.984960E-8	-2.607710E-8
1.179200E+3	-4.656640E-9	9.313280E-9
1.172200E+3	-2.887110E-8	3.259650E-8
1.158400E+3	1.862660E-9	-4.004710E-8
1.152100E+3	-3.911580E-8	-1.676390E-8
1.137700E+3	-9.685800E-8	1.769520E-8
1.129600E+3	-8.102550E-8	3.725320E-9
1.116000E+3	-5.494830E-8	-2.142050E-8
1.109600E+3	-1.154840E-7	3.259650E-8
1.095600E+3	-1.108280E-7	-2.887110E-8
1.089600E+3	-1.257290E-7	-3.073390E-8
1.075300E+3	-1.844030E-7	-2.793980E-9
1.069600E+3	-2.011670E-7	8.381960E-9
1.062400E+3	-1.741580E-7	-2.235190E-8
1.049400E+3	-1.927850E-7	-1.583260E-8
1.040900E+3	-2.421460E-7	3.259650E-8
1.027100E+3	-2.849870E-7	4.470370E-8
1.020100E+3	-2.412140E-7	-8.381960E-9
1.004500E+3	-2.728790E-7	9.313280E-9
9.982000E+2	-2.868490E-7	1.583260E-8
9.901000E+2	-2.607720E-7	-2.421450E-8
9.754000E+2	-2.700850E-7	-1.955790E-8
9.674000E+2	-3.306210E-7	3.445920E-8
9.590000E+2	-3.296900E-7	1.490130E-8
9.450000E+2	-3.790500E-7	2.514580E-8
9.384000E+2	-4.163030E-7	4.749770E-8
9.239000E+2	-3.781190E-7	-4.284110E-8
9.178000E+2	-4.451740E-7	-1.862660E-9
9.031000E+2	-4.461050E-7	-3.539050E-8
8.973000E+2	-4.880170E-7	4.656640E-9
8.823000E+2	-4.917420E-7	-3.352780E-8
8.765000E+2	-4.582130E-7	-7.543760E-8
8.596000E+2	-4.833600E-7	-7.450630E-8
8.596000E+2	-4.833600E-7	-7.450630E-8
8.389000E+2	-5.401710E-7	-2.887110E-8
8.330000E+2	-5.718360E-7	-1.024460E-8
8.254000E+2	-5.355140E-7	-5.681090E-8
8.104000E+2	-6.109510E-7	4.842900E-8
8.036000E+2	-5.755610E-7	1.490130E-8
7.877000E+2	-5.755610E-7	-1.024460E-8
7.818000E+2	-6.370280E-7	3.073390E-8
7.677000E+2	-6.491350E-7	3.073390E-8
7.613000E+2	-6.100200E-7	-2.887110E-8
7.524000E+2	-6.407540E-7	-1.862660E-8
7.453000E+2	-6.780060E-7	0.000000E+0
7.303000E+2	-6.640370E-7	-2.887110E-8
7.236000E+2	-7.040840E-7	7.450640E-9
7.093000E+2	-6.966330E-7	-3.445920E-8
7.020000E+2	-7.068770E-7	-4.470370E-8
6.894000E+2	-7.273670E-7	-4.097840E-8
6.827000E+2	-8.065290E-7	3.073390E-8
6.753000E+2	-8.270180E-7	3.725310E-8
6.618000E+2	-8.717220E-7	3.818450E-8
6.618000E+2	-8.717220E-7	3.818450E-8
6.488000E+2	-8.493700E-7	-2.980250E-8
6.488000E+2	-8.493700E-7	-2.980250E-8
6.224000E+2	-8.661340E-7	-5.215430E-8
6.172000E+2	-9.378450E-7	-2.793980E-9
6.106000E+2	-9.173560E-7	-4.284110E-8
5.964000E+2	-9.620630E-7	-3.073390E-8
5.907000E+2	-9.918660E-7	-1.210730E-8
5.780000E+2	-9.834840E-7	-2.700850E-8
5.717000E+2	-9.769650E-7	-4.656640E-8
5.594000E+2	-1.076620E-6	3.818450E-8
5.525000E+2	-1.057060E-6	-1.862660E-9
5.385000E+2	-1.142740E-6	2.980250E-8
5.325000E+2	-1.156710E-6	1.210730E-8
5.251000E+2	-1.171610E-6	-1.210730E-8
5.132000E+2	-1.192100E-6	-6.333040E-8
5.061000E+2	-1.232150E-6	-4.470370E-8
4.930000E+2	-1.290820E-6	1.862660E-9
4.857000E+2	-1.344840E-6	4.377240E-8
4.613000E+2	-1.342970E-6	-8.381960E-9
4.456000E+2	-1.419340E-6	1.676390E-8
4.218000E+2	-1.505960E-6	4.284110E-8
3.811000E+2	-1.612130E-6	2.980250E-8
3.585000E+2	-1.644720E-6	-7.450640E-9
3.062000E+2	-1.829120E-6	9.313280E-9
2.818000E+2	-1.960450E-6	4.470370E-8
2.552000E+2	-2.048920E-6	6.519290E-9
2.032000E+2	-2.264990E-6	1.862660E-8
1.690000E+2	-2.371160E-6	-1.583260E-8
1.147000E+2	-2.607720E-6	-9.313280E-9
8.560000E+1	-2.785600E-6	3.166520E-8
5.100000E+1	-2.861970E-6	4.656640E-9
-1.120000E+1	-1.801190E-6	-2.793980E-9
-4.030000E+1	-8.232930E-7	-6.239910E-8
-6.720000E+1	5.681090E-8	-2.607710E-8
-6.720000E+1	5.681090E-8	-2.607710E-8
-1.575000E+2	1.885940E-6	-4.936030E-8
-2.122000E+2	2.253820E-6	2.793980E-9
-2.365000E+2	2.312490E-6	2.048920E-8
-2.958000E+2	2.345080E-6	-3.445920E-8
-3.195000E+2	2.267790E-6	-1.490130E-8
-3.683000E+2	2.121570E-6	-3.166520E-8
