Sample Name, Varga_5_4_20G
Freq, 20, GHz, Power, 10, dBm
SR850: f = 25 Hz; phase = 97 deg; output = 5 V; sens. = 5 uV; tc = 300 ms; 12dB/oct
Field	X	Y
Oe	V	V
*
-6.794000E+2	-7.706740E-8	-2.910390E-8
-6.794000E+2	-7.706740E-8	-2.910390E-8
-6.783000E+2	-8.801040E-8	-2.072200E-8
-6.771000E+2	-1.222370E-7	-1.862660E-9
-6.712000E+2	-9.778930E-8	-2.118770E-8
-6.495000E+2	-9.965200E-8	9.313280E-9
-6.381000E+2	-8.614780E-8	-4.656650E-10
-6.103000E+2	-8.987310E-8	2.095490E-9
-5.966000E+2	-8.102550E-8	-1.839370E-8
-5.629000E+2	-1.001180E-7	3.725320E-9
-5.495000E+2	-7.543760E-8	-1.885940E-8
-5.342000E+2	-8.218970E-8	-6.053630E-9
-5.042000E+2	-6.682280E-8	4.190980E-9
-4.913000E+2	-1.012820E-7	4.307390E-8
-4.683000E+2	-8.451800E-8	3.282930E-8
-4.570000E+2	-1.031440E-7	4.400520E-8
-4.364000E+2	-9.266710E-8	7.217780E-9
-4.283000E+2	-9.918630E-8	1.373710E-8
-4.199000E+2	-9.383120E-8	1.350420E-8
-4.067000E+2	-8.218970E-8	2.328320E-9
-3.946000E+2	-4.237540E-8	-3.003540E-8
-3.870000E+2	-5.145580E-8	-1.839370E-8
-3.785000E+2	-7.683460E-8	-2.561150E-9
-3.653000E+2	-5.937200E-8	-7.683470E-9
-3.550000E+2	-8.405230E-8	1.816090E-8
-3.483000E+2	-6.938400E-8	-8.381960E-9
-3.296000E+2	-7.869720E-8	1.443560E-8
-3.222000E+2	-5.913920E-8	-1.047740E-8
-3.048000E+2	-5.820790E-8	1.327140E-8
-2.975000E+2	-2.374880E-8	3.958150E-9
-2.796000E+2	1.583260E-8	-2.142050E-8
-2.697000E+2	2.561150E-8	-2.584430E-8
-2.620000E+2	-1.164160E-9	-6.519290E-9
-2.453000E+2	2.328320E-9	-1.187440E-8
-2.371000E+2	1.816090E-8	-1.559980E-8
-2.186000E+2	2.770700E-8	-9.313280E-9
-2.115000E+2	2.561150E-9	1.583260E-8
-2.012000E+2	4.190980E-9	8.149130E-9
-1.858000E+2	-6.053630E-9	-3.026810E-9
-1.750000E+2	-8.847620E-9	-7.217780E-9
-1.598000E+2	1.583260E-8	-2.095490E-8
-1.518000E+2	6.519290E-9	4.656650E-10
-1.360000E+2	1.653110E-8	-1.280570E-8
-1.274000E+2	4.423810E-9	-1.629820E-9
-1.189000E+2	4.307390E-8	-3.702030E-8
-1.008000E+2	1.862660E-9	-6.984950E-9
-9.260000E+1	3.562330E-8	-3.119950E-8
-8.320000E+1	4.097840E-8	-2.514580E-8
-6.620000E+1	2.211900E-8	5.820790E-9
-5.940000E+1	3.329500E-8	-1.885940E-8
-4.070000E+1	1.816090E-8	-7.683470E-9
-3.340000E+1	4.563500E-8	-2.677560E-8
-2.390000E+1	5.774220E-8	-4.260820E-8
-7.000000E+0	1.909220E-8	1.094310E-8
2.400000E+0	4.004710E-8	-5.122300E-9
1.050000E+1	2.444730E-8	1.396990E-8
2.880000E+1	2.537870E-8	4.889470E-9
3.730000E+1	2.025640E-8	1.071030E-8
5.560000E+1	-1.396990E-9	-1.466840E-8
6.320000E+1	-1.816090E-8	-7.916300E-9
7.230000E+1	-1.606540E-8	-1.117590E-8
9.150000E+1	-3.073390E-8	-1.490130E-8
9.940000E+1	-3.934860E-8	-1.187440E-8
1.084000E+2	-2.514580E-8	-2.002350E-8
1.237000E+2	-6.984950E-9	-2.980250E-8
1.342000E+2	-4.889470E-9	-3.934860E-8
1.515000E+2	-8.149130E-9	-4.982600E-8
1.606000E+2	-4.353960E-8	-1.746240E-8
1.679000E+2	-2.444730E-8	-2.747410E-8
1.863000E+2	-3.958140E-8	6.984950E-10
1.943000E+2	-2.421450E-8	-1.513410E-8
2.106000E+2	-4.540220E-8	-6.286460E-9
2.181000E+2	-3.236370E-8	-2.817260E-8
2.257000E+2	-4.423800E-8	-1.117590E-8
2.446000E+2	-2.631000E-8	-3.585610E-8
2.515000E+2	-2.561150E-8	-2.793980E-8
2.684000E+2	-1.071030E-8	-9.778940E-9
2.778000E+2	1.117590E-8	-1.187440E-8
2.947000E+2	1.420270E-8	-2.328320E-10
3.042000E+2	1.746240E-8	6.519290E-9
3.118000E+2	1.047740E-8	1.862660E-8
3.306000E+2	5.611240E-8	-1.001180E-8
3.385000E+2	5.518110E-8	-1.117590E-8
3.477000E+2	5.657810E-8	-6.752120E-9
3.646000E+2	4.330670E-8	-7.683470E-9
3.739000E+2	3.445920E-8	-6.984950E-10
3.891000E+2	4.190970E-8	-2.887110E-8
3.984000E+2	1.629830E-8	-6.752120E-9
4.153000E+2	5.541390E-8	-4.679920E-8
4.243000E+2	2.980250E-8	-1.862660E-8
4.322000E+2	6.915120E-8	-4.540220E-8
4.488000E+2	3.306220E-8	-1.536690E-8
4.641000E+2	6.216620E-8	-3.469200E-8
4.733000E+2	3.934860E-8	-7.916300E-9
4.804000E+2	5.262000E-8	-1.327140E-8
4.976000E+2	6.333040E-8	1.140880E-8
5.046000E+2	8.475080E-8	-3.026810E-9
5.218000E+2	8.707910E-8	7.217780E-9
5.313000E+2	8.754480E-8	1.373710E-8
5.485000E+2	9.499540E-8	2.910390E-8
5.553000E+2	6.263190E-8	5.518110E-8
5.653000E+2	7.497190E-8	2.747410E-8
5.819000E+2	9.010590E-8	-2.328320E-10
5.897000E+2	6.007080E-8	1.909220E-8
6.087000E+2	9.033870E-8	-1.373710E-8
6.158000E+2	8.055990E-8	-1.955790E-8
6.252000E+2	9.965200E-8	-4.214260E-8
6.424000E+2	8.964030E-8	-2.328320E-8
6.514000E+2	8.987310E-8	-7.217780E-9
6.694000E+2	9.965200E-8	-2.398170E-8
6.787000E+2	6.170060E-8	1.629820E-9
6.893000E+2	6.472740E-8	-2.561150E-9
7.048000E+2	1.017470E-7	-4.214260E-8
7.157000E+2	7.660170E-8	-2.095490E-9
7.236000E+2	8.405230E-8	-1.350420E-8
7.419000E+2	9.127010E-8	-8.847620E-9
7.507000E+2	1.131560E-7	-2.305030E-8
7.682000E+2	1.045410E-7	-1.443560E-8
7.775000E+2	8.079270E-8	7.450640E-9
7.847000E+2	1.082670E-7	-2.654280E-8
8.040000E+2	7.008250E-8	-3.725320E-9
8.120000E+2	7.008250E-8	-1.722960E-8
8.219000E+2	9.196860E-8	-3.236370E-8
8.392000E+2	6.263190E-8	1.839370E-8
8.466000E+2	7.916290E-8	5.820790E-9
8.664000E+2	8.707910E-8	-1.001180E-8
8.736000E+2	9.639230E-8	-7.916300E-9
8.909000E+2	1.082670E-7	1.164160E-9
8.986000E+2	7.846440E-8	3.422630E-8
9.094000E+2	8.894180E-8	2.491300E-8
9.255000E+2	8.894180E-8	-4.423810E-9
9.346000E+2	1.064040E-7	-2.700850E-8
9.429000E+2	1.282910E-7	-4.703200E-8
9.612000E+2	1.094310E-7	-2.072200E-8
9.703000E+2	1.124580E-7	-1.885940E-8
9.877000E+2	1.352760E-7	-1.420270E-8
9.973000E+2	1.091980E-7	1.746240E-8
1.014500E+3	1.229350E-7	-1.862660E-9
1.023800E+3	9.569380E-8	3.213090E-8
1.031900E+3	9.662520E-8	4.563500E-8
1.051000E+3	8.125830E-8	3.329500E-8
1.058800E+3	1.024460E-7	-3.725320E-9
1.068600E+3	1.071030E-7	-1.862660E-9
1.086300E+3	8.731190E-8	1.094310E-8
1.093500E+3	1.068700E-7	-1.350420E-8
1.111300E+3	1.271260E-7	-2.793980E-8
1.119000E+3	1.189770E-7	-2.048920E-8
1.136800E+3	1.164160E-7	-2.421450E-8
1.144900E+3	8.498360E-8	-1.210730E-8
1.161600E+3	1.306190E-7	-3.934860E-8
1.170000E+3	1.166490E-7	-2.305030E-8
1.186100E+3	1.206070E-7	-2.793980E-9
1.196300E+3	1.296880E-7	-9.778940E-9
1.205700E+3	9.755650E-8	2.374880E-8
1.222800E+3	1.327140E-7	1.490130E-8
1.232100E+3	1.078010E-7	3.958140E-8
1.247700E+3	1.036100E-7	3.096670E-8
1.257200E+3	1.178130E-7	1.280570E-8
1.274700E+3	1.301530E-7	0.000000E+0
1.283600E+3	1.157170E-7	9.313280E-9
1.292200E+3	1.261950E-7	-1.629830E-8
1.308900E+3	9.848780E-8	2.048920E-8
1.316700E+3	1.089650E-7	7.450640E-9
1.333400E+3	7.916290E-8	1.816090E-8
1.348900E+3	9.685800E-8	-9.778940E-9
1.358000E+3	1.108280E-7	-1.653110E-8
1.365200E+3	9.383120E-8	1.164160E-9
1.384500E+3	9.289990E-8	-8.614790E-9
1.392000E+3	1.045410E-7	-3.213090E-8
1.409000E+3	9.732370E-8	-4.074560E-8
1.416000E+3	1.098970E-7	-5.238710E-8
1.424200E+3	9.872060E-8	-2.887110E-8
1.442400E+3	1.234010E-7	-4.190970E-8
1.449800E+3	1.178130E-7	-3.050100E-8
1.465900E+3	1.071030E-7	1.117590E-8
1.476000E+3	1.317830E-7	-1.862660E-8
1.492000E+3	1.459860E-7	-3.585610E-8
1.500200E+3	1.117590E-7	4.656650E-10
1.515900E+3	1.406310E-7	-2.700850E-8
1.523800E+3	1.355080E-7	-1.559980E-8
1.532900E+3	1.487800E-7	-1.955790E-8
1.548400E+3	1.296880E-7	-4.190980E-9
1.564200E+3	1.522720E-7	-4.377240E-8
1.573200E+3	1.271260E-7	-1.001180E-8
1.581400E+3	1.499440E-7	-1.303860E-8
1.598800E+3	1.436570E-7	-7.217780E-9
1.607800E+3	1.685700E-7	-1.839370E-8
1.623300E+3	1.385350E-7	2.095490E-8
1.631800E+3	1.590240E-7	2.328320E-8
1.650000E+3	1.611200E-7	2.421450E-8
1.658200E+3	1.485470E-7	3.748600E-8
1.667400E+3	1.720630E-7	1.629830E-8
1.675600E+3	1.692690E-7	1.629830E-8
1.693900E+3	1.415620E-7	1.257290E-8
1.701300E+3	1.504100E-7	-1.024460E-8
1.720500E+3	1.122250E-7	2.048920E-8
1.727400E+3	1.441230E-7	-2.048920E-8
1.744500E+3	1.522720E-7	-2.421450E-8
1.751500E+3	1.259620E-7	3.259640E-9
1.768200E+3	1.480810E-7	-1.001180E-8
1.775700E+3	1.476160E-7	7.217780E-9
1.786200E+3	1.427260E-7	2.793980E-8
1.801600E+3	1.650780E-7	2.561150E-9
1.811800E+3	1.443560E-7	1.885940E-8
1.827900E+3	1.576270E-7	-7.683470E-9
1.836100E+3	1.343440E-7	1.210730E-8
1.844900E+3	1.438900E-7	-6.286460E-9
1.860900E+3	1.234010E-7	1.094310E-8
1.869100E+3	1.464510E-7	-4.889470E-9
1.885500E+3	1.629820E-7	-8.381960E-9
1.893200E+3	1.690360E-7	-2.421450E-8
1.910000E+3	1.359740E-7	-8.614790E-9
1.917100E+3	1.494780E-7	-2.421450E-8
1.934200E+3	1.636810E-7	-2.537870E-8
1.941000E+3	1.697340E-7	-2.188620E-8
1.958100E+3	1.902240E-7	-1.443560E-8
1.965000E+3	1.634480E-7	1.327140E-8
1.981800E+3	1.564630E-7	-6.519290E-9
1.989100E+3	1.341110E-7	1.024460E-8
2.005600E+3	1.294550E-7	-2.561150E-9
2.015200E+3	1.625170E-7	-3.539050E-8
2.032400E+3	1.764870E-7	-1.769520E-8
2.039500E+3	1.529710E-7	4.656640E-9
2.056500E+3	1.974410E-7	-3.119950E-8
2.064100E+3	2.107130E-7	-2.863830E-8
2.080500E+3	2.167660E-7	-1.885940E-8
2.088700E+3	2.000020E-7	5.355130E-9
2.104400E+3	2.097810E-7	-6.053630E-9
2.113000E+3	1.825400E-7	3.096670E-8
2.121400E+3	2.018650E-7	1.816090E-8
2.138500E+3	1.748570E-7	3.213090E-8
2.147600E+3	1.986050E-7	7.450640E-9
2.162800E+3	1.662420E-7	4.889470E-9
2.171500E+3	1.557650E-7	6.752120E-9
2.188500E+3	1.757880E-7	-7.217780E-9
2.197700E+3	1.816090E-7	3.026810E-9
2.204600E+3	1.925520E-7	9.313300E-10
2.221700E+3	2.097810E-7	-5.587960E-9
2.228700E+3	2.263120E-7	-1.885940E-8
2.245900E+3	2.037280E-7	6.286460E-9
2.255500E+3	2.214230E-7	-1.862660E-8
2.263500E+3	2.121100E-7	-5.820790E-9
2.281900E+3	2.267780E-7	-8.381960E-9
2.290100E+3	2.325990E-7	-1.955790E-8
2.308600E+3	2.151360E-7	1.699680E-8
2.315900E+3	2.426110E-7	-9.546110E-9
2.325000E+3	2.344610E-7	5.122300E-9
2.341700E+3	2.426110E-7	-4.889470E-9
2.350700E+3	2.391190E-7	4.656650E-10
2.368000E+3	2.332970E-7	-1.676390E-8
2.376200E+3	2.358580E-7	-2.281750E-8
2.386700E+3	2.016320E-7	1.001180E-8
2.401900E+3	2.419130E-7	-8.847620E-9
2.412300E+3	2.209570E-7	1.699680E-8
2.420900E+3	2.526230E-7	-8.149130E-9
2.439000E+3	2.661270E-7	-8.614790E-9
2.447300E+3	2.563480E-7	1.210730E-8
2.462500E+3	2.421460E-7	2.211900E-8
2.471400E+3	2.603060E-7	0.000000E+0
2.487200E+3	2.463370E-7	9.080450E-9
2.495600E+3	2.523900E-7	1.327140E-8
2.514000E+3	2.596080E-7	0.000000E+0
2.522000E+3	2.468020E-7	1.257290E-8
2.531300E+3	2.686880E-7	-2.095490E-9
2.539500E+3	2.719480E-7	2.328320E-9
2.557800E+3	2.761390E-7	8.381960E-9
2.565100E+3	2.996550E-7	-1.885940E-8
2.584100E+3	2.684560E-7	-1.303860E-8
2.590900E+3	2.924370E-7	-3.562330E-8
2.600000E+3	2.663600E-7	6.984950E-10
2.617300E+3	3.173500E-7	-2.537870E-8
2.625500E+3	3.264300E-7	-3.026820E-8
2.643900E+3	3.352780E-7	-3.795160E-8
2.651300E+3	3.294570E-7	-3.539050E-8
2.662700E+3	3.436600E-7	-3.236370E-8
2.677900E+3	3.315530E-7	-6.053630E-9
2.688400E+3	3.390030E-7	-1.071030E-8
2.696700E+3	3.324840E-7	-1.722960E-8
2.712900E+3	3.122280E-7	-1.396990E-8
2.720600E+3	3.392360E-7	-4.470370E-8
2.737500E+3	2.884790E-7	1.164160E-9
2.744800E+3	3.152550E-7	-2.817260E-8
2.761800E+3	2.980250E-7	-1.862660E-9
2.777500E+3	3.341140E-7	-2.188620E-8
2.786100E+3	3.166510E-7	1.140880E-8
2.795500E+3	3.275950E-7	2.095490E-9
2.803200E+3	3.445910E-7	-1.955790E-8
2.822000E+3	3.557670E-7	-2.840550E-8
2.829000E+3	3.450570E-7	-2.072200E-8
2.845800E+3	3.462210E-7	-3.492470E-9
2.853200E+3	3.490150E-7	7.450640E-9
2.869600E+3	3.911570E-7	-1.536690E-8
2.877700E+3	3.771870E-7	1.164160E-8
2.896400E+3	4.116460E-7	-1.769520E-8
2.903600E+3	4.144400E-7	-2.724130E-8
2.912900E+3	3.825430E-7	-4.190980E-9
2.929800E+3	4.067570E-7	-2.933680E-8
2.938600E+3	3.869660E-7	-4.423810E-9
2.953900E+3	3.913900E-7	-3.958150E-9
2.963100E+3	3.986080E-7	-1.257290E-8
2.978400E+3	3.946500E-7	-1.559980E-8
2.987700E+3	4.011690E-7	-2.095490E-8
3.002900E+3	4.009360E-7	-4.889470E-9
3.012000E+3	3.927870E-7	1.699680E-8
3.027500E+3	4.067570E-7	3.492470E-9
3.038100E+3	3.876650E-7	3.678750E-8
3.045600E+3	4.214250E-7	3.958150E-9
3.062500E+3	4.055930E-7	8.149130E-9
3.069500E+3	4.305060E-7	-2.654280E-8
3.088300E+3	3.920890E-7	2.561150E-9
3.096000E+3	4.204940E-7	-1.606540E-8
3.103500E+3	4.326010E-7	-2.374880E-8
3.122200E+3	4.384220E-7	1.862660E-9
3.129300E+3	4.663620E-7	-9.778940E-9
3.148700E+3	4.607740E-7	1.629830E-8
3.155700E+3	4.926730E-7	-6.519290E-9
3.166100E+3	4.859210E-7	-9.313300E-10
3.184600E+3	4.977960E-7	-7.683470E-9
3.191800E+3	4.966310E-7	-1.350420E-8
3.208400E+3	4.838260E-7	-1.513410E-8
3.216200E+3	4.491320E-7	0.000000E+0
3.225400E+3	4.286430E-7	1.676390E-8
3.242200E+3	4.502960E-7	-1.676390E-8
3.251300E+3	4.279450E-7	2.165340E-8
3.268300E+3	4.724150E-7	-1.071030E-8
3.276900E+3	4.651970E-7	6.984950E-9
3.285400E+3	4.642660E-7	1.234010E-8
3.301500E+3	4.854560E-7	-1.140880E-8
3.311800E+3	4.731140E-7	-8.149130E-9
3.329200E+3	4.703200E-7	-2.072200E-8
3.338200E+3	4.433110E-7	6.984950E-9
3.345200E+3	4.596100E-7	-1.327140E-8
3.364400E+3	4.265480E-7	1.816090E-8
3.371700E+3	4.372580E-7	1.629820E-9
3.388700E+3	4.272460E-7	1.909220E-8
3.395800E+3	4.605410E-7	8.614790E-9
3.412900E+3	4.540220E-7	1.746240E-8
3.419800E+3	4.475020E-7	1.396990E-8
3.436800E+3	4.631020E-7	-1.466840E-8
3.443800E+3	4.728810E-7	-2.956960E-8
3.453000E+3	4.433110E-7	6.984950E-10
3.470000E+3	4.619380E-7	-3.119950E-8
3.478600E+3	4.288760E-7	1.117590E-8
3.494100E+3	4.305060E-7	6.519290E-9
3.504300E+3	4.579800E-7	-1.722960E-8
3.520400E+3	4.721820E-7	-2.817260E-8
3.528700E+3	4.554190E-7	1.164160E-9
3.537500E+3	4.333000E-7	2.165340E-8
3.554600E+3	4.475020E-7	1.210730E-8
3.563900E+3	4.237540E-7	4.493650E-8
3.579100E+3	4.433110E-7	2.654280E-8
3.589700E+3	4.062910E-7	2.374880E-8
3.597500E+3	4.102490E-7	-3.259640E-9
3.614100E+3	4.086200E-7	-1.117590E-8
3.621300E+3	3.818440E-7	1.583260E-8
3.639800E+3	3.837070E-7	1.164160E-9
3.647900E+3	4.014020E-7	-3.492470E-9
3.664200E+3	3.774200E-7	-2.095490E-9
3.671800E+3	3.564660E-7	-1.420270E-8
3.681600E+3	3.709010E-7	-3.655460E-8
3.698200E+3	3.557670E-7	-2.351600E-8
3.705300E+3	3.187470E-7	1.001180E-8
3.722000E+3	3.394690E-7	-1.862660E-8
3.729400E+3	3.278270E-7	-1.606540E-8
3.748200E+3	3.241020E-7	-1.676390E-8
3.755800E+3	3.117620E-7	-1.140880E-8
3.765000E+3	3.043110E-7	-1.559980E-8
3.781800E+3	2.684560E-7	-9.546110E-9
3.790900E+3	2.563480E-7	-3.958150E-9
3.806100E+3	2.558830E-7	-2.351600E-8
3.815500E+3	2.216560E-7	-6.053630E-9
3.832500E+3	2.477340E-7	-4.749770E-8
3.841500E+3	2.384200E-7	-4.167690E-8
3.851900E+3	2.002350E-7	-2.072200E-8
3.867400E+3	1.869640E-7	-3.119950E-8
3.876300E+3	2.009340E-7	-4.889470E-8
3.883200E+3	2.039610E-7	-4.936030E-8
3.902400E+3	2.116440E-7	-4.679920E-8
3.917600E+3	1.846360E-7	-5.564680E-8
3.926600E+3	1.867310E-7	-7.567040E-8
3.933400E+3	1.618180E-7	-5.285280E-8
3.950500E+3	1.317830E-7	-4.633350E-8
3.957400E+3	1.285230E-7	-6.007080E-8
3.974600E+3	7.683460E-8	-3.050100E-8
3.983900E+3	7.986140E-8	-4.400520E-8
3.992200E+3	5.448260E-8	-2.561150E-8
4.010700E+3	5.634520E-8	-3.655460E-8
4.018200E+3	3.236370E-8	-9.546110E-9
4.037200E+3	3.771880E-8	-2.631000E-8
4.045000E+3	2.817260E-8	-1.909220E-8
4.061300E+3	8.381960E-9	-1.303860E-8
4.069500E+3	-2.561150E-8	6.053630E-9
4.085400E+3	-1.559980E-8	-3.026820E-8
4.093100E+3	-6.938400E-8	6.053630E-9
4.109500E+3	-6.519300E-8	-1.653110E-8
4.117700E+3	-1.024460E-7	1.071030E-8
4.126600E+3	-8.521650E-8	-3.050100E-8
4.144500E+3	-1.413290E-7	-1.466840E-8
4.153200E+3	-1.743910E-7	-6.984950E-10
4.170300E+3	-1.795130E-7	-3.958140E-8
4.179300E+3	-2.256140E-7	1.629820E-9
4.186400E+3	-2.300380E-7	2.328320E-10
4.205100E+3	-2.493630E-7	3.492470E-9
4.213000E+3	-2.693870E-7	3.492470E-9
4.222400E+3	-2.388860E-7	-2.700850E-8
4.239600E+3	-2.963950E-7	1.140880E-8
4.249100E+3	-2.821930E-7	-9.546110E-9
4.266000E+3	-2.968610E-7	-1.303860E-8
4.275900E+3	-3.015180E-7	-2.118770E-8
4.283000E+3	-3.206100E-7	-1.047740E-8
4.300000E+3	-3.282930E-7	-1.955790E-8
4.307500E+3	-3.457550E-7	-1.303860E-8
4.324000E+3	-3.841720E-7	-1.955790E-8
4.331900E+3	-4.123450E-7	-4.889470E-9
4.350500E+3	-4.088520E-7	-3.422630E-8
4.358700E+3	-4.579800E-7	-2.328320E-10
4.374300E+3	-4.514600E-7	-2.118770E-8
4.382100E+3	-4.877840E-7	1.047740E-8
4.393600E+3	-4.950020E-7	1.583260E-8
4.409000E+3	-4.703200E-7	-3.166520E-8
4.419600E+3	-4.987270E-7	-1.792810E-8
4.427700E+3	-4.705530E-7	-3.934860E-8
4.445500E+3	-5.038490E-7	-3.958150E-9
4.454200E+3	-5.154910E-7	9.778940E-9
4.471300E+3	-4.898790E-7	-1.769520E-8
4.480500E+3	-4.940700E-7	-1.629830E-8
4.487700E+3	-5.178190E-7	-6.984950E-10
4.506400E+3	-5.394720E-7	-1.792810E-8
4.514400E+3	-5.506480E-7	-1.327140E-8
4.524000E+3	-5.490180E-7	-3.236370E-8
4.540900E+3	-5.525110E-7	-3.306220E-8
4.547900E+3	-5.746300E-7	-1.769520E-8
4.564900E+3	-5.469230E-7	-2.351600E-8
4.571900E+3	-5.632210E-7	2.328320E-9
4.591400E+3	-5.648510E-7	6.984950E-10
4.598600E+3	-5.597290E-7	-6.752120E-9
4.615300E+3	-5.953520E-7	-1.466840E-8
4.622400E+3	-6.023370E-7	-8.614790E-9
4.639400E+3	-5.860380E-7	-2.328320E-9
4.646600E+3	-6.044320E-7	2.910390E-8
4.663300E+3	-5.620570E-7	-9.080450E-9
4.671000E+3	-5.879010E-7	1.466840E-8
4.680200E+3	-5.629880E-7	-1.606540E-8
4.697500E+3	-5.932560E-7	-4.423810E-9
4.706600E+3	-6.123480E-7	6.519290E-9
4.723700E+3	-5.934890E-7	-2.887110E-8
4.732900E+3	-6.235240E-7	3.958150E-9
4.740300E+3	-6.165390E-7	4.423810E-9
4.758800E+3	-5.895310E-7	-2.770700E-8
4.767000E+3	-5.951190E-7	-2.118770E-8
4.776400E+3	-5.653160E-7	-4.423800E-8
4.793500E+3	-5.946530E-7	1.676390E-8
4.803200E+3	-5.746300E-7	1.187440E-8
4.819800E+3	-5.711370E-7	1.071030E-8
4.827200E+3	-5.310900E-7	-2.235190E-8
4.844300E+3	-5.327200E-7	-6.053630E-9
4.851300E+3	-5.145590E-7	-2.165340E-8
4.868400E+3	-4.903450E-7	-3.329500E-8
4.875400E+3	-5.173530E-7	2.095490E-9
4.884200E+3	-4.915090E-7	-2.607710E-8
4.901900E+3	-4.945360E-7	-2.002350E-8
4.910000E+3	-5.059450E-7	-5.122300E-9
4.925800E+3	-4.591440E-7	-2.468020E-8
4.934400E+3	-4.798680E-7	6.286460E-9
4.952200E+3	-4.521590E-7	-1.909220E-8
4.961200E+3	-4.710180E-7	1.071030E-8
4.969600E+3	-4.528570E-7	5.122300E-9
4.987300E+3	-4.596100E-7	4.190980E-9
4.996500E+3	-4.805660E-7	1.559980E-8
5.012400E+3	-4.521590E-7	-1.396990E-9
5.021000E+3	-4.190970E-7	-2.351600E-8
5.030600E+3	-4.265480E-7	-2.677560E-8
5.047600E+3	-4.286430E-7	-9.546110E-9
5.054600E+3	-4.190970E-7	-1.979070E-8
5.071600E+3	-4.218910E-7	5.122300E-9
5.081200E+3	-4.251510E-7	1.164160E-9
5.097800E+3	-4.232880E-7	-1.210730E-8
5.107600E+3	-4.405170E-7	-1.280570E-8
5.114700E+3	-4.000050E-7	-3.934860E-8
5.134100E+3	-4.374910E-7	1.699680E-8
5.141300E+3	-3.972110E-7	-9.778940E-9
5.149600E+3	-3.906920E-7	-1.396990E-9
5.168000E+3	-3.732290E-7	-1.885940E-8
5.175600E+3	-3.688060E-7	-2.072200E-8
5.194400E+3	-3.601910E-7	4.656650E-10
5.202300E+3	-3.303890E-7	-8.149130E-9
5.212900E+3	-3.501790E-7	1.513410E-8
5.228200E+3	-3.259650E-7	-5.355130E-9
5.237400E+3	-3.613550E-7	2.328320E-8
5.252800E+3	-3.373730E-7	6.984950E-10
5.262000E+3	-3.473850E-7	2.910390E-8
5.277300E+3	-3.250330E-7	3.422630E-8
5.286300E+3	-2.787000E-7	-3.026810E-9
5.302100E+3	-2.987240E-7	1.722960E-8
5.310600E+3	-3.131590E-7	2.072200E-8
5.317700E+3	-3.266630E-7	1.513410E-8
5.337200E+3	-3.264300E-7	1.699680E-8
5.344100E+3	-2.821930E-7	-2.048920E-8
5.361200E+3	-2.961620E-7	-1.047740E-8
5.368200E+3	-2.621690E-7	-4.633350E-8
5.385400E+3	-2.691540E-7	-3.888290E-8
5.392600E+3	-2.919710E-7	2.793980E-9
5.409400E+3	-2.656620E-7	-4.190980E-9
5.416600E+3	-2.540200E-7	-1.117590E-8
5.436200E+3	-2.651960E-7	6.984950E-9
5.443100E+3	-2.428440E-7	-2.235190E-8
5.460100E+3	-2.230530E-7	-1.583260E-8
5.467600E+3	-2.379540E-7	-4.656640E-9
5.484000E+3	-2.463370E-7	1.583260E-8
5.491200E+3	-2.586770E-7	1.396990E-8
5.508200E+3	-2.358580E-7	-1.280570E-8
5.516500E+3	-2.577450E-7	2.328320E-9
5.525100E+3	-2.509930E-7	5.122300E-9
5.542200E+3	-2.146710E-7	4.656650E-10
5.551300E+3	-2.349270E-7	2.537870E-8
5.566800E+3	-2.307360E-7	2.025640E-8
5.575700E+3	-2.391190E-7	3.841730E-8
5.591500E+3	-2.216560E-7	3.725320E-9
5.600000E+3	-2.270110E-7	1.559980E-8
5.617400E+3	-1.799790E-7	-8.381960E-9
5.626400E+3	-2.097810E-7	2.165340E-8
5.641900E+3	-1.918530E-7	-1.746240E-8
5.650500E+3	-2.088500E-7	4.656650E-10
5.657500E+3	-2.051250E-7	-9.080450E-9
5.676900E+3	-2.144380E-7	2.328320E-9
5.683900E+3	-1.960440E-7	9.313300E-10
5.693500E+3	-1.566960E-7	-2.281750E-8
5.710400E+3	-1.557650E-7	-1.885940E-8
5.717800E+3	-1.655430E-7	-1.303860E-8
5.734500E+3	-1.392340E-7	-5.168860E-8
5.742400E+3	-1.601880E-7	-3.050100E-8
5.761200E+3	-1.497110E-7	-3.539050E-8
5.768400E+3	-1.837040E-7	-4.190980E-9
5.777700E+3	-1.648450E-7	-2.351600E-8
5.794900E+3	-1.671730E-7	-3.655460E-8
5.803800E+3	-1.688030E-7	-1.653110E-8
5.821700E+3	-1.469170E-7	-1.117590E-8
5.830700E+3	-1.511080E-7	4.656650E-10
5.841100E+3	-1.713640E-7	2.165340E-8
5.856400E+3	-1.653110E-7	-6.519290E-9
5.865300E+3	-1.329470E-7	-2.980250E-8
5.880900E+3	-1.261950E-7	-1.303860E-8
5.891400E+3	-1.490130E-7	1.606540E-8
5.898700E+3	-1.268940E-7	-1.653110E-8
5.917900E+3	-1.522720E-7	3.259640E-9
5.925000E+3	-1.343440E-7	-2.933680E-8
5.933200E+3	-1.466840E-7	-1.420270E-8
5.954000E+3	-1.466840E-7	1.629830E-8
5.961200E+3	-1.166490E-7	-2.305030E-8
5.978300E+3	-1.399320E-7	3.492470E-9
5.985400E+3	-1.161830E-7	-1.932510E-8
5.995700E+3	-1.178130E-7	-8.847620E-9
6.012000E+3	-1.206070E-7	-7.683470E-9
6.022400E+3	-1.010490E-7	-2.258470E-8
6.038800E+3	-1.173470E-7	-1.350420E-8
6.046200E+3	-1.511080E-7	1.094310E-8
6.055300E+3	-1.208400E-7	-2.514580E-8
6.070800E+3	-1.506420E-7	1.187440E-8
6.079800E+3	-1.466840E-7	1.327140E-8
6.095300E+3	-1.075680E-7	-4.190980E-9
6.111000E+3	-1.087320E-7	4.656640E-9
6.120100E+3	-1.257290E-7	2.305030E-8
6.128200E+3	-1.045410E-7	1.234010E-8
6.147000E+3	-1.224700E-7	4.703200E-8
6.154900E+3	-1.096640E-7	2.235190E-8
6.171600E+3	-9.429690E-8	2.561150E-9
6.178900E+3	-8.405230E-8	-6.519290E-9
6.186900E+3	-1.122250E-7	2.188620E-8
6.205700E+3	-6.635720E-8	-1.583260E-8
6.212900E+3	-7.613610E-8	-2.328320E-10
6.232100E+3	-9.639230E-8	3.166520E-8
6.239100E+3	-5.401690E-8	1.536690E-8
6.249200E+3	-7.916290E-8	3.632180E-8
6.265700E+3	-7.427340E-8	1.746240E-8
6.273700E+3	-1.033770E-7	5.052450E-8
6.289800E+3	-8.544930E-8	3.771880E-8
6.298300E+3	-9.941910E-8	5.471540E-8
6.314000E+3	-6.286470E-8	2.095490E-9
6.323100E+3	-8.172400E-8	1.699680E-8
6.338600E+3	-8.335380E-8	2.793980E-9
6.347800E+3	-1.138550E-7	9.313280E-9
6.365100E+3	-1.019800E-7	-1.280570E-8
6.374100E+3	-1.045410E-7	-2.095490E-9
6.382400E+3	-9.988480E-8	-1.047740E-8
6.399900E+3	-8.335380E-8	-1.606540E-8
6.409000E+3	-9.988480E-8	1.280570E-8
6.424600E+3	-8.428510E-8	1.466840E-8
6.433200E+3	-5.541390E-8	1.257290E-8
6.449100E+3	-8.009420E-8	2.747410E-8
6.457100E+3	-4.051280E-8	-9.546110E-9
6.466500E+3	-5.005880E-8	-2.561150E-9
6.483600E+3	-5.704370E-8	1.862660E-8
6.490700E+3	-5.308560E-8	1.280570E-8
6.510300E+3	-6.821980E-8	7.450640E-9
6.517400E+3	-5.005880E-8	-1.792810E-8
6.525500E+3	-6.984960E-8	-6.053630E-9
6.544200E+3	-6.868550E-8	-2.072200E-8
6.552600E+3	-9.313270E-8	-2.328320E-9
6.568500E+3	-6.519300E-8	-2.351600E-8
6.577400E+3	-5.844070E-8	-2.421450E-8
6.588000E+3	-8.591500E-8	3.492470E-9
6.603500E+3	-5.564680E-8	-3.515770E-8
6.614200E+3	-8.591500E-8	-1.327140E-8
6.629700E+3	-9.266710E-8	-1.140880E-8
6.638900E+3	-8.149120E-8	-1.001180E-8
6.646400E+3	-6.076930E-8	-2.654280E-8
6.665000E+3	-1.105950E-7	1.629830E-8
6.673400E+3	-7.101380E-8	-2.095490E-8
6.691000E+3	-7.171230E-8	-7.450640E-9
6.700000E+3	-6.961680E-8	-3.259640E-9
6.707000E+3	-6.193340E-8	-9.313280E-9
6.728400E+3	-8.428510E-8	-1.117590E-8
6.736100E+3	-5.005880E-8	-4.423800E-8
6.752900E+3	-5.937200E-8	-2.048920E-8
6.760100E+3	-2.165340E-8	-4.586790E-8
6.777300E+3	-1.117590E-8	-4.051280E-8
6.784300E+3	-1.839370E-8	-3.422630E-8
6.801400E+3	-4.936030E-8	1.420270E-8
6.808500E+3	-2.793980E-8	-1.117590E-8
6.817600E+3	-5.122300E-8	2.328320E-10
6.835100E+3	-4.586790E-8	-5.587960E-9
6.843400E+3	-7.054810E-8	2.048920E-8
6.859200E+3	-3.306220E-8	-1.466840E-8
6.868100E+3	-6.146770E-8	1.117590E-8
6.883400E+3	-1.839370E-8	-1.559980E-8
6.893900E+3	-2.305030E-8	-3.026810E-9
6.902900E+3	-3.282930E-8	-3.026810E-9
6.919900E+3	-1.466840E-8	-2.956960E-8
6.929000E+3	-5.704370E-8	9.313280E-9
6.946600E+3	-1.303860E-8	-6.519290E-9
6.955100E+3	-2.235190E-8	1.816090E-8
6.963400E+3	-3.213090E-8	4.796330E-8
6.982300E+3	-1.490130E-8	4.447090E-8
6.990300E+3	2.793980E-9	2.211900E-8
7.007200E+3	-4.284110E-8	4.749770E-8
7.014600E+3	-3.236370E-8	1.862660E-8
7.031600E+3	-2.700850E-8	-3.026810E-9
7.041300E+3	-5.331840E-8	9.778940E-9
7.048300E+3	-5.099010E-8	-7.450640E-9
7.067600E+3	-6.379610E-8	1.629830E-8
7.074600E+3	-3.888290E-8	-4.889470E-9
7.091600E+3	-1.722960E-8	-2.165340E-8
7.098700E+3	-5.005880E-8	-1.024460E-8
7.115900E+3	-2.584430E-8	-3.702030E-8
7.123300E+3	-5.518110E-8	-5.355130E-9
7.133900E+3	-5.913920E-8	1.816090E-8
7.149700E+3	-6.775420E-8	1.490130E-8
7.160000E+3	-5.448260E-8	-9.313300E-10
7.169200E+3	-6.915120E-8	1.396990E-8
7.184700E+3	-5.797510E-8	1.140880E-8
7.200700E+3	-1.350420E-8	-3.352780E-8
7.209500E+3	-4.097840E-8	-5.355130E-9
7.218000E+3	-3.702030E-8	-8.381960E-9
7.235300E+3	-2.793980E-8	-2.561150E-8
7.244400E+3	-3.189800E-8	-3.702030E-8
7.253900E+3	-4.959320E-8	-5.145580E-8
7.270900E+3	-3.934860E-8	-7.101380E-8
7.277900E+3	-4.586790E-8	-5.192150E-8
7.295200E+3	-3.702030E-8	-6.239910E-8
7.304800E+3	-4.563500E-8	-4.167690E-8
7.321800E+3	-3.492480E-8	-1.234010E-8
7.331500E+3	-2.584430E-8	-7.683470E-9
7.338500E+3	-4.121130E-8	9.313280E-9
7.355200E+3	-3.585610E-8	2.328320E-9
7.362800E+3	-6.589150E-8	3.213090E-8
7.379200E+3	-4.004710E-8	-1.350420E-8
7.387400E+3	-6.286470E-8	2.165340E-8
7.406100E+3	-4.493650E-8	1.816090E-8
7.413600E+3	-5.541390E-8	2.281750E-8
7.424200E+3	-5.820790E-8	2.770700E-8
7.440000E+3	-9.778940E-9	-8.149130E-9
7.449000E+3	-3.655460E-8	2.887110E-8
7.464500E+3	-4.889470E-9	1.396990E-8
7.473700E+3	-2.235190E-8	3.981430E-8
7.489200E+3	-2.840550E-8	3.515770E-8
7.498500E+3	-2.561150E-9	1.629820E-9
7.513900E+3	-1.909220E-8	2.002350E-8
7.522800E+3	-2.910390E-8	1.466840E-8
7.538500E+3	-2.398170E-8	-1.955790E-8
7.546900E+3	-4.377240E-8	-9.546110E-9
7.563200E+3	-6.775420E-8	7.217780E-9
7.571000E+3	-4.284110E-8	-1.117590E-8
7.587700E+3	-4.284110E-8	1.816090E-8
7.595200E+3	-1.490130E-8	0.000000E+0
7.612300E+3	-4.400520E-8	2.700850E-8
7.619500E+3	-1.071030E-8	-4.423810E-9
7.636600E+3	-6.286460E-9	-9.546110E-9
7.646200E+3	-1.280570E-8	-4.889470E-9
7.654000E+3	-1.234010E-8	-1.234010E-8
7.673100E+3	-2.328320E-10	-3.422630E-8
7.680200E+3	-2.095490E-9	-3.399350E-8
7.697300E+3	7.450640E-9	-2.165340E-8
7.704700E+3	-1.629830E-8	7.683470E-9
7.721400E+3	4.656650E-10	-1.234010E-8
7.729400E+3	-2.072200E-8	-4.190980E-9
7.740100E+3	-4.400520E-8	6.286460E-9
7.755700E+3	-4.307390E-8	-1.513410E-8
7.767200E+3	-3.585610E-8	-1.071030E-8
7.775100E+3	-3.865010E-8	-1.140880E-8
7.791900E+3	-3.608900E-8	-1.024460E-8
7.801900E+3	-6.053640E-8	1.699680E-8
7.818000E+3	-5.378410E-8	2.747410E-8
7.826100E+3	-3.678750E-8	9.546110E-9
7.842500E+3	-2.607710E-8	2.398170E-8
7.849900E+3	-6.053630E-9	3.958150E-9
7.866900E+3	-1.839370E-8	-6.984950E-10
7.874100E+3	-1.303860E-8	-1.234010E-8
7.886100E+3	5.355130E-9	-2.072200E-8
7.903400E+3	-1.536690E-8	-9.080450E-9
7.910500E+3	-1.071030E-8	-8.847620E-9
7.927800E+3	-3.655460E-8	2.537870E-8
7.934900E+3	-2.468020E-8	1.327140E-8
7.945300E+3	-2.887110E-8	2.421450E-8
7.961600E+3	-1.164160E-8	4.656650E-10
7.969900E+3	-3.818450E-8	2.421450E-8
7.985800E+3	3.958150E-9	-2.235190E-8
7.994600E+3	-1.629820E-9	-1.955790E-8
8.012400E+3	-2.095490E-9	-1.420270E-8
8.020400E+3	-7.217780E-9	8.149130E-9
8.031700E+3	-1.955790E-8	3.725310E-8
8.047100E+3	-3.469200E-8	4.167690E-8
8.055900E+3	-5.820790E-9	1.280570E-8
8.071800E+3	-3.026810E-9	1.350420E-8
8.080100E+3	-3.189800E-8	3.562330E-8
8.087400E+3	-2.537870E-8	2.980250E-8
8.106800E+3	-2.887110E-8	1.746240E-8
8.114100E+3	-2.724130E-8	2.654280E-8
8.131400E+3	1.629820E-9	1.327140E-8
8.138400E+3	2.118770E-8	2.328320E-9
8.155700E+3	1.396990E-8	7.916300E-9
8.165100E+3	-6.286460E-9	1.862660E-9
8.175500E+3	2.631000E-8	-3.236370E-8
8.191700E+3	2.118770E-8	-2.840550E-8
8.200300E+3	-2.561150E-9	-7.217780E-9
8.218300E+3	2.095490E-9	-3.376070E-8
8.226300E+3	-3.306220E-8	-1.839370E-8
8.235500E+3	-1.792810E-8	-5.518110E-8
8.252400E+3	-4.470370E-8	-2.514580E-8
8.260700E+3	-6.146770E-8	-5.355130E-9
8.276100E+3	-3.585610E-8	-1.234010E-8
8.284000E+3	-5.937200E-8	2.188620E-8
8.297000E+3	-3.329500E-8	1.164160E-8
8.301400E+3	-4.051280E-8	3.096670E-8
8.306000E+3	-3.376070E-8	2.211900E-8
8.309500E+3	-6.170060E-8	3.795160E-8
8.308500E+3	-1.373710E-8	-2.561150E-9
8.307400E+3	-8.381960E-9	2.561150E-9
8.304000E+3	-3.888290E-8	2.468020E-8
8.291700E+3	-2.351600E-8	2.980250E-8
8.284800E+3	-4.190980E-9	2.118770E-8
8.262700E+3	6.286460E-9	-3.026810E-9
8.252300E+3	-1.722960E-8	2.747410E-8
8.239900E+3	-6.984950E-10	1.001180E-8
8.217000E+3	8.614790E-9	-1.350420E-8
8.204000E+3	7.450640E-9	-2.305030E-8
8.181400E+3	-1.769520E-8	-2.305030E-8
8.168500E+3	-2.677560E-8	-1.676390E-8
8.143700E+3	-3.469200E-8	-8.614790E-9
8.132100E+3	-3.213090E-8	0.000000E+0
8.112800E+3	-1.420270E-8	4.656650E-10
8.103000E+3	-1.350420E-8	1.187440E-8
8.095200E+3	-1.536690E-8	8.381960E-9
8.075700E+3	-4.889470E-9	-9.313300E-10
8.069100E+3	-2.584430E-8	1.792810E-8
8.053600E+3	-9.546110E-9	-2.328320E-10
8.047500E+3	-3.399350E-8	2.491300E-8
8.030200E+3	-8.847620E-9	0.000000E+0
8.023600E+3	-3.189800E-8	1.955790E-8
8.016100E+3	-3.958140E-8	2.398170E-8
8.000600E+3	-1.839370E-8	-1.303860E-8
7.992100E+3	-1.443560E-8	-2.072200E-8
7.976400E+3	-5.331840E-8	9.313280E-9
7.967300E+3	-1.932510E-8	-2.770700E-8
7.949500E+3	-3.585610E-8	3.492470E-9
7.941100E+3	-2.328320E-10	-3.399350E-8
7.925100E+3	-1.094310E-8	-2.491300E-8
7.916300E+3	-6.519290E-9	-3.888290E-8
7.900700E+3	-5.238710E-8	1.280570E-8
7.891800E+3	-3.236370E-8	8.381960E-9
7.876700E+3	-2.491300E-8	-2.095490E-9
7.867600E+3	-7.217780E-9	-2.235190E-8
7.860400E+3	-3.911580E-8	4.190980E-9
7.841900E+3	-1.234010E-8	-2.235190E-8
7.834000E+3	-1.769520E-8	-4.423810E-9
7.816400E+3	-2.933680E-8	-1.001180E-8
7.807700E+3	-2.002350E-8	-2.281750E-8
7.792000E+3	-1.071030E-8	-1.047740E-8
7.783700E+3	-1.746240E-8	-6.984950E-10
7.774400E+3	-2.817260E-8	2.025640E-8
7.757500E+3	2.561150E-9	-6.519290E-9
7.748200E+3	-1.071030E-8	2.747410E-8
7.731600E+3	1.583260E-8	-8.149130E-9
7.724000E+3	-1.606540E-8	2.165340E-8
7.716200E+3	1.513410E-8	1.396990E-9
7.699900E+3	-1.234010E-8	2.491300E-8
7.691500E+3	-5.820790E-9	5.122300E-9
7.675700E+3	-1.862660E-8	-8.614790E-9
7.664800E+3	-2.910390E-8	-9.546110E-9
7.649300E+3	-1.559980E-8	-2.002350E-8
7.639100E+3	-1.001180E-8	-1.350420E-8
7.629900E+3	-1.513410E-8	5.820790E-9
7.613000E+3	-2.887110E-8	2.933680E-8
7.603800E+3	-1.396990E-9	1.396990E-8
7.588500E+3	6.984950E-9	2.048920E-8
7.579300E+3	-2.421450E-8	3.329500E-8
7.569500E+3	-2.933680E-8	2.793980E-8
7.553400E+3	-2.188620E-8	-3.958150E-9
7.545500E+3	-4.097840E-8	1.047740E-8
7.527000E+3	-2.747410E-8	-9.546110E-9
7.519300E+3	-5.657810E-8	-7.916300E-9
7.509900E+3	-6.775420E-8	9.546110E-9
7.493000E+3	-3.236370E-8	1.629820E-9
7.486000E+3	-2.118770E-8	-6.519290E-9
7.466700E+3	5.355130E-9	-4.889470E-8
7.459500E+3	-2.421450E-8	-1.420270E-8
7.451100E+3	9.778940E-9	-4.842900E-8
7.435300E+3	-3.003540E-8	-1.350420E-8
7.426500E+3	-1.303860E-8	-3.841730E-8
7.411200E+3	-1.001180E-8	-4.470370E-8
7.402100E+3	-2.188620E-8	-2.817260E-8
7.387000E+3	-4.144410E-8	-1.187440E-8
7.377900E+3	-2.281750E-8	-3.632180E-8
7.362800E+3	-2.770700E-8	-4.237540E-8
7.353900E+3	-7.636890E-8	0.000000E+0
7.338300E+3	-3.911580E-8	-3.236370E-8
7.329900E+3	-4.284110E-8	-2.211900E-8
7.313800E+3	-6.938400E-8	7.450640E-9
7.303400E+3	-4.773050E-8	-2.421450E-8
7.287900E+3	-3.585610E-8	-3.119950E-8
7.279200E+3	-3.213090E-8	-3.539050E-8
7.263400E+3	-2.584430E-8	-3.259650E-8
7.255200E+3	-3.073390E-8	-2.002350E-8
7.248000E+3	-2.770700E-8	-3.213090E-8
7.228800E+3	-2.700850E-8	-3.585610E-8
7.221800E+3	-3.585610E-8	-2.374880E-8
7.213300E+3	-3.282930E-8	-2.654280E-8
7.195600E+3	-3.445920E-8	-1.396990E-9
7.178800E+3	-2.258470E-8	-5.122300E-9
7.171700E+3	-5.937200E-8	2.561150E-8
7.163300E+3	-4.423800E-8	3.492470E-9
7.145300E+3	-7.124660E-8	2.211900E-8
7.136700E+3	-4.121130E-8	-1.443560E-8
7.121200E+3	-6.589150E-8	-5.587960E-9
7.112000E+3	-4.284110E-8	-2.840550E-8
7.097100E+3	-6.938400E-8	1.303860E-8
7.088500E+3	-5.611240E-8	-3.026810E-9
7.072400E+3	-3.236370E-8	-2.351600E-8
7.064000E+3	3.259640E-9	-4.470370E-8
7.056100E+3	-1.606540E-8	-2.328320E-9
7.037200E+3	-1.234010E-8	-2.631000E-8
7.029600E+3	-4.610070E-8	-1.350420E-8
7.012800E+3	-1.979070E-8	-3.469200E-8
7.005500E+3	-3.166520E-8	-3.026810E-9
6.988400E+3	-1.816090E-8	-3.189800E-8
6.981200E+3	-4.773050E-8	-1.513410E-8
6.973600E+3	-4.400520E-8	-2.468020E-8
6.955000E+3	-4.982600E-8	-1.606540E-8
6.947200E+3	-3.352780E-8	-2.980250E-8
6.928500E+3	-4.121130E-8	-1.420270E-8
6.921300E+3	-6.100210E-8	1.117590E-8
6.904700E+3	-5.285280E-8	2.677560E-8
6.897100E+3	-5.820790E-8	3.213090E-8
6.880900E+3	-4.819620E-8	3.725310E-8
6.872700E+3	-1.001180E-8	4.656650E-10
6.856900E+3	-4.121130E-8	1.653110E-8
6.848100E+3	-3.026810E-9	-3.492480E-8
6.832800E+3	-4.889470E-9	-4.330670E-8
6.822500E+3	-2.887110E-8	-2.444730E-8
6.813400E+3	-6.984950E-9	-4.959320E-8
6.797700E+3	-3.492480E-8	-2.514580E-8
6.789100E+3	-5.820790E-8	-7.683470E-9
6.771900E+3	-4.051280E-8	-4.470370E-8
6.762800E+3	-6.519300E-8	-1.839370E-8
6.747600E+3	-2.048920E-8	-4.866180E-8
6.738700E+3	-2.747410E-8	-4.284110E-8
6.731800E+3	-2.188620E-8	-5.657810E-8
6.712600E+3	-4.936030E-8	-5.634520E-8
6.705300E+3	-8.824330E-8	-1.187440E-8
6.686800E+3	-4.796330E-8	-3.981430E-8
6.678700E+3	-5.704370E-8	-1.513410E-8
6.662300E+3	-1.094310E-8	-3.725320E-9
6.654600E+3	-2.281750E-8	2.048920E-8
6.637700E+3	-1.722960E-8	5.587960E-9
6.630600E+3	-1.350420E-8	-6.286460E-9
6.620900E+3	-5.448260E-8	2.072200E-8
6.604000E+3	-8.707910E-8	6.053630E-9
6.596700E+3	-5.844070E-8	-1.234010E-8
6.580200E+3	-7.427340E-8	5.122300E-9
6.572300E+3	-8.777760E-8	6.053630E-9
6.561700E+3	-6.449450E-8	-2.235190E-8
6.546500E+3	-7.986140E-8	-1.839370E-8
6.537300E+3	-9.057160E-8	-1.140880E-8
6.519900E+3	-9.778930E-8	-2.700850E-8
6.510800E+3	-9.709080E-8	-2.468020E-8
6.495500E+3	-5.471540E-8	-5.564680E-8
6.486500E+3	-5.099010E-8	-6.286470E-8
6.479400E+3	-7.613610E-8	-2.863830E-8
6.460300E+3	-5.052450E-8	-4.190970E-8
6.452800E+3	-6.239910E-8	-1.420270E-8
6.435900E+3	-4.982600E-8	-3.376070E-8
6.428800E+3	-7.147950E-8	-9.778940E-9
6.411700E+3	-6.938400E-8	-2.188620E-8
6.404700E+3	-5.611240E-8	-4.447090E-8
6.387600E+3	-9.592670E-8	-3.492470E-9
6.380500E+3	-1.050070E-7	6.984950E-9
6.363600E+3	-8.149120E-8	-4.656650E-10
6.354000E+3	-9.872060E-8	3.096670E-8
6.345500E+3	-7.636890E-8	5.820790E-9
6.327400E+3	-8.079270E-8	1.839370E-8
6.319600E+3	-7.334210E-8	1.164160E-8
6.303400E+3	-9.243420E-8	-3.492470E-9
6.295100E+3	-8.428510E-8	-2.700850E-8
6.279500E+3	-1.259620E-7	-6.984950E-9
6.270700E+3	-1.189770E-7	1.164160E-9
6.260400E+3	-8.009420E-8	-3.119950E-8
6.245300E+3	-1.026790E-7	7.450640E-9
6.234800E+3	-7.613610E-8	-1.769520E-8
6.219700E+3	-7.520480E-8	-2.351600E-8
6.208300E+3	-7.893000E-8	-1.839370E-8
6.200500E+3	-1.050070E-7	3.026810E-9
6.183800E+3	-1.050070E-7	1.722960E-8
6.173900E+3	-8.591500E-8	8.614790E-9
6.157900E+3	-7.101380E-8	3.492470E-9
6.149800E+3	-9.429690E-8	1.583260E-8
6.133100E+3	-9.383120E-8	1.862660E-9
6.125500E+3	-1.136220E-7	1.885940E-8
6.117800E+3	-8.149120E-8	2.793980E-9
6.096700E+3	-7.450630E-8	1.396990E-9
6.089600E+3	-1.110610E-7	2.980250E-8
6.081600E+3	-8.987310E-8	-6.984950E-10
6.065700E+3	-9.499540E-8	1.396990E-8
6.048800E+3	-7.683460E-8	-2.444730E-8
6.041900E+3	-9.266710E-8	-1.303860E-8
6.032900E+3	-1.112940E-7	4.190980E-9
6.015600E+3	-7.636890E-8	5.355130E-9
6.007300E+3	-9.452970E-8	3.119950E-8
5.996100E+3	-6.309760E-8	1.862660E-9
5.980500E+3	-5.168860E-8	1.257290E-8
5.972000E+3	-8.102550E-8	2.561150E-8
5.956100E+3	-8.847610E-8	4.656640E-9
5.948300E+3	-9.848780E-8	-7.683470E-9
5.930800E+3	-1.343440E-7	-6.053630E-9
5.922000E+3	-1.236340E-7	-2.654280E-8
5.915100E+3	-1.478480E-7	-9.313300E-10
5.895700E+3	-1.280580E-7	-2.933680E-8
5.888500E+3	-1.583260E-7	-6.053630E-9
5.871400E+3	-1.785820E-7	-1.210730E-8
5.864400E+3	-1.797460E-7	-3.026810E-9
5.847300E+3	-1.296880E-7	-2.305030E-8
5.840300E+3	-1.387680E-7	2.328320E-10
5.823300E+3	-1.671730E-7	2.165340E-8
5.816000E+3	-1.632150E-7	1.816090E-8
5.799500E+3	-1.601880E-7	1.862660E-8
5.791700E+3	-1.438900E-7	6.984950E-9
5.781200E+3	-1.490130E-7	-7.450640E-9
5.766000E+3	-1.478480E-7	-3.166520E-8
5.757000E+3	-1.532030E-7	-2.817260E-8
5.741800E+3	-1.809100E-7	-5.355130E-9
5.732600E+3	-1.632150E-7	-2.537870E-8
5.715800E+3	-1.767190E-7	-1.373710E-8
5.706800E+3	-1.536690E-7	-3.702030E-8
5.691600E+3	-1.536690E-7	-3.585610E-8
5.681000E+3	-1.818420E-7	-1.420270E-8
5.672200E+3	-1.706660E-7	-3.352780E-8
5.654900E+3	-1.876620E-7	-8.381960E-9
5.645600E+3	-1.632150E-7	-2.817260E-8
5.638400E+3	-1.713640E-7	-2.328320E-8
5.619600E+3	-1.934830E-7	-2.188620E-8
5.611600E+3	-2.055900E-7	-4.656650E-10
5.595200E+3	-1.729940E-7	7.217780E-9
5.587800E+3	-1.916210E-7	2.561150E-8
5.570800E+3	-1.653110E-7	-1.722960E-8
5.563700E+3	-1.764870E-7	-2.817260E-8
5.544300E+3	-1.888270E-7	-2.351600E-8
5.537400E+3	-2.032620E-7	-8.149130E-9
5.527300E+3	-2.337630E-7	2.863830E-8
5.510800E+3	-2.358580E-7	2.956960E-8
5.503000E+3	-2.102470E-7	3.958150E-9
5.486900E+3	-2.312020E-7	1.653110E-8
5.478400E+3	-2.062890E-7	-1.234010E-8
5.469800E+3	-2.502950E-7	2.514580E-8
5.452800E+3	-2.780020E-7	0.000000E+0
5.443600E+3	-2.733450E-7	-2.421450E-8
5.426900E+3	-2.807960E-7	-2.351600E-8
5.417900E+3	-2.968610E-7	-1.769520E-8
5.407600E+3	-3.057080E-7	-1.792810E-8
5.392400E+3	-2.721810E-7	-2.770700E-8
5.383800E+3	-2.903420E-7	6.984950E-9
5.368000E+3	-2.582110E-7	-3.492470E-9
5.359800E+3	-2.721810E-7	1.769520E-8
5.341400E+3	-2.728790E-7	1.559980E-8
5.333500E+3	-2.635660E-7	5.820790E-9
5.317800E+3	-2.768370E-7	-6.984950E-10
5.309200E+3	-2.989560E-7	1.257290E-8
5.302200E+3	-3.033800E-7	1.629820E-9
5.282800E+3	-2.884790E-7	-3.050100E-8
5.275600E+3	-3.259650E-7	-8.381960E-9
5.259000E+3	-3.408660E-7	-6.519290E-9
5.251300E+3	-3.348120E-7	-1.536690E-8
5.234700E+3	-3.408660E-7	-1.071030E-8
5.227600E+3	-3.560000E-7	1.164160E-9
5.208000E+3	-3.185140E-7	-2.561150E-8
5.200600E+3	-3.471520E-7	4.656640E-9
5.191400E+3	-3.350450E-7	-2.235190E-8
5.174600E+3	-3.713670E-7	1.280570E-8
5.165700E+3	-3.362090E-7	-3.050100E-8
5.150600E+3	-3.466870E-7	-3.306220E-8
5.141400E+3	-3.676410E-7	-2.235190E-8
5.126300E+3	-3.895270E-7	-1.466840E-8
5.117200E+3	-3.811460E-7	-2.933680E-8
5.110100E+3	-4.093180E-7	-1.094310E-8
5.091300E+3	-4.142080E-7	-1.187440E-8
5.083500E+3	-4.486660E-7	1.466840E-8
5.066600E+3	-4.062910E-7	-2.584430E-8
5.059300E+3	-4.230550E-7	-5.587960E-9
5.049800E+3	-4.468040E-7	2.118770E-8
5.030500E+3	-4.086200E-7	-1.303860E-8
5.023300E+3	-4.586780E-7	2.281750E-8
5.006200E+3	-4.787030E-7	2.863830E-8
4.996700E+3	-4.814970E-7	2.281750E-8
4.989400E+3	-4.908110E-7	2.351600E-8
4.972900E+3	-4.700870E-7	-1.932510E-8
4.962700E+3	-4.852230E-7	3.492470E-9
4.946400E+3	-4.870850E-7	-1.094310E-8
4.938000E+3	-4.735790E-7	-3.981430E-8
4.919500E+3	-5.005900E-7	-2.002350E-8
4.912100E+3	-5.178190E-7	-4.889470E-9
4.901600E+3	-5.180520E-7	-1.746240E-8
4.885900E+3	-5.173530E-7	6.984950E-9
4.876800E+3	-4.991930E-7	-1.140880E-8
4.861400E+3	-5.422660E-7	1.117590E-8
4.852300E+3	-5.147920E-7	-2.048920E-8
4.837000E+3	-5.420330E-7	-1.234010E-8
4.826400E+3	-5.387740E-7	-2.491300E-8
4.818100E+3	-5.736980E-7	9.778940E-9
4.800600E+3	-5.671790E-7	-2.770700E-8
4.791500E+3	-5.695070E-7	-1.420270E-8
4.784600E+3	-5.418010E-7	-3.888290E-8
4.765100E+3	-5.385410E-7	-4.400520E-8
4.758200E+3	-5.702060E-7	-9.313280E-9
4.741100E+3	-5.627550E-7	-1.420270E-8
4.734200E+3	-5.906950E-7	2.281750E-8
4.714600E+3	-5.576330E-7	-9.313300E-10
4.707500E+3	-5.958170E-7	3.282930E-8
4.699000E+3	-5.709040E-7	2.328320E-9
4.683300E+3	-5.983780E-7	-8.847620E-9
4.674200E+3	-5.809160E-7	-3.143240E-8
4.656700E+3	-6.188670E-7	-1.885940E-8
4.648500E+3	-5.976800E-7	-4.074560E-8
4.632600E+3	-6.069930E-7	7.683470E-9
4.623700E+3	-5.965160E-7	-9.313300E-10
4.613300E+3	-5.594960E-7	-2.933680E-8
4.598000E+3	-6.011720E-7	1.443560E-8
4.587300E+3	-5.725340E-7	-1.257290E-8
4.579200E+3	-5.776560E-7	-1.164160E-8
4.561600E+3	-5.918590E-7	2.561150E-9
4.552700E+3	-5.767250E-7	-1.117590E-8
4.535700E+3	-6.130470E-7	-1.862660E-9
4.526400E+3	-5.944200E-7	-3.143240E-8
4.519300E+3	-6.048980E-7	-9.313280E-9
4.500000E+3	-5.648510E-7	-2.072200E-8
4.493000E+3	-5.471560E-7	-1.234010E-8
4.474100E+3	-5.320220E-7	-1.839370E-8
4.466400E+3	-5.622900E-7	1.234010E-8
4.449800E+3	-5.250370E-7	-1.210730E-8
4.442500E+3	-5.418010E-7	1.979070E-8
4.425400E+3	-5.147920E-7	-1.140880E-8
4.418500E+3	-5.054790E-7	-1.001180E-8
4.408600E+3	-5.136280E-7	-8.149130E-9
4.391900E+3	-5.227080E-7	8.614790E-9
4.384100E+3	-4.803330E-7	-2.980250E-8
4.367800E+3	-5.068760E-7	4.656640E-9
4.359400E+3	-4.882490E-7	-3.958150E-9
4.343600E+3	-4.598420E-7	-3.306220E-8
4.333500E+3	-4.672930E-7	-1.559980E-8
4.324200E+3	-4.170020E-7	-3.841730E-8
4.308900E+3	-4.135090E-7	1.117590E-8
4.298200E+3	-3.955810E-7	-7.217780E-9
4.282900E+3	-4.000050E-7	-1.350420E-8
4.273700E+3	-4.062910E-7	4.656650E-10
4.258500E+3	-3.767220E-7	-6.053630E-9
4.249300E+3	-3.513430E-7	-2.654280E-8
4.234000E+3	-3.308540E-7	-3.259640E-9
4.225200E+3	-3.485490E-7	1.187440E-8
4.209500E+3	-2.977920E-7	-2.258470E-8
4.201200E+3	-2.838220E-7	-3.119950E-8
4.191900E+3	-3.224720E-7	9.778940E-9
4.174800E+3	-3.017500E-7	-5.587960E-9
4.167700E+3	-2.658940E-7	-3.352780E-8
4.157800E+3	-2.684560E-7	3.259640E-9
4.138300E+3	-2.207240E-7	-1.117590E-8
4.131300E+3	-2.158350E-7	-9.546110E-9
4.114200E+3	-1.587910E-7	-2.398170E-8
4.104700E+3	-1.648450E-7	3.725320E-9
4.095600E+3	-1.201420E-7	-1.955790E-8
4.080500E+3	-1.234010E-7	2.095490E-9
4.071300E+3	-8.451800E-8	-2.235190E-8
4.054600E+3	-8.754480E-8	1.629830E-8
4.045800E+3	-6.216620E-8	-4.889470E-9
4.030600E+3	-6.938400E-8	3.539050E-8
4.021500E+3	-3.958140E-8	2.398170E-8
4.011400E+3	-1.234010E-8	8.149130E-9
3.995700E+3	-2.537870E-8	1.862660E-8
3.985100E+3	2.328320E-8	-1.234010E-8
3.977700E+3	2.165340E-8	1.699680E-8
3.959100E+3	8.242250E-8	2.328320E-9
3.950800E+3	7.147950E-8	2.887110E-8
3.933300E+3	9.150290E-8	3.981430E-8
3.924400E+3	9.895350E-8	2.887110E-8
3.917500E+3	7.916290E-8	3.678750E-8
3.898400E+3	8.847610E-8	3.748600E-8
3.890900E+3	1.033770E-7	3.539050E-8
3.874000E+3	1.662420E-7	2.793980E-9
3.864500E+3	1.715970E-7	2.002350E-8
3.856400E+3	1.867310E-7	2.561150E-8
3.837900E+3	1.951130E-7	1.513410E-8
3.830500E+3	2.004680E-7	2.491300E-8
3.813900E+3	2.437760E-7	-1.327140E-8
3.806000E+3	2.635660E-7	-2.072200E-8
3.787000E+3	2.703180E-7	-2.537870E-8
3.779900E+3	2.479660E-7	2.561150E-9
3.770700E+3	2.826580E-7	-2.933680E-8
3.755400E+3	2.787000E-7	2.561150E-9
3.746200E+3	2.747420E-7	7.916300E-9
3.730900E+3	2.719480E-7	3.539050E-8
3.721900E+3	2.924370E-7	2.025640E-8
3.706200E+3	3.119950E-7	2.188620E-8
3.695700E+3	3.469190E-7	-1.396990E-8
3.680500E+3	3.371410E-7	7.450640E-9
3.671300E+3	3.681070E-7	-2.607710E-8
3.655800E+3	3.734620E-7	-3.841730E-8
3.647100E+3	3.553010E-7	-1.490130E-8
3.640300E+3	3.669430E-7	-1.792810E-8
3.620900E+3	3.830080E-7	-1.466840E-8
3.613700E+3	3.608890E-7	1.466840E-8
3.596700E+3	4.114140E-7	-1.513410E-8
3.589800E+3	4.041960E-7	-4.190980E-9
3.570700E+3	4.267800E-7	-1.373710E-8
3.563400E+3	4.428460E-7	-1.187440E-8
3.553800E+3	4.128110E-7	2.235190E-8
3.536400E+3	4.149060E-7	1.746240E-8
3.529100E+3	4.463380E-7	6.286460E-9
3.512200E+3	4.353950E-7	2.631000E-8
3.504500E+3	4.500630E-7	8.149130E-9
3.488100E+3	4.214250E-7	1.839370E-8
3.479900E+3	4.449410E-7	-1.559980E-8
3.463800E+3	4.158370E-7	4.656640E-9
3.455100E+3	4.307390E-7	-9.778940E-9
3.444500E+3	4.619380E-7	-3.748600E-8
3.429200E+3	4.775390E-7	-3.376070E-8
3.420100E+3	4.549530E-7	-2.002350E-8
3.404600E+3	4.607740E-7	-2.002350E-8
3.396000E+3	4.484340E-7	-4.656640E-9
3.380100E+3	4.936050E-7	-1.536690E-8
3.371900E+3	4.651970E-7	1.327140E-8
3.355400E+3	4.505290E-7	5.820790E-9
3.347700E+3	4.335320E-7	1.536690E-8
3.329200E+3	4.372580E-7	2.235190E-8
3.320700E+3	4.377230E-7	5.378410E-8
3.311300E+3	4.761400E-7	3.981430E-8
3.294100E+3	4.677590E-7	4.493650E-8
3.294100E+3	4.677590E-7	4.493650E-8
3.269800E+3	4.966310E-7	-7.217780E-9
3.262900E+3	4.891810E-7	-1.862660E-9
3.245800E+3	4.640330E-7	1.769520E-8
3.238600E+3	4.719500E-7	2.328320E-9
3.221800E+3	4.626360E-7	0.000000E+0
3.214100E+3	4.794020E-7	-1.769520E-8
3.203600E+3	4.705530E-7	-1.769520E-8
3.188200E+3	4.845240E-7	-3.026820E-8
3.179200E+3	4.689230E-7	-1.071030E-8
3.164000E+3	4.384220E-7	2.910390E-8
3.154800E+3	4.367920E-7	4.027990E-8
3.139600E+3	4.689230E-7	9.546110E-9
3.130500E+3	4.638000E-7	6.286460E-9
3.115000E+3	4.761400E-7	-3.725320E-9
3.106200E+3	4.584450E-7	2.235190E-8
3.088900E+3	4.577470E-7	4.656640E-9
3.079500E+3	4.135090E-7	4.889470E-8
3.072400E+3	4.342310E-7	3.329500E-8
3.053000E+3	4.330670E-7	1.676390E-8
3.046000E+3	4.144400E-7	3.026820E-8
3.029100E+3	4.607740E-7	-3.166520E-8
3.021800E+3	4.237540E-7	-5.122300E-9
3.004800E+3	4.102490E-7	4.190980E-9
2.997900E+3	4.097840E-7	4.656640E-9
2.980700E+3	4.444760E-7	-2.235190E-8
2.973700E+3	4.682240E-7	-3.515770E-8
2.954100E+3	4.628690E-7	-2.700850E-8
2.947000E+3	4.577470E-7	5.820790E-9
2.930100E+3	4.477350E-7	1.792810E-8
2.922700E+3	4.121120E-7	5.145580E-8
2.913300E+3	4.407500E-7	9.778940E-9
2.898800E+3	4.260820E-7	-4.423810E-9
2.888900E+3	4.190970E-7	6.984950E-10
2.874300E+3	3.869660E-7	1.862660E-8
2.865100E+3	4.186310E-7	-9.778940E-9
2.847900E+3	3.869660E-7	1.629830E-8
2.838700E+3	4.125780E-7	-7.916300E-9
2.823500E+3	4.039630E-7	6.286460E-9
2.814800E+3	3.587940E-7	4.121130E-8
2.800000E+3	4.046610E-7	-1.979070E-8
2.790700E+3	3.627520E-7	1.653110E-8
2.783600E+3	3.960470E-7	-2.002350E-8
2.764100E+3	3.778860E-7	-3.539050E-8
2.757000E+3	3.480840E-7	-1.443560E-8
2.737800E+3	3.660120E-7	-1.420270E-8
2.730300E+3	3.457550E-7	-1.164160E-8
2.720700E+3	2.980250E-7	8.149130E-9
2.703500E+3	3.078040E-7	-2.211900E-8
2.694000E+3	2.912730E-7	-1.396990E-9
2.676800E+3	3.285260E-7	-4.586790E-8
2.669900E+3	2.947650E-7	-1.862660E-9
2.661300E+3	3.252660E-7	-2.584430E-8
2.645800E+3	3.157200E-7	-3.725320E-9
2.628600E+3	3.264300E-7	2.328320E-9
2.621400E+3	3.059410E-7	3.748600E-8
2.610800E+3	3.282930E-7	1.490130E-8
2.602100E+3	3.445910E-7	-8.381960E-9
2.585000E+3	3.036130E-7	4.656640E-9
2.575600E+3	3.252660E-7	-2.863830E-8
2.558200E+3	2.917390E-7	7.916300E-9
2.549700E+3	3.203770E-7	-3.050100E-8
2.541700E+3	3.124610E-7	-2.072200E-8
2.522700E+3	3.185140E-7	-2.188620E-8
2.514900E+3	2.831240E-7	1.559980E-8
2.497900E+3	2.824250E-7	1.443560E-8
2.490600E+3	2.773030E-7	1.443560E-8
2.473500E+3	2.824250E-7	-2.491300E-8
2.466500E+3	2.619360E-7	-2.095490E-9
2.449200E+3	2.654290E-7	9.313300E-10
2.442200E+3	2.989560E-7	-2.654280E-8
2.425200E+3	2.591420E-7	1.164160E-9
2.418300E+3	2.631000E-7	6.984950E-10
2.401100E+3	2.577450E-7	1.629820E-9
2.394200E+3	2.544860E-7	9.546110E-9
2.377100E+3	2.738110E-7	-1.769520E-8
2.367500E+3	2.444740E-7	9.778940E-9
2.358300E+3	2.710170E-7	-2.305030E-8
2.341000E+3	2.312020E-7	1.816090E-8
2.332300E+3	2.658940E-7	-2.072200E-8
2.323700E+3	2.679900E-7	-7.916300E-9
2.306200E+3	2.312020E-7	1.583260E-8
2.296900E+3	2.495960E-7	-2.491300E-8
2.279900E+3	1.932500E-7	3.026820E-8
2.270700E+3	2.286410E-7	-9.546110E-9
2.263000E+3	2.393520E-7	-3.003540E-8
2.244900E+3	2.349270E-7	-2.118770E-8
2.236300E+3	1.946470E-7	1.047740E-8
2.220400E+3	2.293390E-7	-3.259650E-8
2.212400E+3	1.979070E-7	-1.396990E-9
2.194600E+3	2.169990E-7	-3.376070E-8
2.185800E+3	1.997700E-7	-2.654280E-8
2.178900E+3	1.927850E-7	3.492470E-9
2.159400E+3	2.174650E-7	-1.862660E-9
2.152200E+3	1.869640E-7	4.330670E-8
2.132600E+3	2.386530E-7	-3.026810E-9
2.125500E+3	2.246820E-7	1.164160E-9
2.115600E+3	1.911550E-7	2.561150E-8
2.098800E+3	2.051250E-7	-7.683470E-9
2.089200E+3	2.018650E-7	-3.585610E-8
2.080400E+3	2.093160E-7	-4.400520E-8
2.062400E+3	2.100140E-7	-4.889470E-9
2.054400E+3	2.349270E-7	-2.235190E-8
2.038100E+3	2.267780E-7	-2.817260E-8
2.028200E+3	1.969760E-7	5.820790E-9
2.018900E+3	1.939490E-7	4.656650E-10
2.003500E+3	1.725280E-7	-3.958150E-9
1.994200E+3	1.925520E-7	-2.933680E-8
1.977400E+3	1.448220E-7	-4.190980E-9
1.968200E+3	1.655430E-7	-2.933680E-8
1.952600E+3	1.604210E-7	-1.862660E-8
1.941900E+3	1.511080E-7	-7.916300E-9
1.933100E+3	1.471500E-7	-1.722960E-8
1.915900E+3	1.376040E-7	-4.656640E-9
1.906800E+3	1.753220E-7	-3.422630E-8
1.899800E+3	1.776510E-7	-2.700850E-8
1.881300E+3	1.874300E-7	-2.933680E-8
1.873700E+3	1.429590E-7	1.094310E-8
1.855400E+3	1.708990E-7	-2.374880E-8
1.848300E+3	1.690360E-7	-2.700850E-8
1.841000E+3	1.688030E-7	-4.423800E-8
1.825200E+3	1.217710E-7	-1.280570E-8
1.809200E+3	1.664750E-7	-4.097840E-8
1.802800E+3	1.371380E-7	-1.443560E-8
1.794500E+3	1.522720E-7	-2.817260E-8
1.778000E+3	1.385350E-7	-2.328320E-9
1.770700E+3	1.722960E-7	-2.421450E-8
1.755800E+3	1.499440E-7	4.656640E-9
1.748000E+3	1.676390E-7	-1.303860E-8
1.740000E+3	1.892920E-7	-3.655460E-8
1.724300E+3	1.359740E-7	4.656640E-9
1.715600E+3	1.622840E-7	-4.004710E-8
1.701300E+3	9.802220E-8	1.273590E-7
1.692900E+3	7.404060E-8	1.401650E-7
1.678000E+3	1.171140E-7	5.215430E-8
1.670000E+3	1.131560E-7	4.074560E-8
1.653200E+3	1.376040E-7	2.910390E-8
1.644400E+3	1.643790E-7	3.026810E-9
1.629100E+3	1.725280E-7	4.656650E-10
1.620600E+3	1.725280E-7	5.122300E-9
1.604600E+3	1.676390E-7	1.210730E-8
1.596400E+3	1.399320E-7	3.865010E-8
1.579500E+3	1.634480E-7	-1.629820E-9
1.571700E+3	1.420280E-7	2.211900E-8
1.563700E+3	1.452870E-7	1.257290E-8
1.543800E+3	1.539020E-7	-6.984950E-10
1.536200E+3	1.376040E-7	1.746240E-8
1.518300E+3	1.352760E-7	1.373710E-8
1.510500E+3	1.532030E-7	4.190980E-9
1.492900E+3	1.189770E-7	4.051280E-8
1.484400E+3	1.217710E-7	3.166520E-8
1.467500E+3	9.243420E-8	8.381960E-9
1.458500E+3	1.154840E-7	-1.839370E-8
1.442100E+3	1.057060E-7	-2.677560E-8
1.432600E+3	1.241000E-7	-3.725310E-8
1.416800E+3	1.005830E-7	2.002350E-8
1.407200E+3	1.485470E-7	-3.725320E-9
1.396900E+3	1.217710E-7	2.631000E-8
1.381000E+3	1.241000E-7	3.352780E-8
1.372500E+3	1.273590E-7	8.614790E-9
1.355300E+3	1.254970E-7	-1.443560E-8
1.346300E+3	1.483140E-7	-4.260820E-8
1.331300E+3	1.618180E-7	-2.305030E-8
1.323100E+3	1.546000E-7	-6.519290E-9
1.316400E+3	1.229350E-7	2.444730E-8
1.300200E+3	1.206070E-7	-1.862660E-9
1.291500E+3	9.615950E-8	1.373710E-8
1.275600E+3	1.019800E-7	2.002350E-8
1.269300E+3	1.108280E-7	1.001180E-8
1.253500E+3	1.266610E-7	-2.561150E-9
1.247200E+3	1.259620E-7	-4.423810E-9
1.229600E+3	1.129230E-7	-1.094310E-8
1.223300E+3	1.001180E-7	-7.683470E-9
1.213900E+3	1.091980E-7	-2.700850E-8
1.200000E+3	1.124580E-7	-1.466840E-8
1.192000E+3	1.173470E-7	1.396990E-9
1.182700E+3	1.424930E-7	-1.094310E-8
1.168100E+3	1.178130E-7	2.095490E-8
1.160100E+3	1.622840E-7	-1.234010E-8
1.146800E+3	1.506420E-7	-1.536690E-8
1.138600E+3	1.282910E-7	5.122300E-9
1.125400E+3	9.243420E-8	2.537870E-8
1.117300E+3	9.196860E-8	1.001180E-8
1.103900E+3	1.150190E-7	-2.374880E-8
1.096000E+3	1.010490E-7	-8.381960E-9
1.082400E+3	1.038430E-7	-3.492480E-8
1.075100E+3	6.542590E-8	-1.024460E-8
1.067000E+3	7.171230E-8	-1.699680E-8
1.051900E+3	7.799870E-8	4.656640E-9
1.043500E+3	9.732370E-8	1.280570E-8
1.037300E+3	9.685800E-8	1.676390E-8
1.022600E+3	1.154840E-7	1.443560E-8
1.007700E+3	1.289890E-7	-9.313300E-10
1.001600E+3	1.145530E-7	2.072200E-8
9.943000E+2	1.315500E-7	6.286460E-9
9.807000E+2	1.215390E-7	3.213090E-8
9.729000E+2	1.431920E-7	1.234010E-8
9.596000E+2	1.329470E-7	3.725320E-9
9.448000E+2	1.171140E-7	1.746240E-8
9.384000E+2	1.080340E-7	1.816090E-8
9.301000E+2	1.189770E-7	-1.210730E-8
9.171000E+2	1.059380E-7	-2.561150E-8
9.092000E+2	1.024460E-7	-1.396990E-8
8.959000E+2	1.257290E-7	-2.072200E-8
8.885000E+2	8.731190E-8	2.281750E-8
8.748000E+2	1.278250E-7	-2.002350E-8
8.679000E+2	1.022130E-7	8.847620E-9
8.538000E+2	8.894180E-8	1.979070E-8
8.453000E+2	9.848780E-8	-6.752120E-9
8.397000E+2	7.194510E-8	1.094310E-8
8.231000E+2	1.178130E-7	-4.284110E-8
8.173000E+2	9.010590E-8	-9.546110E-9
8.015000E+2	1.213060E-7	-3.143240E-8
7.950000E+2	1.008160E-7	4.656640E-9
7.891000E+2	9.429690E-8	1.722960E-8
7.732000E+2	1.154840E-7	1.396990E-9
7.670000E+2	8.731190E-8	2.747410E-8
7.533000E+2	8.638060E-8	-7.683470E-9
7.477000E+2	1.159500E-7	-3.096670E-8
7.337000E+2	9.615950E-8	2.095490E-9
7.278000E+2	1.245650E-7	-3.189800E-8
7.201000E+2	8.498360E-8	-9.313300E-10
7.062000E+2	5.564680E-8	1.396990E-8
6.986000E+2	4.377240E-8	1.885940E-8
6.854000E+2	5.099010E-8	3.725310E-8
6.778000E+2	9.127010E-8	2.793980E-9
6.660000E+2	9.266710E-8	4.656650E-10
6.585000E+2	5.634520E-8	3.725310E-8
6.508000E+2	7.171230E-8	3.259650E-8
6.382000E+2	5.844070E-8	1.373710E-8
6.321000E+2	4.796330E-8	1.955790E-8
6.189000E+2	5.122300E-8	1.862660E-8
6.110000E+2	6.915120E-8	0.000000E+0
5.987000E+2	8.894180E-8	-4.260820E-8
5.922000E+2	4.749770E-8	-9.313300E-10
5.793000E+2	1.008160E-7	-4.144410E-8
5.734000E+2	6.915120E-8	-9.313280E-9
5.676000E+2	7.380780E-8	-1.629830E-8
5.525000E+2	4.027990E-8	7.217780E-9
5.471000E+2	2.444730E-8	6.519290E-9
5.334000E+2	4.330670E-8	-1.536690E-8
5.259000E+2	2.933680E-8	7.450640E-9
5.183000E+2	6.612440E-8	-3.119950E-8
5.064000E+2	6.239910E-8	-1.234010E-8
4.989000E+2	7.380780E-8	-2.118770E-8
4.853000E+2	7.031530E-8	-1.047740E-8
4.773000E+2	4.237540E-8	3.143240E-8
4.443000E+2	7.310930E-8	1.583260E-8
4.270000E+2	9.359840E-8	-1.862660E-9
4.022000E+2	8.149120E-8	5.122300E-9
3.584000E+2	5.844070E-8	1.001180E-8
3.351000E+2	6.123490E-8	-5.587960E-9
3.351000E+2	6.123490E-8	-5.587960E-9
2.606000E+2	1.792810E-8	-1.001180E-8
2.014000E+2	1.164160E-9	-1.513410E-8
1.679000E+2	-3.888290E-8	6.053630E-9
1.393000E+2	-1.559980E-8	-3.026820E-8
1.393000E+2	-1.559980E-8	-3.026820E-8
5.450000E+1	-8.032700E-8	2.793980E-8
-1.620000E+1	-5.029160E-8	1.536690E-8
-4.480000E+1	-5.238710E-8	3.934860E-8
-7.360000E+1	-1.629830E-8	1.909220E-8
-1.290000E+2	1.350420E-8	4.656650E-10
-1.565000E+2	-1.327140E-8	2.002350E-8
-2.110000E+2	1.327140E-8	-2.072200E-8
-2.439000E+2	-2.654280E-8	6.984950E-9
-2.762000E+2	3.958150E-9	-1.653110E-8
-3.262000E+2	-6.053630E-9	-6.984950E-10
-3.497000E+2	-3.771880E-8	-6.984950E-10
