Sample Name, Varga_5_4_12G
Freq, 12, GHz, Power, 10, dBm
SR850: f = 25 Hz; phase = 97 deg; output = 5 V; sens. = 5 uV; tc = 300 ms; 12dB/oct
Field	X	Y
Oe	V	V
*
-6.984000E+2	-6.102530E-7	-1.350420E-8
-6.984000E+2	-6.102530E-7	-1.350420E-8
-6.981000E+2	-5.934890E-7	-2.724130E-8
-6.976000E+2	-6.100200E-7	-9.313300E-10
-6.902000E+2	-5.825460E-7	-2.048920E-8
-6.699000E+2	-5.923250E-7	1.164160E-8
-6.577000E+2	-5.888320E-7	4.190980E-9
-6.339000E+2	-5.965160E-7	1.816090E-8
-6.201000E+2	-5.692750E-7	6.984950E-9
-5.956000E+2	-5.583320E-7	1.676390E-8
-5.819000E+2	-5.266670E-7	-1.350420E-8
-5.587000E+2	-5.278310E-7	6.286460E-9
-5.464000E+2	-5.066430E-7	-6.984950E-9
-5.369000E+2	-4.717170E-7	-3.306220E-8
-5.150000E+2	-4.807990E-7	0.000000E+0
-5.053000E+2	-4.356280E-7	-3.422630E-8
-4.934000E+2	-4.025660E-7	-4.027990E-8
-4.882000E+2	-3.995390E-7	-1.722960E-8
-4.844000E+2	-4.088520E-7	4.656640E-9
-4.779000E+2	-3.871990E-7	6.984950E-9
-4.766000E+2	-3.692710E-7	-1.117590E-8
-4.721000E+2	-3.462210E-7	-2.514580E-8
-4.707000E+2	-3.373730E-7	-2.654280E-8
-4.662000E+2	-3.555340E-7	6.752120E-9
-4.637000E+2	-3.529730E-7	7.916300E-9
-4.597000E+2	-3.490150E-7	2.211900E-8
-4.534000E+2	-3.350450E-7	2.118770E-8
-4.494000E+2	-3.138580E-7	-2.095490E-9
-4.404000E+2	-3.336480E-7	1.001180E-8
-4.366000E+2	-3.010520E-7	-2.398170E-8
-4.274000E+2	-3.238690E-7	1.816090E-8
-4.230000E+2	-2.817270E-7	-2.328320E-10
-4.178000E+2	-2.915060E-7	2.561150E-8
-4.098000E+2	-2.698530E-7	-6.984950E-9
-4.021000E+2	-2.812610E-7	2.910390E-8
-3.970000E+2	-2.484320E-7	1.094310E-8
-3.932000E+2	-2.619360E-7	2.514580E-8
-3.848000E+2	-2.547190E-7	-6.984950E-10
-3.816000E+2	-2.663600E-7	1.816090E-8
-3.729000E+2	-2.442410E-7	6.984950E-9
-3.684000E+2	-2.272440E-7	4.656650E-10
-3.602000E+2	-2.200260E-7	8.381960E-9
-3.567000E+2	-1.958110E-7	-1.234010E-8
-3.481000E+2	-1.681050E-7	-3.818450E-8
-3.450000E+2	-1.864980E-7	-2.468020E-8
-3.409000E+2	-1.641470E-7	-3.934860E-8
-3.304000E+2	-1.825400E-7	-6.752120E-9
-3.272000E+2	-1.618180E-7	-1.862660E-8
-3.183000E+2	-1.650780E-7	6.984950E-10
-3.156000E+2	-1.736930E-7	4.190980E-9
-3.098000E+2	-1.580930E-7	-1.420270E-8
-3.026000E+2	-1.543680E-7	-9.546110E-9
-2.975000E+2	-1.438900E-7	-1.583260E-8
-2.896000E+2	-1.350430E-7	-3.166520E-8
-2.852000E+2	-1.057060E-7	-5.029160E-8
-2.806000E+2	-1.227030E-7	-1.513410E-8
-2.731000E+2	-6.938400E-8	-3.376070E-8
-2.692000E+2	-6.752130E-8	-2.491300E-8
-2.610000E+2	-8.335380E-8	9.313280E-9
-2.560000E+2	-5.937200E-8	-2.235190E-8
-2.487000E+2	-6.426170E-8	-2.398170E-8
-2.445000E+2	-3.702030E-8	-2.421450E-8
-2.364000E+2	-2.002350E-8	-5.587960E-9
-2.327000E+2	-3.562330E-8	1.699680E-8
-2.293000E+2	-1.909220E-8	8.614790E-9
-2.191000E+2	1.117590E-8	-2.491300E-8
-2.161000E+2	-1.653110E-8	-5.355130E-9
-2.071000E+2	1.373710E-8	-2.863830E-8
-2.027000E+2	2.863830E-8	-1.513410E-8
-1.937000E+2	6.053640E-8	0.000000E+0
-1.909000E+2	9.010590E-8	-1.117590E-8
-1.818000E+2	1.210730E-7	-3.259640E-9
-1.789000E+2	1.159500E-7	2.025640E-8
-1.738000E+2	1.355080E-7	8.847620E-9
-1.661000E+2	1.189770E-7	1.513410E-8
-1.617000E+2	1.431920E-7	-7.683470E-9
-1.530000E+2	1.303860E-7	-2.328320E-9
-1.495000E+2	1.310850E-7	-7.683470E-9
-1.433000E+2	1.606540E-7	-3.073390E-8
-1.363000E+2	1.466840E-7	-8.381960E-9
-1.314000E+2	1.781160E-7	-3.236370E-8
-1.249000E+2	1.816090E-7	-4.889470E-8
-1.196000E+2	1.692690E-7	-4.633350E-8
-1.119000E+2	2.055900E-7	-4.889470E-8
-1.080000E+2	1.986050E-7	-1.234010E-8
-9.960000E+1	2.568140E-7	-2.817260E-8
-9.630000E+1	2.461040E-7	-1.164160E-9
-8.770000E+1	2.775360E-7	5.820790E-9
-8.480000E+1	2.889450E-7	-9.080450E-9
-8.060000E+1	3.213080E-7	-2.491300E-8
-6.990000E+1	3.622860E-7	-2.654280E-8
-6.690000E+1	3.518090E-7	-8.614790E-9
-5.780000E+1	4.081540E-7	-4.889470E-9
-5.480000E+1	4.370250E-7	-1.653110E-8
-4.990000E+1	5.005900E-7	-6.845270E-8
-4.150000E+1	5.480870E-7	-7.799870E-8
-3.730000E+1	6.514640E-7	-1.171140E-7
-2.810000E+1	7.979140E-7	-1.785820E-7
-2.460000E+1	8.407550E-7	-2.111780E-7
-1.830000E+1	8.547250E-7	-2.312020E-7
-1.130000E+1	7.487870E-7	-1.860330E-7
-6.200000E+0	6.696250E-7	-1.764870E-7
2.000000E-1	4.505290E-7	-1.210730E-7
5.300000E+0	3.292240E-7	-9.150290E-8
1.230000E+1	1.094310E-8	-8.614790E-9
1.720000E+1	-1.713640E-7	6.076930E-8
2.510000E+1	-4.393530E-7	1.078010E-7
2.860000E+1	-5.958170E-7	1.629820E-7
3.170000E+1	-7.250380E-7	2.081520E-7
4.190000E+1	-8.058300E-7	2.037280E-7
4.470000E+1	-8.016400E-7	1.995370E-7
5.340000E+1	-7.040840E-7	1.611200E-7
5.670000E+1	-6.351660E-7	1.082670E-7
6.510000E+1	-5.578660E-7	8.498360E-8
6.830000E+1	-4.996580E-7	4.586790E-8
7.710000E+1	-4.440100E-7	4.447090E-8
8.030000E+1	-3.976770E-7	2.398170E-8
8.870000E+1	-3.906920E-7	5.331840E-8
9.310000E+1	-3.685730E-7	3.166520E-8
1.015000E+2	-3.571640E-7	4.982600E-8
1.054000E+2	-3.315530E-7	3.399350E-8
1.103000E+2	-2.845210E-7	-1.862660E-9
1.180000E+2	-2.800970E-7	9.313280E-9
1.233000E+2	-2.428440E-7	-2.887110E-8
1.311000E+2	-2.516920E-7	1.001180E-8
1.360000E+2	-2.160680E-7	-1.071030E-8
1.402000E+2	-2.009340E-7	-9.080450E-9
1.486000E+2	-1.913880E-7	-6.519290E-9
1.536000E+2	-1.867310E-7	-6.984950E-10
1.612000E+2	-1.650780E-7	-3.725320E-9
1.657000E+2	-1.708990E-7	8.149130E-9
1.735000E+2	-1.445890E-7	5.587960E-9
1.773000E+2	-1.399320E-7	1.280570E-8
1.855000E+2	-1.180460E-7	2.793980E-9
1.888000E+2	-1.275920E-7	1.862660E-8
1.975000E+2	-1.003500E-7	3.422630E-8
2.018000E+2	-7.450630E-8	2.305030E-8
2.058000E+2	-7.753310E-8	2.631000E-8
2.139000E+2	-6.984960E-8	2.840550E-8
2.174000E+2	-5.750940E-8	-2.328320E-9
2.257000E+2	-6.402890E-8	-7.683470E-9
2.296000E+2	-5.331840E-8	-2.444730E-8
2.356000E+2	-1.629830E-8	-5.262000E-8
2.433000E+2	2.561150E-9	-3.771880E-8
2.486000E+2	2.793980E-9	-2.211900E-8
2.534000E+2	1.327140E-8	-1.722960E-8
2.611000E+2	3.306220E-8	-1.187440E-8
2.686000E+2	8.149130E-9	8.381960E-9
2.736000E+2	3.236370E-8	-9.080450E-9
2.774000E+2	3.445920E-8	-3.259640E-9
2.860000E+2	3.934860E-8	0.000000E+0
2.907000E+2	4.377240E-8	1.839370E-8
2.982000E+2	8.847610E-8	-1.583260E-8
3.023000E+2	7.730020E-8	1.164160E-9
3.054000E+2	6.100210E-8	1.816090E-8
3.155000E+2	7.730020E-8	1.862660E-9
3.183000E+2	7.776590E-8	8.614790E-9
3.274000E+2	1.143200E-7	4.400520E-8
3.304000E+2	1.471500E-7	2.421450E-8
3.393000E+2	1.352760E-7	2.211900E-8
3.427000E+2	1.308520E-7	2.048920E-8
3.529000E+2	1.606540E-7	-1.117590E-8
3.557000E+2	1.569290E-7	-9.313280E-9
3.615000E+2	1.601880E-7	-6.286460E-9
3.688000E+2	1.708990E-7	-1.024460E-8
3.740000E+2	1.513410E-7	1.490130E-8
3.791000E+2	1.820740E-7	-1.373710E-8
3.866000E+2	2.051250E-7	-2.398170E-8
3.940000E+2	1.837040E-7	-8.381960E-9
3.988000E+2	2.277090E-7	-2.933680E-8
4.028000E+2	2.202590E-7	5.122300E-9
4.113000E+2	2.556500E-7	3.958150E-9
4.161000E+2	2.551840E-7	1.583260E-8
4.234000E+2	2.812610E-7	-2.002350E-8
4.276000E+2	2.859180E-7	-2.980250E-8
4.306000E+2	2.614710E-7	-1.164160E-9
4.306000E+2	2.614710E-7	-1.164160E-9
4.439000E+2	2.901090E-7	1.536690E-8
4.538000E+2	3.171170E-7	1.629820E-9
4.572000E+2	3.126930E-7	2.095490E-8
4.659000E+2	3.445910E-7	-3.259640E-9
4.689000E+2	3.285260E-7	4.423810E-9
4.780000E+2	3.622860E-7	-1.839370E-8
4.808000E+2	3.546030E-7	1.396990E-8
4.858000E+2	3.604240E-7	2.840550E-8
4.943000E+2	3.827750E-7	3.515770E-8
4.990000E+2	3.678740E-7	5.448260E-8
5.038000E+2	3.920890E-7	3.515770E-8
5.124000E+2	3.720650E-7	4.773050E-8
5.166000E+2	3.937180E-7	2.444730E-8
5.253000E+2	3.855690E-7	3.562330E-8
5.297000E+2	4.172340E-7	1.303860E-8
5.344000E+2	4.253830E-7	1.024460E-8
5.433000E+2	4.062910E-7	4.214260E-8
5.480000E+2	4.374910E-7	2.118770E-8
5.524000E+2	4.456400E-7	1.210730E-8
5.607000E+2	4.507620E-7	1.490130E-8
5.656000E+2	4.693880E-7	-1.024460E-8
5.728000E+2	4.698540E-7	-1.117590E-8
5.773000E+2	4.631020E-7	7.916300E-9
5.801000E+2	4.761400E-7	2.211900E-8
5.905000E+2	4.970970E-7	2.724130E-8
5.934000E+2	5.106010E-7	2.351600E-8
6.024000E+2	5.429650E-7	-8.381960E-9
6.052000E+2	5.210790E-7	1.257290E-8
6.142000E+2	5.306250E-7	1.024460E-8
6.172000E+2	5.580990E-7	-9.313300E-10
6.275000E+2	5.797520E-7	-4.656640E-9
6.303000E+2	5.699730E-7	8.149130E-9
6.358000E+2	5.592630E-7	2.351600E-8
6.439000E+2	5.618240E-7	3.655460E-8
6.476000E+2	5.948860E-7	1.024460E-8
6.573000E+2	5.473880E-7	3.678750E-8
6.612000E+2	5.469230E-7	4.377240E-8
6.669000E+2	5.606600E-7	4.470370E-8
6.741000E+2	5.904620E-7	3.422630E-8
6.796000E+2	5.832440E-7	4.633350E-8
6.844000E+2	5.990770E-7	3.050100E-8
6.923000E+2	5.920920E-7	2.351600E-8
6.975000E+2	6.163060E-7	1.024460E-8
7.048000E+2	6.384250E-7	1.350420E-8
7.097000E+2	6.421510E-7	9.778940E-9
7.173000E+2	6.512310E-7	6.984950E-9
7.219000E+2	6.384250E-7	1.140880E-8
7.298000E+2	6.600790E-7	3.026810E-9
7.339000E+2	6.381920E-7	3.189800E-8
7.371000E+2	6.449450E-7	2.863830E-8
7.470000E+2	6.696250E-7	1.816090E-8
7.504000E+2	6.665980E-7	3.282930E-8
7.587000E+2	6.889500E-7	6.519290E-9
7.621000E+2	7.036180E-7	-1.047740E-8
7.708000E+2	7.140950E-7	-2.165340E-8
7.743000E+2	7.019880E-7	-2.305030E-8
7.842000E+2	7.187520E-7	-2.188620E-8
7.878000E+2	7.269010E-7	-3.003540E-8
7.930000E+2	6.982630E-7	3.259640E-9
7.995000E+2	7.236410E-7	-6.286460E-9
8.083000E+2	7.120000E-7	7.217780E-9
8.121000E+2	7.436650E-7	-2.305030E-8
8.202000E+2	7.322560E-7	-6.984950E-10
8.245000E+2	7.536760E-7	-1.536690E-8
8.293000E+2	7.434320E-7	-1.396990E-9
8.370000E+2	7.855740E-7	-1.792810E-8
8.414000E+2	7.727690E-7	-6.984950E-10
8.499000E+2	7.636880E-7	2.724130E-8
8.549000E+2	7.785890E-7	9.546110E-9
8.578000E+2	7.574020E-7	2.793980E-8
8.683000E+2	7.932580E-7	-1.303860E-8
8.713000E+2	7.674130E-7	1.164160E-9
8.818000E+2	7.990780E-7	-1.885940E-8
8.851000E+2	7.732340E-7	7.217780E-9
8.941000E+2	7.941890E-7	-9.313300E-10
8.970000E+2	8.014070E-7	1.164160E-9
9.063000E+2	8.384270E-7	-3.469200E-8
9.092000E+2	8.046660E-7	-2.002350E-8
9.184000E+2	7.997770E-7	-7.217780E-9
9.218000E+2	7.888340E-7	1.001180E-8
9.264000E+2	7.981470E-7	-8.381960E-9
9.352000E+2	8.114180E-7	1.164160E-9
9.401000E+2	8.074600E-7	1.699680E-8
9.456000E+2	8.393580E-7	-9.080450E-9
9.537000E+2	8.477400E-7	2.793980E-9
9.588000E+2	8.810350E-7	-1.559980E-8
9.659000E+2	8.936080E-7	-1.676390E-8
9.712000E+2	8.759130E-7	1.862660E-9
9.781000E+2	8.977990E-7	-3.958150E-9
9.833000E+2	8.889510E-7	5.122300E-9
9.913000E+2	8.754470E-7	2.770700E-8
9.965000E+2	8.994280E-7	3.958150E-9
1.000100E+3	8.940730E-7	1.094310E-8
1.009400E+3	9.159590E-7	4.656640E-9
1.013900E+3	9.031540E-7	1.699680E-8
1.022200E+3	9.434330E-7	-2.631000E-8
1.026200E+3	9.315590E-7	-1.327140E-8
1.035200E+3	9.206160E-7	1.746240E-8
1.038800E+3	9.313260E-7	2.328320E-8
1.048100E+3	9.615980E-7	-6.286460E-9
1.051300E+3	9.415710E-7	9.778940E-9
1.060700E+3	9.459950E-7	5.820790E-9
1.063700E+3	9.536820E-7	9.313280E-9
1.072900E+3	9.823200E-7	-1.001180E-8
1.076300E+3	9.872090E-7	-2.468020E-8
1.082000E+3	9.841820E-7	-1.094310E-8
1.090100E+3	9.960570E-7	2.328320E-10
1.094900E+3	1.009790E-6	-8.381960E-9
1.102600E+3	1.016780E-6	5.122300E-9
1.107700E+3	1.046810E-6	-1.792810E-8
1.114600E+3	1.030750E-6	8.381960E-9
1.119600E+3	1.059150E-6	-1.839370E-8
1.122800E+3	1.046120E-6	-2.235190E-8
1.132300E+3	1.022600E-6	-1.536690E-8
1.136600E+3	1.030280E-6	-2.793980E-8
1.145400E+3	1.040060E-6	-4.237540E-8
1.150300E+3	1.042160E-6	-3.865010E-8
1.155000E+3	1.024000E-6	-1.955790E-8
1.163900E+3	1.034710E-6	-4.656650E-10
1.168800E+3	1.031910E-6	7.450640E-9
1.172500E+3	1.014920E-6	2.165340E-8
1.182700E+3	1.050770E-6	-2.328320E-9
1.185800E+3	1.026790E-6	1.653110E-8
1.196200E+3	1.018180E-6	-6.984950E-10
1.199100E+3	1.048910E-6	-1.885940E-8
1.204000E+3	1.039600E-6	9.546110E-9
1.212800E+3	1.061020E-6	-1.862660E-9
1.216300E+3	1.060090E-6	5.820790E-9
1.226500E+3	1.081740E-6	-2.747410E-8
1.229700E+3	1.059390E-6	-1.327140E-8
1.235200E+3	1.073820E-6	-9.546110E-9
1.243600E+3	1.083600E-6	1.862660E-8
1.249300E+3	1.081270E-6	4.679920E-8
1.254400E+3	1.119220E-6	2.607710E-8
1.262700E+3	1.100130E-6	4.703200E-8
1.268200E+3	1.130630E-6	9.080450E-9
1.275700E+3	1.105250E-6	2.374880E-8
1.280800E+3	1.104090E-6	1.187440E-8
1.288500E+3	1.118060E-6	4.656650E-10
1.293300E+3	1.131800E-6	5.587960E-9
1.296300E+3	1.135060E-6	1.001180E-8
1.306700E+3	1.134820E-6	1.559980E-8
1.309800E+3	1.102690E-6	3.608900E-8
1.319100E+3	1.109680E-6	1.024460E-8
1.321800E+3	1.091520E-6	1.210730E-8
1.330700E+3	1.095940E-6	-2.328320E-9
1.333700E+3	1.128540E-6	-2.188620E-8
1.344200E+3	1.122480E-6	-1.303860E-8
1.347200E+3	1.118060E-6	-4.190980E-9
1.352200E+3	1.112700E-6	1.676390E-8
1.361200E+3	1.148100E-6	7.450640E-9
1.366100E+3	1.121090E-6	4.144410E-8
1.374900E+3	1.126910E-6	5.518110E-8
1.378300E+3	1.121550E-6	5.564680E-8
1.383400E+3	1.140640E-6	2.398170E-8
1.390600E+3	1.141340E-6	1.373710E-8
1.399200E+3	1.130170E-6	2.165340E-8
1.403100E+3	1.134590E-6	5.820790E-9
1.408000E+3	1.133890E-6	7.683470E-9
1.416400E+3	1.116900E-6	4.260820E-8
1.421000E+3	1.143210E-6	1.490130E-8
1.428300E+3	1.152980E-6	-1.583260E-8
1.433600E+3	1.153220E-6	-6.752120E-9
1.437000E+3	1.131560E-6	1.164160E-8
1.447500E+3	1.150660E-6	-2.351600E-8
1.450500E+3	1.133890E-6	-2.095490E-9
1.460800E+3	1.156940E-6	-6.053630E-9
1.464300E+3	1.139010E-6	-6.984950E-10
1.468000E+3	1.122250E-6	1.396990E-8
1.477900E+3	1.151590E-6	-8.381960E-9
1.480900E+3	1.126910E-6	8.149130E-9
1.491300E+3	1.162760E-6	1.746240E-8
1.494300E+3	1.156240E-6	1.513410E-8
1.499300E+3	1.146230E-6	2.793980E-8
1.508100E+3	1.167420E-6	3.725320E-9
1.512700E+3	1.143440E-6	2.468020E-8
1.517500E+3	1.178600E-6	-1.001180E-8
1.526200E+3	1.146700E-6	3.492470E-9
1.531200E+3	1.159270E-6	-8.847620E-9
1.538500E+3	1.120160E-6	1.047740E-8
1.543800E+3	1.117360E-6	7.450640E-9
1.550300E+3	1.124110E-6	1.443560E-8
1.555100E+3	1.128770E-6	8.614790E-9
1.562100E+3	1.116660E-6	-3.492470E-9
1.567300E+3	1.091280E-6	3.492470E-9
1.574100E+3	1.088720E-6	-6.752120E-9
1.579200E+3	1.081740E-6	-1.862660E-8
1.586200E+3	1.095010E-6	-4.586790E-8
1.590900E+3	1.087790E-6	-3.306220E-8
1.598500E+3	1.089650E-6	-6.984950E-10
1.602800E+3	1.063340E-6	2.910390E-8
1.611000E+3	1.074990E-6	-2.561150E-9
1.614600E+3	1.054730E-6	0.000000E+0
1.623000E+3	1.064040E-6	-2.002350E-8
1.626300E+3	1.037730E-6	1.327140E-8
1.630300E+3	1.046580E-6	1.234010E-8
1.639800E+3	1.037730E-6	1.094310E-8
1.642900E+3	1.021670E-6	2.817260E-8
1.653100E+3	1.037730E-6	-1.327140E-8
1.655900E+3	1.009790E-6	5.122300E-9
1.664800E+3	1.006070E-6	-4.889470E-9
1.667800E+3	1.024690E-6	-2.025640E-8
1.676500E+3	9.813880E-7	5.122300E-9
1.680000E+3	9.657890E-7	1.862660E-9
1.685500E+3	9.732390E-7	-8.847620E-9
1.690000E+3	9.655560E-7	-6.984950E-9
1.699000E+3	9.681170E-7	2.095490E-9
1.703300E+3	9.753350E-7	5.820790E-9
1.711800E+3	9.238760E-7	3.492480E-8
1.716700E+3	9.336550E-7	1.862660E-8
1.724400E+3	8.880200E-7	4.423800E-8
1.729600E+3	9.145620E-7	2.258470E-8
1.733000E+3	9.140970E-7	1.979070E-8
1.737400E+3	9.071120E-7	1.979070E-8
1.747700E+3	8.926760E-7	-4.656650E-10
1.750900E+3	8.766110E-7	1.443560E-8
1.759700E+3	8.731190E-7	2.654280E-8
1.762600E+3	8.828970E-7	1.094310E-8
1.771600E+3	8.454120E-7	1.583260E-8
1.774400E+3	8.319080E-7	1.164160E-9
1.784800E+3	8.381940E-7	-2.281750E-8
1.787700E+3	8.055980E-7	-2.793980E-9
1.791900E+3	8.037350E-7	-1.676390E-8
1.800900E+3	7.909290E-7	-1.536690E-8
1.804300E+3	8.088570E-7	-3.352780E-8
1.812300E+3	7.781240E-7	-1.629820E-9
1.816200E+3	7.830130E-7	-1.350420E-8
1.823900E+3	7.797530E-7	-8.381960E-9
1.828300E+3	7.816160E-7	-9.546110E-9
1.835800E+3	7.504170E-7	0.000000E+0
1.840900E+3	7.383100E-7	2.561150E-9
1.848200E+3	6.898810E-7	2.002350E-8
1.853600E+3	6.980300E-7	-4.423810E-9
1.860900E+3	6.782390E-7	-8.847620E-9
1.866100E+3	6.770750E-7	-1.327140E-8
1.873400E+3	6.556550E-7	-3.026810E-9
1.878200E+3	6.530940E-7	-4.656650E-10
1.881100E+3	6.514640E-7	-5.820790E-9
1.891400E+3	6.496010E-7	-1.676390E-8
1.894600E+3	6.039660E-7	2.793980E-9
1.904300E+3	5.881340E-7	-3.725320E-9
1.908200E+3	5.869700E-7	-7.450640E-9
1.912600E+3	5.536750E-7	1.909220E-8
1.921200E+3	5.576330E-7	-3.026810E-9
1.925700E+3	5.285290E-7	3.352780E-8
1.934600E+3	5.434300E-7	4.190980E-9
1.937300E+3	5.066430E-7	2.840550E-8
1.942500E+3	4.970970E-7	1.862660E-8
1.950500E+3	4.975630E-7	-9.778940E-9
1.955200E+3	4.803330E-7	4.656640E-9
1.960200E+3	4.891810E-7	-1.676390E-8
1.968200E+3	4.365590E-7	1.164160E-9
1.972800E+3	4.426130E-7	-7.683470E-9
1.980500E+3	3.993060E-7	4.656640E-9
1.985600E+3	4.034970E-7	-2.863830E-8
1.992700E+3	3.653130E-7	-1.094310E-8
1.997900E+3	3.927870E-7	-3.655460E-8
2.005000E+3	3.757900E-7	-1.816090E-8
2.010100E+3	3.783520E-7	-2.817260E-8
2.018100E+3	3.343470E-7	9.313280E-9
2.023400E+3	3.317850E-7	-3.958150E-9
2.028500E+3	3.266630E-7	-1.140880E-8
2.031200E+3	2.814940E-7	5.820790E-9
2.041500E+3	2.749750E-7	-3.469200E-8
2.044800E+3	2.442410E-7	-3.492470E-9
2.054700E+3	2.407490E-7	-2.118770E-8
2.057800E+3	2.139720E-7	-2.328320E-10
2.061900E+3	2.104800E-7	5.820790E-9
2.071300E+3	2.144380E-7	-6.984950E-10
2.074600E+3	1.906890E-7	1.769520E-8
2.085000E+3	2.139720E-7	-5.355130E-9
2.087900E+3	1.839370E-7	1.443560E-8
2.092800E+3	1.862650E-7	-1.629820E-9
2.101400E+3	1.529710E-7	1.816090E-8
2.105600E+3	1.399320E-7	1.513410E-8
2.115100E+3	1.108280E-7	-3.026810E-9
2.118400E+3	1.029120E-7	-1.583260E-8
2.123700E+3	1.189770E-7	-4.167690E-8
2.131400E+3	8.428510E-8	-1.885940E-8
2.136200E+3	1.075680E-7	-4.679920E-8
2.143300E+3	7.334210E-8	-1.350420E-8
2.149500E+3	8.707910E-8	-2.747410E-8
2.156600E+3	3.934860E-8	1.327140E-8
2.161800E+3	4.842900E-8	-6.984950E-10
2.165000E+3	1.862660E-8	2.235190E-8
2.173200E+3	2.235190E-8	-2.561150E-9
2.176900E+3	-1.164160E-8	1.140880E-8
2.185400E+3	-4.051280E-8	2.281750E-8
2.189800E+3	-3.655460E-8	9.313280E-9
2.198300E+3	-6.472740E-8	0.000000E+0
2.201400E+3	-7.939570E-8	-7.683470E-9
2.210100E+3	-9.150290E-8	-7.683470E-9
2.212900E+3	-1.101290E-7	4.656650E-10
2.221600E+3	-1.050070E-7	-2.188620E-8
2.224500E+3	-1.278250E-7	-5.122300E-9
2.233300E+3	-1.296880E-7	-1.350420E-8
2.236600E+3	-1.369050E-7	-9.778940E-9
2.241900E+3	-1.243320E-7	-3.050100E-8
2.249700E+3	-1.643790E-7	-1.699680E-8
2.254500E+3	-1.450540E-7	-2.677560E-8
2.261900E+3	-1.690360E-7	-1.303860E-8
2.267100E+3	-1.669400E-7	-2.654280E-8
2.274200E+3	-1.708990E-7	5.122300E-9
2.279400E+3	-1.632150E-7	-2.328320E-9
2.286600E+3	-2.183960E-7	1.862660E-8
2.291400E+3	-2.246820E-7	2.002350E-8
2.299000E+3	-2.265450E-7	2.561150E-9
2.303200E+3	-2.300380E-7	0.000000E+0
2.310500E+3	-2.558830E-7	3.026810E-9
2.315300E+3	-2.707840E-7	9.080450E-9
2.318100E+3	-2.470350E-7	-6.984950E-9
2.328600E+3	-2.628680E-7	1.047740E-8
2.331500E+3	-2.775360E-7	2.235190E-8
2.340400E+3	-2.603060E-7	-1.885940E-8
2.343700E+3	-2.777690E-7	-1.536690E-8
2.354000E+3	-2.535540E-7	-2.887110E-8
2.356800E+3	-2.640320E-7	-2.095490E-8
2.361800E+3	-2.880130E-7	-4.656650E-10
2.371800E+3	-3.166510E-7	4.190980E-9
2.374700E+3	-3.459880E-7	1.257290E-8
2.379500E+3	-3.322510E-7	-5.820790E-9
2.387800E+3	-3.313200E-7	-1.979070E-8
2.392000E+3	-3.264300E-7	-2.468020E-8
2.399300E+3	-3.438930E-7	4.889470E-9
2.404100E+3	-3.308540E-7	-6.286460E-9
2.411400E+3	-3.355110E-7	-4.889470E-9
2.416500E+3	-3.643820E-7	1.606540E-8
2.421600E+3	-3.639160E-7	1.001180E-8
2.429200E+3	-3.771870E-7	2.188620E-8
2.433800E+3	-4.004710E-7	3.026820E-8
2.441800E+3	-3.799810E-7	3.958150E-9
2.447100E+3	-3.899930E-7	6.519290E-9
2.455400E+3	-3.732290E-7	-2.305030E-8
2.459400E+3	-3.871990E-7	-5.355130E-9
2.467100E+3	-3.890620E-7	-1.373710E-8
2.471300E+3	-4.130430E-7	1.164160E-9
2.479400E+3	-3.995390E-7	-7.217780E-9
2.483000E+3	-4.051270E-7	5.122300E-9
2.491600E+3	-3.848710E-7	-1.327140E-8
2.494800E+3	-3.979090E-7	5.587960E-9
2.499300E+3	-3.806800E-7	-1.257290E-8
2.507500E+3	-3.990740E-7	1.420270E-8
2.511600E+3	-3.825430E-7	-3.026810E-9
2.511600E+3	-3.825430E-7	-3.026810E-9
2.523800E+3	-4.030320E-7	-1.164160E-8
2.531000E+3	-4.237540E-7	-3.958150E-9
2.535300E+3	-4.237540E-7	1.862660E-9
2.541400E+3	-4.032640E-7	-7.683470E-9
2.548900E+3	-4.149060E-7	-2.305030E-8
2.556500E+3	-4.416820E-7	-2.072200E-8
2.561500E+3	-4.351620E-7	-3.166520E-8
2.566900E+3	-4.123450E-7	-5.168860E-8
2.569800E+3	-4.258490E-7	-3.585610E-8
2.579700E+3	-4.046610E-7	-4.074560E-8
2.583300E+3	-4.142080E-7	-2.677560E-8
2.592000E+3	-3.897600E-7	-2.677560E-8
2.596400E+3	-3.918560E-7	-2.048920E-8
2.604200E+3	-4.053600E-7	-1.443560E-8
2.608100E+3	-4.197950E-7	-8.614790E-9
2.611200E+3	-4.107150E-7	-2.351600E-8
2.621400E+3	-4.207270E-7	-1.094310E-8
2.624200E+3	-4.007030E-7	-3.096670E-8
2.633200E+3	-4.149060E-7	9.313300E-10
2.636300E+3	-4.014020E-7	-1.420270E-8
2.645200E+3	-4.335320E-7	-2.095490E-9
2.648800E+3	-4.288760E-7	-1.722960E-8
2.657200E+3	-4.386550E-7	-6.053630E-9
2.662100E+3	-4.440100E-7	4.190980E-9
2.667200E+3	-4.244520E-7	-1.350420E-8
2.673700E+3	-4.242190E-7	-2.770700E-8
2.682200E+3	-4.414490E-7	-5.587960E-9
2.685800E+3	-4.281770E-7	-8.614790E-9
2.690800E+3	-4.228220E-7	-7.683470E-9
2.698900E+3	-4.170020E-7	-9.080450E-9
2.703800E+3	-4.081540E-7	-2.188620E-8
2.706600E+3	-4.179330E-7	-2.048920E-8
2.716700E+3	-4.260820E-7	-4.004710E-8
2.720200E+3	-4.470370E-7	-3.469200E-8
2.728900E+3	-4.237540E-7	-6.193340E-8
2.731900E+3	-4.267800E-7	-3.865010E-8
2.742000E+3	-4.137420E-7	-3.306220E-8
2.745600E+3	-4.123450E-7	-2.793980E-8
2.754400E+3	-4.263150E-7	1.396990E-9
2.757500E+3	-4.239860E-7	9.080450E-9
2.766400E+3	-4.048940E-7	-2.374880E-8
2.769200E+3	-4.272460E-7	-1.932510E-8
2.773900E+3	-4.284100E-7	-2.537870E-8
2.782600E+3	-4.102490E-7	-2.933680E-8
2.786400E+3	-4.088520E-7	-3.865010E-8
2.796300E+3	-3.988410E-7	-4.703200E-8
2.799300E+3	-4.088520E-7	-3.259650E-8
2.804700E+3	-3.881310E-7	-4.330670E-8
2.812600E+3	-3.972110E-7	-2.351600E-8
2.817400E+3	-4.211920E-7	-1.047740E-8
2.822700E+3	-4.130430E-7	-2.444730E-8
2.829900E+3	-4.030320E-7	-2.421450E-8
2.837600E+3	-4.172340E-7	4.656650E-10
2.842000E+3	-4.025660E-7	-1.466840E-8
2.846700E+3	-4.204940E-7	2.793980E-9
2.854700E+3	-3.925540E-7	9.778940E-9
2.861100E+3	-3.832410E-7	1.792810E-8
2.864400E+3	-3.946500E-7	2.584430E-8
2.873200E+3	-3.995390E-7	3.329500E-8
2.876200E+3	-3.913900E-7	1.979070E-8
2.885300E+3	-3.713670E-7	-1.303860E-8
2.888200E+3	-3.930200E-7	-3.026810E-9
2.897300E+3	-4.111810E-7	-2.561150E-9
2.900500E+3	-4.158370E-7	1.140880E-8
2.909200E+3	-4.027990E-7	1.443560E-8
2.912600E+3	-3.972110E-7	-2.095490E-9
2.921200E+3	-4.076880E-7	-4.889470E-9
2.924200E+3	-4.044290E-7	-9.313300E-10
2.932800E+3	-3.902260E-7	9.546110E-9
2.932800E+3	-3.902260E-7	9.546110E-9
2.944600E+3	-4.114140E-7	7.916300E-9
2.948800E+3	-3.825430E-7	-2.444730E-8
2.957800E+3	-3.951150E-7	-1.583260E-8
2.962200E+3	-4.000050E-7	-3.236370E-8
2.966900E+3	-3.785840E-7	-5.005880E-8
2.974700E+3	-3.573970E-7	-4.121130E-8
2.978800E+3	-3.520420E-7	-2.235190E-8
2.986600E+3	-3.436600E-7	-1.187440E-8
2.992400E+3	-3.601910E-7	2.328320E-9
2.999800E+3	-3.718320E-7	6.286460E-9
3.004200E+3	-3.683400E-7	-2.793980E-9
3.007100E+3	-3.790500E-7	-1.839370E-8
3.017400E+3	-3.653130E-7	-1.653110E-8
3.020300E+3	-3.674090E-7	7.916300E-9
3.030100E+3	-3.362090E-7	7.916300E-9
3.033600E+3	-3.357440E-7	-3.492470E-9
3.038000E+3	-3.560000E-7	1.303860E-8
3.047300E+3	-3.436600E-7	-6.519290E-9
3.051800E+3	-3.660120E-7	1.001180E-8
3.055500E+3	-3.594920E-7	3.259640E-9
3.064700E+3	-3.431940E-7	-2.048920E-8
3.069300E+3	-3.578630E-7	-1.816090E-8
3.078100E+3	-3.532060E-7	-3.352780E-8
3.081400E+3	-3.401670E-7	-3.469200E-8
3.089800E+3	-3.313200E-7	-3.818450E-8
3.093600E+3	-3.373730E-7	-4.190970E-8
3.101400E+3	-3.501790E-7	-3.469200E-8
3.105900E+3	-3.569310E-7	-2.072200E-8
3.111400E+3	-3.355110E-7	-3.981430E-8
3.114900E+3	-3.383050E-7	-2.933680E-8
3.124100E+3	-3.390030E-7	-1.746240E-8
3.131600E+3	-3.643820E-7	1.303860E-8
3.136700E+3	-3.410990E-7	9.313300E-10
3.140500E+3	-3.436600E-7	2.118770E-8
3.149100E+3	-3.383050E-7	1.583260E-8
3.152400E+3	-3.501790E-7	2.700850E-8
3.161400E+3	-3.383050E-7	2.677560E-8
3.164300E+3	-3.371410E-7	1.769520E-8
3.173500E+3	-3.119950E-7	-1.420270E-8
3.176500E+3	-3.236360E-7	0.000000E+0
3.186800E+3	-2.856850E-7	-3.259650E-8
3.190000E+3	-3.092010E-7	-1.606540E-8
3.199000E+3	-3.264300E-7	-1.420270E-8
3.201800E+3	-3.187470E-7	-2.118770E-8
3.211000E+3	-3.082700E-7	-7.683470E-9
3.214000E+3	-3.078040E-7	-1.653110E-8
3.222800E+3	-3.071050E-7	-9.778940E-9
3.226200E+3	-3.150220E-7	3.958150E-9
3.231400E+3	-2.956970E-7	3.259640E-9
3.238600E+3	-2.689210E-7	1.396990E-9
3.246400E+3	-2.714820E-7	3.329500E-8
3.250900E+3	-2.591420E-7	1.862660E-8
3.255500E+3	-2.852190E-7	3.096670E-8
3.263400E+3	-2.891770E-7	6.519290E-9
3.268400E+3	-2.756730E-7	-1.909220E-8
3.275800E+3	-2.726470E-7	-2.584430E-8
3.280400E+3	-2.798640E-7	-1.816090E-8
3.287900E+3	-2.745090E-7	-2.584430E-8
3.292100E+3	-2.754400E-7	-2.980250E-8
3.295100E+3	-2.896430E-7	-2.048920E-8
3.305400E+3	-2.752080E-7	-2.933680E-8
3.308200E+3	-2.945330E-7	-1.071030E-8
3.317300E+3	-2.980250E-7	-6.053630E-9
3.320100E+3	-2.882460E-7	-8.847620E-9
3.329000E+3	-2.579780E-7	-3.958150E-9
3.332300E+3	-2.537870E-7	7.916300E-9
3.340900E+3	-2.461040E-7	2.933680E-8
3.344600E+3	-2.412140E-7	3.376070E-8
3.350300E+3	-2.402830E-7	8.149130E-9
3.355800E+3	-2.530890E-7	4.656640E-9
3.361600E+3	-2.689210E-7	-4.423810E-9
3.366100E+3	-2.777690E-7	-1.164160E-8
3.371700E+3	-2.949980E-7	0.000000E+0
3.376500E+3	-2.698530E-7	-2.724130E-8
3.387600E+3	-2.693870E-7	-2.561150E-8
3.394100E+3	-2.647300E-7	-1.862660E-9
3.400700E+3	-2.486650E-7	-8.149130E-9
3.405800E+3	-2.572800E-7	9.313300E-10
3.410300E+3	-2.398170E-7	6.984950E-10
3.415900E+3	-2.339960E-7	1.071030E-8
3.420500E+3	-2.188620E-7	-3.026810E-9
3.426400E+3	-2.246820E-7	-9.546110E-9
3.431600E+3	-2.351600E-7	-5.355130E-9
3.438300E+3	-2.435430E-7	-1.513410E-8
3.449000E+3	-2.894100E-7	-1.536690E-8
3.455100E+3	-2.973270E-7	-1.327140E-8
3.459600E+3	-2.675240E-7	-1.722960E-8
3.464200E+3	-2.505280E-7	-2.188620E-8
3.470300E+3	-2.377210E-7	-2.654280E-8
3.475700E+3	-2.477340E-7	-1.676390E-8
3.482200E+3	-2.386530E-7	-2.351600E-8
3.487300E+3	-2.633330E-7	1.047740E-8
3.491800E+3	-2.463370E-7	-4.656640E-9
3.497600E+3	-2.654290E-7	2.398170E-8
3.507500E+3	-2.651960E-7	3.888290E-8
3.514200E+3	-2.386530E-7	1.210730E-8
3.519800E+3	-2.412140E-7	6.286460E-9
3.526100E+3	-2.463370E-7	3.026810E-9
3.530600E+3	-2.633330E-7	1.024460E-8
3.535100E+3	-2.353930E-7	-1.629830E-8
3.539800E+3	-2.337630E-7	-1.234010E-8
3.546200E+3	-2.335300E-7	-2.165340E-8
3.551700E+3	-2.332970E-7	-2.584430E-8
3.563100E+3	-2.253810E-7	-2.095490E-9
3.567500E+3	-1.979070E-7	-1.653110E-8
3.573100E+3	-2.135070E-7	8.847620E-9
3.577800E+3	-1.837040E-7	-1.350420E-8
3.584200E+3	-1.932500E-7	-1.792810E-8
3.589700E+3	-2.065220E-7	-1.559980E-8
3.595000E+3	-2.186290E-7	-1.885940E-8
3.601100E+3	-2.153690E-7	-2.444730E-8
3.605600E+3	-2.284080E-7	6.286460E-9
3.611800E+3	-2.200260E-7	5.820790E-9
3.621800E+3	-2.230530E-7	6.984950E-9
3.627500E+3	-2.090830E-7	1.862660E-9
3.633100E+3	-2.193270E-7	2.793980E-8
3.639500E+3	-2.009340E-7	2.095490E-8
3.644600E+3	-2.274760E-7	3.841730E-8
3.649200E+3	-2.169990E-7	2.793980E-8
3.655000E+3	-2.302700E-7	2.607710E-8
3.659900E+3	-2.130410E-7	-2.793980E-9
3.665200E+3	-2.270110E-7	6.286460E-9
3.677100E+3	-2.165330E-7	5.820790E-9
3.683100E+3	-2.135070E-7	2.328320E-10
3.687500E+3	-1.913880E-7	-1.490130E-8
3.693700E+3	-2.207240E-7	3.725320E-9
3.698100E+3	-2.102470E-7	-1.676390E-8
3.703700E+3	-1.981400E-7	-2.770700E-8
3.709500E+3	-1.823070E-7	-1.955790E-8
3.715700E+3	-2.023310E-7	-4.656640E-9
3.720400E+3	-2.013990E-7	-9.313280E-9
3.726400E+3	-2.253810E-7	-8.847620E-9
3.735500E+3	-2.135070E-7	-4.819620E-8
3.741500E+3	-1.946470E-7	-4.889470E-8
3.746900E+3	-1.944140E-7	-3.306220E-8
3.753000E+3	-2.135070E-7	-1.955790E-8
3.758900E+3	-2.344610E-7	-5.355130E-9
3.763800E+3	-2.335300E-7	-6.053630E-9
3.768000E+3	-1.988380E-7	-2.421450E-8
3.774000E+3	-1.955790E-7	-1.396990E-8
3.784600E+3	-1.918530E-7	-3.725320E-9
3.791500E+3	-1.867310E-7	2.561150E-9
3.796800E+3	-2.011670E-7	2.468020E-8
3.802900E+3	-1.986050E-7	1.676390E-8
3.807300E+3	-2.011670E-7	1.327140E-8
3.811900E+3	-1.832390E-7	-1.699680E-8
3.818000E+3	-1.797460E-7	-1.234010E-8
3.823800E+3	-1.736930E-7	-2.072200E-8
3.829400E+3	-2.081520E-7	-1.443560E-8
3.840300E+3	-2.172320E-7	1.746240E-8
3.844600E+3	-1.864980E-7	1.466840E-8
3.849300E+3	-1.797460E-7	1.699680E-8
3.855400E+3	-1.781160E-7	2.724130E-8
3.861200E+3	-1.729940E-7	1.257290E-8
3.866900E+3	-1.874300E-7	8.149130E-9
3.871400E+3	-1.625170E-7	-8.847620E-9
3.877500E+3	-1.757880E-7	4.656650E-10
3.877500E+3	-1.757880E-7	4.656650E-10
3.893400E+3	-1.518060E-7	-3.352780E-8
3.899000E+3	-1.804450E-7	-8.149130E-9
3.905600E+3	-1.620510E-7	-2.817260E-8
3.910600E+3	-1.671730E-7	-6.053630E-9
3.915000E+3	-1.590240E-7	-3.259640E-9
3.920800E+3	-1.776510E-7	1.513410E-8
3.925600E+3	-1.695020E-7	3.492470E-9
3.932000E+3	-1.552990E-7	1.164160E-8
3.942800E+3	-1.641470E-7	1.047740E-8
3.948700E+3	-1.683370E-7	1.373710E-8
3.953100E+3	-1.606540E-7	7.916300E-9
3.959200E+3	-1.657760E-7	1.909220E-8
3.963600E+3	-1.513410E-7	1.094310E-8
3.969100E+3	-1.590240E-7	1.234010E-8
3.974900E+3	-1.352760E-7	-8.847620E-9
3.981000E+3	-1.478480E-7	1.327140E-8
3.986800E+3	-1.497110E-7	1.280570E-8
3.991700E+3	-1.690360E-7	2.002350E-8
3.995900E+3	-1.555320E-7	3.492470E-9
4.007100E+3	-1.823070E-7	-1.536690E-8
4.013600E+3	-2.041930E-7	-6.053630E-9
4.019500E+3	-1.830060E-7	-2.654280E-8
4.025900E+3	-2.069870E-7	-2.142050E-8
4.031800E+3	-1.979070E-7	-4.633350E-8
4.036800E+3	-1.895250E-7	-2.700850E-8
4.040800E+3	-1.541350E-7	-2.398170E-8
4.046900E+3	-1.322490E-7	-3.003540E-8
4.051600E+3	-1.355080E-7	-2.118770E-8
4.057900E+3	-1.315500E-7	-2.980250E-8
4.069100E+3	-1.527380E-7	-5.587960E-9
4.075400E+3	-1.450540E-7	-8.847620E-9
4.079800E+3	-1.378370E-7	-6.286460E-9
4.085300E+3	-1.296880E-7	-1.071030E-8
4.090100E+3	-1.415620E-7	4.656650E-10
4.096000E+3	-1.618180E-7	6.286460E-9
4.102000E+3	-1.501770E-7	-2.002350E-8
4.107600E+3	-1.527380E-7	-1.047740E-8
4.113500E+3	-1.390010E-7	-7.916300E-9
4.118200E+3	-1.238670E-7	-2.584430E-8
4.122600E+3	-1.268940E-7	-5.355130E-9
4.133400E+3	-1.154840E-7	-3.981430E-8
4.139800E+3	-1.220040E-7	-2.887110E-8
4.145300E+3	-1.373710E-7	-1.606540E-8
4.150900E+3	-1.350430E-7	-3.702030E-8
4.156900E+3	-1.466840E-7	-2.258470E-8
4.161300E+3	-1.576270E-7	-1.234010E-8
4.165600E+3	-1.390010E-7	-2.328320E-8
4.171600E+3	-1.431920E-7	-3.725320E-9
4.176900E+3	-1.350430E-7	-4.423810E-9
4.189000E+3	-1.520390E-7	9.546110E-9
4.195100E+3	-1.457530E-7	1.420270E-8
4.200000E+3	-1.555320E-7	4.447090E-8
4.204100E+3	-1.315500E-7	3.422630E-8
4.210300E+3	-1.515740E-7	3.003540E-8
4.215500E+3	-1.527380E-7	8.614790E-9
4.221100E+3	-1.771850E-7	1.862660E-8
4.227000E+3	-1.664750E-7	0.000000E+0
4.232500E+3	-1.788150E-7	2.793980E-9
4.243200E+3	-1.743910E-7	-1.466840E-8
4.247800E+3	-1.420280E-7	-3.888290E-8
4.253600E+3	-1.399320E-7	-3.702030E-8
4.259600E+3	-1.268940E-7	-3.329500E-8
4.265300E+3	-1.478480E-7	-1.303860E-8
4.270700E+3	-1.504100E-7	2.793980E-9
4.276800E+3	-1.462190E-7	1.094310E-8
4.281300E+3	-1.129230E-7	-6.519290E-9
4.287100E+3	-8.870890E-8	-9.313280E-9
4.293100E+3	-8.777760E-8	-5.587960E-9
4.299000E+3	-1.038430E-7	3.958150E-9
4.309600E+3	-1.075680E-7	-8.381960E-9
4.315000E+3	-1.327140E-7	1.350420E-8
4.319500E+3	-1.247980E-7	-1.606540E-8
4.325400E+3	-1.578600E-7	-1.187440E-8
4.329800E+3	-1.408630E-7	-3.771880E-8
4.335400E+3	-1.285230E-7	-4.773050E-8
4.341000E+3	-1.431920E-7	-2.724130E-8
4.352200E+3	-1.639140E-7	-2.537870E-8
4.356800E+3	-1.559970E-7	-5.331840E-8
4.362900E+3	-1.508750E-7	-3.236370E-8
4.367800E+3	-1.257290E-7	-4.214260E-8
4.373600E+3	-1.215390E-7	-3.585610E-8
4.379100E+3	-1.273590E-7	-2.281750E-8
4.385700E+3	-1.366720E-7	-7.916300E-9
4.391500E+3	-1.296880E-7	-1.490130E-8
4.398100E+3	-1.355080E-7	-2.444730E-8
4.403100E+3	-1.462190E-7	-2.607710E-8
4.407600E+3	-1.343440E-7	-2.351600E-8
4.412000E+3	-1.238670E-7	-2.561150E-8
4.418000E+3	-1.171140E-7	-1.071030E-8
4.430100E+3	-1.145530E-7	-1.396990E-9
4.436000E+3	-1.010490E-7	-1.536690E-8
4.441600E+3	-1.317830E-7	4.656640E-9
4.446700E+3	-1.243320E-7	-1.187440E-8
4.452600E+3	-1.408630E-7	-7.217780E-9
4.457100E+3	-1.394660E-7	-2.468020E-8
4.462000E+3	-1.261950E-7	-3.189800E-8
4.468500E+3	-1.110610E-7	-4.284110E-8
4.474200E+3	-1.273590E-7	-2.351600E-8
4.485800E+3	-1.338790E-7	-2.095490E-8
4.490200E+3	-1.417950E-7	-2.654280E-8
4.495800E+3	-1.508750E-7	-1.885940E-8
4.500600E+3	-1.264280E-7	-3.282930E-8
4.505900E+3	-1.329470E-7	-2.188620E-8
4.512500E+3	-1.061710E-7	-4.074560E-8
4.518000E+3	-1.355080E-7	-1.746240E-8
4.524000E+3	-1.315500E-7	-1.676390E-8
4.530200E+3	-1.145530E-7	-1.955790E-8
4.536100E+3	-1.299200E-7	1.117590E-8
4.540300E+3	-1.355080E-7	1.094310E-8
4.550300E+3	-1.220040E-7	-4.190980E-9
4.556200E+3	-1.271260E-7	-8.381960E-9
4.562500E+3	-1.532030E-7	1.676390E-8
4.568400E+3	-1.457530E-7	1.187440E-8
4.573400E+3	-1.478480E-7	1.885940E-8
4.577500E+3	-1.355080E-7	1.979070E-8
4.583700E+3	-1.378370E-7	1.816090E-8
4.588500E+3	-1.331800E-7	1.816090E-8
4.594800E+3	-1.215390E-7	6.984950E-9
4.594800E+3	-1.215390E-7	6.984950E-9
4.612000E+3	-7.683460E-8	6.053630E-9
4.616500E+3	-7.450630E-8	-9.313300E-10
4.622000E+3	-9.383120E-8	1.047740E-8
4.626700E+3	-8.544930E-8	-6.053630E-9
4.631800E+3	-1.336460E-7	7.473910E-8
4.637400E+3	-2.582110E-7	1.564630E-7
4.643900E+3	-2.442410E-7	1.329470E-7
4.648900E+3	-2.414470E-7	1.180460E-7
4.659200E+3	-1.965100E-7	5.308560E-8
4.664100E+3	-1.590240E-7	1.722960E-8
4.669500E+3	-1.529710E-7	1.443560E-8
4.676100E+3	-1.422600E-7	-2.561150E-9
4.681400E+3	-1.408630E-7	-7.450640E-9
4.687400E+3	-1.443560E-7	2.793980E-9
4.691900E+3	-1.175800E-7	-6.053630E-9
4.698000E+3	-1.094310E-7	2.095490E-9
4.703600E+3	-1.126900E-7	2.281750E-8
4.708200E+3	-1.003500E-7	3.958150E-9
4.714500E+3	-1.154840E-7	3.376070E-8
4.725600E+3	-1.185110E-7	1.629830E-8
4.731800E+3	-1.215390E-7	6.286460E-9
4.736400E+3	-1.122250E-7	4.423810E-9
4.741000E+3	-9.569380E-8	-2.072200E-8
4.747200E+3	-9.755650E-8	-1.443560E-8
4.752400E+3	-9.080440E-8	-3.702030E-8
4.758300E+3	-8.754480E-8	-5.448260E-8
4.763900E+3	-9.127010E-8	-5.122300E-8
4.769700E+3	-8.218970E-8	-6.938400E-8
4.775700E+3	-8.335380E-8	-5.355130E-8
4.785900E+3	-6.891830E-8	-9.546110E-9
4.790700E+3	-5.704370E-8	1.164160E-9
4.795800E+3	-7.520480E-8	2.258470E-8
4.802200E+3	-9.103720E-8	1.932510E-8
4.807800E+3	-1.126900E-7	1.746240E-8
4.812600E+3	-1.131560E-7	6.752120E-9
4.818400E+3	-1.222370E-7	9.313300E-10
4.822800E+3	-1.033770E-7	-2.747410E-8
4.829100E+3	-1.136220E-7	-2.374880E-8
4.834500E+3	-8.521650E-8	-2.910390E-8
4.846900E+3	-1.033770E-7	-1.303860E-8
4.851900E+3	-1.029120E-7	-1.117590E-8
4.858000E+3	-1.182780E-7	1.722960E-8
4.862100E+3	-9.033870E-8	9.778940E-9
4.868300E+3	-9.522820E-8	1.839370E-8
4.872900E+3	-7.450630E-8	-9.313300E-10
4.879000E+3	-9.243420E-8	1.094310E-8
4.884700E+3	-8.475080E-8	4.656650E-10
4.890300E+3	-9.662520E-8	8.614790E-9
4.900700E+3	-7.939570E-8	-1.862660E-9
4.905000E+3	-6.216620E-8	-2.118770E-8
4.910900E+3	-5.005880E-8	-2.537870E-8
4.916100E+3	-5.355130E-8	-1.769520E-8
4.921600E+3	-8.335380E-8	8.149130E-9
4.928100E+3	-7.590320E-8	2.793980E-9
4.933000E+3	-8.102550E-8	1.722960E-8
4.938900E+3	-8.451800E-8	1.606540E-8
4.945000E+3	-8.801040E-8	2.398170E-8
4.949400E+3	-9.313270E-8	3.562330E-8
4.960200E+3	-1.015150E-7	4.190970E-8
4.966100E+3	-9.289990E-8	2.980250E-8
4.971600E+3	-1.057060E-7	3.399350E-8
4.977800E+3	-1.047740E-7	2.444730E-8
4.982100E+3	-1.052400E-7	2.351600E-8
4.986600E+3	-9.872060E-8	2.072200E-8
4.992400E+3	-9.080440E-8	1.001180E-8
4.997600E+3	-9.127010E-8	6.752120E-9
5.004100E+3	-8.242250E-8	-2.002350E-8
5.014400E+3	-1.145530E-7	-2.770700E-8
5.020200E+3	-1.229350E-7	-2.398170E-8
5.024800E+3	-1.105950E-7	-3.352780E-8
5.029700E+3	-1.043090E-7	-4.703200E-8
5.036400E+3	-1.073350E-7	-2.700850E-8
5.042100E+3	-1.147860E-7	-1.536690E-8
5.047400E+3	-1.231680E-7	-1.234010E-8
5.053400E+3	-1.215390E-7	-1.466840E-8
5.057800E+3	-1.003500E-7	-1.885940E-8
5.062200E+3	-9.266710E-8	-1.350420E-8
5.073800E+3	-5.844070E-8	-3.958150E-9
5.080300E+3	-6.263190E-8	-1.862660E-9
5.085500E+3	-7.823160E-8	2.328320E-9
5.090100E+3	-7.939570E-8	-4.656650E-10
5.095600E+3	-9.872060E-8	1.792810E-8
5.099900E+3	-8.242250E-8	1.699680E-8
5.104900E+3	-8.125830E-8	1.164160E-8
5.111500E+3	-8.265530E-8	7.450640E-9
5.117200E+3	-9.010590E-8	5.122300E-9
5.128800E+3	-1.157170E-7	3.026810E-9
5.133300E+3	-9.406400E-8	-1.210730E-8
5.139400E+3	-8.987310E-8	-6.286460E-9
5.144000E+3	-6.216620E-8	-1.722960E-8
5.150200E+3	-7.869720E-8	4.656650E-10
5.155600E+3	-8.079270E-8	4.656640E-9
5.161300E+3	-9.010590E-8	6.286460E-9
5.167700E+3	-1.001180E-7	3.259640E-9
5.172500E+3	-1.098970E-7	2.328320E-9
5.178200E+3	-1.145530E-7	-3.026810E-9
5.187600E+3	-8.894180E-8	-6.752120E-9
5.187600E+3	-8.894180E-8	-6.752120E-9
5.199400E+3	-6.682280E-8	-1.047740E-8
5.205600E+3	-4.400520E-8	-2.654280E-8
5.210200E+3	-6.216620E-8	-1.676390E-8
5.214500E+3	-4.610070E-8	-2.677560E-8
5.220600E+3	-6.402890E-8	-9.313280E-9
5.230900E+3	-8.405230E-8	1.257290E-8
5.235500E+3	-1.026790E-7	1.955790E-8
5.243800E+3	-9.755650E-8	3.096670E-8
5.248800E+3	-8.521650E-8	1.816090E-8
5.251800E+3	-8.358670E-8	1.373710E-8
5.261000E+3	-8.638060E-8	6.286460E-9
5.263800E+3	-8.102550E-8	-6.752120E-9
5.268900E+3	-9.965200E-8	5.820790E-9
5.279000E+3	-1.154840E-7	9.313280E-9
5.283200E+3	-1.101290E-7	-3.026810E-9
5.288100E+3	-9.802220E-8	-1.466840E-8
5.296800E+3	-1.068700E-7	-3.306220E-8
5.301600E+3	-1.115260E-7	-2.328320E-8
5.306500E+3	-8.568210E-8	-2.817260E-8
5.314800E+3	-9.336550E-8	-4.190980E-9
5.319100E+3	-7.893000E-8	2.328320E-10
5.326600E+3	-6.053640E-8	-5.355130E-9
5.331700E+3	-7.450630E-8	0.000000E+0
5.337000E+3	-7.706740E-8	1.047740E-8
5.345100E+3	-7.893000E-8	1.094310E-8
5.350100E+3	-7.264360E-8	4.656650E-10
5.354800E+3	-5.331840E-8	-8.381960E-9
5.363300E+3	-4.563500E-8	-9.080450E-9
5.368200E+3	-4.237540E-8	-2.142050E-8
5.376300E+3	-9.383120E-8	-6.053630E-9
5.381600E+3	-7.101380E-8	-1.117590E-8
5.385100E+3	-6.752130E-8	8.614790E-9
5.394100E+3	-8.102550E-8	1.862660E-8
5.398900E+3	-6.309760E-8	7.450640E-9
5.402100E+3	-6.845270E-8	9.778940E-9
5.412100E+3	-7.054810E-8	-7.217780E-9
5.415400E+3	-8.498360E-8	-1.862660E-9
5.425600E+3	-8.405230E-8	-2.514580E-8
5.428500E+3	-1.089650E-7	-1.396990E-9
5.433400E+3	-9.639230E-8	-6.752120E-9
5.442000E+3	-8.870890E-8	-7.916300E-9
5.446200E+3	-7.706740E-8	-2.561150E-8
5.454000E+3	-8.055990E-8	-9.778940E-9
5.458600E+3	-8.544930E-8	-9.313280E-9
5.464100E+3	-9.033870E-8	-4.656650E-10
5.471300E+3	-1.066370E-7	1.722960E-8
5.476900E+3	-9.452970E-8	1.327140E-8
5.484300E+3	-1.017470E-7	1.606540E-8
5.489400E+3	-7.683460E-8	0.000000E+0
5.497300E+3	-7.683460E-8	1.164160E-8
5.502000E+3	-6.821980E-8	2.328320E-9
5.506400E+3	-7.031530E-8	-1.071030E-8
5.514700E+3	-8.754480E-8	6.984950E-9
5.519700E+3	-8.172400E-8	5.820790E-9
5.527100E+3	-9.313270E-8	-3.725320E-9
5.531700E+3	-1.010490E-7	-6.519290E-9
5.534800E+3	-9.476250E-8	-1.536690E-8
5.546300E+3	-9.499540E-8	-3.119950E-8
5.549600E+3	-1.122250E-7	-1.466840E-8
5.558600E+3	-9.476250E-8	-8.847620E-9
5.561600E+3	-9.383120E-8	2.328320E-9
5.570800E+3	-6.984960E-8	-6.519290E-9
5.573800E+3	-8.614780E-8	9.080450E-9
5.579000E+3	-9.429690E-8	2.095490E-8
5.587400E+3	-8.475080E-8	1.466840E-8
5.592200E+3	-9.639230E-8	3.445920E-8
5.597300E+3	-9.057160E-8	2.002350E-8
5.605600E+3	-1.003500E-7	6.286460E-9
5.610000E+3	-9.429690E-8	-9.313280E-9
5.617500E+3	-1.017470E-7	-3.026810E-9
5.622400E+3	-8.218970E-8	-1.490130E-8
5.629800E+3	-7.101380E-8	-1.373710E-8
5.634900E+3	-7.590320E-8	-6.984950E-10
5.641900E+3	-8.638060E-8	-5.122300E-9
5.647000E+3	-7.939570E-8	-1.187440E-8
5.650100E+3	-8.218970E-8	-3.725320E-9
5.659900E+3	-7.753310E-8	3.492470E-9
5.663600E+3	-8.707910E-8	1.559980E-8
5.672200E+3	-6.938400E-8	-3.958150E-9
5.675400E+3	-8.987310E-8	1.187440E-8
5.684300E+3	-9.918630E-8	3.958150E-9
5.687300E+3	-9.452970E-8	1.746240E-8
5.697300E+3	-7.404060E-8	9.313280E-9
5.700700E+3	-7.683460E-8	8.149130E-9
5.705300E+3	-8.917460E-8	1.699680E-8
5.714400E+3	-5.937200E-8	-6.519290E-9
5.718900E+3	-7.171230E-8	-3.026810E-9
5.722800E+3	-6.682280E-8	-1.071030E-8
5.732100E+3	-7.567040E-8	-3.725320E-9
5.736400E+3	-6.821980E-8	-1.164160E-9
5.744200E+3	-6.286470E-8	1.350420E-8
5.748900E+3	-7.776590E-8	2.607710E-8
5.757800E+3	-9.662520E-8	8.149130E-9
5.761800E+3	-9.732370E-8	-2.793980E-9
5.766700E+3	-7.660170E-8	-1.303860E-8
5.774200E+3	-5.541390E-8	-2.211900E-8
5.781700E+3	-6.984960E-8	-1.466840E-8
5.786700E+3	-6.496020E-8	-4.633350E-8
5.790700E+3	-9.336550E-8	-3.818450E-8
5.799600E+3	-1.047740E-7	-4.586790E-8
5.804300E+3	-1.138550E-7	-3.189800E-8
5.811900E+3	-9.522820E-8	-4.516940E-8
5.816200E+3	-9.918630E-8	-3.026820E-8
5.819100E+3	-1.154840E-7	-2.211900E-8
5.829400E+3	-7.776590E-8	-4.610070E-8
5.832300E+3	-7.217800E-8	-3.189800E-8
5.842400E+3	-6.100210E-8	-4.377240E-8
5.845800E+3	-7.241080E-8	-2.724130E-8
5.854700E+3	-6.216620E-8	-3.865010E-8
5.857800E+3	-6.635720E-8	-3.445920E-8
5.867000E+3	-8.218970E-8	-1.932510E-8
5.870100E+3	-8.987310E-8	-7.683470E-9
5.874800E+3	-6.984960E-8	-3.492470E-9
5.883800E+3	-7.520480E-8	1.839370E-8
5.887800E+3	-7.660170E-8	1.001180E-8
5.895900E+3	-8.684630E-8	2.328320E-9
5.900400E+3	-7.613610E-8	-1.303860E-8
5.908000E+3	-7.683460E-8	-1.536690E-8
5.912900E+3	-5.634520E-8	-3.236370E-8
5.920300E+3	-5.145580E-8	-2.514580E-8
5.925500E+3	-3.189800E-8	-3.539050E-8
5.932700E+3	-2.607710E-8	-1.280570E-8
5.938300E+3	-2.444730E-8	-2.561150E-9
5.942600E+3	-4.237540E-8	3.259640E-9
5.950800E+3	-6.589150E-8	-2.328320E-10
5.954500E+3	-7.916290E-8	0.000000E+0
5.964400E+3	-6.868550E-8	-1.071030E-8
5.967800E+3	-7.217800E-8	-1.327140E-8
5.971500E+3	-8.055990E-8	-8.847620E-9
5.981100E+3	-8.358670E-8	-1.769520E-8
5.984100E+3	-8.195680E-8	-2.584430E-8
5.994300E+3	-7.799870E-8	-1.909220E-8
5.997200E+3	-6.915120E-8	-1.001180E-8
6.003300E+3	-6.984960E-8	3.026810E-9
6.011700E+3	-4.959320E-8	-1.699680E-8
6.013500E+3	-4.540220E-8	-2.095490E-8
6.016300E+3	-5.401690E-8	-3.725320E-9
6.018500E+3	-5.145580E-8	7.683470E-9
6.018100E+3	-4.516940E-8	5.587960E-9
6.014300E+3	-6.961680E-8	4.656640E-9
6.011500E+3	-6.053640E-8	-9.778940E-9
6.001600E+3	-7.916290E-8	2.793980E-9
5.996900E+3	-7.101380E-8	-1.653110E-8
5.983600E+3	-7.054810E-8	-2.980250E-8
5.978200E+3	-5.401690E-8	-4.470370E-8
5.963900E+3	-5.750940E-8	-4.307390E-8
5.956500E+3	-5.285280E-8	-4.633350E-8
5.950100E+3	-5.168860E-8	-3.911580E-8
5.938200E+3	-6.356320E-8	-7.450640E-9
5.932200E+3	-7.334210E-8	0.000000E+0
5.920900E+3	-8.824330E-8	4.656640E-9
5.916900E+3	-9.918630E-8	1.746240E-8
5.911600E+3	-8.521650E-8	6.286460E-9
5.904000E+3	-6.472740E-8	-3.026810E-9
5.899600E+3	-6.728850E-8	-1.420270E-8
5.893500E+3	-7.543760E-8	5.355130E-9
5.889100E+3	-7.217800E-8	1.117590E-8
5.883100E+3	-8.754480E-8	2.095490E-8
5.878400E+3	-8.638060E-8	2.048920E-8
5.875600E+3	-7.543760E-8	2.048920E-8
5.867000E+3	-6.216620E-8	9.313280E-9
5.864200E+3	-6.659000E-8	5.122300E-9
5.853500E+3	-9.639230E-8	1.676390E-8
5.848800E+3	-1.015150E-7	1.932510E-8
5.845800E+3	-1.061710E-7	2.048920E-8
5.836500E+3	-9.103720E-8	4.656650E-10
5.832100E+3	-8.149120E-8	-8.381960E-9
5.822800E+3	-5.913920E-8	-2.118770E-8
5.819800E+3	-5.704370E-8	-1.839370E-8
5.813700E+3	-5.820790E-8	-1.234010E-8
5.805100E+3	-6.170060E-8	1.047740E-8
5.801500E+3	-6.659000E-8	2.048920E-8
5.793400E+3	-3.818450E-8	4.656650E-10
5.789200E+3	-3.399350E-8	6.519290E-9
5.784400E+3	-3.515770E-8	1.327140E-8
5.776700E+3	-5.378410E-8	1.443560E-8
5.771600E+3	-6.705570E-8	3.492470E-9
5.764000E+3	-5.005880E-8	-1.955790E-8
5.759200E+3	-6.426170E-8	-3.725320E-9
5.752300E+3	-6.170060E-8	-1.187440E-8
5.747100E+3	-5.401690E-8	-1.396990E-8
5.742200E+3	-5.401690E-8	-5.122300E-9
5.734400E+3	-4.423800E-8	5.122300E-9
5.729200E+3	-4.074560E-8	9.313280E-9
5.726100E+3	-5.075730E-8	1.257290E-8
5.717300E+3	-6.752130E-8	9.313300E-10
5.710100E+3	-8.475080E-8	7.450640E-9
5.705500E+3	-7.334210E-8	-3.492470E-9
5.702600E+3	-9.173570E-8	1.280570E-8
5.693700E+3	-7.869720E-8	-1.816090E-8
5.690500E+3	-8.288820E-8	-1.001180E-8
5.680300E+3	-7.404060E-8	-1.210730E-8
5.677400E+3	-5.378410E-8	-2.258470E-8
5.668300E+3	-6.635720E-8	3.725320E-9
5.665300E+3	-6.612440E-8	1.932510E-8
5.656500E+3	-6.379610E-8	1.862660E-9
5.653100E+3	-6.309760E-8	-1.187440E-8
5.647900E+3	-5.704370E-8	-1.327140E-8
5.640200E+3	-5.238710E-8	-1.979070E-8
5.635400E+3	-6.449450E-8	-3.026810E-9
5.627100E+3	-7.660170E-8	2.002350E-8
5.622800E+3	-8.684630E-8	2.677560E-8
5.616900E+3	-1.105950E-7	4.982600E-8
5.609500E+3	-1.045410E-7	3.771880E-8
5.604000E+3	-1.150190E-7	4.633350E-8
5.600700E+3	-8.661350E-8	2.654280E-8
5.591400E+3	-8.195680E-8	1.909220E-8
5.587200E+3	-6.659000E-8	-6.984950E-10
5.578900E+3	-7.357490E-8	-2.305030E-8
5.574100E+3	-8.172400E-8	-1.187440E-8
5.571300E+3	-8.288820E-8	-1.024460E-8
5.562300E+3	-8.172400E-8	-1.420270E-8
5.559300E+3	-9.615950E-8	8.847620E-9
5.550300E+3	-7.520480E-8	1.722960E-8
5.547000E+3	-7.683460E-8	2.770700E-8
5.538500E+3	-7.450630E-8	1.303860E-8
5.534800E+3	-1.001180E-7	1.839370E-8
5.526800E+3	-9.173570E-8	-1.187440E-8
5.522600E+3	-9.872060E-8	-1.210730E-8
5.515100E+3	-8.684630E-8	-2.956960E-8
5.510300E+3	-9.033870E-8	-1.443560E-8
5.501700E+3	-8.568210E-8	-5.587960E-9
5.497700E+3	-7.939570E-8	-2.793980E-9
5.491700E+3	-8.987310E-8	1.280570E-8
5.484400E+3	-8.055990E-8	-1.187440E-8
5.478800E+3	-9.313270E-8	2.328320E-9
5.475200E+3	-8.777760E-8	5.820790E-9
5.466200E+3	-6.100210E-8	3.725320E-9
5.461800E+3	-6.728850E-8	3.958150E-9
5.453600E+3	-6.123490E-8	-6.286460E-9
5.448500E+3	-7.753310E-8	-4.190980E-9
5.445600E+3	-7.171230E-8	-1.164160E-9
5.435800E+3	-6.589150E-8	6.752120E-9
5.432200E+3	-5.937200E-8	6.984950E-9
5.423100E+3	-5.122300E-8	-1.071030E-8
5.418700E+3	-4.819620E-8	-1.629820E-9
5.414700E+3	-4.516940E-8	-3.958150E-9
5.405900E+3	-6.286470E-8	-9.313280E-9
5.402700E+3	-7.799870E-8	9.313300E-10
5.394000E+3	-7.799870E-8	6.286460E-9
5.390500E+3	-8.987310E-8	1.909220E-8
5.382000E+3	-8.568210E-8	1.094310E-8
5.378400E+3	-8.405230E-8	-4.190980E-9
5.372800E+3	-8.707910E-8	-9.778940E-9
5.365700E+3	-8.172400E-8	-1.862660E-8
5.360200E+3	-6.472740E-8	-6.752120E-9
5.352700E+3	-3.911580E-8	-1.839370E-8
5.347800E+3	-4.400520E-8	-2.188620E-8
5.340500E+3	-5.052450E-8	-2.165340E-8
5.335300E+3	-6.984960E-8	-1.653110E-8
5.331800E+3	-7.031530E-8	-2.910390E-8
5.322600E+3	-7.846440E-8	-2.468020E-8
5.318200E+3	-8.707910E-8	-1.024460E-8
5.310000E+3	-8.125830E-8	-1.629830E-8
5.305100E+3	-9.033870E-8	-1.257290E-8
5.297900E+3	-8.894180E-8	-3.026810E-9
5.293200E+3	-7.706740E-8	-2.188620E-8
5.285400E+3	-8.661350E-8	-1.210730E-8
5.281200E+3	-6.984960E-8	-2.072200E-8
5.275400E+3	-7.939570E-8	-1.862660E-8
5.271700E+3	-8.964030E-8	-6.286460E-9
5.263400E+3	-7.869720E-8	-6.053630E-9
5.260200E+3	-8.754480E-8	6.519290E-9
5.255100E+3	-8.102550E-8	-4.656650E-10
5.246200E+3	-8.405230E-8	-2.793980E-9
5.241700E+3	-9.173570E-8	2.328320E-9
5.233000E+3	-9.220140E-8	5.122300E-9
5.229100E+3	-9.266710E-8	8.381960E-9
5.221200E+3	-7.334210E-8	-1.792810E-8
5.216800E+3	-8.242250E-8	-9.546110E-9
5.209400E+3	-1.036100E-7	1.280570E-8
5.204300E+3	-8.987310E-8	2.328320E-9
5.199200E+3	-7.567040E-8	-5.355130E-9
5.191000E+3	-6.356320E-8	-9.546110E-9
5.185900E+3	-8.754480E-8	-1.862660E-9
5.179100E+3	-1.110610E-7	5.122300E-9
5.173900E+3	-1.145530E-7	7.683470E-9
5.170500E+3	-9.103720E-8	-6.053630E-9
5.160700E+3	-9.383120E-8	-3.026810E-9
5.157700E+3	-7.939570E-8	-1.583260E-8
5.148800E+3	-7.404060E-8	-2.281750E-8
5.144300E+3	-7.404060E-8	-1.606540E-8
5.141100E+3	-9.569380E-8	-7.916300E-9
5.132700E+3	-9.965200E-8	-1.885940E-8
5.124100E+3	-1.080340E-7	-3.492470E-9
5.121200E+3	-9.220140E-8	-6.984950E-10
5.116300E+3	-6.565870E-8	-2.793980E-9
5.107700E+3	-7.567040E-8	-4.190980E-9
5.104000E+3	-9.965200E-8	5.820790E-9
5.095800E+3	-9.313270E-8	-2.048920E-8
5.091400E+3	-9.336550E-8	-2.072200E-8
5.083700E+3	-1.143200E-7	-7.683470E-9
5.078800E+3	-1.103620E-7	-6.984950E-10
5.071400E+3	-8.451800E-8	-1.490130E-8
5.066200E+3	-9.033870E-8	-1.257290E-8
5.062500E+3	-8.824330E-8	-1.536690E-8
5.053800E+3	-8.544930E-8	3.958150E-9
5.049200E+3	-7.916290E-8	1.047740E-8
5.041600E+3	-8.079270E-8	9.778940E-9
5.041600E+3	-8.079270E-8	9.778940E-9
5.029500E+3	-5.727660E-8	-3.026810E-9
5.026200E+3	-4.959320E-8	-9.313280E-9
5.017400E+3	-4.470370E-8	-1.862660E-9
5.012600E+3	-5.355130E-8	1.513410E-8
5.009500E+3	-5.494830E-8	8.614790E-9
4.999400E+3	-8.149120E-8	3.259640E-9
4.996600E+3	-6.426170E-8	-1.001180E-8
4.987800E+3	-7.194510E-8	-1.001180E-8
4.984900E+3	-6.752130E-8	-6.286460E-9
4.976100E+3	-5.192150E-8	-7.683470E-9
4.973100E+3	-4.819620E-8	-1.350420E-8
4.964500E+3	-7.357490E-8	-2.537870E-8
4.960900E+3	-8.312100E-8	-1.653110E-8
4.952800E+3	-7.567040E-8	-1.909220E-8
4.948600E+3	-8.265530E-8	-4.889470E-9
4.943900E+3	-7.520480E-8	-9.546110E-9
4.936400E+3	-8.172400E-8	-6.984950E-9
4.931300E+3	-8.568210E-8	-7.450640E-9
4.923300E+3	-9.965200E-8	3.958150E-9
4.918300E+3	-9.918630E-8	-4.656640E-9
4.911900E+3	-1.103620E-7	2.328320E-9
4.906800E+3	-1.091980E-7	1.699680E-8
4.903400E+3	-9.476250E-8	8.847620E-9
4.894700E+3	-8.335380E-8	-2.561150E-9
4.887400E+3	-1.031440E-7	8.614790E-9
4.882700E+3	-1.112940E-7	-1.629820E-9
4.875100E+3	-1.189770E-7	9.313280E-9
4.870800E+3	-9.918630E-8	3.958150E-9
4.867800E+3	-8.149120E-8	-2.561150E-9
4.859100E+3	-1.138550E-7	2.328320E-9
4.855700E+3	-1.203740E-7	1.443560E-8
4.847300E+3	-9.383120E-8	1.187440E-8
4.843500E+3	-8.894180E-8	1.094310E-8
4.834000E+3	-7.217800E-8	-1.420270E-8
4.830900E+3	-7.217800E-8	-1.629830E-8
4.825700E+3	-8.102550E-8	-1.839370E-8
4.817800E+3	-8.335380E-8	-3.492470E-9
4.812700E+3	-8.847610E-8	1.024460E-8
4.805600E+3	-8.568210E-8	0.000000E+0
4.801100E+3	-8.987310E-8	4.656650E-10
4.794000E+3	-9.196860E-8	-1.210730E-8
4.788700E+3	-9.476250E-8	-1.676390E-8
4.781300E+3	-1.238670E-7	-1.350420E-8
4.776500E+3	-1.315500E-7	-1.303860E-8
4.768900E+3	-1.282910E-7	-2.793980E-9
4.764300E+3	-1.173470E-7	-2.095490E-9
4.761300E+3	-1.133890E-7	1.140880E-8
4.749800E+3	-1.017470E-7	-1.769520E-8
4.746600E+3	-8.381950E-8	-3.702030E-8
4.737600E+3	-8.870890E-8	-2.118770E-8
4.734800E+3	-7.380780E-8	-2.700850E-8
4.726000E+3	-8.638060E-8	-6.053630E-9
4.721600E+3	-8.521650E-8	-4.423810E-9
4.717900E+3	-8.591500E-8	-4.190980E-9
4.708000E+3	-1.119920E-7	-5.355130E-9
4.704800E+3	-1.089650E-7	-1.071030E-8
4.696100E+3	-1.110610E-7	-2.537870E-8
4.691700E+3	-1.257290E-7	-3.585610E-8
4.687200E+3	-1.515740E-7	-1.653110E-8
4.679700E+3	-1.457530E-7	-1.606540E-8
4.674700E+3	-1.513410E-7	1.396990E-9
4.666400E+3	-1.089650E-7	-1.396990E-9
4.662000E+3	-1.173470E-7	-1.396990E-9
4.654400E+3	-9.848780E-8	-3.259640E-9
4.649500E+3	-9.941910E-8	1.234010E-8
4.645200E+3	-9.522820E-8	1.583260E-8
4.636000E+3	-1.005830E-7	1.816090E-8
4.632000E+3	-1.038430E-7	1.210730E-8
4.624400E+3	-8.870890E-8	-8.149130E-9
4.619900E+3	-7.753310E-8	-8.847620E-9
4.611900E+3	-9.685800E-8	4.889470E-9
4.607900E+3	-1.122250E-7	3.259640E-9
4.603500E+3	-1.087320E-7	-9.546110E-9
4.595000E+3	-1.115260E-7	-6.984950E-9
4.590600E+3	-1.057060E-7	-2.095490E-8
4.581700E+3	-1.045410E-7	-2.072200E-8
4.577400E+3	-1.054730E-7	-2.398170E-8
4.573600E+3	-1.091980E-7	-2.118770E-8
4.565700E+3	-1.220040E-7	-1.164160E-8
4.560900E+3	-1.194430E-7	-1.653110E-8
4.552300E+3	-9.383120E-8	-3.259640E-9
4.548900E+3	-9.127010E-8	4.656650E-10
4.540600E+3	-9.802220E-8	-2.793980E-9
4.536300E+3	-1.068700E-7	3.259640E-9
4.528600E+3	-1.157170E-7	-9.080450E-9
4.524000E+3	-1.180460E-7	-9.546110E-9
4.516700E+3	-1.033770E-7	-1.490130E-8
4.511600E+3	-1.052400E-7	-1.094310E-8
4.504400E+3	-9.103720E-8	-7.217780E-9
4.499200E+3	-9.825500E-8	2.793980E-9
4.491900E+3	-1.206070E-7	1.909220E-8
4.486900E+3	-1.187440E-7	1.862660E-8
4.479500E+3	-1.150190E-7	8.381960E-9
4.474900E+3	-1.243320E-7	-5.122300E-9
4.470500E+3	-1.285230E-7	-3.026810E-9
4.461800E+3	-1.161830E-7	-6.286460E-9
4.456900E+3	-1.157170E-7	-8.149130E-9
4.448700E+3	-9.755650E-8	1.862660E-8
4.444900E+3	-1.005830E-7	1.909220E-8
4.436300E+3	-1.247980E-7	2.631000E-8
4.433100E+3	-1.173470E-7	2.235190E-8
4.424100E+3	-1.352760E-7	9.313280E-9
4.421300E+3	-1.261950E-7	-1.722960E-8
4.416500E+3	-1.257290E-7	-2.351600E-8
4.411300E+3	-1.327140E-7	-1.466840E-8
4.403500E+3	-1.308520E-7	5.122300E-9
4.398800E+3	-1.422600E-7	2.048920E-8
4.390200E+3	-1.487800E-7	2.607710E-8
4.386300E+3	-1.420280E-7	3.399350E-8
4.380900E+3	-1.413290E-7	3.888290E-8
4.373900E+3	-1.343440E-7	3.282930E-8
4.368700E+3	-1.331800E-7	1.862660E-8
4.361800E+3	-1.243320E-7	-9.313300E-10
4.356600E+3	-1.289890E-7	-6.984950E-10
4.348400E+3	-1.261950E-7	-2.095490E-9
4.344000E+3	-1.427260E-7	6.053630E-9
4.336900E+3	-1.471500E-7	2.095490E-8
4.331500E+3	-1.366720E-7	1.583260E-8
4.324400E+3	-1.271260E-7	6.286460E-9
4.319500E+3	-1.224700E-7	6.752120E-9
4.315400E+3	-1.203740E-7	1.071030E-8
4.306400E+3	-1.322490E-7	1.373710E-8
4.303600E+3	-1.338790E-7	8.149130E-9
4.294600E+3	-1.355080E-7	2.025640E-8
4.291700E+3	-1.208400E-7	7.450640E-9
4.282600E+3	-1.268940E-7	-3.725320E-9
4.279600E+3	-1.341110E-7	1.164160E-9
4.274800E+3	-1.385350E-7	2.095490E-9
4.266200E+3	-1.145530E-7	-9.546110E-9
4.257100E+3	-1.343440E-7	-8.847620E-9
4.253900E+3	-1.273590E-7	-1.303860E-8
4.249400E+3	-1.229350E-7	-1.210730E-8
4.240700E+3	-1.171140E-7	-1.257290E-8
4.236000E+3	-1.261950E-7	-3.026810E-9
4.228900E+3	-1.310850E-7	-9.313280E-9
4.223900E+3	-1.266610E-7	1.629820E-9
4.217000E+3	-1.289890E-7	1.303860E-8
4.211800E+3	-1.334130E-7	1.583260E-8
4.204700E+3	-1.303860E-7	6.984950E-9
4.199700E+3	-1.317830E-7	0.000000E+0
4.196800E+3	-1.296880E-7	-1.792810E-8
4.187600E+3	-1.478480E-7	-2.211900E-8
4.187600E+3	-1.478480E-7	-2.211900E-8
4.174300E+3	-1.608870E-7	-2.328320E-10
4.171200E+3	-1.559970E-7	3.492470E-9
4.161400E+3	-1.508750E-7	1.024460E-8
4.157700E+3	-1.487800E-7	1.164160E-8
4.153500E+3	-1.271260E-7	3.725320E-9
4.144400E+3	-1.583260E-7	6.053630E-9
4.141500E+3	-1.690360E-7	1.932510E-8
4.132500E+3	-1.711310E-7	2.793980E-9
4.129400E+3	-1.636810E-7	-4.656640E-9
4.124200E+3	-1.562300E-7	-2.631000E-8
4.116500E+3	-1.261950E-7	-3.469200E-8
4.111800E+3	-1.185110E-7	-3.236370E-8
4.103200E+3	-1.192100E-7	-1.583260E-8
4.099100E+3	-1.350430E-7	-9.313300E-10
4.091400E+3	-1.452870E-7	-9.546110E-9
4.086800E+3	-1.627500E-7	-5.820790E-9
4.079300E+3	-1.743910E-7	-2.002350E-8
4.074400E+3	-1.657760E-7	-3.026820E-8
4.070400E+3	-1.539020E-7	-4.097840E-8
4.060800E+3	-1.627500E-7	-3.073390E-8
4.057200E+3	-1.529710E-7	-2.677560E-8
4.048500E+3	-1.552990E-7	-1.047740E-8
4.045400E+3	-1.627500E-7	-1.234010E-8
4.036000E+3	-1.825400E-7	4.656650E-10
4.032200E+3	-1.725280E-7	-8.381960E-9
4.029100E+3	-1.699670E-7	-1.373710E-8
4.019100E+3	-1.795130E-7	-2.118770E-8
4.016300E+3	-1.906890E-7	-2.770700E-8
4.011600E+3	-2.163010E-7	-1.885940E-8
4.003000E+3	-2.181630E-7	5.820790E-9
3.994100E+3	-2.374880E-7	1.320160E-7
3.991300E+3	-2.351600E-7	1.529710E-7
3.986800E+3	-2.281750E-7	1.422600E-7
3.979300E+3	-2.135070E-7	8.847610E-8
3.974300E+3	-2.218890E-7	6.496020E-8
3.967300E+3	-2.118770E-7	3.306220E-8
3.961900E+3	-2.039610E-7	1.513410E-8
3.954300E+3	-1.895250E-7	-1.862660E-9
3.949500E+3	-1.918530E-7	-1.024460E-8
3.942300E+3	-1.834710E-7	-2.421450E-8
3.937000E+3	-1.965100E-7	1.862660E-9
3.930000E+3	-2.018650E-7	6.519290E-9
3.924900E+3	-2.041930E-7	1.210730E-8
3.921700E+3	-1.925520E-7	7.450640E-9
3.912000E+3	-1.823070E-7	2.328320E-9
3.908100E+3	-1.795130E-7	6.286460E-9
3.899400E+3	-1.941820E-7	-1.839370E-8
3.896100E+3	-1.948800E-7	-2.887110E-8
3.887400E+3	-2.165330E-7	-2.048920E-8
3.884500E+3	-2.132740E-7	-1.559980E-8
3.874600E+3	-2.142050E-7	-1.071030E-8
3.871000E+3	-1.948800E-7	-2.165340E-8
3.867500E+3	-1.906890E-7	-1.536690E-8
3.859100E+3	-1.632150E-7	-3.003540E-8
3.850400E+3	-1.688030E-7	-2.211900E-8
3.847500E+3	-1.643790E-7	-1.420270E-8
3.842600E+3	-1.648450E-7	-8.381960E-9
3.837400E+3	-1.706660E-7	-3.725320E-9
3.829400E+3	-1.911550E-7	-1.303860E-8
3.824200E+3	-1.937160E-7	-1.490130E-8
3.816500E+3	-1.972080E-7	-2.537870E-8
3.811400E+3	-1.972080E-7	-2.305030E-8
3.806200E+3	-1.953460E-7	-1.839370E-8
3.798800E+3	-2.072200E-7	-9.546110E-9
3.794100E+3	-1.946470E-7	-1.164160E-8
3.786500E+3	-1.876620E-7	9.313280E-9
3.782300E+3	-1.846360E-7	1.909220E-8
3.774300E+3	-1.597230E-7	6.286460E-9
3.769400E+3	-1.699670E-7	6.984950E-9
3.766600E+3	-1.683370E-7	9.313300E-10
3.757700E+3	-1.552990E-7	-2.537870E-8
3.754800E+3	-1.494780E-7	-3.306220E-8
3.744600E+3	-1.683370E-7	-3.376070E-8
3.741500E+3	-1.760210E-7	-3.469200E-8
3.731100E+3	-2.007010E-7	-3.469200E-8
3.728200E+3	-1.944140E-7	-4.284110E-8
3.723500E+3	-2.051250E-7	-3.236370E-8
3.714600E+3	-2.100140E-7	-2.072200E-8
3.710700E+3	-2.144380E-7	-2.165340E-8
3.702700E+3	-2.060560E-7	-1.164160E-8
3.698400E+3	-2.086170E-7	-9.313280E-9
3.690800E+3	-2.232850E-7	-7.916300E-9
3.685800E+3	-2.169990E-7	-6.519290E-9
3.680700E+3	-2.286410E-7	-6.984950E-10
3.673000E+3	-2.179300E-7	-1.117590E-8
3.673000E+3	-2.179300E-7	-1.117590E-8
3.660800E+3	-2.223540E-7	-2.142050E-8
3.655600E+3	-2.104800E-7	-2.677560E-8
3.648600E+3	-1.871970E-7	-3.515770E-8
3.643500E+3	-1.902240E-7	-3.422630E-8
3.636100E+3	-1.871970E-7	-3.585610E-8
3.631400E+3	-1.990710E-7	-3.539050E-8
3.628500E+3	-1.960440E-7	-3.469200E-8
3.619500E+3	-1.874300E-7	-1.164160E-8
3.611200E+3	-2.046590E-7	-6.984950E-9
3.607700E+3	-2.062890E-7	-1.024460E-8
3.604100E+3	-2.183960E-7	7.217780E-9
3.595900E+3	-2.186290E-7	-4.889470E-9
3.591700E+3	-2.258470E-7	-1.303860E-8
3.582400E+3	-2.323660E-7	-2.677560E-8
3.579100E+3	-2.270110E-7	-3.539050E-8
3.574000E+3	-2.423790E-7	-2.840550E-8
3.566300E+3	-2.344610E-7	-1.327140E-8
3.561400E+3	-2.346940E-7	4.656640E-9
3.554100E+3	-2.270110E-7	2.072200E-8
3.549000E+3	-2.242170E-7	6.984950E-9
3.542000E+3	-2.356260E-7	-1.653110E-8
3.536800E+3	-2.481990E-7	-2.421450E-8
3.529600E+3	-2.421460E-7	-2.095490E-8
3.524800E+3	-2.360910E-7	-1.955790E-8
3.517300E+3	-2.363240E-7	-3.958150E-9
3.513000E+3	-2.405160E-7	-3.026810E-9
3.504800E+3	-2.610050E-7	-8.614790E-9
3.499700E+3	-2.633330E-7	-6.984950E-9
3.492300E+3	-2.640320E-7	-2.328320E-10
3.487600E+3	-2.628680E-7	-8.847620E-9
3.484600E+3	-2.565810E-7	-2.514580E-8
3.474300E+3	-2.691540E-7	-2.165340E-8
3.471100E+3	-2.717150E-7	-2.677560E-8
3.461300E+3	-2.656620E-7	-2.351600E-8
3.457600E+3	-2.493630E-7	-3.213090E-8
3.454200E+3	-2.521570E-7	-3.003540E-8
3.444400E+3	-2.463370E-7	-2.910390E-8
3.440800E+3	-2.405160E-7	-4.284110E-8
3.432800E+3	-2.586770E-7	-4.423800E-8
3.428700E+3	-2.768370E-7	-4.400520E-8
3.421100E+3	-2.631000E-7	-2.956960E-8
3.416400E+3	-2.649630E-7	-1.606540E-8
3.410900E+3	-2.603060E-7	-7.217780E-9
3.403700E+3	-2.644970E-7	3.725320E-9
3.398700E+3	-2.696200E-7	3.492470E-9
3.391100E+3	-2.644970E-7	6.984950E-10
3.386400E+3	-2.670590E-7	2.793980E-9
3.378400E+3	-2.714820E-7	-8.614790E-9
3.374500E+3	-2.803300E-7	-6.752120E-9
3.366100E+3	-2.949980E-7	2.793980E-9
3.362200E+3	-2.814940E-7	-8.149130E-9
3.354600E+3	-2.821930E-7	-4.190980E-9
3.350500E+3	-2.733450E-7	-9.778940E-9
3.342200E+3	-2.633330E-7	-1.350420E-8
3.338800E+3	-2.488980E-7	-1.792810E-8
3.335200E+3	-2.556500E-7	-2.770700E-8
3.325400E+3	-2.544860E-7	-2.374880E-8
3.317400E+3	-2.617030E-7	-4.656640E-9
3.313700E+3	-2.631000E-7	-4.656650E-10
3.310400E+3	-2.803300E-7	1.071030E-8
3.302000E+3	-2.956970E-7	2.328320E-9
3.298100E+3	-2.991890E-7	1.629820E-9
3.290400E+3	-3.112960E-7	1.303860E-8
3.285800E+3	-3.057080E-7	4.889470E-9
3.278500E+3	-2.733450E-7	-2.770700E-8
3.273300E+3	-2.742760E-7	-2.561150E-8
3.265200E+3	-2.814940E-7	-1.071030E-8
3.261000E+3	-3.015180E-7	-3.958150E-9
3.253400E+3	-3.108310E-7	-6.519290E-9
3.248500E+3	-3.150220E-7	6.053630E-9
3.248500E+3	-3.150220E-7	6.053630E-9
3.236100E+3	-3.031470E-7	2.328320E-10
3.232400E+3	-3.073380E-7	0.000000E+0
3.222500E+3	-3.059410E-7	-9.778940E-9
3.219100E+3	-2.889450E-7	-2.025640E-8
3.210600E+3	-2.980250E-7	-1.862660E-8
3.207700E+3	-2.998880E-7	-2.468020E-8
3.198700E+3	-3.008190E-7	-1.210730E-8
3.195800E+3	-2.970940E-7	-1.420270E-8
3.186800E+3	-3.154870E-7	-6.984950E-9
3.183700E+3	-3.289920E-7	6.984950E-10
3.178400E+3	-3.227050E-7	-4.889470E-9
3.169000E+3	-3.203770E-7	9.546110E-9
3.165800E+3	-3.017500E-7	4.656650E-10
3.157200E+3	-3.196780E-7	-7.916300E-9
3.153500E+3	-3.243350E-7	-9.546110E-9
3.147900E+3	-3.273620E-7	-1.234010E-8
3.140500E+3	-3.296900E-7	-1.466840E-8
3.135300E+3	-3.369080E-7	-1.396990E-8
3.127500E+3	-3.350450E-7	-3.166520E-8
3.122900E+3	-3.392360E-7	-2.654280E-8
3.118400E+3	-3.397020E-7	-2.910390E-8
3.110400E+3	-3.178160E-7	-2.933680E-8
3.105400E+3	-3.143230E-7	-2.235190E-8
3.097200E+3	-3.050100E-7	-2.607710E-8
3.092300E+3	-3.108310E-7	-2.770700E-8
3.087700E+3	-3.206100E-7	-1.769520E-8
3.079200E+3	-3.292240E-7	-1.653110E-8
3.075800E+3	-3.231710E-7	-2.328320E-8
3.067100E+3	-3.115290E-7	-1.303860E-8
3.064200E+3	-3.050100E-7	-1.536690E-8
3.055100E+3	-3.331820E-7	-1.629830E-8
3.052200E+3	-3.392360E-7	-2.468020E-8
3.043000E+3	-3.594920E-7	-2.584430E-8
3.040000E+3	-3.641490E-7	-2.072200E-8
3.040000E+3	-3.641490E-7	-2.072200E-8
3.026700E+3	-3.562330E-7	-3.795160E-8
3.022000E+3	-3.625190E-7	-4.167690E-8
3.017600E+3	-3.548360E-7	-5.238710E-8
3.008500E+3	-3.497130E-7	-3.050100E-8
3.003700E+3	-3.592600E-7	-2.118770E-8
2.996200E+3	-3.643820E-7	-2.305030E-8
2.991100E+3	-3.830080E-7	-1.350420E-8
2.984100E+3	-3.955810E-7	0.000000E+0
2.979000E+3	-3.918560E-7	-6.984950E-10
2.971800E+3	-3.788170E-7	-2.491300E-8
2.966900E+3	-3.706680E-7	-3.655460E-8
2.966900E+3	-3.706680E-7	-3.655460E-8
2.954000E+3	-3.697370E-7	-1.653110E-8
2.950600E+3	-3.627520E-7	-1.676390E-8
2.941700E+3	-3.578630E-7	-1.746240E-8
2.934200E+3	-3.613550E-7	-1.955790E-8
2.929400E+3	-3.669430E-7	-2.072200E-8
2.925000E+3	-3.753250E-7	-2.002350E-8
2.916300E+3	-3.778860E-7	-2.002350E-8
2.913200E+3	-3.853370E-7	-1.443560E-8
2.904200E+3	-3.930200E-7	-1.047740E-8
2.901300E+3	-3.937180E-7	-2.281750E-8
2.890900E+3	-4.111810E-7	-1.885940E-8
2.887700E+3	-4.058260E-7	-3.771880E-8
2.883900E+3	-4.111810E-7	-3.050100E-8
2.876000E+3	-4.030320E-7	-3.934860E-8
2.871600E+3	-4.118790E-7	-3.352780E-8
2.862600E+3	-4.018680E-7	-3.399350E-8
2.859200E+3	-4.128110E-7	-2.817260E-8
2.851000E+3	-4.295740E-7	-1.234010E-8
2.846900E+3	-4.323680E-7	-2.095490E-9
2.839300E+3	-4.139750E-7	1.280570E-8
2.834600E+3	-4.181660E-7	1.443560E-8
2.827300E+3	-4.076880E-7	5.820790E-9
2.822200E+3	-4.083870E-7	-6.053630E-9
2.822200E+3	-4.083870E-7	-6.053630E-9
2.809500E+3	-4.223570E-7	-1.653110E-8
2.806000E+3	-4.135090E-7	-1.839370E-8
2.796500E+3	-4.128110E-7	-1.024460E-8
2.796500E+3	-4.128110E-7	-1.024460E-8
2.784000E+3	-4.163030E-7	-2.514580E-8
2.780500E+3	-4.135090E-7	-2.421450E-8
2.771800E+3	-4.156050E-7	-1.466840E-8
2.768700E+3	-4.211920E-7	-2.468020E-8
2.758900E+3	-4.251510E-7	-3.050100E-8
2.758900E+3	-4.251510E-7	-3.050100E-8
2.750600E+3	-4.293420E-7	-2.887110E-8
2.741500E+3	-4.358610E-7	-1.536690E-8
2.741500E+3	-4.358610E-7	-1.536690E-8
2.732800E+3	-4.225890E-7	-2.700850E-8
2.724100E+3	-4.263150E-7	-2.933680E-8
2.720300E+3	-4.270130E-7	-1.955790E-8
2.712300E+3	-4.093180E-7	-1.955790E-8
2.707900E+3	-4.135090E-7	-1.653110E-8
2.700400E+3	-4.025660E-7	-1.606540E-8
2.695600E+3	-4.055930E-7	-2.188620E-8
2.688500E+3	-4.193300E-7	-2.188620E-8
2.683200E+3	-4.216580E-7	-2.305030E-8
2.676200E+3	-4.263150E-7	-2.235190E-8
2.671100E+3	-4.421470E-7	-2.025640E-8
2.668100E+3	-4.395860E-7	-1.955790E-8
2.658300E+3	-4.319030E-7	-2.677560E-8
2.654500E+3	-4.244520E-7	-2.468020E-8
2.645700E+3	-4.058260E-7	-2.770700E-8
2.642400E+3	-4.004710E-7	-1.699680E-8
2.633400E+3	-4.181660E-7	-3.725320E-9
2.628700E+3	-4.165360E-7	-3.026810E-9
2.625500E+3	-4.177000E-7	-1.234010E-8
2.615200E+3	-4.372580E-7	-1.117590E-8
2.612400E+3	-4.416820E-7	-1.303860E-8
2.612400E+3	-4.416820E-7	-1.303860E-8
2.600200E+3	-4.500630E-7	2.328320E-9
2.591400E+3	-4.242190E-7	2.328320E-10
2.591400E+3	-4.242190E-7	2.328320E-10
2.582800E+3	-4.277120E-7	2.328320E-9
2.575200E+3	-4.284100E-7	-2.654280E-8
2.570200E+3	-4.386550E-7	-2.281750E-8
2.561600E+3	-4.493650E-7	-4.353960E-8
2.557200E+3	-4.568160E-7	-4.796330E-8
2.549600E+3	-4.495980E-7	-5.075730E-8
2.544800E+3	-4.472690E-7	-3.469200E-8
2.537400E+3	-4.495980E-7	-3.329500E-8
2.532300E+3	-4.421470E-7	-3.352780E-8
2.528700E+3	-4.267800E-7	-3.306220E-8
2.520000E+3	-4.326010E-7	-2.072200E-8
2.515400E+3	-4.421470E-7	-1.653110E-8
2.507600E+3	-4.323680E-7	-1.769520E-8
2.503600E+3	-4.351620E-7	-1.396990E-8
2.495000E+3	-4.477350E-7	-1.327140E-8
2.490200E+3	-4.491320E-7	-3.725320E-9
2.487400E+3	-4.302730E-7	-9.313300E-10
2.477100E+3	-4.239860E-7	8.149130E-9
2.477100E+3	-4.239860E-7	8.149130E-9
2.473900E+3	-4.144400E-7	-1.396990E-9
2.462100E+3	-3.932530E-7	-7.450640E-9
2.453100E+3	-3.974440E-7	-2.793980E-9
2.448700E+3	-3.920890E-7	-8.381960E-9
2.445000E+3	-3.918560E-7	-1.443560E-8
2.435600E+3	-3.802140E-7	-9.546110E-9
2.431500E+3	-3.750920E-7	-1.187440E-8
2.426000E+3	-3.629850E-7	-1.653110E-8
2.418900E+3	-3.525070E-7	-1.536690E-8
2.413700E+3	-3.511100E-7	-9.080450E-9
2.406500E+3	-3.392360E-7	-1.396990E-8
2.401400E+3	-3.501790E-7	0.000000E+0
2.394100E+3	-3.413320E-7	1.513410E-8
2.389200E+3	-3.387700E-7	6.286460E-9
2.381500E+3	-3.459880E-7	-2.793980E-9
2.377100E+3	-3.522750E-7	3.958150E-9
2.369600E+3	-3.492480E-7	-5.355130E-9
2.364800E+3	-3.362090E-7	-1.420270E-8
2.361900E+3	-3.306210E-7	-1.420270E-8
2.350600E+3	-3.294570E-7	-2.793980E-9
2.347200E+3	-3.243350E-7	-9.546110E-9
2.338200E+3	-3.126930E-7	-2.817260E-8
2.335200E+3	-3.126930E-7	-2.817260E-8
2.326000E+3	-2.719480E-7	-3.236370E-8
2.323100E+3	-2.684560E-7	-2.351600E-8
2.314200E+3	-2.621690E-7	-3.539050E-8
2.311200E+3	-2.584440E-7	-2.118770E-8
2.306100E+3	-2.528560E-7	-1.071030E-8
2.298200E+3	-2.344610E-7	-1.071030E-8
2.293600E+3	-2.281750E-7	-2.328320E-9
2.286400E+3	-2.153690E-7	-5.355130E-9
2.281400E+3	-2.216560E-7	-4.656650E-10
2.274200E+3	-2.132740E-7	-3.026810E-9
2.269100E+3	-2.067550E-7	-2.095490E-9
2.261800E+3	-1.906890E-7	-1.420270E-8
2.256200E+3	-1.925520E-7	-1.234010E-8
2.248700E+3	-1.983730E-7	-4.656640E-9
2.242500E+3	-1.944140E-7	-1.234010E-8
2.238500E+3	-1.832390E-7	-2.211900E-8
2.229900E+3	-1.543680E-7	-2.048920E-8
2.226100E+3	-1.408630E-7	-1.187440E-8
2.218300E+3	-1.229350E-7	-1.024460E-8
2.214300E+3	-1.196760E-7	-3.259640E-9
2.205700E+3	-9.010590E-8	1.862660E-9
2.202900E+3	-8.149120E-8	5.820790E-9
2.194000E+3	-7.450630E-8	-1.210730E-8
2.189600E+3	-6.193340E-8	-1.164160E-8
2.185500E+3	-5.820790E-8	-1.187440E-8
2.176000E+3	-6.146770E-8	-2.048920E-8
2.172800E+3	-5.355130E-8	-1.466840E-8
2.164200E+3	-3.841730E-8	-2.398170E-8
2.160500E+3	-2.584430E-8	-2.258470E-8
2.155300E+3	-1.164160E-9	-2.374880E-8
2.147500E+3	1.629830E-8	-1.746240E-8
2.142300E+3	1.257290E-8	-1.024460E-8
2.135300E+3	1.746240E-8	-1.955790E-8
2.130000E+3	2.631000E-8	-2.421450E-8
2.122800E+3	5.727660E-8	-1.396990E-8
2.117900E+3	7.031530E-8	-4.656650E-10
2.109900E+3	8.218970E-8	-1.257290E-8
2.109900E+3	8.218970E-8	-1.257290E-8
2.097400E+3	1.040760E-7	1.094310E-8
2.092200E+3	1.119920E-7	2.165340E-8
2.084800E+3	1.394660E-7	2.398170E-8
2.080100E+3	1.464510E-7	2.025640E-8
2.075700E+3	1.583260E-7	2.281750E-8
2.067000E+3	1.711310E-7	1.699680E-8
2.062600E+3	1.892920E-7	6.286460E-9
2.058900E+3	2.146710E-7	-1.443560E-8
2.049400E+3	2.305030E-7	-1.536690E-8
2.046300E+3	2.353930E-7	-1.350420E-8
2.035800E+3	2.363240E-7	1.164160E-9
2.035800E+3	2.363240E-7	1.164160E-9
2.028200E+3	2.405160E-7	2.561150E-9
2.019200E+3	2.519250E-7	-3.492470E-9
2.015400E+3	2.456380E-7	-1.234010E-8
2.009700E+3	2.472680E-7	-1.001180E-8
2.002400E+3	2.966280E-7	-1.606540E-8
1.997000E+3	3.112960E-7	-1.606540E-8
1.992100E+3	3.236360E-7	-1.234010E-8
1.984100E+3	3.541370E-7	-6.519290E-9
1.978800E+3	3.546030E-7	-6.519290E-9
1.971800E+3	3.862680E-7	-1.303860E-8
1.966900E+3	3.974440E-7	-1.396990E-8
1.959900E+3	4.011690E-7	-9.778940E-9
1.955500E+3	4.083870E-7	-1.071030E-8
1.948400E+3	4.365590E-7	-8.614790E-9
1.948400E+3	4.365590E-7	-8.614790E-9
1.937300E+3	4.591440E-7	4.889470E-9
1.933100E+3	4.633350E-7	8.847620E-9
1.926900E+3	4.700870E-7	9.546110E-9
1.923200E+3	4.731140E-7	6.984950E-9
1.916700E+3	4.784710E-7	1.629820E-9
1.913700E+3	4.828940E-7	-2.095490E-9
1.911500E+3	4.835930E-7	-9.313300E-10
1.904800E+3	5.045480E-7	-3.725320E-9
1.901400E+3	5.180520E-7	-6.053630E-9
1.894500E+3	5.378420E-7	-1.187440E-8
1.892500E+3	5.422660E-7	-1.955790E-8
1.885900E+3	5.832440E-7	-1.629830E-8
1.883400E+3	5.869700E-7	-1.350420E-8
1.877400E+3	5.879010E-7	-1.071030E-8
1.874300E+3	5.774240E-7	-2.793980E-9
1.868800E+3	5.953520E-7	-2.328320E-10
1.865100E+3	6.079240E-7	-9.313280E-9
1.860100E+3	6.191000E-7	-2.770700E-8
1.855900E+3	6.249210E-7	-2.654280E-8
1.852000E+3	6.379600E-7	-3.003540E-8
1.846700E+3	6.572850E-7	-2.933680E-8
1.843100E+3	6.596130E-7	-2.631000E-8
1.837300E+3	6.749800E-7	-3.026810E-9
1.834200E+3	6.863880E-7	2.328320E-9
1.827900E+3	7.073430E-7	1.094310E-8
1.825400E+3	7.120000E-7	2.328320E-10
1.818400E+3	7.250380E-7	1.862660E-9
1.816200E+3	7.362140E-7	-3.026810E-9
1.808900E+3	7.525120E-7	1.792810E-8
1.806900E+3	7.655510E-7	2.211900E-8
1.799400E+3	7.634550E-7	1.164160E-8
1.797200E+3	7.762610E-7	2.328320E-9
1.789700E+3	7.858070E-7	-1.839370E-8
1.787000E+3	7.916280E-7	-2.328320E-8
1.779800E+3	7.967500E-7	-1.327140E-8
1.776400E+3	8.072270E-7	-1.001180E-8
1.769600E+3	8.128150E-7	-1.140880E-8
1.765500E+3	8.121170E-7	-1.862660E-9
1.760400E+3	8.184030E-7	7.916300E-9
1.754000E+3	8.314420E-7	8.149130E-9
1.749000E+3	8.314420E-7	6.752120E-9
1.742200E+3	8.549580E-7	-1.862660E-9
1.742200E+3	8.549580E-7	-1.862660E-9
1.729800E+3	8.940730E-7	1.816090E-8
1.724600E+3	9.036190E-7	1.536690E-8
1.717400E+3	9.168910E-7	9.313300E-10
1.712300E+3	9.327230E-7	2.561150E-9
1.704600E+3	9.322580E-7	1.699680E-8
1.699800E+3	9.276010E-7	1.606540E-8
1.696700E+3	9.457620E-7	5.122300E-9
1.687100E+3	9.562430E-7	2.793980E-9
1.678000E+3	9.627620E-7	5.122300E-9
1.674200E+3	9.669530E-7	1.396990E-8
1.670100E+3	9.855790E-7	1.327140E-8
1.661100E+3	1.009560E-6	-3.492470E-9
1.656400E+3	1.017940E-6	-5.820790E-9
1.646100E+3	1.023530E-6	-2.095490E-9
1.642200E+3	1.029580E-6	3.492470E-9
1.632800E+3	1.026560E-6	3.958150E-9
1.628400E+3	1.024690E-6	1.094310E-8
1.623000E+3	1.036340E-6	7.450640E-9
1.614400E+3	1.056830E-6	-8.614790E-9
1.608700E+3	1.053330E-6	-8.149130E-9
1.600100E+3	1.045420E-6	-1.885940E-8
1.595000E+3	1.042160E-6	-7.916300E-9
1.595000E+3	1.042160E-6	-7.916300E-9
1.589000E+3	1.033540E-6	2.561150E-9
1.576100E+3	1.041920E-6	2.328320E-10
1.568300E+3	1.063340E-6	3.958150E-9
1.562200E+3	1.078480E-6	1.071030E-8
1.554300E+3	1.097110E-6	1.816090E-8
1.550000E+3	1.096640E-6	1.862660E-8
1.541500E+3	1.102690E-6	2.211900E-8
1.541500E+3	1.102690E-6	2.211900E-8
1.534400E+3	1.125740E-6	2.118770E-8
1.524200E+3	1.124110E-6	2.048920E-8
1.521300E+3	1.126670E-6	1.699680E-8
1.516300E+3	1.113870E-6	6.984950E-9
1.507900E+3	1.114800E-6	2.142050E-8
1.503700E+3	1.124580E-6	3.306220E-8
1.496100E+3	1.127840E-6	2.793980E-9
1.487100E+3	1.135290E-6	-9.778940E-9
1.484200E+3	1.129470E-6	-7.217780E-9
1.478800E+3	1.128770E-6	-1.396990E-9
1.473800E+3	1.121550E-6	1.164160E-9
1.466000E+3	1.123180E-6	1.024460E-8
1.460700E+3	1.125740E-6	1.653110E-8
1.453400E+3	1.144600E-6	2.863830E-8
1.448200E+3	1.144600E-6	4.493650E-8
1.440600E+3	1.142270E-6	5.308560E-8
1.435700E+3	1.141110E-6	4.493650E-8
1.427300E+3	1.128540E-6	3.329500E-8
1.422000E+3	1.122480E-6	2.514580E-8
1.414200E+3	1.132730E-6	9.313280E-9
1.409100E+3	1.130400E-6	9.313280E-9
1.401100E+3	1.125980E-6	1.210730E-8
1.396300E+3	1.130400E-6	1.699680E-8
1.393100E+3	1.133660E-6	2.561150E-8
1.382100E+3	1.136220E-6	2.631000E-8
1.378900E+3	1.136690E-6	2.211900E-8
1.369200E+3	1.145070E-6	4.656640E-9
1.366100E+3	1.145770E-6	4.656650E-10
1.366100E+3	1.145770E-6	4.656650E-10
1.353300E+3	1.142970E-6	1.862660E-9
1.344200E+3	1.132260E-6	1.187440E-8
1.340600E+3	1.132960E-6	9.546110E-9
1.332000E+3	1.126440E-6	-1.769520E-8
1.327900E+3	1.123420E-6	-2.048920E-8
1.322900E+3	1.123420E-6	-2.281750E-8
1.315000E+3	1.121790E-6	-2.281750E-8
1.309700E+3	1.120390E-6	-2.165340E-8
1.301800E+3	1.112940E-6	-2.118770E-8
1.297100E+3	1.108280E-6	-1.885940E-8
1.291600E+3	1.108280E-6	-6.519290E-9
1.291600E+3	1.108280E-6	-6.519290E-9
1.279800E+3	1.097800E-6	-3.259640E-9
1.272600E+3	1.102930E-6	-4.889470E-9
1.267100E+3	1.105490E-6	2.095490E-9
1.264400E+3	1.112010E-6	3.958150E-9
1.254700E+3	1.115270E-6	-3.026810E-9
1.251800E+3	1.119220E-6	-1.001180E-8
1.242800E+3	1.121550E-6	6.519290E-9
1.239200E+3	1.112010E-6	6.984950E-9
1.239200E+3	1.112010E-6	6.984950E-9
1.226800E+3	1.072430E-6	-2.002350E-8
1.224300E+3	1.073360E-6	-1.350420E-8
1.214800E+3	1.086630E-6	-7.217780E-9
1.212100E+3	1.088960E-6	7.450640E-9
1.207800E+3	1.095240E-6	1.536690E-8
1.199600E+3	1.087790E-6	2.910390E-8
1.196700E+3	1.078250E-6	2.747410E-8
1.188900E+3	1.065440E-6	1.513410E-8
1.185400E+3	1.049370E-6	1.955790E-8
1.180700E+3	1.038900E-6	2.165340E-8
1.173700E+3	1.034240E-6	1.559980E-8
1.168900E+3	1.024460E-6	4.423810E-9
1.161300E+3	1.010260E-6	-9.778940E-9
1.156400E+3	1.010960E-6	-2.235190E-8
1.151800E+3	1.002580E-6	-2.654280E-8
1.144300E+3	1.006070E-6	-1.187440E-8
1.139200E+3	1.003740E-6	-4.423810E-9
1.136400E+3	1.006070E-6	3.492470E-9
1.127100E+3	1.005140E-6	1.327140E-8
1.123400E+3	1.007000E-6	1.234010E-8
1.115300E+3	1.026090E-6	-1.396990E-9
1.112100E+3	1.033080E-6	-1.862660E-9
1.103500E+3	1.033080E-6	3.958150E-9
1.100700E+3	1.029580E-6	7.217780E-9
1.092000E+3	1.015850E-6	1.559980E-8
1.089200E+3	1.017240E-6	1.885940E-8
1.084300E+3	1.011890E-6	2.514580E-8
1.076100E+3	9.893050E-7	2.793980E-8
1.072000E+3	9.785940E-7	1.699680E-8
1.064500E+3	9.774300E-7	1.746240E-8
1.059900E+3	9.683500E-7	1.932510E-8
1.052800E+3	9.716100E-7	2.072200E-8
1.048000E+3	9.692810E-7	1.699680E-8
1.041300E+3	9.560100E-7	2.142050E-8
1.036100E+3	9.462270E-7	2.281750E-8
1.029100E+3	9.438990E-7	2.398170E-8
1.024500E+3	9.383110E-7	2.142050E-8
1.018100E+3	9.229440E-7	3.515770E-8
1.013300E+3	9.213140E-7	3.981430E-8
1.007100E+3	9.131650E-7	4.121130E-8
1.002400E+3	9.029210E-7	3.166520E-8
9.998000E+2	8.968670E-7	2.887110E-8
9.913000E+2	8.987300E-7	3.888290E-8
9.880000E+2	8.894170E-7	3.329500E-8
9.806000E+2	8.770770E-7	1.816090E-8
9.780000E+2	8.796380E-7	5.820790E-9
9.741000E+2	8.815000E-7	-5.587960E-9
9.663000E+2	8.759130E-7	-1.629820E-9
9.627000E+2	8.707900E-7	-1.862660E-9
9.549000E+2	8.600800E-7	-3.725320E-9
9.522000E+2	8.551910E-7	-1.396990E-9
9.443000E+2	8.312090E-7	3.259640E-9
9.419000E+2	8.333050E-7	4.656650E-10
9.341000E+2	8.430830E-7	-1.490130E-8
9.312000E+2	8.428510E-7	-1.932510E-8
9.227000E+2	8.312090E-7	-5.587960E-9
9.196000E+2	8.279490E-7	-8.381960E-9
9.150000E+2	8.267850E-7	-4.656650E-10
9.084000E+2	8.244570E-7	6.286460E-9
9.039000E+2	8.179380E-7	-6.984950E-10
8.993000E+2	8.149110E-7	-1.164160E-9
8.930000E+2	8.360980E-7	1.420270E-8
8.882000E+2	8.312090E-7	1.420270E-8
8.854000E+2	8.249230E-7	1.513410E-8
8.774000E+2	8.193350E-7	8.614790E-9
8.738000E+2	8.207320E-7	-2.328320E-10
8.659000E+2	8.174720E-7	1.164160E-9
8.622000E+2	8.042010E-7	1.071030E-8
8.559000E+2	7.757950E-7	3.865010E-8
8.520000E+2	7.704400E-7	4.447090E-8
8.452000E+2	7.723030E-7	3.585610E-8
8.418000E+2	7.732340E-7	2.677560E-8
8.345000E+2	7.518140E-7	2.537870E-8
8.316000E+2	7.620580E-7	3.376070E-8
8.285000E+2	7.695090E-7	3.422630E-8
8.215000E+2	7.743980E-7	2.211900E-8
8.176000E+2	7.625240E-7	2.328320E-8
8.100000E+2	7.422680E-7	2.328320E-9
8.062000E+2	7.504170E-7	-6.053630E-9
8.017000E+2	7.425010E-7	-1.257290E-8
7.962000E+2	7.390080E-7	-5.122300E-9
7.918000E+2	7.415690E-7	-2.793980E-9
7.850000E+2	7.245730E-7	1.466840E-8
7.806000E+2	7.215460E-7	2.444730E-8
7.762000E+2	7.068770E-7	2.328320E-8
7.702000E+2	6.954690E-7	3.958150E-9
7.664000E+2	6.926750E-7	-3.725320E-9
7.599000E+2	6.801020E-7	-1.117590E-8
7.567000E+2	6.817320E-7	-1.047740E-8
7.499000E+2	6.882510E-7	1.629820E-9
7.473000E+2	6.977970E-7	5.122300E-9
7.398000E+2	6.826630E-7	4.656650E-10
7.376000E+2	6.808000E-7	-4.190980E-9
7.301000E+2	6.707890E-7	-3.725320E-9
7.265000E+2	6.561200E-7	4.656650E-10
7.194000E+2	6.470400E-7	-1.536690E-8
7.170000E+2	6.586820E-7	-1.909220E-8
7.138000E+2	6.677620E-7	-2.188620E-8
7.075000E+2	6.519290E-7	-2.281750E-8
6.998000E+2	6.286460E-7	-1.839370E-8
6.977000E+2	6.344670E-7	-1.606540E-8
6.934000E+2	6.314400E-7	-2.328320E-10
6.878000E+2	6.284140E-7	6.984950E-9
6.833000E+2	6.274820E-7	-2.328320E-10
6.777000E+2	6.160740E-7	1.094310E-8
6.733000E+2	6.184020E-7	2.048920E-8
6.673000E+2	6.135120E-7	3.632180E-8
6.627000E+2	6.114170E-7	3.399350E-8
6.599000E+2	6.011720E-7	3.748600E-8
6.525000E+2	5.650840E-7	2.561150E-8
6.487000E+2	5.611250E-7	1.746240E-8
6.422000E+2	5.648510E-7	-2.561150E-9
6.378000E+2	5.720690E-7	-9.546110E-9
6.319000E+2	5.636870E-7	-1.676390E-8
6.278000E+2	5.620570E-7	-1.420270E-8
6.241000E+2	5.632210E-7	-1.071030E-8
6.168000E+2	5.348160E-7	6.053630E-9
6.143000E+2	5.229410E-7	8.149130E-9
6.066000E+2	5.087390E-7	-9.313300E-10
6.066000E+2	5.087390E-7	-9.313300E-10
5.965000E+2	5.050130E-7	-2.561150E-9
5.942000E+2	5.113000E-7	1.396990E-9
5.898000E+2	5.189830E-7	1.583260E-8
5.830000E+2	4.950020E-7	9.778940E-9
5.793000E+2	4.919750E-7	7.217780E-9
5.719000E+2	4.894140E-7	6.053630E-9
5.687000E+2	4.831270E-7	6.752120E-9
5.632000E+2	4.728810E-7	-3.725320E-9
5.574000E+2	4.607740E-7	-1.071030E-8
5.526000E+2	4.633350E-7	-1.117590E-8
5.467000E+2	4.570480E-7	-6.053630E-9
5.422000E+2	4.554190E-7	-1.187440E-8
5.393000E+2	4.577470E-7	-2.048920E-8
5.317000E+2	4.482010E-7	-1.653110E-8
5.279000E+2	4.333000E-7	-6.286460E-9
5.213000E+2	4.281770E-7	-8.847620E-9
5.180000E+2	4.242190E-7	-3.259640E-9
5.109000E+2	4.281770E-7	-4.190980E-9
5.083000E+2	4.188640E-7	9.080450E-9
5.007000E+2	4.067570E-7	1.117590E-8
4.984000E+2	3.981420E-7	2.561150E-9
4.915000E+2	3.757900E-7	-2.421450E-8
4.847000E+2	3.676410E-7	-2.095490E-8
4.577000E+2	3.441260E-7	-9.778940E-9
4.401000E+2	3.217740E-7	-7.683470E-9
4.172000E+2	3.096670E-7	-1.327140E-8
3.772000E+2	2.875480E-7	-6.519290E-9
3.545000E+2	2.584440E-7	-1.257290E-8
3.082000E+2	1.972080E-7	-2.677560E-8
2.771000E+2	1.634480E-7	-3.306220E-8
2.261000E+2	8.777760E-8	-3.236370E-8
1.983000E+2	3.352780E-8	-2.258470E-8
1.641000E+2	6.984950E-10	-1.164160E-8
1.073000E+2	-1.031440E-7	-1.280570E-8
7.280000E+1	-1.713640E-7	-2.793980E-9
4.500000E+1	-2.770700E-7	3.166520E-8
-1.980000E+1	-1.650780E-7	9.778940E-9
-4.710000E+1	-2.631000E-8	-1.373710E-8
-1.043000E+2	1.529710E-7	-4.470370E-8
-1.315000E+2	1.818420E-7	-4.656640E-8
-1.870000E+2	1.657760E-7	-3.259650E-8
-2.139000E+2	1.452870E-7	-3.236370E-8
-2.417000E+2	1.103620E-7	-2.654280E-8
-2.986000E+2	2.910390E-8	-2.351600E-8
-3.248000E+2	2.910390E-8	-2.351600E-8
