Sample Name, Varga_handpulled_35.65G
Freq displayed, 3.568, GHz, Power, 13, dBm, 35.65 Ghz, adjusted black knob, disconnected voltmeter
SR850: f = 25 Hz; phase = -84 deg; output = 5 V; sens. = 500 uV; tc = 300 ms; 12dB/oct
Field	X	Y
Oe	V	V
*
-6.367000E+2	9.536820E-7	1.192100E-7
-6.372000E+2	9.238760E-7	4.470370E-7
-6.369000E+2	5.364450E-7	4.470370E-7
-6.372000E+2	-9.238760E-7	1.043090E-6
-6.197000E+2	-1.877550E-6	8.046660E-7
-6.103000E+2	-2.443800E-6	5.960500E-7
-5.819000E+2	-1.251700E-6	-3.278270E-7
-5.679000E+2	-5.960500E-7	-2.980250E-7
-5.374000E+2	-4.470370E-7	5.960500E-7
-5.227000E+2	-1.013290E-6	1.788150E-6
-5.039000E+2	-1.579530E-6	1.668940E-6
-4.724000E+2	-1.221900E-6	3.874320E-7
-4.544000E+2	-1.341110E-6	-3.576300E-7
-4.392000E+2	-1.698740E-6	-4.768410E-7
-4.135000E+2	-2.026570E-6	-2.086170E-7
-3.998000E+2	-1.966970E-6	0.000000E+0
-3.778000E+2	-2.235190E-6	5.066430E-7
-3.661000E+2	-2.264990E-6	5.960510E-8
-3.453000E+2	-2.861040E-6	1.490130E-7
-3.350000E+2	-2.384200E-6	7.152590E-7
-3.179000E+2	-1.609330E-6	-9.536820E-7
-3.078000E+2	-2.056370E-6	-2.026570E-6
-2.904000E+2	-2.056370E-6	-4.321370E-6
-2.779000E+2	-1.758340E-6	-3.933940E-6
-2.685000E+2	-1.609330E-6	-3.695500E-6
-2.483000E+2	-3.278270E-7	-2.712030E-6
-2.389000E+2	1.490130E-7	-2.503410E-6
-2.176000E+2	-1.192100E-7	-1.460320E-6
-2.084000E+2	-3.874320E-7	-1.311310E-6
-1.845000E+2	-2.235190E-6	-2.324600E-6
-1.748000E+2	-3.427280E-6	-1.549730E-6
-1.649000E+2	-3.665700E-6	-9.536820E-7
-1.412000E+2	-3.010050E-6	-8.642710E-7
-1.322000E+2	-2.533210E-6	-9.536820E-7
-1.111000E+2	-1.281510E-6	-5.066430E-7
-1.018000E+2	-1.162300E-6	-5.364450E-7
-8.140000E+1	-6.854570E-7	-5.960500E-7
-7.150000E+1	-1.192100E-6	-5.960500E-7
-5.150000E+1	-5.364450E-7	-1.013290E-6
-4.110000E+1	1.251700E-6	-9.238760E-7
-2.150000E+1	3.218670E-6	-1.311310E-6
-1.060000E+1	3.129260E-6	-1.877550E-6
8.800000E+0	-1.788150E-7	-1.788150E-6
2.170000E+1	-1.877550E-6	-1.609330E-6
3.280000E+1	-3.784910E-6	-1.192100E-6
5.240000E+1	-6.169110E-6	1.043090E-6
6.270000E+1	-5.185630E-6	1.311310E-6
8.440000E+1	-1.519930E-6	-3.278270E-7
9.550000E+1	-8.046660E-7	-1.192100E-7
1.046000E+2	-2.980250E-8	-6.556550E-7
1.258000E+2	8.642710E-7	-1.490130E-7
1.459000E+2	1.817950E-6	4.768410E-7
1.559000E+2	2.264990E-6	1.549730E-6
1.650000E+2	2.503410E-6	2.443800E-6
1.858000E+2	3.039850E-6	1.490120E-6
2.068000E+2	3.159060E-6	1.370910E-6
2.160000E+2	2.503410E-6	4.768410E-7
2.289000E+2	2.264990E-6	-2.980250E-8
2.492000E+2	6.556550E-7	-1.966970E-6
2.587000E+2	7.748640E-7	-2.712030E-6
2.729000E+2	1.639140E-6	-3.308070E-6
2.922000E+2	2.175580E-6	-2.950440E-6
3.033000E+2	2.056370E-6	-2.294790E-6
3.247000E+2	2.443800E-6	-2.056370E-6
3.359000E+2	2.920640E-6	-1.311310E-6
3.554000E+2	2.473610E-6	5.066430E-7
3.666000E+2	2.354400E-6	1.132500E-6
3.861000E+2	2.652420E-6	8.940730E-7
3.973000E+2	2.712030E-6	8.642710E-7
4.170000E+2	2.294790E-6	2.980250E-7
4.277000E+2	1.281510E-6	9.834840E-7
4.480000E+2	2.980250E-7	1.102690E-6
4.583000E+2	5.960510E-8	1.013290E-6
4.676000E+2	5.066430E-7	1.072890E-6
4.918000E+2	1.877550E-6	5.960510E-8
5.008000E+2	1.788150E-6	-1.192100E-7
5.118000E+2	1.966970E-6	-3.874320E-7
5.341000E+2	1.788150E-6	-1.251700E-6
5.442000E+2	1.639140E-6	-1.907360E-6
5.644000E+2	4.470370E-7	-1.937170E-6
5.857000E+2	6.556550E-7	0.000000E+0
5.948000E+2	1.460320E-6	5.662480E-7
6.077000E+2	1.668940E-6	1.072890E-6
6.190000E+2	1.758340E-6	1.907360E-6
6.406000E+2	2.264990E-6	1.817950E-6
6.521000E+2	3.546490E-6	1.192100E-6
6.745000E+2	3.993540E-6	0.000000E+0
6.854000E+2	3.695500E-6	-1.490130E-7
7.057000E+2	3.039850E-6	1.192100E-7
7.171000E+2	2.712030E-6	2.086170E-7
7.276000E+2	3.248470E-6	-5.066430E-7
7.506000E+2	4.112750E-6	-1.788150E-7
7.617000E+2	3.516690E-6	5.066430E-7
7.823000E+2	3.010050E-6	1.579530E-6
7.929000E+2	3.069650E-6	2.503410E-6
8.138000E+2	2.831240E-6	2.205390E-6
8.238000E+2	2.205390E-6	2.324600E-6
8.470000E+2	2.592820E-6	6.854570E-7
8.579000E+2	3.665700E-6	-3.576300E-7
8.672000E+2	4.291560E-6	-3.278270E-7
8.923000E+2	4.291560E-6	-6.854570E-7
9.017000E+2	3.963740E-6	-3.874320E-7
9.267000E+2	3.486890E-6	-2.384200E-7
9.361000E+2	2.741830E-6	2.384200E-7
9.471000E+2	2.294790E-6	9.536820E-7
9.674000E+2	2.324600E-6	2.294790E-6
9.789000E+2	2.354400E-6	1.907360E-6
1.001800E+3	3.397480E-6	1.370910E-6
1.012600E+3	3.755110E-6	9.238760E-7
1.033200E+3	2.086180E-6	1.490130E-7
1.044600E+3	1.192100E-6	2.980250E-8
1.064700E+3	1.043090E-6	2.324600E-6
1.076200E+3	1.102690E-6	2.563010E-6
1.096100E+3	1.847750E-6	1.370910E-6
1.107700E+3	2.354400E-6	1.132500E-6
1.120400E+3	2.831240E-6	7.748640E-7
1.141100E+3	2.294790E-6	-8.940740E-8
1.154200E+3	2.175580E-6	-6.258520E-7
1.174000E+3	2.324600E-6	-9.238760E-7
1.185100E+3	2.503410E-6	-6.258520E-7
1.194400E+3	3.308070E-6	-4.172340E-7
1.219400E+3	2.920640E-6	-1.192100E-7
1.228600E+3	2.980250E-6	3.874320E-7
1.250400E+3	2.682220E-6	1.490120E-6
1.260000E+3	2.235190E-6	1.788150E-6
1.281200E+3	1.221900E-6	1.639140E-6
1.291200E+3	1.817950E-6	8.642710E-7
1.311800E+3	2.115980E-6	-1.788150E-7
1.322300E+3	1.966970E-6	1.788150E-7
1.345300E+3	2.741830E-6	1.102690E-6
1.354900E+3	3.397480E-6	1.281510E-6
1.366100E+3	3.665700E-6	5.960500E-7
1.387200E+3	3.427280E-6	2.980250E-7
1.398300E+3	3.129260E-6	4.172340E-7
1.411100E+3	3.099460E-6	-1.788150E-7
1.430300E+3	4.529980E-6	2.980250E-7
1.443400E+3	4.172350E-6	5.066430E-7
1.462600E+3	4.351170E-6	9.536820E-7
1.473800E+3	4.589590E-6	1.728540E-6
1.492900E+3	4.798200E-6	1.937170E-6
1.503900E+3	3.814730E-6	1.847750E-6
1.523400E+3	3.755110E-6	3.039850E-6
1.533900E+3	3.725300E-6	4.112750E-6
1.553900E+3	2.950440E-6	3.188860E-6
1.563800E+3	2.086180E-6	2.294790E-6
1.575700E+3	1.609330E-6	1.698740E-6
1.599200E+3	1.788150E-6	2.384200E-7
1.608900E+3	1.579530E-6	-5.662480E-7
1.618500E+3	2.056370E-6	-1.221900E-6
1.641900E+3	2.145780E-6	-2.324600E-6
1.651800E+3	1.937170E-6	-2.145780E-6
1.675100E+3	1.907360E-6	-1.639140E-6
1.684300E+3	1.937170E-6	-1.311310E-6
1.695400E+3	3.337870E-6	-1.490120E-6
1.717000E+3	4.440580E-6	-1.788150E-6
1.727600E+3	3.755110E-6	-2.503410E-6
1.747000E+3	2.056370E-6	-2.741830E-6
1.758100E+3	1.430520E-6	-2.086180E-6
1.777300E+3	7.152590E-7	1.490130E-7
1.788600E+3	1.221900E-6	1.013290E-6
1.798000E+3	2.294790E-6	1.311310E-6
1.821100E+3	3.963740E-6	1.609330E-6
1.831300E+3	3.606100E-6	1.370910E-6
1.851600E+3	3.188860E-6	8.046660E-7
1.861300E+3	3.188860E-6	5.960500E-7
1.882000E+3	3.844530E-6	1.460320E-6
1.894200E+3	4.172350E-6	1.490120E-6
1.903100E+3	4.500180E-6	2.264990E-6
1.924200E+3	4.917410E-6	1.817950E-6
1.944600E+3	4.887610E-6	6.556550E-7
1.954000E+3	3.963740E-6	2.682230E-7
1.974900E+3	2.384200E-6	5.662480E-7
1.984000E+3	2.175580E-6	8.046660E-7
1.994400E+3	1.817950E-6	5.960500E-7
2.017000E+3	2.145780E-6	-3.278270E-7
2.026700E+3	2.563010E-6	-1.192100E-6
2.050400E+3	3.665700E-6	-2.145780E-6
2.059400E+3	4.082950E-6	-1.758340E-6
2.072400E+3	4.738600E-6	-1.490120E-6
2.092700E+3	6.616140E-6	-9.536820E-7
2.106000E+3	5.662470E-6	-5.960500E-7
2.117000E+3	4.529980E-6	-1.788150E-7
2.138500E+3	2.622620E-6	1.192100E-6
2.149800E+3	2.473610E-6	1.460320E-6
2.159100E+3	1.668940E-6	1.847750E-6
2.182000E+3	2.682220E-6	5.066430E-7
2.192100E+3	2.771630E-6	7.450620E-7
2.214000E+3	2.682220E-6	8.642710E-7
2.224900E+3	2.622620E-6	1.221900E-6
2.244400E+3	2.324600E-6	1.877550E-6
2.254700E+3	2.264990E-6	2.175580E-6
2.266500E+3	2.712030E-6	2.235190E-6
2.287600E+3	4.291560E-6	1.341110E-6
2.296600E+3	5.364450E-6	6.556550E-7
2.320200E+3	5.692270E-6	-7.748640E-7
2.329800E+3	6.198910E-6	-9.238760E-7
2.339500E+3	6.765160E-6	-4.768410E-7
2.362900E+3	6.437330E-6	-6.556550E-7
2.372000E+3	5.036620E-6	-5.364450E-7
2.396200E+3	4.112750E-6	-3.278270E-7
2.405400E+3	3.904130E-6	-3.278270E-7
2.418300E+3	3.814730E-6	2.980250E-8
2.438200E+3	3.337870E-6	8.940730E-7
2.449000E+3	4.261760E-6	6.258520E-7
2.468300E+3	5.632670E-6	9.536820E-7
2.479400E+3	6.079700E-6	1.430520E-6
2.489300E+3	5.662470E-6	1.043090E-6
2.511800E+3	4.589590E-6	-1.490130E-7
2.522400E+3	4.440580E-6	-5.960510E-8
2.544100E+3	4.470380E-6	-6.258520E-7
2.555400E+3	5.245240E-6	-5.960500E-7
2.574600E+3	4.947210E-6	5.066430E-7
2.585400E+3	4.261760E-6	-2.086170E-7
2.597400E+3	3.606100E-6	-1.072890E-6
2.618000E+3	3.457080E-6	-5.960500E-7
2.627200E+3	3.010050E-6	2.980250E-8
2.648300E+3	3.993540E-6	-1.192100E-7
2.657200E+3	4.619390E-6	-3.874320E-7
2.678300E+3	5.662470E-6	-6.556550E-7
2.690100E+3	5.930690E-6	-2.384200E-7
2.711200E+3	6.407530E-6	1.788150E-7
2.720300E+3	6.526740E-6	1.788150E-7
2.741500E+3	6.496940E-6	-2.086170E-7
2.750500E+3	6.645950E-6	-6.556550E-7
2.761300E+3	7.033380E-6	-5.066430E-7
2.780600E+3	6.198910E-6	-5.960500E-7
2.791900E+3	5.543260E-6	-7.450620E-7
2.813500E+3	5.126030E-6	-8.940730E-7
2.824000E+3	5.066420E-6	-1.311310E-6
2.834600E+3	5.990300E-6	-2.264990E-6
2.856100E+3	6.943970E-6	-1.758340E-6
2.867300E+3	6.765160E-6	-1.460320E-6
2.888400E+3	6.973770E-6	-8.940730E-7
2.899600E+3	7.122780E-6	-1.251700E-6
2.918700E+3	6.586340E-6	-1.192100E-6
2.929800E+3	6.556540E-6	-1.490120E-6
2.948900E+3	7.331400E-6	-1.132500E-6
2.960000E+3	7.241990E-6	-9.536820E-7
2.979700E+3	5.781680E-6	-5.066430E-7
2.990400E+3	5.632670E-6	-1.490130E-7
3.010700E+3	6.020100E-6	8.344690E-7
3.020800E+3	5.811480E-6	4.172340E-7
3.041400E+3	6.556540E-6	5.960500E-7
3.051000E+3	6.914170E-6	1.281510E-6
3.072100E+3	7.927480E-6	1.490120E-6
3.081000E+3	8.106290E-6	1.311310E-6
3.091300E+3	8.672530E-6	1.668940E-6
3.114100E+3	9.149370E-6	1.430520E-6
3.123600E+3	9.864630E-6	1.549730E-6
3.144000E+3	1.144420E-5	6.556550E-7
3.154100E+3	1.168260E-5	5.960510E-8
3.165100E+3	1.102690E-5	-1.192100E-7
3.187300E+3	9.208980E-6	-5.960510E-8
3.198100E+3	8.046690E-6	4.470370E-7
3.219600E+3	6.854560E-6	1.072890E-6
3.230900E+3	7.331400E-6	8.344690E-7
3.243200E+3	7.838070E-6	5.662480E-7
3.263200E+3	8.136090E-6	-2.086170E-7
3.273200E+3	7.331400E-6	-8.940730E-7
3.293800E+3	6.258520E-6	-9.536820E-7
3.303100E+3	5.990300E-6	-6.258520E-7
3.326100E+3	6.526740E-6	1.490130E-7
3.336300E+3	7.510210E-6	2.384200E-7
3.356500E+3	9.357990E-6	1.490130E-7
3.366200E+3	9.238780E-6	9.536820E-7
3.375800E+3	9.477200E-6	1.102690E-6
3.396200E+3	1.034150E-5	1.758340E-6
3.408400E+3	1.117590E-5	1.370910E-6
3.429300E+3	1.159320E-5	4.172340E-7
3.438600E+3	1.135470E-5	7.450620E-7
3.459300E+3	1.218920E-5	1.281510E-6
3.469000E+3	1.233820E-5	1.102690E-6
3.489300E+3	1.129510E-5	3.874320E-7
3.501500E+3	1.052030E-5	3.278270E-7
3.512700E+3	1.019250E-5	2.980250E-8
3.532100E+3	1.022230E-5	3.874320E-7
3.543300E+3	9.626210E-6	1.192100E-7
3.555700E+3	9.357990E-6	-8.940740E-8
3.578700E+3	8.434120E-6	-1.192100E-6
3.588800E+3	9.149370E-6	-1.400720E-6
3.608900E+3	9.387790E-6	-4.172340E-7
3.618400E+3	9.477200E-6	-1.788150E-7
3.639000E+3	1.037130E-5	3.278270E-7
3.648200E+3	1.162300E-5	1.788150E-7
3.671400E+3	1.159320E-5	5.960510E-8
3.681400E+3	1.099710E-5	2.384200E-7
3.690900E+3	1.063950E-5	-3.576300E-7
3.714700E+3	1.189120E-5	-8.940740E-8
3.723800E+3	1.201040E-5	-5.960510E-8
3.747500E+3	1.329190E-5	-6.854570E-7
3.756700E+3	1.394750E-5	-8.046660E-7
3.768900E+3	1.344090E-5	-4.172340E-7
3.789900E+3	1.174220E-5	1.490130E-7
3.799200E+3	1.177200E-5	-4.172340E-7
3.819900E+3	1.239780E-5	-1.519930E-6
3.829800E+3	1.329190E-5	-1.788150E-6
3.841000E+3	1.305350E-5	-1.639140E-6
3.862300E+3	1.344090E-5	-2.682230E-7
3.873600E+3	1.412640E-5	9.834840E-7
3.892900E+3	1.376870E-5	1.102690E-6
3.907000E+3	1.272560E-5	5.960500E-7
3.926200E+3	1.266600E-5	4.470370E-7
3.937500E+3	1.269580E-5	5.066430E-7
3.955900E+3	1.418600E-5	2.056370E-6
3.967200E+3	1.510980E-5	1.907360E-6
3.976500E+3	1.555690E-5	1.072890E-6
4.000400E+3	1.540790E-5	1.132500E-6
4.009600E+3	1.540790E-5	8.642710E-7
4.032800E+3	1.558670E-5	-5.066430E-7
4.042700E+3	1.579530E-5	-5.364450E-7
4.052200E+3	1.594440E-5	-8.940740E-8
4.075900E+3	1.594440E-5	-2.980250E-8
4.085000E+3	1.674900E-5	-5.364450E-7
4.106300E+3	1.820930E-5	1.490130E-7
4.115600E+3	1.865640E-5	5.066430E-7
4.136400E+3	1.868620E-5	-2.086170E-7
4.146200E+3	1.922260E-5	0.000000E+0
4.166500E+3	1.958020E-5	1.370910E-6
4.176500E+3	1.955040E-5	1.668940E-6
4.196400E+3	2.062330E-5	2.592820E-6
4.207100E+3	2.127900E-5	2.920640E-6
4.226600E+3	2.083190E-5	2.145780E-6
4.237900E+3	2.121940E-5	1.043090E-6
4.257600E+3	2.139820E-5	8.940740E-8
4.268900E+3	2.148760E-5	1.788150E-7
4.281500E+3	2.086170E-5	-2.086170E-7
4.301600E+3	1.919280E-5	-6.258520E-7
4.311700E+3	1.877560E-5	-7.450620E-7
4.332100E+3	1.993790E-5	-9.536820E-7
4.341600E+3	2.029550E-5	-6.556550E-7
4.364500E+3	2.172600E-5	-2.384200E-7
4.374800E+3	2.184520E-5	3.278270E-7
4.395100E+3	2.214320E-5	1.072890E-6
4.405000E+3	2.205380E-5	1.192100E-6
4.425700E+3	2.256050E-5	7.748640E-7
4.435000E+3	2.288830E-5	3.576300E-7
4.456100E+3	2.303730E-5	-1.102690E-6
4.465200E+3	2.303730E-5	-1.788150E-6
4.477500E+3	2.279890E-5	-6.556550E-7
4.498300E+3	2.366320E-5	1.788150E-7
4.508000E+3	2.297770E-5	9.238760E-7
4.531500E+3	2.217300E-5	1.549730E-6
4.540500E+3	2.342470E-5	7.450620E-7
4.561600E+3	2.634540E-5	8.046660E-7
4.571100E+3	2.703080E-5	1.281510E-6
4.583900E+3	2.765670E-5	1.639140E-6
4.603600E+3	2.834210E-5	2.205390E-6
4.614700E+3	2.920640E-5	1.281510E-6
4.634000E+3	2.887860E-5	1.043090E-6
4.645200E+3	2.816330E-5	1.370910E-6
4.654700E+3	2.795470E-5	1.907360E-6
4.677500E+3	2.920640E-5	1.877550E-6
4.687800E+3	3.004090E-5	1.728540E-6
4.709600E+3	3.051780E-5	9.238760E-7
4.720700E+3	3.072640E-5	5.960500E-7
4.740300E+3	3.138210E-5	7.152590E-7
4.751000E+3	3.135230E-5	1.192100E-6
4.771200E+3	3.150130E-5	1.609330E-6
4.781400E+3	3.156090E-5	1.966970E-6
4.790500E+3	3.230600E-5	2.503410E-6
4.811600E+3	3.349800E-5	2.712030E-6
4.821300E+3	3.382590E-5	2.175580E-6
4.841900E+3	3.415370E-5	1.609330E-6
4.852200E+3	3.480930E-5	1.460320E-6
4.875400E+3	3.564380E-5	1.043090E-6
4.884900E+3	3.522660E-5	5.960500E-7
4.905400E+3	3.516700E-5	7.748640E-7
4.915500E+3	3.597160E-5	1.460320E-6
4.935600E+3	3.778960E-5	1.281510E-6
4.946100E+3	3.778960E-5	5.662480E-7
4.965700E+3	3.764060E-5	4.470370E-7
4.976700E+3	3.826640E-5	5.960500E-7
4.989500E+3	3.847500E-5	-2.980250E-8
5.008900E+3	3.933930E-5	1.221900E-6
5.019800E+3	3.948830E-5	5.960500E-7
5.039700E+3	4.068040E-5	-2.384200E-7
5.052600E+3	4.214070E-5	-4.768410E-7
5.072000E+3	4.351160E-5	-5.364450E-7
5.083100E+3	4.351160E-5	-3.874320E-7
5.095500E+3	4.452490E-5	1.490130E-7
5.116200E+3	4.544880E-5	3.278270E-7
5.125800E+3	4.732630E-5	-4.470370E-7
5.149900E+3	4.756470E-5	-3.278270E-7
5.159200E+3	4.711770E-5	-5.960510E-8
5.169300E+3	4.708790E-5	3.278270E-7
5.192500E+3	4.887600E-5	1.192100E-6
5.201700E+3	4.932310E-5	1.251700E-6
5.212900E+3	4.956150E-5	1.370910E-6
5.234400E+3	5.036620E-5	8.940730E-7
5.245300E+3	5.051520E-5	7.450620E-7
5.264800E+3	5.096220E-5	1.370910E-6
5.275900E+3	5.185630E-5	1.728540E-6
5.297800E+3	5.328680E-5	3.039850E-6
5.308300E+3	5.444910E-5	2.890840E-6
5.327900E+3	5.528350E-5	2.026570E-6
5.339000E+3	5.582000E-5	1.460320E-6
5.358300E+3	5.719090E-5	1.609330E-6
5.369500E+3	5.814460E-5	1.609330E-6
5.388900E+3	5.963470E-5	3.010050E-6
5.400100E+3	5.957510E-5	3.129260E-6
5.409200E+3	5.993270E-5	2.414000E-6
5.432700E+3	6.085660E-5	5.364450E-7
5.442600E+3	6.187010E-5	-5.066430E-7
5.465400E+3	6.321120E-5	-2.086170E-7
5.476000E+3	6.300260E-5	3.576300E-7
5.485000E+3	6.327080E-5	8.046660E-7
5.506200E+3	6.589340E-5	8.046660E-7
5.518400E+3	6.675770E-5	1.758340E-6
5.539200E+3	6.747290E-5	1.579530E-6
5.548200E+3	6.762190E-5	1.579530E-6
5.569300E+3	6.803920E-5	1.311310E-6
5.578500E+3	6.860540E-5	4.470370E-7
5.599500E+3	6.902260E-5	-2.682230E-7
5.609000E+3	6.941010E-5	-1.788150E-7
5.632500E+3	6.961870E-5	3.576300E-7
5.641700E+3	6.985710E-5	1.281510E-6
5.652800E+3	6.964850E-5	1.430520E-6
5.672200E+3	6.979750E-5	1.192100E-6
5.683400E+3	7.045320E-5	1.072890E-6
5.702700E+3	7.158560E-5	7.450620E-7
5.713900E+3	7.197310E-5	7.152590E-7
5.733500E+3	7.262870E-5	3.576300E-7
5.744300E+3	7.239030E-5	2.980250E-7
5.764600E+3	7.203270E-5	6.258520E-7
5.775000E+3	7.239030E-5	7.748640E-7
5.795700E+3	7.349300E-5	1.162300E-6
5.805600E+3	7.388040E-5	1.788150E-6
5.826600E+3	7.501290E-5	2.920640E-6
5.839100E+3	7.632420E-5	2.563010E-6
5.859200E+3	7.864880E-5	1.817950E-6
5.869100E+3	7.873820E-5	2.056370E-6
5.889500E+3	7.790370E-5	1.847750E-6
5.898800E+3	7.778450E-5	1.639140E-6
5.919800E+3	7.864880E-5	9.834840E-7
5.928800E+3	7.912560E-5	1.639140E-6
5.939200E+3	7.975150E-5	1.341110E-6
5.962000E+3	8.019850E-5	1.072890E-6
5.971700E+3	8.139060E-5	5.066430E-7
5.992300E+3	8.139060E-5	8.344690E-7
6.002500E+3	8.139060E-5	1.132500E-6
6.022500E+3	8.222510E-5	8.642710E-7
6.033300E+3	8.162900E-5	4.768410E-7
6.052800E+3	8.040710E-5	-2.384200E-7
6.065700E+3	7.998990E-5	-5.960510E-8
6.076800E+3	8.070520E-5	-3.874320E-7
6.096500E+3	8.168860E-5	4.172340E-7
6.107300E+3	8.153960E-5	3.576300E-7
6.127500E+3	8.207610E-5	5.960510E-8
6.138000E+3	8.165880E-5	6.556550E-7
6.158500E+3	8.150980E-5	-4.470370E-7
6.168300E+3	8.130120E-5	-8.046660E-7
6.189300E+3	8.228470E-5	-1.996770E-6
6.201700E+3	8.156940E-5	-2.086180E-6
6.221900E+3	8.246350E-5	-2.324600E-6
6.231800E+3	8.180780E-5	-1.490120E-6
6.252300E+3	8.088400E-5	0.000000E+0
6.261600E+3	8.049650E-5	7.748640E-7
6.282700E+3	8.043690E-5	1.192100E-7
6.291800E+3	8.019850E-5	-1.192100E-7
6.313100E+3	8.040710E-5	5.662480E-7
6.322200E+3	8.010910E-5	7.152590E-7
6.335000E+3	8.025810E-5	6.556550E-7
6.355500E+3	8.079460E-5	1.788150E-6
6.367800E+3	8.150980E-5	2.682220E-6
6.379000E+3	8.153960E-5	2.831240E-6
6.401200E+3	8.058590E-5	2.831240E-6
6.412400E+3	8.082440E-5	2.831240E-6
6.422000E+3	8.043690E-5	3.010050E-6
6.444800E+3	8.007930E-5	4.112750E-6
6.455300E+3	7.996010E-5	3.546490E-6
6.477200E+3	7.948330E-5	1.192100E-6
6.488400E+3	8.043690E-5	-8.940740E-8
6.508100E+3	7.998990E-5	-6.556550E-7
6.518900E+3	7.915540E-5	1.788150E-7
6.539000E+3	7.823160E-5	5.960510E-8
6.549300E+3	7.757590E-5	0.000000E+0
6.558500E+3	7.730770E-5	-1.788150E-7
6.582400E+3	7.659240E-5	-3.874320E-7
6.591600E+3	7.650300E-5	1.788150E-7
6.613100E+3	7.796330E-5	-5.066430E-7
6.622300E+3	7.826140E-5	-1.221900E-6
6.635300E+3	7.835080E-5	-7.450620E-7
6.655800E+3	7.793350E-5	-1.639140E-6
6.677000E+3	7.739710E-5	-1.341110E-6
6.686100E+3	7.593680E-5	-4.172340E-7
6.697200E+3	7.483410E-5	1.072890E-6
6.716400E+3	7.334400E-5	1.162300E-6
6.730400E+3	7.355260E-5	8.046660E-7
6.749300E+3	7.447650E-5	1.788150E-6
6.760300E+3	7.531090E-5	9.536820E-7
6.779700E+3	7.522150E-5	1.132500E-6
6.790800E+3	7.554940E-5	8.344690E-7
6.810200E+3	7.528110E-5	6.258520E-7
6.821300E+3	7.513210E-5	2.086170E-7
6.840600E+3	7.456590E-5	-2.086170E-7
6.851700E+3	7.459570E-5	-2.384200E-7
6.860900E+3	7.405920E-5	-4.470370E-7
6.884600E+3	7.268830E-5	-1.162300E-6
6.894200E+3	7.188370E-5	-2.980250E-7
6.918100E+3	7.182410E-5	-5.066430E-7
6.927400E+3	7.143660E-5	2.980250E-8
6.937500E+3	7.161540E-5	1.788150E-7
6.960900E+3	7.072140E-5	6.556550E-7
6.970300E+3	7.000610E-5	1.013290E-6
6.994400E+3	7.176450E-5	-4.470370E-7
7.003500E+3	7.230090E-5	0.000000E+0
7.014500E+3	7.221150E-5	-2.384200E-7
7.034000E+3	7.250950E-5	-2.384200E-7
7.045100E+3	7.292670E-5	-4.172340E-7
7.064600E+3	7.042340E-5	-2.086170E-7
7.076000E+3	6.955910E-5	-8.046660E-7
7.097500E+3	6.809880E-5	-3.576300E-7
7.108600E+3	6.792000E-5	-2.980250E-8
7.118700E+3	6.735370E-5	4.470370E-7
7.141000E+3	6.797960E-5	1.817950E-6
7.151900E+3	6.786040E-5	2.056370E-6
7.171800E+3	6.946970E-5	9.536820E-7
7.182200E+3	6.970810E-5	1.072890E-6
7.202500E+3	6.911210E-5	1.162300E-6
7.212300E+3	6.780070E-5	1.251700E-6
7.233200E+3	6.675770E-5	5.960500E-7
7.242500E+3	6.610200E-5	6.854570E-7
7.263700E+3	6.622120E-5	5.066430E-7
7.272700E+3	6.675770E-5	5.066430E-7
7.294000E+3	6.622120E-5	-1.639140E-6
7.303100E+3	6.553580E-5	-1.937170E-6
7.324400E+3	6.532720E-5	-2.980250E-7
7.333800E+3	6.446290E-5	2.384200E-7
7.358000E+3	6.380720E-5	1.192100E-6
7.367100E+3	6.365820E-5	1.162300E-6
7.388600E+3	6.040950E-5	5.662480E-7
7.397800E+3	5.880020E-5	8.046660E-7
7.409000E+3	5.835320E-5	3.576300E-7
7.428400E+3	5.808500E-5	-2.384200E-7
7.439700E+3	5.859160E-5	-5.960500E-7
7.459100E+3	5.778690E-5	-1.311310E-6
7.470100E+3	5.725050E-5	-1.192100E-6
7.489900E+3	5.507490E-5	-8.940730E-7
7.500500E+3	5.438950E-5	-1.788150E-6
7.519700E+3	5.307820E-5	-2.145780E-6
7.530800E+3	5.245230E-5	-1.817950E-6
7.550500E+3	5.012770E-5	-4.172340E-7
7.561100E+3	4.869720E-5	-2.384200E-7
7.581400E+3	4.583620E-5	-4.172340E-7
7.591500E+3	4.467390E-5	-5.066430E-7
7.614800E+3	4.145530E-5	-2.384200E-7
7.624600E+3	4.059100E-5	4.470370E-7
7.645500E+3	3.829620E-5	-7.748640E-7
7.654700E+3	3.621010E-5	-1.043090E-6
7.675500E+3	3.311060E-5	-9.238760E-7
7.685400E+3	3.135230E-5	-5.364450E-7
7.695100E+3	2.965340E-5	-3.576300E-7
7.719000E+3	2.467640E-5	2.980250E-7
7.729000E+3	2.190480E-5	4.768410E-7
7.749600E+3	1.725570E-5	-8.940740E-8
7.759900E+3	1.469260E-5	-6.258520E-7
7.779800E+3	8.910950E-6	-4.768410E-7
7.789600E+3	6.020100E-6	-7.450620E-7
7.800700E+3	3.308070E-6	-6.258520E-7
7.822900E+3	-4.917410E-6	-2.086170E-7
7.834000E+3	-8.791740E-6	1.490130E-7
7.853800E+3	-1.788150E-5	1.192100E-7
7.864300E+3	-2.309690E-5	2.980250E-8
7.883500E+3	-3.275300E-5	3.278270E-7
7.894600E+3	-3.978630E-5	8.046660E-7
7.917100E+3	-5.278010E-5	9.238760E-7
7.928000E+3	-6.219790E-5	8.642710E-7
7.940200E+3	-7.039360E-5	7.748640E-7
7.961000E+3	-8.946700E-5	9.536820E-7
7.973400E+3	-9.942100E-5	1.311310E-6
7.982600E+3	-1.092860E-4	1.728540E-6
8.006700E+3	-1.284490E-4	1.788150E-6
8.015900E+3	-1.377170E-4	1.639140E-6
8.039600E+3	-1.594140E-4	2.533210E-6
8.049400E+3	-1.685630E-4	2.264990E-6
8.059000E+3	-1.794710E-4	2.056370E-6
8.082600E+3	-1.942230E-4	2.056370E-6
8.092600E+3	-2.030140E-4	1.281510E-6
8.116200E+3	-2.168430E-4	1.907360E-6
8.125400E+3	-2.245320E-4	1.192100E-6
8.138400E+3	-2.309990E-4	6.556550E-7
8.149400E+3	-2.369590E-4	3.576300E-7
8.171300E+3	-2.473910E-4	-6.556550E-7
8.182500E+3	-2.518910E-4	6.854570E-7
8.202100E+3	-2.589540E-4	2.324600E-6
8.213300E+3	-2.620540E-4	2.503410E-6
8.234900E+3	-2.688490E-4	2.831240E-6
8.246100E+3	-2.715900E-4	3.129260E-6
8.265600E+3	-2.780870E-4	2.443800E-6
8.276900E+3	-2.808890E-4	1.698740E-6
8.296300E+3	-2.873560E-4	2.205390E-6
8.307300E+3	-2.895020E-4	2.145780E-6
8.326900E+3	-2.941210E-4	1.698740E-6
8.337400E+3	-2.959090E-4	1.490120E-6
8.357700E+3	-2.993070E-4	3.784910E-6
8.367600E+3	-2.995450E-4	3.635900E-6
8.377100E+3	-2.993660E-4	3.367680E-6
8.401000E+3	-3.005880E-4	2.592820E-6
8.410200E+3	-3.001410E-4	1.937170E-6
8.422900E+3	-2.981440E-4	2.622620E-6
8.443600E+3	-2.956410E-4	3.039850E-6
8.456700E+3	-2.928390E-4	2.235190E-6
8.477000E+3	-2.872370E-4	2.563010E-6
8.487600E+3	-2.849720E-4	2.861040E-6
8.498300E+3	-2.818720E-4	3.010050E-6
8.520200E+3	-2.721570E-4	3.188860E-6
8.531400E+3	-2.697720E-4	4.291560E-6
8.553000E+3	-2.620240E-4	2.980250E-6
8.564200E+3	-2.592220E-4	3.367680E-6
8.583700E+3	-2.515330E-4	3.874330E-6
8.594800E+3	-2.472720E-4	3.248470E-6
8.614300E+3	-2.407440E-4	2.771630E-6
8.625400E+3	-2.371980E-4	2.294790E-6
8.634600E+3	-2.328760E-4	1.043090E-6
8.658100E+3	-2.227730E-4	2.086180E-6
8.667900E+3	-2.178260E-4	2.592820E-6
8.690900E+3	-2.084090E-4	4.023340E-6
8.701500E+3	-2.041770E-4	4.589590E-6
8.710800E+3	-1.990210E-4	4.142550E-6
8.735000E+3	-1.914810E-4	3.248470E-6
8.744200E+3	-1.847460E-4	2.682220E-6
8.768700E+3	-1.768480E-4	1.907360E-6
8.777900E+3	-1.730330E-4	1.102690E-6
8.787900E+3	-1.689200E-4	1.251700E-6
8.808300E+3	-1.611120E-4	1.341110E-6
8.829700E+3	-1.551820E-4	1.907360E-6
8.838800E+3	-1.505030E-4	7.450620E-7
8.849600E+3	-1.444530E-4	-1.788150E-7
8.872100E+3	-1.334860E-4	-1.132500E-6
8.882000E+3	-1.281510E-4	-3.874320E-7
8.895900E+3	-1.246940E-4	7.748640E-7
8.915400E+3	-1.156930E-4	6.556550E-7
8.928600E+3	-1.117290E-4	8.642710E-7
8.938600E+3	-1.071700E-4	2.980250E-7
8.961200E+3	-9.805010E-5	-3.874320E-7
8.971800E+3	-9.352020E-5	-8.642710E-7
8.993800E+3	-8.648680E-5	-1.519930E-6
9.005100E+3	-8.386420E-5	-1.281510E-6
9.014400E+3	-7.915540E-5	-1.519930E-6
9.037900E+3	-7.376120E-5	-6.854570E-7
9.047900E+3	-7.093000E-5	2.384200E-7
9.068700E+3	-6.428410E-5	8.046660E-7
9.081100E+3	-6.142310E-5	1.341110E-6
9.101400E+3	-5.576040E-5	1.966970E-6
9.111500E+3	-5.370400E-5	1.430520E-6
9.120900E+3	-5.161790E-5	7.450620E-7
9.144800E+3	-4.738590E-5	1.013290E-6
9.154400E+3	-4.565740E-5	1.907360E-6
9.178300E+3	-4.050160E-5	1.370910E-6
9.187400E+3	-3.850480E-5	3.874320E-7
9.198500E+3	-3.680610E-5	0.000000E+0
9.220800E+3	-3.409410E-5	-2.980250E-7
9.231100E+3	-3.221650E-5	1.788150E-7
9.244300E+3	-3.036870E-5	5.662480E-7
9.263800E+3	-2.673280E-5	5.662480E-7
9.275100E+3	-2.515330E-5	3.576300E-7
9.294700E+3	-2.399100E-5	5.662480E-7
9.305800E+3	-2.339490E-5	8.046660E-7
9.325900E+3	-2.217300E-5	-1.788150E-7
9.336700E+3	-2.145780E-5	-4.172340E-7
9.357100E+3	-1.850740E-5	-1.639140E-6
9.367300E+3	-1.680860E-5	-1.013290E-6
9.387800E+3	-1.469260E-5	-3.874320E-7
9.397500E+3	-1.350050E-5	0.000000E+0
9.418500E+3	-1.305350E-5	-5.364450E-7
9.427800E+3	-1.281510E-5	-6.556550E-7
9.448900E+3	-1.171240E-5	-1.370910E-6
9.458100E+3	-1.159320E-5	-7.748640E-7
9.482100E+3	-9.685810E-6	-5.364450E-7
9.491500E+3	-8.404310E-6	-6.258520E-7
9.501800E+3	-6.049900E-6	-1.609330E-6
9.525300E+3	-5.543260E-6	-2.712030E-6
9.534800E+3	-5.751880E-6	-3.069650E-6
9.555800E+3	-6.377730E-6	-2.384200E-6
9.565800E+3	-6.467130E-6	-1.877550E-6
9.586300E+3	-5.304840E-6	-7.450620E-7
9.596600E+3	-4.202160E-6	-1.341110E-6
9.607500E+3	-3.933940E-6	-1.877550E-6
9.629500E+3	-4.500180E-6	-1.639140E-6
9.640800E+3	-4.202160E-6	-7.450620E-7
9.660400E+3	-2.324600E-6	0.000000E+0
9.671500E+3	-1.817950E-6	3.874320E-7
9.691400E+3	-2.861040E-6	-2.384200E-7
9.702100E+3	-2.890840E-6	-4.470370E-7
9.724200E+3	-2.384200E-6	-3.874320E-7
9.735600E+3	-1.937170E-6	-1.192100E-7
9.755300E+3	-1.907360E-6	-5.662480E-7
9.766300E+3	-2.175580E-6	-5.364450E-7
9.786200E+3	-1.668940E-6	2.086170E-7
9.796600E+3	-7.748640E-7	3.576300E-7
9.808700E+3	-8.940740E-8	5.662480E-7
9.829800E+3	1.490130E-7	1.639140E-6
9.839000E+3	8.940740E-8	2.324600E-6
9.860200E+3	5.662480E-7	2.115980E-6
9.869400E+3	3.874320E-7	1.221900E-6
9.890600E+3	-2.086170E-7	1.162300E-6
9.902700E+3	-2.980250E-7	1.162300E-6
9.913200E+3	8.940740E-8	7.450620E-7
9.936200E+3	2.533210E-6	1.460320E-6
9.946800E+3	3.039850E-6	2.145780E-6
9.969700E+3	1.400720E-6	1.549730E-6
9.979500E+3	1.579530E-6	1.102690E-6
9.990700E+3	1.132500E-6	1.400720E-6
1.001220E+4	-4.172340E-7	1.490120E-6
1.002350E+4	-5.960510E-8	9.238760E-7
1.003330E+4	1.281510E-6	5.662480E-7
1.005600E+4	1.847750E-6	1.519930E-6
1.006650E+4	1.639140E-6	1.311310E-6
1.008670E+4	1.549730E-6	1.162300E-6
1.009970E+4	1.251700E-6	1.102690E-6
1.010890E+4	1.013290E-6	1.221900E-6
1.013260E+4	5.960510E-8	1.490120E-6
1.014250E+4	-8.940740E-8	1.609330E-6
1.016360E+4	3.576300E-7	5.662480E-7
1.017300E+4	1.043090E-6	3.576300E-7
1.019440E+4	2.801430E-6	1.013290E-6
1.020360E+4	4.231960E-6	7.748640E-7
1.020360E+4	4.231960E-6	7.748640E-7
1.023710E+4	5.692270E-6	5.066430E-7
1.024990E+4	5.394250E-6	2.384200E-7
1.026110E+4	4.977020E-6	2.384200E-7
1.028270E+4	3.963740E-6	6.556550E-7
1.029390E+4	3.188860E-6	5.364450E-7
1.031630E+4	3.337870E-6	-3.874320E-7
1.032680E+4	3.695500E-6	-7.450620E-7
1.033770E+4	4.172350E-6	-4.172340E-7
1.035970E+4	4.112750E-6	-7.450620E-7
1.037110E+4	3.755110E-6	-1.192100E-6
1.039280E+4	2.682220E-6	-1.490120E-6
1.040400E+4	2.831240E-6	-1.341110E-6
1.041680E+4	3.159060E-6	-1.311310E-6
1.043660E+4	3.039850E-6	-3.874320E-7
1.045040E+4	2.503410E-6	2.086170E-7
1.047030E+4	1.758340E-6	-5.364450E-7
1.048090E+4	1.043090E-6	-1.043090E-6
1.049300E+4	1.132500E-6	-1.221900E-6
1.051430E+4	1.490120E-6	-1.192100E-6
1.052670E+4	2.205390E-6	-9.238760E-7
1.053600E+4	2.801430E-6	-4.768410E-7
1.056020E+4	1.549730E-6	-1.788150E-6
1.056960E+4	1.013290E-6	-2.086180E-6
1.059100E+4	1.549730E-6	-4.172340E-7
1.060330E+4	2.056370E-6	2.980250E-8
1.061340E+4	2.861040E-6	-1.192100E-7
1.063680E+4	3.427280E-6	2.115980E-6
1.064700E+4	3.904130E-6	3.099460E-6
1.066020E+4	4.500180E-6	2.682220E-6
1.067980E+4	5.006820E-6	9.536820E-7
1.069100E+4	4.202160E-6	-1.788150E-7
1.070350E+4	4.023340E-6	-1.043090E-6
1.072820E+4	3.993540E-6	-1.341110E-6
1.074120E+4	3.606100E-6	-5.066430E-7
1.075210E+4	4.082950E-6	-7.748640E-7
1.077510E+4	4.112750E-6	-1.132500E-6
1.078560E+4	4.261760E-6	-7.152590E-7
1.079760E+4	4.261760E-6	-7.152590E-7
1.082100E+4	3.755110E-6	6.556550E-7
1.083410E+4	3.099460E-6	1.639140E-6
1.084350E+4	2.473610E-6	2.115980E-6
1.086810E+4	1.728540E-6	2.115980E-6
1.087740E+4	1.579530E-6	2.205390E-6
1.089880E+4	2.980250E-6	1.400720E-6
1.090790E+4	3.874330E-6	4.470370E-7
1.092070E+4	3.129260E-6	3.278270E-7
1.094120E+4	1.430520E-6	1.162300E-6
1.095150E+4	1.549730E-6	1.370910E-6
1.096470E+4	1.549730E-6	1.668940E-6
1.098430E+4	1.579530E-6	1.341110E-6
1.099550E+4	1.877550E-6	1.251700E-6
1.101730E+4	3.129260E-6	0.000000E+0
1.103020E+4	3.337870E-6	2.682230E-7
1.104160E+4	3.427280E-6	-4.470370E-7
1.106400E+4	4.559780E-6	-1.341110E-6
1.107510E+4	3.814730E-6	-1.579530E-6
1.109500E+4	2.622620E-6	-2.443800E-6
1.110560E+4	2.205390E-6	-1.758340E-6
1.111780E+4	2.861040E-6	-9.536820E-7
1.113900E+4	2.831240E-6	-9.834840E-7
1.115150E+4	2.294790E-6	-1.251700E-6
1.116080E+4	1.490120E-6	-1.251700E-6
1.118210E+4	1.877550E-6	-1.102690E-6
1.119430E+4	1.937170E-6	-3.278270E-7
1.121570E+4	9.536820E-7	1.072890E-6
1.122490E+4	8.046660E-7	1.370910E-6
1.124890E+4	2.175580E-6	3.874320E-7
1.125820E+4	2.682220E-6	-2.682230E-7
1.125820E+4	2.682220E-6	-2.682230E-7
1.128890E+4	3.457080E-6	-7.152590E-7
1.130240E+4	2.622620E-6	-5.364450E-7
1.132220E+4	2.592820E-6	-9.834840E-7
1.133510E+4	3.188860E-6	-1.728540E-6
1.134640E+4	2.503410E-6	-1.609330E-6
1.136810E+4	1.847750E-6	-1.490120E-6
1.137920E+4	2.056370E-6	-1.728540E-6
1.138930E+4	2.682220E-6	-1.817950E-6
1.140150E+4	2.771630E-6	-2.235190E-6
1.142800E+4	3.516690E-6	-2.235190E-6
1.144100E+4	4.023340E-6	-1.281510E-6
1.145040E+4	4.470380E-6	-4.172340E-7
1.147450E+4	4.857810E-6	5.960510E-8
1.148750E+4	4.440580E-6	2.086170E-7
1.149690E+4	3.546490E-6	-5.960510E-8
1.152130E+4	2.950440E-6	-4.768410E-7
1.153040E+4	2.354400E-6	-7.450620E-7
1.155160E+4	2.652420E-6	-9.536820E-7
1.156070E+4	2.622620E-6	-9.536820E-7
1.158490E+4	2.980250E-6	-1.192100E-7
1.159420E+4	2.890840E-6	3.874320E-7
1.160680E+4	2.831240E-6	1.341110E-6
1.163050E+4	1.758340E-6	1.251700E-6
1.163970E+4	1.400720E-6	8.940740E-8
1.165080E+4	1.311310E-6	-4.768410E-7
1.167350E+4	1.698740E-6	1.192100E-7
1.168390E+4	2.473610E-6	-3.576300E-7
1.169720E+4	2.831240E-6	-6.854570E-7
1.169720E+4	2.831240E-6	-6.854570E-7
1.173270E+4	3.516690E-6	-1.788150E-7
1.174360E+4	4.231960E-6	8.940740E-8
1.175590E+4	4.380970E-6	6.258520E-7
1.177890E+4	3.010050E-6	-7.450620E-7
1.179240E+4	2.801430E-6	-9.834840E-7
1.180480E+4	2.712030E-6	-1.400720E-6
1.182590E+4	1.907360E-6	-1.490120E-6
1.183540E+4	2.354400E-6	-1.192100E-6
1.184790E+4	3.039850E-6	-7.748640E-7
1.184790E+4	3.039850E-6	-7.748640E-7
1.188150E+4	3.218670E-6	-1.043090E-6
1.190300E+4	1.758340E-6	-1.132500E-6
1.191230E+4	1.311310E-6	-2.384200E-7
1.193620E+4	1.370910E-6	-5.960510E-8
1.194570E+4	1.907360E-6	-2.086170E-7
1.195810E+4	2.294790E-6	-3.278270E-7
1.197970E+4	2.414000E-6	-2.384200E-7
1.199010E+4	3.248470E-6	-5.364450E-7
1.200320E+4	3.427280E-6	-7.152590E-7
1.202260E+4	3.099460E-6	-2.086170E-7
1.202260E+4	3.099460E-6	-2.086170E-7
1.205390E+4	4.023340E-6	3.278270E-7
1.206400E+4	4.500180E-6	5.960500E-7
1.207200E+4	4.678990E-6	3.874320E-7
1.208290E+4	4.142550E-6	8.642710E-7
1.208780E+4	3.784910E-6	1.162300E-6
1.209000E+4	3.814730E-6	1.698740E-6
1.209140E+4	3.904130E-6	1.996770E-6
1.209040E+4	3.606100E-6	1.698740E-6
1.209040E+4	3.606100E-6	1.698740E-6
1.207690E+4	3.010050E-6	1.549730E-6
1.206670E+4	2.861040E-6	1.072890E-6
1.204510E+4	2.563010E-6	-3.576300E-7
1.203050E+4	2.115980E-6	-9.238760E-7
1.201670E+4	2.056370E-6	-6.854570E-7
1.198640E+4	3.576290E-6	-2.384200E-7
1.197160E+4	4.231960E-6	-6.854570E-7
1.194310E+4	4.857810E-6	-1.579530E-6
1.192790E+4	4.053140E-6	-1.221900E-6
1.191390E+4	3.337870E-6	-3.874320E-7
1.188420E+4	2.115980E-6	2.980250E-8
1.187060E+4	2.115980E-6	2.384200E-7
1.184370E+4	2.115980E-6	1.400720E-6
1.183200E+4	2.354400E-6	2.324600E-6
1.181920E+4	3.099460E-6	1.847750E-6
1.179860E+4	3.129260E-6	1.430520E-6
1.179000E+4	3.188860E-6	1.162300E-6
1.177060E+4	1.877550E-6	7.748640E-7
1.176240E+4	1.579530E-6	8.046660E-7
1.174260E+4	1.817950E-6	1.072890E-6
1.173390E+4	1.758340E-6	7.748640E-7
1.171370E+4	2.056370E-6	6.556550E-7
1.170460E+4	2.324600E-6	9.536820E-7
1.168340E+4	3.159060E-6	8.046660E-7
1.167400E+4	3.278270E-6	1.788150E-7
1.166270E+4	2.712030E-6	7.152590E-7
1.164010E+4	1.192100E-6	4.768410E-7
1.162880E+4	7.152590E-7	5.960510E-8
1.160690E+4	6.854570E-7	-8.344690E-7
1.159600E+4	6.854570E-7	-1.579530E-6
1.158550E+4	3.874320E-7	-1.072890E-6
1.156370E+4	1.072890E-6	1.192100E-7
1.155260E+4	1.609330E-6	5.960510E-8
1.153140E+4	2.563010E-6	-5.066430E-7
1.153140E+4	2.563010E-6	-5.066430E-7
1.151080E+4	3.159060E-6	3.278270E-7
1.148990E+4	3.129260E-6	-4.768410E-7
1.148060E+4	2.980250E-6	1.788150E-7
1.145710E+4	2.443800E-6	1.341110E-6
1.144730E+4	2.712030E-6	1.370910E-6
1.142640E+4	2.414000E-6	9.238760E-7
1.141390E+4	1.788150E-6	7.450620E-7
1.140470E+4	1.788150E-6	7.450620E-7
1.138340E+4	6.854570E-7	1.460320E-6
1.137400E+4	1.579530E-6	1.490120E-6
1.135000E+4	1.370910E-6	7.450620E-7
1.134090E+4	1.311310E-6	4.768410E-7
1.132720E+4	1.788150E-6	1.311310E-6
1.130780E+4	1.579530E-6	1.758340E-6
1.129500E+4	1.609330E-6	1.043090E-6
1.128390E+4	1.609330E-6	7.450620E-7
1.126250E+4	1.728540E-6	1.251700E-6
1.125140E+4	1.579530E-6	2.115980E-6
1.123200E+4	1.907360E-6	2.115980E-6
1.122080E+4	2.592820E-6	1.639140E-6
1.120130E+4	2.414000E-6	9.238760E-7
1.119030E+4	2.443800E-6	7.152590E-7
1.116850E+4	3.844530E-6	8.940730E-7
1.115730E+4	4.828010E-6	9.238760E-7
1.114460E+4	4.321370E-6	1.609330E-6
1.112480E+4	3.546490E-6	3.099460E-6
1.111210E+4	3.755110E-6	2.920640E-6
1.110280E+4	4.023340E-6	2.771630E-6
1.107880E+4	3.993540E-6	3.069650E-6
1.106950E+4	3.993540E-6	3.069650E-6
1.105930E+4	3.725300E-6	1.728540E-6
1.103630E+4	2.324600E-6	1.430520E-6
1.102660E+4	2.115980E-6	1.311310E-6
1.100300E+4	1.907360E-6	9.238760E-7
1.099370E+4	2.294790E-6	5.662480E-7
1.098090E+4	2.414000E-6	4.470370E-7
1.096070E+4	2.861040E-6	-1.609330E-6
1.094840E+4	2.920640E-6	-1.311310E-6
1.092760E+4	2.235190E-6	-3.874320E-7
1.091800E+4	2.056370E-6	-2.980250E-7
1.090500E+4	1.907360E-6	8.940740E-8
1.088520E+4	3.576290E-6	-1.192100E-7
1.087420E+4	2.950440E-6	-2.086170E-7
1.085490E+4	1.639140E-6	8.940740E-8
1.084100E+4	1.281510E-6	0.000000E+0
1.083130E+4	1.817950E-6	2.384200E-7
1.081140E+4	2.741830E-6	2.980250E-7
1.079200E+4	1.907360E-6	-3.874320E-7
1.078080E+4	2.026570E-6	-1.043090E-6
1.076150E+4	3.069650E-6	-1.311310E-6
1.075020E+4	4.172350E-6	-1.490130E-7
1.074100E+4	4.947210E-6	7.450620E-7
1.071980E+4	4.082950E-6	1.609330E-6
1.071070E+4	3.010050E-6	1.341110E-6
1.069820E+4	2.473610E-6	9.238760E-7
1.067430E+4	2.115980E-6	-5.960510E-8
1.066460E+4	2.115980E-6	-2.682230E-7
1.064410E+4	2.980250E-6	-3.278270E-7
1.063190E+4	3.159060E-6	0.000000E+0
1.061070E+4	4.261760E-6	5.662480E-7
1.060120E+4	4.500180E-6	1.013290E-6
1.058070E+4	4.023340E-6	-4.172340E-7
1.057070E+4	3.576290E-6	-4.172340E-7
1.055040E+4	2.741830E-6	-1.251700E-6
1.054000E+4	2.354400E-6	-2.354400E-6
1.052710E+4	2.950440E-6	-2.294790E-6
1.050790E+4	2.801430E-6	-2.384200E-6
1.049490E+4	2.324600E-6	-1.937170E-6
1.047540E+4	2.563010E-6	-1.758340E-6
1.046430E+4	3.039850E-6	-1.579530E-6
1.044480E+4	4.857810E-6	-2.354400E-6
1.043350E+4	5.185630E-6	-1.519930E-6
1.041400E+4	4.977020E-6	-7.450620E-7
1.040290E+4	4.857810E-6	-9.536820E-7
1.039370E+4	4.768400E-6	-1.281510E-6
1.037030E+4	4.082950E-6	-1.430520E-6
1.036060E+4	3.576290E-6	-1.251700E-6
1.034000E+4	2.354400E-6	-1.251700E-6
1.033080E+4	2.294790E-6	-1.132500E-6
1.030980E+4	1.996770E-6	3.278270E-7
1.030060E+4	1.996770E-6	1.221900E-6
1.027930E+4	1.758340E-6	1.728540E-6
1.027010E+4	2.175580E-6	1.698740E-6
1.024900E+4	3.367680E-6	5.364450E-7
1.023940E+4	3.665700E-6	-2.682230E-7
1.022640E+4	3.993540E-6	1.788150E-7
1.020650E+4	2.980250E-6	1.043090E-6
1.019550E+4	2.563010E-6	1.341110E-6
1.017620E+4	2.920640E-6	8.940740E-8
1.016320E+4	4.082950E-6	-3.576300E-7
1.014320E+4	3.665700E-6	-8.046660E-7
1.013250E+4	3.665700E-6	-2.086170E-7
1.011280E+4	3.039850E-6	7.152590E-7
1.010170E+4	2.712030E-6	1.043090E-6
1.009160E+4	2.890840E-6	1.966970E-6
1.007080E+4	3.427280E-6	2.652420E-6
1.005840E+4	4.082950E-6	2.324600E-6
1.003820E+4	2.712030E-6	1.490130E-7
1.002780E+4	1.907360E-6	-9.238760E-7
1.001860E+4	8.046660E-7	-9.238760E-7
9.994600E+3	1.162300E-6	-1.013290E-6
9.985600E+3	1.281510E-6	-1.221900E-6
9.964600E+3	1.609330E-6	-4.172340E-7
9.955600E+3	1.937170E-6	7.748640E-7
9.934700E+3	1.966970E-6	1.549730E-6
9.925200E+3	1.937170E-6	2.712030E-6
9.904600E+3	2.026570E-6	2.115980E-6
9.892500E+3	2.086180E-6	9.536820E-7
9.871200E+3	3.010050E-6	1.788150E-7
9.861900E+3	2.950440E-6	4.470370E-7
9.841000E+3	3.814730E-6	1.341110E-6
9.831200E+3	2.771630E-6	1.162300E-6
9.818200E+3	1.549730E-6	1.043090E-6
9.798800E+3	6.258520E-7	5.960510E-8
9.787600E+3	4.470370E-7	4.768410E-7
9.768000E+3	8.940730E-7	1.251700E-6
9.756700E+3	1.817950E-6	1.668940E-6
9.741200E+3	1.162300E-6	1.877550E-6
9.721000E+3	-6.854570E-7	-1.192100E-7
9.710600E+3	-3.576300E-7	-1.162300E-6
9.690200E+3	-6.854570E-7	-2.294790E-6
9.680400E+3	-8.046660E-7	-2.056370E-6
9.659700E+3	-1.519930E-6	-3.576300E-7
9.650300E+3	-1.758340E-6	-8.940740E-8
9.629300E+3	-2.145780E-6	5.960510E-8
9.620200E+3	-1.668940E-6	0.000000E+0
9.599200E+3	-2.264990E-6	-1.192100E-7
9.590300E+3	-2.533210E-6	3.874320E-7
9.569300E+3	-2.861040E-6	1.341110E-6
9.560200E+3	-2.950440E-6	1.907360E-6
9.549700E+3	-2.622620E-6	1.430520E-6
9.527100E+3	-4.410770E-6	1.698740E-6
9.516300E+3	-4.291560E-6	1.341110E-6
9.494000E+3	-5.036620E-6	1.192100E-6
9.484000E+3	-5.900890E-6	1.013290E-6
9.470100E+3	-6.884370E-6	6.258520E-7
9.450800E+3	-8.642730E-6	1.132500E-6
9.440000E+3	-8.970560E-6	6.258520E-7
9.420400E+3	-1.016270E-5	-9.834840E-7
9.410400E+3	-9.745420E-6	-1.400720E-6
9.391000E+3	-9.507000E-6	-6.556550E-7
9.380000E+3	-1.001360E-5	-4.768410E-7
9.360100E+3	-1.233820E-5	-1.251700E-6
9.349700E+3	-1.400710E-5	-1.043090E-6
9.340500E+3	-1.493100E-5	-7.450620E-7
9.316400E+3	-1.645100E-5	6.258520E-7
9.307000E+3	-1.651060E-5	2.384200E-7
9.286300E+3	-1.671920E-5	0.000000E+0
9.276400E+3	-1.794110E-5	5.960500E-7
9.261600E+3	-1.811990E-5	9.536820E-7
9.241000E+3	-2.172600E-5	1.549730E-6
9.231000E+3	-2.327570E-5	1.251700E-6
9.210900E+3	-2.744810E-5	1.430520E-6
9.198500E+3	-2.947460E-5	1.251700E-6
9.177800E+3	-3.251460E-5	6.556550E-7
9.167900E+3	-3.361730E-5	3.576300E-7
9.147600E+3	-3.588220E-5	6.556550E-7
9.137300E+3	-3.674650E-5	7.748640E-7
9.126500E+3	-3.805780E-5	2.086170E-7
9.104800E+3	-4.288580E-5	1.043090E-6
9.093700E+3	-4.521040E-5	1.490120E-6
9.074300E+3	-5.012770E-5	1.311310E-6
9.063200E+3	-5.242250E-5	1.639140E-6
9.043500E+3	-5.695250E-5	1.430520E-6
9.030500E+3	-5.966450E-5	1.370910E-6
9.021000E+3	-6.255550E-5	7.748640E-7
8.997900E+3	-6.860540E-5	2.115980E-6
8.987600E+3	-7.185390E-5	1.877550E-6
8.967200E+3	-7.772490E-5	1.788150E-6
8.957400E+3	-8.118200E-5	1.639140E-6
8.945000E+3	-8.505630E-5	9.536820E-7
8.924300E+3	-9.095720E-5	2.682230E-7
8.914300E+3	-9.423540E-5	7.748640E-7
8.894000E+3	-1.001660E-4	7.152590E-7
8.884600E+3	-1.034440E-4	1.132500E-6
8.863900E+3	-1.122360E-4	8.940730E-7
8.853900E+3	-1.170340E-4	9.238760E-7
8.833700E+3	-1.252000E-4	9.238760E-7
8.823300E+3	-1.304750E-4	1.281510E-6
8.800500E+3	-1.405780E-4	-2.682230E-7
8.789800E+3	-1.454360E-4	-3.874320E-7
8.770300E+3	-1.528270E-4	-4.470370E-7
8.759200E+3	-1.577740E-4	-6.258520E-7
8.746300E+3	-1.629600E-4	3.874320E-7
8.726600E+3	-1.741360E-4	-2.980250E-8
8.713500E+3	-1.797690E-4	5.066430E-7
8.703900E+3	-1.837920E-4	1.132500E-6
8.681200E+3	-1.930600E-4	1.370910E-6
8.670800E+3	-1.971130E-4	1.698740E-6
8.648900E+3	-2.064420E-4	5.960510E-8
8.637800E+3	-2.111800E-4	3.576300E-7
8.628700E+3	-2.171110E-4	1.788150E-7
8.605200E+3	-2.269160E-4	9.238760E-7
8.595400E+3	-2.313270E-4	1.907360E-6
8.583000E+3	-2.343370E-4	1.758340E-6
8.562200E+3	-2.420260E-4	3.099460E-6
8.550100E+3	-2.459900E-4	2.980250E-6
8.528800E+3	-2.530530E-4	4.470380E-6
8.519600E+3	-2.570170E-4	4.619390E-6
8.498800E+3	-2.648850E-4	3.397480E-6
8.489200E+3	-2.689680E-4	3.010050E-6
8.477900E+3	-2.727230E-4	1.132500E-6
8.453500E+3	-2.806210E-4	1.788150E-7
8.443600E+3	-2.831840E-4	4.470370E-7
8.423200E+3	-2.888460E-4	-2.115980E-6
8.412500E+3	-2.925710E-4	-1.847750E-6
8.392500E+3	-2.975480E-4	-2.235190E-6
8.381500E+3	-3.004690E-4	-1.251700E-6
8.371300E+3	-3.018400E-4	-1.609330E-6
8.349200E+3	-3.058030E-4	2.980250E-8
8.338200E+3	-3.052670E-4	-1.311310E-6
8.316800E+3	-3.055950E-4	-1.847750E-6
8.305600E+3	-3.056540E-4	-2.682230E-7
8.296300E+3	-3.038660E-4	-1.102690E-6
8.275300E+3	-3.020480E-4	-2.086170E-7
8.266200E+3	-2.999320E-4	-4.172340E-7
8.244900E+3	-2.959390E-4	3.278270E-7
8.235900E+3	-2.941510E-4	8.046660E-7
8.214500E+3	-2.872960E-4	0.000000E+0
8.202600E+3	-2.839290E-4	-1.192100E-7
8.181400E+3	-2.777300E-4	6.258520E-7
8.172400E+3	-2.739750E-4	8.046660E-7
8.161600E+3	-2.699510E-4	5.662480E-7
8.139400E+3	-2.625010E-4	4.470370E-7
8.129400E+3	-2.597290E-4	6.556550E-7
8.109200E+3	-2.513550E-4	6.258520E-7
8.098700E+3	-2.472420E-4	-6.854570E-7
8.079000E+3	-2.378230E-4	-8.046660E-7
8.065200E+3	-2.308200E-4	-7.450620E-7
8.054700E+3	-2.243530E-4	-9.834840E-7
8.034300E+3	-2.111210E-4	-5.960500E-7
8.014900E+3	-1.951170E-4	-1.311310E-6
8.003500E+3	-1.841490E-4	-1.162300E-6
7.991000E+3	-1.739570E-4	-9.834840E-7
7.970700E+3	-1.563440E-4	-7.748640E-7
7.960600E+3	-1.453170E-4	-9.834840E-7
7.940200E+3	-1.274650E-4	-5.364450E-7
7.930600E+3	-1.178980E-4	-8.344690E-7
7.920900E+3	-1.087790E-4	-1.400720E-6
7.897500E+3	-9.003330E-5	-1.966970E-6
7.888500E+3	-8.150980E-5	-2.294790E-6
7.864500E+3	-6.300260E-5	-1.043090E-6
7.855500E+3	-5.450870E-5	-8.046660E-7
7.844900E+3	-4.610440E-5	-8.940730E-7
7.822100E+3	-3.311060E-5	3.278270E-7
7.812400E+3	-2.703080E-5	1.132500E-6
7.788900E+3	-1.552710E-5	2.771630E-6
7.779800E+3	-1.096730E-5	2.950440E-6
7.758600E+3	-3.874330E-6	1.847750E-6
7.749200E+3	-5.662480E-7	1.192100E-6
7.728700E+3	6.228710E-6	5.960500E-7
7.718600E+3	9.059960E-6	-8.940740E-8
7.698500E+3	1.454360E-5	-6.556550E-7
7.687900E+3	1.657020E-5	-5.066430E-7
7.677100E+3	1.922260E-5	2.980250E-8
7.655200E+3	2.506390E-5	-1.102690E-6
7.644100E+3	2.685200E-5	-1.341110E-6
7.631900E+3	2.896800E-5	-8.940730E-7
7.610500E+3	3.308080E-5	-8.940740E-8
7.601500E+3	3.570340E-5	2.384200E-7
7.577800E+3	3.990550E-5	4.768410E-7
7.568300E+3	4.124660E-5	1.043090E-6
7.547300E+3	4.342220E-5	1.490120E-6
7.535100E+3	4.434610E-5	1.281510E-6
7.526100E+3	4.547860E-5	8.642710E-7
7.505000E+3	4.822040E-5	1.043090E-6
7.495500E+3	4.929330E-5	8.046660E-7
7.475000E+3	5.137940E-5	5.662480E-7
7.464900E+3	5.286960E-5	7.152590E-7
7.444700E+3	5.382320E-5	1.192100E-7
7.434100E+3	5.468750E-5	7.152590E-7
7.411400E+3	5.590940E-5	6.556550E-7
7.401500E+3	5.590940E-5	9.834840E-7
7.388400E+3	5.656500E-5	9.834840E-7
7.368900E+3	5.751870E-5	-1.013290E-6
7.356000E+3	5.856180E-5	-1.162300E-6
7.344900E+3	5.957510E-5	-6.854570E-7
7.322300E+3	6.085660E-5	4.768410E-7
7.311900E+3	6.133360E-5	5.662480E-7
7.292300E+3	6.327080E-5	4.470370E-7
7.280900E+3	6.419470E-5	3.874320E-7
7.261300E+3	6.496950E-5	4.768410E-7
7.250300E+3	6.544640E-5	1.221900E-6
7.227500E+3	6.666830E-5	1.639140E-6
7.216900E+3	6.717490E-5	1.996770E-6
7.207900E+3	6.777090E-5	1.341110E-6
7.184000E+3	6.824780E-5	3.576300E-7
7.174900E+3	6.824780E-5	5.960500E-7
7.153900E+3	6.821800E-5	3.874320E-7
7.144900E+3	6.821800E-5	3.278270E-7
7.133900E+3	6.839680E-5	1.192100E-7
7.111700E+3	6.833720E-5	2.861040E-6
7.101500E+3	6.824780E-5	3.248470E-6
7.078400E+3	6.961870E-5	2.324600E-6
7.069000E+3	7.012530E-5	1.758340E-6
7.057800E+3	7.033390E-5	1.519930E-6
7.036100E+3	7.087040E-5	5.066430E-7
7.025100E+3	7.131740E-5	6.258520E-7
7.005700E+3	7.161540E-5	8.642710E-7
6.992800E+3	7.134720E-5	1.102690E-6
6.981600E+3	7.200290E-5	1.460320E-6
6.959100E+3	7.283730E-5	2.831240E-6
6.948300E+3	7.298640E-5	3.188860E-6
6.926700E+3	7.265850E-5	2.533210E-6
6.915500E+3	7.230090E-5	2.652420E-6
6.903100E+3	7.185390E-5	2.622620E-6
6.882900E+3	7.286710E-5	1.907360E-6
6.872900E+3	7.295660E-5	2.264990E-6
6.852300E+3	7.405920E-5	1.579530E-6
6.842900E+3	7.441690E-5	1.460320E-6
6.821800E+3	7.748650E-5	1.847750E-6
6.812600E+3	7.861900E-5	1.549730E-6
6.791300E+3	7.823160E-5	7.152590E-7
6.782300E+3	7.736730E-5	3.278270E-7
6.761000E+3	7.751630E-5	1.221900E-6
6.751800E+3	7.709910E-5	1.907360E-6
6.730800E+3	7.569840E-5	2.056370E-6
6.721200E+3	7.516190E-5	1.549730E-6
6.700700E+3	7.525130E-5	4.470370E-7
6.690600E+3	7.572820E-5	1.490130E-7
6.677400E+3	7.632420E-5	4.470370E-7
6.657900E+3	7.686070E-5	1.013290E-6
6.646600E+3	7.686070E-5	1.430520E-6
6.627000E+3	7.665200E-5	7.152590E-7
6.615800E+3	7.677120E-5	6.258520E-7
6.596000E+3	7.677120E-5	8.940740E-8
6.585200E+3	7.680110E-5	1.192100E-7
6.565100E+3	7.703950E-5	-5.066430E-7
6.555100E+3	7.695010E-5	-6.854570E-7
6.535600E+3	7.751630E-5	-1.430520E-6
6.525000E+3	7.814220E-5	-1.579530E-6
6.505000E+3	7.870840E-5	-8.046660E-7
6.494700E+3	7.906600E-5	-6.854570E-7
6.474300E+3	7.981110E-5	-9.834840E-7
6.464600E+3	7.978130E-5	-6.258520E-7
6.443500E+3	8.094360E-5	1.549730E-6
6.434200E+3	8.159920E-5	2.205390E-6
6.412800E+3	8.243370E-5	3.010050E-6
6.403700E+3	8.267210E-5	3.457080E-6
6.382400E+3	8.299990E-5	3.308070E-6
6.373300E+3	8.320850E-5	2.682220E-6
6.352200E+3	8.425160E-5	2.056370E-6
6.342800E+3	8.493710E-5	1.937170E-6
6.331500E+3	8.463910E-5	1.877550E-6
6.310100E+3	8.356620E-5	1.937170E-6
6.299000E+3	8.410260E-5	1.430520E-6
6.277000E+3	8.472850E-5	1.162300E-6
6.266700E+3	8.502650E-5	9.238760E-7
6.255600E+3	8.490730E-5	1.132500E-6
6.234100E+3	8.535430E-5	1.311310E-6
6.222700E+3	8.466890E-5	1.072890E-6
6.203300E+3	8.529470E-5	1.221900E-6
6.192100E+3	8.481790E-5	1.281510E-6
6.172500E+3	8.431120E-5	1.490130E-7
6.161700E+3	8.451990E-5	-3.278270E-7
6.141600E+3	8.520530E-5	-4.768410E-7
6.131400E+3	8.454970E-5	2.682230E-7
6.110900E+3	8.350660E-5	1.043090E-6
6.101200E+3	8.371520E-5	1.072890E-6
6.080200E+3	8.454970E-5	7.450620E-7
6.071100E+3	8.425160E-5	1.519930E-6
6.058800E+3	8.380460E-5	2.622620E-6
6.037700E+3	8.434100E-5	2.384200E-6
6.028300E+3	8.338740E-5	1.907360E-6
6.004700E+3	8.186740E-5	1.877550E-6
5.995500E+3	8.109260E-5	1.162300E-6
5.984400E+3	8.040710E-5	5.662480E-7
5.962000E+3	8.070520E-5	-3.278270E-7
5.950700E+3	8.112240E-5	-4.172340E-7
5.931200E+3	8.076480E-5	-6.854570E-7
5.920900E+3	8.082440E-5	-3.874320E-7
5.901200E+3	7.996010E-5	4.768410E-7
5.889900E+3	7.998990E-5	1.132500E-6
5.867700E+3	7.966210E-5	2.086180E-6
5.856300E+3	7.933420E-5	1.460320E-6
5.843700E+3	7.870840E-5	1.043090E-6
5.823800E+3	7.876800E-5	2.384200E-7
5.810700E+3	7.885740E-5	1.192100E-7
5.801400E+3	7.847000E-5	4.172340E-7
5.778200E+3	7.760570E-5	9.536820E-7
5.768100E+3	7.736730E-5	1.043090E-6
5.745800E+3	7.647320E-5	1.221900E-6
5.734800E+3	7.611560E-5	1.221900E-6
5.722700E+3	7.534070E-5	1.132500E-6
5.701900E+3	7.525130E-5	6.556550E-7
5.692700E+3	7.486390E-5	9.834840E-7
5.671300E+3	7.361220E-5	2.115980E-6
5.659200E+3	7.242010E-5	2.175580E-6
5.648800E+3	7.203270E-5	1.609330E-6
5.628800E+3	7.128760E-5	1.043090E-6
5.617900E+3	7.110880E-5	6.854570E-7
5.598600E+3	7.012530E-5	1.341110E-6
5.588300E+3	7.021470E-5	9.834840E-7
5.568300E+3	6.976770E-5	6.556550E-7
5.557500E+3	6.863520E-5	1.192100E-7
5.538000E+3	6.714510E-5	8.940740E-8
5.526900E+3	6.702590E-5	3.874320E-7
5.504800E+3	6.580400E-5	1.788150E-6
5.494600E+3	6.511850E-5	2.086180E-6
5.483900E+3	6.419470E-5	2.473610E-6
5.463600E+3	6.324100E-5	2.354400E-6
5.444100E+3	6.195950E-5	2.414000E-6
5.432700E+3	6.097580E-5	2.503410E-6
5.420000E+3	6.055860E-5	2.503410E-6
5.399100E+3	5.903860E-5	2.682220E-6
5.389700E+3	5.885980E-5	2.861040E-6
5.380500E+3	5.894920E-5	2.414000E-6
5.356400E+3	5.927710E-5	1.609330E-6
5.347000E+3	5.939630E-5	9.834840E-7
5.326200E+3	5.888960E-5	7.748640E-7
5.314000E+3	5.906840E-5	1.400720E-6
5.292600E+3	5.835320E-5	2.056370E-6
5.280600E+3	5.733990E-5	1.490120E-6
5.270300E+3	5.608820E-5	5.960500E-7
5.250400E+3	5.400200E-5	2.086170E-7
5.239800E+3	5.373380E-5	3.278270E-7
5.220400E+3	5.400200E-5	1.043090E-6
5.209300E+3	5.432990E-5	8.940730E-7
5.190100E+3	5.391260E-5	7.748640E-7
5.178800E+3	5.257150E-5	1.281510E-6
5.157200E+3	5.024690E-5	1.192100E-6
5.146300E+3	4.941250E-5	1.311310E-6
5.133300E+3	4.902510E-5	1.281510E-6
5.113800E+3	4.774360E-5	1.937170E-6
5.102700E+3	4.759450E-5	2.145780E-6
5.082900E+3	4.786280E-5	2.086180E-6
5.072400E+3	4.738590E-5	2.026570E-6
5.052100E+3	4.583620E-5	2.235190E-6
5.042000E+3	4.494210E-5	2.592820E-6
5.032600E+3	4.383940E-5	2.324600E-6
5.008700E+3	4.386930E-5	2.622620E-6
4.999600E+3	4.366060E-5	3.010050E-6
4.978400E+3	4.327320E-5	2.950440E-6
4.969300E+3	4.354140E-5	2.145780E-6
4.948200E+3	4.273680E-5	1.817950E-6
4.938600E+3	4.190230E-5	2.324600E-6
4.917900E+3	4.056120E-5	2.086180E-6
4.907800E+3	3.999490E-5	2.414000E-6
4.887700E+3	4.056120E-5	2.712030E-6
4.875200E+3	4.023340E-5	2.712030E-6
4.854500E+3	3.838560E-5	1.102690E-6
4.844500E+3	3.781940E-5	9.536820E-7
4.833300E+3	3.740210E-5	9.238760E-7
4.811600E+3	3.510740E-5	1.788150E-6
4.800200E+3	3.442190E-5	2.354400E-6
4.780800E+3	3.471990E-5	1.728540E-6
4.767600E+3	3.477950E-5	1.043090E-6
4.757100E+3	3.474970E-5	8.940730E-7
4.735100E+3	3.337880E-5	2.980250E-7
4.723900E+3	3.257420E-5	2.682230E-7
4.701800E+3	3.165030E-5	3.874320E-7
4.690800E+3	3.245500E-5	3.874320E-7
4.681800E+3	3.299140E-5	3.874320E-7
4.660500E+3	3.331920E-5	1.132500E-6
4.641300E+3	3.239540E-5	1.549730E-6
4.630000E+3	3.129270E-5	2.503410E-6
4.620800E+3	3.036870E-5	3.427280E-6
4.599500E+3	2.875940E-5	3.129260E-6
4.590400E+3	2.819310E-5	2.741830E-6
4.569100E+3	2.768650E-5	1.311310E-6
4.559800E+3	2.744810E-5	8.642710E-7
4.539000E+3	2.637520E-5	-8.046660E-7
4.529200E+3	2.548110E-5	-1.102690E-6
4.509000E+3	2.440820E-5	-1.311310E-6
4.498600E+3	2.411020E-5	-1.102690E-6
4.478700E+3	2.345450E-5	-8.940740E-8
4.467700E+3	2.393140E-5	4.768410E-7
4.448100E+3	2.408040E-5	9.536820E-7
4.436900E+3	2.396120E-5	6.556550E-7
4.415100E+3	2.399100E-5	-5.960500E-7
4.404300E+3	2.363340E-5	-5.364450E-7
4.384800E+3	2.440820E-5	5.066430E-7
4.373600E+3	2.497450E-5	6.556550E-7
4.354300E+3	2.500430E-5	-2.384200E-7
4.343000E+3	2.455720E-5	-6.556550E-7
4.333500E+3	2.393140E-5	-1.043090E-6
4.312300E+3	2.330550E-5	-1.937170E-6
4.300100E+3	2.360360E-5	-1.639140E-6
4.279500E+3	2.288830E-5	-7.450620E-7
4.269700E+3	2.229230E-5	-2.682230E-7
4.248700E+3	2.127900E-5	-4.768410E-7
4.239600E+3	2.080210E-5	-3.576300E-7
4.218300E+3	1.949080E-5	1.788150E-7
4.209100E+3	1.984850E-5	2.980250E-7
4.187600E+3	1.990810E-5	2.980250E-8
4.178500E+3	1.972930E-5	-8.344690E-7
4.157200E+3	2.008690E-5	-5.960500E-7
4.147600E+3	1.987830E-5	-5.960500E-7
4.136100E+3	1.943120E-5	2.682230E-7
4.114600E+3	1.820930E-5	1.758340E-6
4.103600E+3	1.764310E-5	1.490120E-6
4.084100E+3	1.639140E-5	7.152590E-7
4.072800E+3	1.680860E-5	4.768410E-7
4.053600E+3	1.665960E-5	-2.086170E-7
4.042300E+3	1.710660E-5	-1.192100E-6
4.023000E+3	1.695760E-5	-1.400720E-6
4.012000E+3	1.767290E-5	-1.013290E-6
3.990200E+3	1.737490E-5	-1.221900E-6
3.978800E+3	1.767290E-5	-8.940730E-7
3.969300E+3	1.719610E-5	-7.748640E-7
3.948000E+3	1.657020E-5	-5.066430E-7
3.928300E+3	1.481180E-5	-1.400720E-6
3.917500E+3	1.412640E-5	-1.519930E-6
3.908400E+3	1.415620E-5	-1.698740E-6
3.886900E+3	1.451380E-5	-2.145780E-6
3.877600E+3	1.460320E-5	-2.175580E-6
3.856700E+3	1.508000E-5	-8.940730E-7
3.844700E+3	1.519920E-5	-5.960500E-7
3.823600E+3	1.603380E-5	-2.980250E-7
3.811700E+3	1.558670E-5	-5.960510E-8
3.801700E+3	1.478200E-5	4.768410E-7
3.781500E+3	1.409660E-5	1.341110E-6
3.771000E+3	1.341110E-5	1.728540E-6
3.748100E+3	1.204020E-5	4.470370E-7
3.738300E+3	1.218920E-5	5.960500E-7
3.727100E+3	1.239780E-5	6.854570E-7
3.704700E+3	1.350050E-5	4.768410E-7
3.693500E+3	1.400710E-5	2.980250E-8
3.673700E+3	1.394750E-5	-5.662480E-7
3.663000E+3	1.323230E-5	-7.748640E-7
3.642900E+3	1.305350E-5	-1.579530E-6
3.630000E+3	1.227860E-5	-1.221900E-6
3.620900E+3	1.156340E-5	-1.370910E-6
3.597700E+3	1.153360E-5	-1.072890E-6
3.587900E+3	1.195080E-5	-3.576300E-7
3.565100E+3	1.069910E-5	-1.192100E-7
3.554500E+3	1.016270E-5	-1.788150E-7
3.545500E+3	9.507000E-6	-2.384200E-7
3.524100E+3	1.007320E-5	-3.576300E-7
3.514800E+3	1.016270E-5	1.788150E-7
3.493800E+3	1.057990E-5	9.834840E-7
3.481600E+3	1.159320E-5	1.698740E-6
3.460300E+3	1.126530E-5	1.579530E-6
3.451100E+3	1.084810E-5	2.473610E-6
3.438200E+3	9.805020E-6	2.741830E-6
3.418000E+3	9.864630E-6	2.503410E-6
3.407400E+3	1.037130E-5	2.443800E-6
3.387700E+3	8.940750E-6	2.384200E-6
3.376700E+3	8.553320E-6	2.175580E-6
3.357300E+3	9.715620E-6	1.847750E-6
3.345900E+3	9.745420E-6	1.221900E-6
3.326600E+3	9.507000E-6	-4.470370E-7
3.315300E+3	9.507000E-6	-1.043090E-6
3.293800E+3	8.612930E-6	-8.940740E-8
3.282400E+3	7.689060E-6	-2.384200E-7
3.272500E+3	7.122780E-6	-5.364450E-7
3.251500E+3	6.675750E-6	-2.086170E-7
3.242300E+3	7.331400E-6	-4.172340E-7
3.218000E+3	9.089770E-6	-2.086170E-7
3.208800E+3	8.910950E-6	-4.172340E-7
3.196400E+3	8.761940E-6	-1.072890E-6
3.175300E+3	8.225500E-6	-1.370910E-6
3.163200E+3	7.480410E-6	-1.817950E-6
3.141800E+3	6.377730E-6	-1.996770E-6
3.132800E+3	6.109510E-6	-2.294790E-6
3.111400E+3	6.437330E-6	-1.996770E-6
3.102100E+3	6.586340E-6	-1.788150E-6
3.081300E+3	6.556540E-6	-1.609330E-6
3.071400E+3	6.377730E-6	-1.579530E-6
3.060200E+3	7.152590E-6	-2.175580E-6
3.038700E+3	7.212190E-6	-2.235190E-6
3.027500E+3	6.496940E-6	-1.579530E-6
3.008100E+3	5.573060E-6	-1.698740E-6
2.995000E+3	5.662470E-6	-1.192100E-6
2.984500E+3	5.990300E-6	-4.768410E-7
2.961600E+3	5.871090E-6	1.102690E-6
2.951300E+3	6.496940E-6	1.668940E-6
2.931800E+3	7.212190E-6	2.384200E-7
2.920900E+3	7.241990E-6	-8.940740E-8
2.898000E+3	9.089770E-6	3.278270E-7
2.887200E+3	9.387790E-6	9.238760E-7
2.878200E+3	9.328190E-6	1.162300E-6
2.856800E+3	8.195700E-6	1.579530E-6
2.847800E+3	7.420810E-6	5.066430E-7
2.826500E+3	6.347920E-6	-9.834840E-7
2.814600E+3	7.212190E-6	-1.221900E-6
2.793300E+3	8.761940E-6	-3.874320E-7
2.784300E+3	8.612930E-6	-3.278270E-7
2.763300E+3	8.046690E-6	-6.854570E-7
2.753700E+3	7.659260E-6	-9.238760E-7
2.733000E+3	7.092980E-6	-1.311310E-6
2.723800E+3	6.884370E-6	-1.341110E-6
2.702400E+3	6.079700E-6	-1.043090E-6
2.692700E+3	5.573060E-6	-1.460320E-6
2.672000E+3	5.573060E-6	-1.460320E-6
2.661700E+3	5.930690E-6	-1.430520E-6
2.641200E+3	6.139310E-6	-1.102690E-6
2.630300E+3	5.930690E-6	-1.013290E-6
2.619600E+3	4.977020E-6	-1.162300E-6
2.599200E+3	4.082950E-6	-1.668940E-6
2.579800E+3	3.814730E-6	-6.556550E-7
2.568500E+3	3.755110E-6	-2.980250E-7
2.559000E+3	3.248470E-6	-3.576300E-7
2.537700E+3	3.159060E-6	6.556550E-7
2.528600E+3	3.963740E-6	1.192100E-6
2.504900E+3	4.708800E-6	7.748640E-7
2.495100E+3	5.215440E-6	8.344690E-7
2.485400E+3	4.738600E-6	1.221900E-6
2.461600E+3	3.606100E-6	1.430520E-6
2.452400E+3	3.278270E-6	1.996770E-6
2.427800E+3	3.248470E-6	2.205390E-6
2.418700E+3	2.622620E-6	1.877550E-6
2.397500E+3	2.622620E-6	5.960500E-7
2.387600E+3	2.920640E-6	6.258520E-7
2.366900E+3	3.904130E-6	4.470370E-7
2.356700E+3	4.023340E-6	1.490130E-7
2.336400E+3	4.321370E-6	-1.788150E-7
2.325500E+3	4.112750E-6	5.662480E-7
2.315300E+3	4.708800E-6	2.980250E-7
2.295700E+3	4.649190E-6	1.102690E-6
2.275400E+3	4.172350E-6	1.639140E-6
2.264700E+3	4.112750E-6	1.221900E-6
2.254100E+3	3.874330E-6	1.043090E-6
2.233600E+3	2.861040E-6	8.642710E-7
2.220700E+3	2.980250E-6	1.341110E-6
2.201100E+3	3.218670E-6	1.788150E-6
2.187100E+3	2.831240E-6	2.205390E-6
2.178000E+3	2.443800E-6	2.682220E-6
2.154100E+3	1.966970E-6	3.337870E-6
2.144600E+3	2.861040E-6	3.159060E-6
2.134500E+3	3.099460E-6	2.801430E-6
2.111000E+3	3.904130E-6	1.192100E-7
2.101700E+3	3.844530E-6	-1.221900E-6
2.077700E+3	3.963740E-6	-1.639140E-6
2.068500E+3	2.950440E-6	-1.609330E-6
2.047000E+3	2.443800E-6	-1.609330E-6
2.037800E+3	2.920640E-6	-1.460320E-6
2.016100E+3	2.980250E-6	-1.192100E-6
2.003800E+3	2.264990E-6	-5.960500E-7
1.992900E+3	1.996770E-6	7.152590E-7
1.972200E+3	2.861040E-6	1.311310E-6
1.958600E+3	3.218670E-6	1.221900E-6
1.937200E+3	3.457080E-6	1.281510E-6
1.926500E+3	3.606100E-6	1.728540E-6
1.905600E+3	4.500180E-6	1.639140E-6
1.894500E+3	3.814730E-6	1.519930E-6
1.874100E+3	4.947210E-6	8.642710E-7
1.862600E+3	4.977020E-6	1.013290E-6
1.852400E+3	5.215440E-6	1.609330E-6
1.831100E+3	4.440580E-6	2.443800E-6
1.811500E+3	2.741830E-6	3.159060E-6
1.800300E+3	2.145780E-6	2.622620E-6
1.788000E+3	2.324600E-6	1.549730E-6
1.767400E+3	3.457080E-6	-5.662480E-7
1.757900E+3	4.053140E-6	-5.960500E-7
1.737100E+3	4.082950E-6	5.066430E-7
1.728200E+3	3.397480E-6	1.341110E-6
1.707400E+3	2.235190E-6	2.533210E-6
1.698700E+3	1.877550E-6	2.205390E-6
1.678300E+3	1.072890E-6	1.013290E-6
1.669600E+3	9.536820E-7	8.940730E-7
1.649400E+3	7.152590E-7	2.980250E-8
1.641000E+3	9.536820E-7	5.960510E-8
1.620600E+3	1.668940E-6	1.788150E-7
1.612100E+3	1.907360E-6	-9.834840E-7
1.592100E+3	1.877550E-6	-1.966970E-6
1.583200E+3	1.907360E-6	-1.788150E-6
1.572500E+3	2.354400E-6	-1.221900E-6
1.554400E+3	2.443800E-6	3.278270E-7
1.535500E+3	2.771630E-6	-2.980250E-8
1.525500E+3	2.294790E-6	2.682230E-7
1.515400E+3	1.639140E-6	6.258520E-7
1.493800E+3	1.966970E-6	6.556550E-7
1.483900E+3	2.294790E-6	2.086170E-7
1.465700E+3	1.430520E-6	-3.278270E-7
1.455200E+3	2.026570E-6	-7.152590E-7
1.443800E+3	2.831240E-6	-5.364450E-7
1.423500E+3	3.367680E-6	0.000000E+0
1.414900E+3	3.010050E-6	1.788150E-7
1.394500E+3	2.115980E-6	5.960510E-8
1.385700E+3	1.877550E-6	2.980250E-7
1.365800E+3	2.503410E-6	-5.662480E-7
1.357000E+3	3.010050E-6	-6.854570E-7
1.336800E+3	2.712030E-6	-5.662480E-7
1.328000E+3	2.533210E-6	-3.576300E-7
1.308100E+3	9.238760E-7	6.258520E-7
1.296200E+3	8.046660E-7	4.470370E-7
1.276700E+3	1.013290E-6	-2.384200E-7
1.267100E+3	1.162300E-6	-3.278270E-7
1.248100E+3	2.592820E-6	7.152590E-7
1.239200E+3	2.473610E-6	1.758340E-6
1.225900E+3	2.592820E-6	2.473610E-6
1.208100E+3	2.503410E-6	1.192100E-6
1.197600E+3	2.026570E-6	6.556550E-7
1.178100E+3	1.072890E-6	5.960500E-7
1.167800E+3	8.046660E-7	5.960500E-7
1.156200E+3	1.013290E-6	3.278270E-7
1.138700E+3	1.430520E-6	7.450620E-7
1.129200E+3	1.668940E-6	8.344690E-7
1.110100E+3	2.682220E-6	5.662480E-7
1.100000E+3	2.741830E-6	3.278270E-7
1.092200E+3	2.324600E-6	-3.278270E-7
1.073700E+3	2.235190E-6	-1.162300E-6
1.066100E+3	2.056370E-6	-1.341110E-6
1.047900E+3	1.907360E-6	-1.788150E-6
1.040200E+3	1.251700E-6	-1.341110E-6
1.022300E+3	-5.960510E-8	-1.728540E-6
1.014300E+3	3.874320E-7	-1.758340E-6
9.941000E+2	1.281510E-6	-2.145780E-6
9.867000E+2	1.490120E-6	-1.758340E-6
9.688000E+2	1.549730E-6	-1.400720E-6
9.611000E+2	1.728540E-6	-2.473610E-6
9.435000E+2	1.937170E-6	-2.056370E-6
9.352000E+2	1.460320E-6	-1.043090E-6
9.181000E+2	5.960500E-7	-1.788150E-7
9.094000E+2	2.980250E-7	-1.490130E-7
9.002000E+2	3.874320E-7	3.874320E-7
8.822000E+2	1.907360E-6	2.980250E-8
8.725000E+2	1.728540E-6	7.450620E-7
8.565000E+2	1.996770E-6	1.132500E-6
8.470000E+2	2.294790E-6	1.192100E-7
8.307000E+2	2.533210E-6	1.490130E-7
8.218000E+2	2.264990E-6	6.258520E-7
8.037000E+2	3.367680E-6	4.768410E-7
7.942000E+2	2.384200E-6	5.960510E-8
7.840000E+2	1.430520E-6	-8.940740E-8
7.669000E+2	8.940730E-7	-7.450620E-7
7.589000E+2	1.937170E-6	-8.940730E-7
7.491000E+2	2.414000E-6	-8.940730E-7
7.313000E+2	1.311310E-6	-9.536820E-7
7.240000E+2	0.000000E+0	-2.980250E-7
7.039000E+2	-3.874320E-7	-2.682230E-7
6.966000E+2	-4.470370E-7	-1.192100E-7
6.795000E+2	-2.682230E-7	-2.086170E-7
6.718000E+2	3.874320E-7	-6.854570E-7
6.610000E+2	5.066430E-7	-1.102690E-6
6.453000E+2	1.341110E-6	-1.609330E-6
6.361000E+2	1.192100E-6	-1.251700E-6
6.208000E+2	1.430520E-6	-5.066430E-7
6.114000E+2	2.563010E-6	-7.748640E-7
5.944000E+2	4.529980E-6	-1.639140E-6
5.855000E+2	4.887610E-6	-2.205390E-6
5.772000E+2	3.546490E-6	-2.503410E-6
5.598000E+2	2.026570E-6	-9.536820E-7
5.509000E+2	1.430520E-6	-1.639140E-6
5.341000E+2	4.470370E-7	-2.205390E-6
5.249000E+2	3.874320E-7	-1.788150E-6
5.151000E+2	8.642710E-7	-1.549730E-6
4.996000E+2	3.576300E-7	-7.748640E-7
4.891000E+2	7.450620E-7	-7.748640E-7
4.741000E+2	1.698740E-6	-8.642710E-7
4.589000E+2	2.056370E-6	-2.682230E-7
4.234000E+2	3.099460E-6	-3.278270E-7
4.042000E+2	2.831240E-6	-8.046660E-7
3.823000E+2	2.175580E-6	-1.460320E-6
3.320000E+2	2.324600E-6	-6.854570E-7
3.075000E+2	2.056370E-6	5.364450E-7
2.530000E+2	2.056370E-6	1.072890E-6
2.261000E+2	1.758340E-6	1.162300E-6
2.005000E+2	1.072890E-6	5.960500E-7
1.459000E+2	1.788150E-7	-1.788150E-7
9.190000E+1	8.642710E-7	-4.768410E-7
6.390000E+1	5.662480E-7	-3.576300E-7
3.750000E+1	-2.086170E-7	-8.940730E-7
-1.860000E+1	2.980250E-7	-3.874320E-7
-7.330000E+1	1.788150E-6	-8.940730E-7
-9.910000E+1	1.370910E-6	-1.609330E-6
-1.248000E+2	-1.788150E-7	-1.966970E-6
-1.784000E+2	-2.235190E-6	-2.026570E-6
-2.300000E+2	-3.010050E-6	-8.046660E-7
-2.546000E+2	-2.831240E-6	-1.490130E-7
-2.856000E+2	-2.264990E-6	-4.172340E-7
-3.334000E+2	-2.771630E-6	-1.788150E-7
