Sample Name, Varga_5_4_35.65G
Freq displayed, 3.568, GHz, Power, 10, dBm, 35.65 Ghz, adjusted black knob, disconnected voltmeter
SR850: f = 25 Hz; phase = -84 deg; output = 5 V; sens. = 200 uV; tc = 300 ms; 12dB/oct
Field	X	Y
Oe	V	V
*
-6.471000E+2	1.832850E-6	2.235190E-8
-6.479000E+2	1.944620E-6	-1.266610E-7
-6.473000E+2	1.817950E-6	-5.960510E-8
-6.406000E+2	9.164250E-7	8.195680E-7
-6.325000E+2	2.011670E-7	9.089740E-7
-6.205000E+2	9.685800E-8	1.184650E-6
-5.911000E+2	5.662480E-7	6.333030E-7
-5.783000E+2	9.685830E-7	5.289950E-7
-5.630000E+2	1.348560E-6	4.097840E-7
-5.337000E+2	1.452870E-6	-2.533220E-7
-5.141000E+2	9.834840E-7	2.905740E-7
-4.839000E+2	7.152590E-7	2.831240E-7
-4.690000E+2	9.611320E-7	-4.470370E-7
-4.415000E+2	1.467770E-6	-1.780700E-6
-4.275000E+2	1.646590E-6	-1.817950E-6
-4.036000E+2	2.078730E-6	-1.512480E-6
-3.911000E+2	2.168130E-6	-1.132500E-6
-3.806000E+2	2.637520E-6	-2.086170E-7
-3.584000E+2	2.987700E-6	-4.544870E-7
-3.488000E+2	3.419830E-6	-8.642710E-7
-3.308000E+2	3.516690E-6	-4.768410E-7
-3.221000E+2	3.680600E-6	-1.564630E-7
-3.035000E+2	4.179800E-6	-5.513470E-7
-2.948000E+2	3.919030E-6	-1.154850E-6
-2.744000E+2	2.339500E-6	-2.339500E-6
-2.655000E+2	2.041470E-6	-2.548110E-6
-2.419000E+2	2.890840E-6	-1.005840E-6
-2.321000E+2	3.099460E-6	-2.235190E-8
-2.107000E+2	4.217060E-6	-7.674130E-7
-1.980000E+2	4.813100E-6	-1.013290E-6
-1.888000E+2	4.902510E-6	-6.482040E-7
-1.675000E+2	4.932310E-6	-8.270180E-7
-1.580000E+2	5.036620E-6	-1.035640E-6
-1.343000E+2	6.966320E-6	-2.011670E-6
-1.254000E+2	7.420810E-6	-2.078730E-6
-1.145000E+2	8.732140E-6	-1.981870E-6
-9.280000E+1	8.687440E-6	-1.490130E-7
-8.270000E+1	7.994530E-6	3.799810E-7
-6.280000E+1	7.852970E-6	-1.862650E-7
-4.940000E+1	7.443160E-6	-7.376110E-7
-3.640000E+1	6.750260E-6	-6.780060E-7
-1.710000E+1	4.835460E-6	-6.109510E-7
-6.000000E+0	4.097850E-6	-3.203770E-7
1.340000E+1	1.356010E-6	-3.203770E-7
2.430000E+1	3.501790E-7	-1.266610E-7
4.410000E+1	-2.093630E-6	1.147400E-6
5.460000E+1	-3.106910E-6	2.332050E-6
7.460000E+1	-4.932310E-6	2.630070E-6
7.460000E+1	-4.932310E-6	2.630070E-6
9.640000E+1	-4.947210E-6	1.356010E-6
1.176000E+2	-5.424050E-6	5.811490E-7
1.296000E+2	-5.953040E-6	3.501790E-7
1.391000E+2	-6.526740E-6	1.013290E-6
1.625000E+2	-7.621970E-6	2.026570E-6
1.714000E+2	-6.951420E-6	2.086180E-6
1.955000E+2	-6.355370E-6	1.303860E-6
2.046000E+2	-4.977020E-6	1.370910E-6
2.150000E+2	-3.956290E-6	1.207000E-6
2.376000E+2	-4.187260E-6	6.035010E-7
2.473000E+2	-4.440580E-6	3.576300E-7
2.708000E+2	-5.081330E-6	4.395860E-7
2.799000E+2	-6.020100E-6	6.407540E-7
3.008000E+2	-5.811480E-6	1.296410E-6
3.101000E+2	-5.237790E-6	1.370910E-6
3.212000E+2	-4.269210E-6	1.341110E-6
3.406000E+2	-3.144160E-6	8.121170E-7
3.518000E+2	-2.510860E-6	6.333030E-7
3.742000E+2	-2.153230E-6	5.960510E-8
3.742000E+2	-2.153230E-6	5.960510E-8
3.946000E+2	-1.624230E-6	2.309690E-7
4.189000E+2	-2.220290E-6	6.780060E-7
4.284000E+2	-2.220290E-6	9.685830E-7
4.518000E+2	-2.667320E-6	6.333030E-7
4.621000E+2	-3.166510E-6	9.536820E-7
4.714000E+2	-3.784910E-6	1.229350E-6
4.952000E+2	-3.457080E-6	-5.960510E-8
5.042000E+2	-2.793980E-6	-4.246850E-7
5.253000E+2	-1.333660E-6	2.533220E-7
5.344000E+2	-6.631050E-7	4.917420E-7
5.582000E+2	-1.460320E-6	1.139950E-6
5.673000E+2	-2.332050E-6	1.430520E-6
5.797000E+2	-2.644970E-6	1.542280E-6
6.007000E+2	-2.235190E-6	1.266610E-6
6.107000E+2	-2.272440E-6	9.536820E-7
6.314000E+2	-2.793980E-6	-2.756730E-7
6.419000E+2	-3.144160E-6	-5.066430E-7
6.622000E+2	-2.868490E-6	-1.430520E-6
6.732000E+2	-2.287340E-6	-1.505020E-6
6.932000E+2	-1.937170E-6	-1.147400E-6
7.047000E+2	-1.460320E-6	-2.011670E-7
7.243000E+2	-1.147400E-6	-8.046660E-7
7.359000E+2	-1.214450E-6	-8.940730E-7
7.486000E+2	-1.639140E-6	-7.525120E-7
7.692000E+2	-1.274060E-6	-5.736980E-7
7.826000E+2	-2.004220E-6	2.011670E-7
7.950000E+2	-2.473610E-6	2.458710E-7
8.167000E+2	-2.123430E-6	0.000000E+0
8.258000E+2	-2.041470E-6	1.415620E-7
8.473000E+2	-6.556550E-7	6.333030E-7
8.596000E+2	-2.235180E-7	1.117590E-6
8.814000E+2	-3.203770E-7	7.152590E-7
8.908000E+2	-7.450620E-7	7.301610E-7
9.016000E+2	-1.266610E-6	4.544870E-7
9.254000E+2	-1.192100E-6	5.066430E-7
9.353000E+2	-1.236800E-6	1.028190E-6
9.600000E+2	-9.760330E-7	5.438960E-7
9.693000E+2	-8.046660E-7	4.023330E-7
9.910000E+2	-1.497570E-6	2.533220E-7
1.000500E+3	-9.164250E-7	-2.607720E-7
1.012100E+3	3.576300E-7	-9.238760E-7
1.034800E+3	5.513470E-7	-8.642710E-7
1.046400E+3	5.736980E-7	-7.748640E-7
1.046400E+3	5.736980E-7	-7.748640E-7
1.077800E+3	6.407540E-7	-1.221900E-6
1.098100E+3	7.450620E-7	-6.556550E-7
1.109000E+3	-1.117590E-7	-1.937160E-7
1.121400E+3	-6.109510E-7	-3.129260E-7
1.143100E+3	-1.072890E-6	-2.235190E-8
1.152500E+3	-1.467770E-6	3.799810E-7
1.174100E+3	-9.536820E-7	3.129260E-7
1.183300E+3	-1.072890E-6	4.097840E-7
1.207700E+3	-1.236800E-6	7.450640E-9
1.217100E+3	-1.899910E-6	-8.940740E-8
1.238800E+3	-2.473610E-6	-1.437970E-6
1.248100E+3	-2.242640E-6	-1.363460E-6
1.269700E+3	-1.728540E-6	-4.768410E-7
1.279000E+3	-1.564630E-6	-1.452870E-6
1.292100E+3	-1.631680E-6	-1.460320E-6
1.312900E+3	-1.944620E-6	-1.057990E-6
1.323600E+3	-1.892450E-6	-4.768410E-7
1.343700E+3	-2.168130E-6	-1.095240E-6
1.354700E+3	-2.220290E-6	-1.311310E-6
1.374200E+3	-1.542280E-6	-1.914810E-6
1.385300E+3	-2.220290E-6	-1.437970E-6
1.404400E+3	-3.144160E-6	-7.897650E-7
1.415500E+3	-2.853590E-6	-1.005840E-6
1.434500E+3	-1.356010E-6	-1.028190E-6
1.445500E+3	-1.020740E-6	-1.020740E-6
1.464900E+3	-2.108530E-6	-1.862650E-7
1.475400E+3	-2.160680E-6	1.415620E-7
1.495500E+3	-9.760330E-7	2.086170E-7
1.505400E+3	-1.072890E-6	5.960510E-8
1.514400E+3	-1.236800E-6	-1.043090E-7
1.538600E+3	-2.384200E-7	-3.650800E-7
1.547600E+3	4.768410E-7	-3.203770E-7
1.568800E+3	2.831240E-7	-6.854570E-7
1.577900E+3	1.043090E-7	-1.005840E-6
1.598700E+3	5.438960E-7	-5.066430E-7
1.608300E+3	5.811490E-7	-3.203770E-7
1.628900E+3	6.109510E-7	-2.607720E-7
1.640800E+3	2.980250E-7	1.862650E-7
1.661900E+3	-8.717220E-7	2.175580E-6
1.671200E+3	-1.192100E-6	2.518310E-6
1.682400E+3	-1.452870E-6	1.840300E-6
1.701600E+3	-1.370910E-6	2.175580E-6
1.712900E+3	-8.791720E-7	2.175580E-6
1.731400E+3	-1.341110E-7	2.160680E-6
1.742700E+3	-5.364450E-7	2.220290E-6
1.762100E+3	-9.313260E-7	2.466160E-6
1.782200E+3	-1.318760E-6	2.630070E-6
1.792500E+3	-9.834840E-7	2.078730E-6
1.803400E+3	-7.674130E-7	9.611320E-7
1.823300E+3	-8.344690E-7	-7.376110E-7
1.833400E+3	-1.311310E-6	-7.525120E-7
1.855400E+3	-9.909340E-7	-2.011670E-7
1.866400E+3	-1.102690E-6	1.564630E-7
1.886300E+3	-1.326210E-6	7.301610E-7
1.896800E+3	-1.288960E-6	8.642710E-7
1.905600E+3	-1.207000E-6	4.097840E-7
1.929600E+3	-2.205390E-6	-3.874320E-7
1.938700E+3	-2.644970E-6	8.195680E-8
1.962400E+3	-2.600270E-6	2.980250E-7
1.971400E+3	-2.332050E-6	-1.639140E-7
1.983900E+3	-1.899910E-6	-4.619380E-7
2.004400E+3	-1.028190E-6	-5.960500E-7
2.014400E+3	-8.791720E-7	-1.415620E-7
2.037800E+3	-7.301610E-7	-5.886000E-7
2.047000E+3	-8.642710E-7	-8.568200E-7
2.059900E+3	-4.470370E-7	-1.005840E-6
2.079800E+3	4.470370E-7	-7.525120E-7
2.090500E+3	2.309690E-7	-9.685800E-8
2.109800E+3	-1.296410E-6	1.326210E-6
2.121000E+3	-1.430520E-6	1.996770E-6
2.140000E+3	-1.423070E-6	2.644970E-6
2.151300E+3	-1.348560E-6	2.838690E-6
2.170400E+3	-3.874320E-7	1.557180E-6
2.181600E+3	7.450630E-8	5.662480E-7
2.201200E+3	5.811490E-7	-1.937160E-7
2.211900E+3	6.631050E-7	-1.564630E-7
2.223900E+3	5.364450E-7	-6.109510E-7
2.244800E+3	-3.054760E-7	-1.937160E-7
2.257100E+3	-5.736980E-7	5.886000E-7
2.266100E+3	-1.095240E-6	1.408170E-6
2.290300E+3	-1.192100E-6	2.905740E-6
2.299400E+3	-1.296410E-6	2.592820E-6
2.320200E+3	-1.154850E-6	9.015240E-7
2.329800E+3	-7.301610E-7	4.172340E-7
2.353100E+3	-1.624230E-6	-1.937160E-7
2.362100E+3	-2.034020E-6	2.235190E-8
2.374900E+3	-2.294790E-6	6.780060E-7
2.395000E+3	-1.981870E-6	-8.195680E-8
2.405400E+3	-1.966970E-6	-5.811490E-7
2.425000E+3	-2.123430E-6	-7.152590E-7
2.437700E+3	-2.473610E-6	1.266610E-7
2.458000E+3	-2.726930E-6	5.215440E-7
2.468200E+3	-2.853590E-6	5.960500E-7
2.479100E+3	-2.995150E-6	3.650800E-7
2.498900E+3	-2.563010E-6	-4.246850E-7
2.509300E+3	-2.123430E-6	-6.482040E-7
2.529600E+3	-4.470370E-7	-4.246850E-7
2.542400E+3	8.568200E-7	-5.662480E-7
2.561900E+3	1.490120E-6	2.682230E-7
2.572600E+3	1.013290E-6	9.015240E-7
2.592500E+3	2.235180E-7	-8.493700E-7
2.602600E+3	-8.270180E-7	-1.497570E-6
2.623000E+3	-2.183030E-6	-2.115980E-6
2.632400E+3	-2.160680E-6	-2.041470E-6
2.642100E+3	-1.870100E-6	-1.564630E-6
2.665200E+3	-5.289950E-7	-1.475220E-6
2.674100E+3	-5.364450E-7	-2.235190E-6
2.695100E+3	-8.493700E-7	-1.609330E-6
2.704600E+3	-1.408170E-6	-1.564630E-6
2.725100E+3	-7.450620E-7	-1.274060E-6
2.735200E+3	-1.266610E-7	-1.177200E-6
2.755300E+3	2.607720E-7	-1.169750E-6
2.765900E+3	3.948830E-7	-1.683840E-6
2.785500E+3	1.266610E-7	-1.408170E-6
2.796600E+3	4.991930E-7	-1.274060E-6
2.818700E+3	3.725310E-7	-5.811490E-7
2.829000E+3	3.576300E-7	-6.407540E-7
2.849000E+3	-3.054760E-7	-8.940730E-7
2.859900E+3	-1.713640E-7	-6.035010E-7
2.870300E+3	-1.937160E-7	-1.199550E-6
2.892200E+3	-4.544870E-7	-1.430520E-6
2.903300E+3	-5.140940E-7	-1.147400E-6
2.922600E+3	-8.195680E-7	-2.309690E-7
2.933000E+3	-6.482040E-7	4.842910E-7
2.952900E+3	-7.152590E-7	1.437970E-6
2.962900E+3	-2.756730E-7	1.505020E-6
2.974700E+3	-5.960500E-7	1.601880E-6
2.995900E+3	-2.376750E-6	3.799810E-7
3.007900E+3	-2.235190E-6	-6.705570E-8
3.028800E+3	-1.400720E-6	-1.192100E-7
3.038100E+3	-1.303860E-6	-4.619380E-7
3.048200E+3	-1.505020E-6	-1.177200E-6
3.071300E+3	-3.062200E-6	-4.470370E-7
3.080600E+3	-3.650800E-6	2.533220E-7
3.101200E+3	-3.889230E-6	1.937170E-6
3.113800E+3	-4.008440E-6	2.123430E-6
3.125000E+3	-4.217060E-6	2.466160E-6
3.146300E+3	-3.874330E-6	1.639140E-6
3.157400E+3	-3.442180E-6	6.407540E-7
3.176700E+3	-2.890840E-6	-1.244250E-6
3.187900E+3	-2.540660E-6	-1.274060E-6
3.207200E+3	-2.540660E-6	-8.791720E-7
3.218500E+3	-2.086180E-6	-1.214450E-6
3.227500E+3	-2.376750E-6	-1.028190E-6
3.250900E+3	-1.452870E-6	-8.493700E-7
3.260600E+3	-1.348560E-6	-2.309690E-7
3.283100E+3	-1.959520E-6	1.490130E-7
3.293600E+3	-1.803050E-6	1.192100E-7
3.305500E+3	-1.646590E-6	6.035010E-7
3.326500E+3	-3.203770E-7	8.866230E-7
3.338700E+3	1.639140E-7	7.525120E-7
3.359000E+3	-7.003580E-7	-5.960510E-8
3.368600E+3	-1.139950E-6	-8.493700E-7
3.380800E+3	-1.497570E-6	-1.110140E-6
3.402000E+3	-2.183030E-6	-1.825400E-6
3.411000E+3	-2.369300E-6	-7.674130E-7
3.432100E+3	-2.443800E-6	7.599630E-7
3.441300E+3	-3.047300E-6	1.452870E-6
3.465100E+3	-2.145780E-6	1.676390E-6
3.474100E+3	-1.698740E-6	1.706190E-6
3.495300E+3	-1.817950E-6	2.689670E-6
3.504300E+3	-1.542280E-6	2.592820E-6
3.525200E+3	-1.661490E-6	6.333030E-7
3.534600E+3	-1.713640E-6	-6.109510E-7
3.545800E+3	-1.400720E-6	-8.493700E-7
3.565000E+3	-1.341110E-6	3.501790E-7
3.584900E+3	-1.162300E-6	1.564630E-6
3.595500E+3	-1.229350E-6	2.302240E-6
3.605900E+3	-1.400720E-6	3.129260E-6
3.626000E+3	-2.607720E-7	3.203760E-6
3.638800E+3	-4.321350E-7	2.540660E-6
3.647900E+3	-1.303860E-6	2.153230E-6
3.671500E+3	-4.246850E-7	6.258520E-7
3.681300E+3	-2.756730E-7	7.823150E-7
3.702200E+3	-1.207000E-6	5.811490E-7
3.711500E+3	-1.698740E-6	3.874320E-7
3.735600E+3	-1.944620E-6	2.831240E-7
3.744800E+3	-2.093630E-6	5.736980E-7
3.765300E+3	-2.674770E-6	-1.192100E-7
3.774700E+3	-2.875940E-6	-2.980250E-8
3.784500E+3	-3.486890E-6	-4.395860E-7
3.804700E+3	-3.904130E-6	-1.035640E-6
3.825800E+3	-3.553940E-6	-3.054760E-7
3.834800E+3	-3.740210E-6	3.129260E-7
3.845800E+3	-4.157450E-6	1.393270E-6
3.868000E+3	-2.205390E-6	1.639140E-6
3.878000E+3	-1.713640E-6	1.512480E-6
3.898000E+3	-2.458710E-7	1.505020E-6
3.908800E+3	-2.011670E-7	1.452870E-6
3.928200E+3	-9.834840E-7	8.419190E-7
3.942000E+3	-1.505020E-6	1.266610E-7
3.952100E+3	-1.810500E-6	-1.937160E-7
3.972300E+3	-1.907360E-6	5.215430E-8
3.984900E+3	-1.542280E-6	8.940740E-8
4.004600E+3	-1.169750E-6	1.266610E-7
4.015000E+3	-1.758340E-6	-1.937160E-7
4.035200E+3	-2.667320E-6	-4.991930E-7
4.045200E+3	-3.017500E-6	-8.270180E-7
4.065900E+3	-2.123430E-6	-1.773250E-6
4.075300E+3	-1.966970E-6	-1.512480E-6
4.096600E+3	-1.825400E-6	-2.905740E-7
4.105800E+3	-2.048920E-6	-2.235180E-7
4.126900E+3	-2.421450E-6	-5.140940E-7
4.135900E+3	-2.786530E-6	9.685800E-8
4.156900E+3	-2.726930E-6	4.097840E-7
4.165800E+3	-2.957900E-6	4.619380E-7
4.186800E+3	-2.563010E-6	-1.207000E-6
4.195800E+3	-2.853590E-6	-1.683840E-6
4.216900E+3	-3.859430E-6	-1.832850E-6
4.226100E+3	-4.187260E-6	-2.563010E-6
4.237300E+3	-4.284110E-6	-2.503410E-6
4.256600E+3	-4.746050E-6	-2.287340E-6
4.277100E+3	-3.851980E-6	-2.697120E-6
4.287300E+3	-3.315520E-6	-2.861040E-6
4.300400E+3	-3.047300E-6	-3.233570E-6
4.319700E+3	-3.471990E-6	-2.533210E-6
4.331000E+3	-3.583740E-6	-1.519930E-6
4.350200E+3	-3.308070E-6	-1.341110E-7
4.361400E+3	-2.853590E-6	7.525120E-7
4.381000E+3	-3.404930E-6	1.631680E-6
4.391900E+3	-3.844530E-6	1.996770E-6
4.412100E+3	-3.799810E-6	2.063830E-6
4.422300E+3	-3.226120E-6	1.952070E-6
4.434400E+3	-3.509240E-6	1.743440E-6
4.455500E+3	-5.327190E-6	1.452870E-6
4.464400E+3	-5.506010E-6	1.110140E-6
4.485500E+3	-4.954670E-6	-5.215440E-7
4.485500E+3	-4.954670E-6	-5.215440E-7
4.515300E+3	-3.866880E-6	-2.160680E-7
4.524600E+3	-3.732760E-6	2.682230E-7
4.545000E+3	-4.045690E-6	1.162300E-6
4.555000E+3	-3.740210E-6	7.972160E-7
4.575200E+3	-4.403320E-6	1.586980E-6
4.585700E+3	-4.380970E-6	1.356010E-6
4.605500E+3	-4.947210E-6	-1.788150E-7
4.616500E+3	-5.200530E-6	1.713640E-7
4.635900E+3	-4.991920E-6	6.780060E-7
4.647100E+3	-5.267590E-6	8.121170E-7
4.666400E+3	-5.841280E-6	-7.003580E-7
4.677500E+3	-6.102050E-6	-2.831240E-7
4.696900E+3	-6.526740E-6	4.544870E-7
4.707700E+3	-6.355370E-6	2.533220E-7
4.716600E+3	-6.243620E-6	1.639140E-7
4.740100E+3	-7.033380E-6	4.246850E-7
4.749400E+3	-7.994530E-6	0.000000E+0
4.773400E+3	-8.091390E-6	3.576300E-7
4.782600E+3	-7.294150E-6	8.195680E-8
4.803900E+3	-7.092980E-6	7.078090E-7
4.813000E+3	-6.608690E-6	8.344690E-7
4.834000E+3	-5.833830E-6	1.326210E-6
4.843100E+3	-5.453850E-6	1.497570E-6
4.864200E+3	-4.507630E-6	1.475220E-6
4.873200E+3	-4.388420E-6	1.385820E-6
4.894300E+3	-4.284110E-6	1.765790E-6
4.903400E+3	-3.092010E-6	2.339500E-6
4.924300E+3	-3.054750E-6	2.220290E-6
4.933700E+3	-2.980250E-6	1.505020E-6
4.945000E+3	-2.630070E-6	5.886000E-7
4.967100E+3	-3.621000E-6	-2.309690E-7
4.977400E+3	-4.589590E-6	-5.215440E-7
4.996900E+3	-5.222890E-6	-1.788150E-7
5.008200E+3	-4.857810E-6	-1.862650E-7
5.027800E+3	-5.051520E-6	-7.003580E-7
5.039000E+3	-4.567240E-6	-7.152590E-7
5.051300E+3	-3.725300E-6	5.215430E-8
5.072500E+3	-3.375130E-6	1.326210E-6
5.084700E+3	-4.068050E-6	9.611320E-7
5.105100E+3	-5.699720E-6	8.866230E-7
5.114500E+3	-6.333020E-6	9.387770E-7
5.135300E+3	-7.048280E-6	3.427290E-7
5.144300E+3	-7.264350E-6	1.490130E-8
5.165300E+3	-5.796580E-6	-1.862650E-7
5.174300E+3	-5.364450E-6	8.940740E-8
5.195600E+3	-5.386800E-6	1.162300E-6
5.204600E+3	-5.133480E-6	1.288960E-6
5.225800E+3	-4.813100E-6	1.415620E-6
5.235400E+3	-4.567240E-6	2.212840E-6
5.246700E+3	-5.230340E-6	2.510860E-6
5.268200E+3	-6.824760E-6	2.495960E-6
5.279400E+3	-7.651800E-6	1.735990E-6
5.298700E+3	-7.301600E-6	9.313260E-7
5.310000E+3	-6.698100E-6	2.384200E-7
5.331600E+3	-5.908340E-6	-1.415620E-7
5.342300E+3	-5.438950E-6	-1.788150E-7
5.352700E+3	-3.933940E-6	7.450630E-8
5.374600E+3	-4.164900E-6	-6.705560E-7
5.385700E+3	-4.321370E-6	-9.611320E-7
5.397800E+3	-4.254310E-6	-7.599630E-7
5.418300E+3	-3.106910E-6	-7.972160E-7
5.427800E+3	-2.987700E-6	-6.780060E-7
5.448800E+3	-2.287340E-6	-8.568200E-7
5.457900E+3	-2.063830E-6	-8.717220E-7
5.481500E+3	-1.207000E-6	-9.238760E-7
5.491400E+3	-1.117590E-6	-9.313260E-7
5.512400E+3	1.490130E-8	-4.023330E-7
5.521800E+3	1.169750E-6	-7.301610E-7
5.543200E+3	2.056370E-6	-7.972160E-7
5.552300E+3	2.197940E-6	-9.536820E-7
5.563000E+3	2.406550E-6	-1.035640E-6
5.582700E+3	3.829630E-6	-8.419190E-7
5.596600E+3	4.477830E-6	-1.139950E-6
5.616100E+3	5.982850E-6	1.490130E-8
5.629000E+3	6.586340E-6	1.378360E-6
5.640000E+3	7.391010E-6	9.313260E-7
5.659800E+3	9.156820E-6	-6.109510E-7
5.670300E+3	1.008810E-5	-7.823150E-7
5.692000E+3	9.737970E-6	-8.344690E-7
5.703200E+3	9.179170E-6	-1.162300E-6
5.722700E+3	9.164270E-6	-1.423070E-6
5.733500E+3	9.760320E-6	-1.147400E-6
5.753500E+3	1.284490E-5	-4.470370E-8
5.766800E+3	1.359740E-5	4.917420E-7
5.775900E+3	1.382830E-5	6.929080E-7
5.797000E+3	1.331420E-5	2.384200E-7
5.806200E+3	1.367190E-5	5.960510E-8
5.827300E+3	1.411890E-5	7.301610E-7
5.836400E+3	1.513960E-5	6.556550E-7
5.857300E+3	1.615300E-5	9.909340E-7
5.867700E+3	1.703960E-5	1.169750E-6
5.890400E+3	1.896180E-5	1.356010E-6
5.900000E+3	1.971440E-5	1.020740E-6
5.911200E+3	2.106290E-5	7.376110E-7
5.930500E+3	2.273180E-5	-5.215430E-8
5.950600E+3	2.346200E-5	-1.475220E-6
5.961300E+3	2.330550E-5	-1.847750E-6
5.971800E+3	2.332790E-5	-1.281510E-6
5.990900E+3	2.446780E-5	-7.674130E-7
6.002000E+3	2.454980E-5	-4.544870E-7
6.024500E+3	2.624110E-5	7.823150E-7
6.035100E+3	2.747040E-5	5.960510E-8
6.055100E+3	2.771630E-5	-6.035010E-7
6.065300E+3	2.779080E-5	2.533220E-7
6.084600E+3	2.823780E-5	4.693880E-7
6.098400E+3	2.837190E-5	1.125040E-6
6.107500E+3	2.791740E-5	1.922260E-6
6.128900E+3	2.843150E-5	1.177200E-6
6.141000E+3	2.864760E-5	7.525120E-7
6.162300E+3	2.828250E-5	8.046660E-7
6.171500E+3	2.881150E-5	7.450620E-7
6.182000E+3	2.922870E-5	9.387770E-7
6.204900E+3	2.943740E-5	2.905740E-7
6.214700E+3	2.932560E-5	-8.046660E-7
6.235000E+3	2.972790E-5	-9.387770E-7
6.245200E+3	3.010790E-5	-7.525120E-7
6.265300E+3	3.073390E-5	-4.470370E-7
6.276100E+3	3.048790E-5	-1.296410E-6
6.286500E+3	3.018990E-5	-1.661490E-6
6.308500E+3	3.015260E-5	1.937160E-7
6.328800E+3	2.971300E-5	2.682230E-7
6.339300E+3	3.020480E-5	-1.266610E-7
6.350100E+3	3.063700E-5	-1.043090E-7
6.370200E+3	3.055510E-5	-2.756730E-7
6.380400E+3	3.062960E-5	8.195680E-7
6.400900E+3	2.948210E-5	6.631050E-7
6.410600E+3	2.871470E-5	5.215430E-8
6.431500E+3	2.824530E-5	7.450630E-8
6.440700E+3	2.836450E-5	-1.043090E-7
6.461800E+3	2.881150E-5	1.490130E-8
6.470900E+3	2.877430E-5	-2.980250E-7
6.494700E+3	2.867000E-5	5.066430E-7
6.504100E+3	2.873700E-5	9.536820E-7
6.514100E+3	2.866250E-5	1.184650E-6
6.537500E+3	2.880410E-5	1.266610E-7
6.546700E+3	2.902760E-5	-1.415620E-7
6.570800E+3	2.879660E-5	3.427290E-7
6.580000E+3	2.854330E-5	1.862650E-7
6.593600E+3	2.792490E-5	1.713640E-7
6.613400E+3	2.656890E-5	5.662480E-7
6.624300E+3	2.576420E-5	2.235190E-8
6.646400E+3	2.488510E-5	-1.028190E-6
6.656700E+3	2.450510E-5	-1.378360E-6
6.667600E+3	2.434120E-5	-9.834840E-7
6.689300E+3	2.513090E-5	-9.387770E-7
6.700400E+3	2.539170E-5	-5.811490E-7
6.719700E+3	2.628580E-5	0.000000E+0
6.730800E+3	2.614420E-5	1.139950E-6
6.750300E+3	2.581640E-5	2.086180E-6
6.761000E+3	2.592070E-5	2.153230E-6
6.781200E+3	2.616660E-5	1.393270E-6
6.791400E+3	2.593560E-5	1.236800E-6
6.800700E+3	2.628580E-5	1.072890E-6
6.824600E+3	2.768650E-5	1.013290E-6
6.833800E+3	2.773860E-5	1.318760E-6
6.855100E+3	2.733630E-5	9.387770E-7
6.864200E+3	2.629320E-5	7.078090E-7
6.885400E+3	2.643480E-5	3.129260E-7
6.894900E+3	2.692650E-5	6.333030E-7
6.915700E+3	2.764180E-5	1.199550E-6
6.927800E+3	2.778330E-5	1.221900E-6
6.938900E+3	2.796960E-5	1.139950E-6
6.958300E+3	2.749280E-5	2.086180E-6
6.979100E+3	2.694140E-5	2.786530E-6
6.988900E+3	2.735860E-5	2.503410E-6
7.000000E+3	2.781310E-5	1.974420E-6
7.019400E+3	2.815590E-5	4.842910E-7
7.030300E+3	2.768650E-5	4.246850E-7
7.050300E+3	2.678500E-5	5.215430E-8
7.063300E+3	2.580150E-5	-7.003580E-7
7.072800E+3	2.509370E-5	-9.685830E-7
7.096300E+3	2.568230E-5	-3.650800E-7
7.106500E+3	2.632300E-5	6.780060E-7
7.128900E+3	2.639750E-5	9.313260E-7
7.139900E+3	2.624110E-5	5.960510E-8
7.152100E+3	2.621130E-5	1.788150E-7
7.172900E+3	2.602500E-5	1.467770E-6
7.182300E+3	2.642730E-5	1.817950E-6
7.203500E+3	2.581640E-5	1.855200E-6
7.212600E+3	2.554070E-5	6.929080E-7
7.236900E+3	2.446040E-5	-7.301610E-7
7.245900E+3	2.457210E-5	-6.482040E-7
7.258600E+3	2.440820E-5	-4.246850E-7
7.279100E+3	2.392390E-5	8.419190E-7
7.291200E+3	2.403570E-5	1.169750E-6
7.312500E+3	2.360360E-5	1.408170E-6
7.321700E+3	2.343220E-5	7.376110E-7
7.342500E+3	2.188990E-5	6.705570E-8
7.352300E+3	2.121940E-5	2.533220E-7
7.363500E+3	2.057860E-5	1.415620E-7
7.383000E+3	2.016140E-5	3.501790E-7
7.402900E+3	1.934180E-5	-3.203770E-7
7.413800E+3	1.920030E-5	-7.152590E-7
7.424200E+3	1.883520E-5	-9.536820E-7
7.444700E+3	1.804540E-5	-7.078090E-7
7.454600E+3	1.715880E-5	-1.214450E-6
7.474600E+3	1.570590E-5	-1.519930E-6
7.484900E+3	1.548990E-5	-7.823150E-7
7.506100E+3	1.452870E-5	-5.587970E-7
7.518300E+3	1.376130E-5	-4.619380E-7
7.539000E+3	1.208490E-5	-5.811490E-7
7.548500E+3	1.083320E-5	-1.452870E-6
7.569500E+3	9.313280E-6	-1.110140E-6
7.578800E+3	8.784290E-6	-4.768410E-7
7.600000E+3	8.925850E-6	4.321350E-7
7.609100E+3	8.896050E-6	5.960500E-7
7.620000E+3	8.612930E-6	5.513470E-7
7.642400E+3	7.092980E-6	4.768410E-7
7.652500E+3	6.578890E-6	2.384200E-7
7.675900E+3	5.237790E-6	8.419190E-7
7.685300E+3	4.425670E-6	8.195680E-7
7.696600E+3	3.613550E-6	2.980250E-7
7.718400E+3	3.166510E-6	-6.780060E-7
7.729300E+3	2.361850E-6	-6.109510E-7
7.751500E+3	4.097840E-7	-1.102690E-6
7.761600E+3	-1.221900E-6	-9.834840E-7
7.774700E+3	-1.996770E-6	-6.109510E-7
7.793900E+3	-4.231960E-6	0.000000E+0
7.807900E+3	-5.133480E-6	-8.195680E-8
7.817600E+3	-5.677370E-6	-3.129260E-7
7.840400E+3	-7.189840E-6	-6.035010E-7
7.851000E+3	-8.329810E-6	-6.705570E-8
7.860100E+3	-1.072140E-5	3.874320E-7
7.884200E+3	-1.417110E-5	3.948830E-7
7.893400E+3	-1.584010E-5	1.564630E-7
7.917100E+3	-1.934180E-5	5.513470E-7
7.926900E+3	-2.061590E-5	1.266610E-6
7.948000E+3	-2.295540E-5	1.735990E-6
7.957300E+3	-2.408040E-5	1.192100E-6
7.978500E+3	-2.690420E-5	7.301610E-7
7.987600E+3	-2.837190E-5	4.917420E-7
8.008700E+3	-3.006320E-5	7.078090E-7
8.017800E+3	-3.135230E-5	1.072890E-6
8.028800E+3	-3.267100E-5	1.311310E-6
8.050800E+3	-3.532340E-5	0.000000E+0
8.061200E+3	-3.744690E-5	1.415620E-7
8.084000E+3	-3.893700E-5	-3.501790E-7
8.093600E+3	-3.968200E-5	-4.917420E-7
8.107700E+3	-4.038980E-5	-1.862650E-7
8.127200E+3	-4.074000E-5	1.192100E-7
8.138500E+3	-4.066550E-5	4.246850E-7
8.158200E+3	-4.047920E-5	-1.862650E-7
8.168500E+3	-4.028550E-5	-4.991930E-7
8.188000E+3	-3.995770E-5	-2.160680E-7
8.199300E+3	-3.942130E-5	-8.195680E-8
8.211600E+3	-3.851970E-5	-3.427290E-7
8.233000E+3	-3.694020E-5	-1.713640E-7
8.245200E+3	-3.570340E-5	-1.937160E-7
8.254600E+3	-3.433250E-5	-7.450640E-9
8.278400E+3	-3.004830E-5	-5.289950E-7
8.287500E+3	-2.805900E-5	-4.619380E-7
8.311600E+3	-2.318630E-5	-4.172340E-7
8.320900E+3	-2.113000E-5	-1.564630E-7
8.331000E+3	-1.843290E-5	-9.685800E-8
8.354100E+3	-1.321740E-5	-4.023330E-7
8.363600E+3	-1.002110E-5	-7.078090E-7
8.387300E+3	-5.617770E-6	-9.015240E-7
8.396500E+3	-2.905740E-6	-1.005840E-6
8.410400E+3	-8.419190E-7	-5.736980E-7
8.429900E+3	4.068050E-6	-1.080340E-6
8.442800E+3	6.035000E-6	-7.227100E-7
8.453900E+3	8.523520E-6	-4.395860E-7
8.473600E+3	1.285980E-5	2.533220E-7
8.484500E+3	1.469260E-5	-4.246850E-7
8.504900E+3	1.849250E-5	-7.674130E-7
8.515200E+3	2.010180E-5	-6.929080E-7
8.535800E+3	2.366320E-5	-6.929080E-7
8.545700E+3	2.570460E-5	-5.066430E-7
8.568600E+3	2.781310E-5	-3.576300E-7
8.579000E+3	2.894560E-5	-1.043090E-7
8.599300E+3	3.046550E-5	4.321350E-7
8.609300E+3	3.128520E-5	4.544870E-7
8.630100E+3	3.325960E-5	-2.905740E-7
8.639500E+3	3.422820E-5	-4.693880E-7
8.660800E+3	3.495840E-5	-9.536820E-7
8.670000E+3	3.474230E-5	-8.940740E-8
8.691300E+3	3.485400E-5	-6.705570E-8
8.700600E+3	3.490620E-5	3.799810E-7
8.722000E+3	3.453370E-5	4.395860E-7
8.731300E+3	3.414620E-5	6.258520E-7
8.742600E+3	3.379610E-5	4.097840E-7
8.762100E+3	3.315530E-5	4.768410E-7
8.773400E+3	3.317020E-5	3.427290E-7
8.795000E+3	3.191850E-5	3.650800E-7
8.806200E+3	3.147150E-5	2.235180E-7
8.825900E+3	3.150870E-5	6.929080E-7
8.837200E+3	3.092760E-5	5.215440E-7
8.856700E+3	2.887860E-5	-2.607720E-7
8.867800E+3	2.812610E-5	-6.780060E-7
8.886600E+3	2.722450E-5	1.043090E-7
8.900700E+3	2.619640E-5	-3.799810E-7
8.910400E+3	2.469130E-5	-8.195680E-7
8.933300E+3	2.070530E-5	-1.505020E-6
8.943700E+3	1.847760E-5	-1.579530E-6
8.964100E+3	1.639140E-5	-1.177200E-6
8.974100E+3	1.549730E-5	-5.364450E-7
8.983700E+3	1.506510E-5	-7.301610E-7
9.007600E+3	1.373890E-5	-9.834840E-7
9.016700E+3	1.292680E-5	-2.458710E-7
9.038100E+3	1.230840E-5	1.266610E-6
9.047500E+3	1.128020E-5	1.296410E-6
9.068500E+3	8.098840E-6	8.866230E-7
9.080600E+3	7.428260E-6	1.102690E-6
9.101800E+3	6.064800E-6	1.013290E-6
9.111000E+3	5.155830E-6	4.246850E-7
9.122000E+3	3.688050E-6	6.929080E-7
9.141300E+3	8.717220E-7	1.147400E-6
9.152500E+3	-3.054760E-7	1.423070E-6
9.172000E+3	-2.652420E-6	1.393270E-6
9.192400E+3	-3.553940E-6	5.140940E-7
9.202900E+3	-4.179800E-6	-5.960510E-8
9.216100E+3	-4.582140E-6	-3.799810E-7
9.225800E+3	-5.036620E-6	-2.607720E-7
9.249000E+3	-6.198910E-6	4.619380E-7
9.259500E+3	-7.309050E-6	5.960500E-7
9.280100E+3	-8.598030E-6	-9.685800E-8
9.290000E+3	-8.933300E-6	-1.490130E-7
9.313600E+3	-9.656010E-6	1.192100E-7
9.323300E+3	-1.042340E-5	3.725310E-8
9.343600E+3	-1.180920E-5	-2.235190E-8
9.353800E+3	-1.248720E-5	-2.235190E-8
9.374500E+3	-1.358250E-5	2.682230E-7
9.384200E+3	-1.437970E-5	6.035010E-7
9.405300E+3	-1.522160E-5	-1.937160E-7
9.414500E+3	-1.538560E-5	-5.960500E-7
9.435900E+3	-1.624240E-5	-1.154850E-6
9.445100E+3	-1.636900E-5	-1.892450E-6
9.457700E+3	-1.658510E-5	-2.108530E-6
9.469000E+3	-1.686820E-5	-2.264990E-6
9.491400E+3	-1.700980E-5	-1.624230E-6
9.511900E+3	-1.776980E-5	-1.400720E-6
9.522300E+3	-1.773990E-5	-1.214450E-6
9.542200E+3	-1.769520E-5	4.470370E-8
9.552100E+3	-1.766540E-5	-2.756730E-7
9.572700E+3	-1.902140E-5	-7.301610E-7
9.583100E+3	-1.919280E-5	-8.940740E-8
9.594200E+3	-1.913320E-5	4.619380E-7
9.614200E+3	-1.668200E-5	1.870100E-6
9.624700E+3	-1.570590E-5	1.877550E-6
9.647000E+3	-1.543770E-5	1.579530E-6
9.658100E+3	-1.596670E-5	1.154850E-6
9.678000E+3	-1.717370E-5	1.117590E-7
9.688600E+3	-1.749410E-5	7.450640E-9
9.708900E+3	-1.722590E-5	-3.650800E-7
9.719000E+3	-1.688310E-5	-1.490130E-7
9.731300E+3	-1.723330E-5	1.713640E-7
9.752300E+3	-1.746430E-5	2.384200E-7
9.761800E+3	-1.759840E-5	3.799810E-7
9.782100E+3	-1.845520E-5	3.501790E-7
9.792200E+3	-1.814970E-5	6.929080E-7
9.812400E+3	-1.681610E-5	4.470370E-8
9.823100E+3	-1.656280E-5	-2.607720E-7
9.842900E+3	-1.674900E-5	-1.154850E-6
9.853200E+3	-1.689800E-5	-7.748640E-7
9.876700E+3	-1.807520E-5	-7.376110E-7
9.887200E+3	-1.839560E-5	-6.333030E-7
9.898100E+3	-1.827640E-5	-7.376110E-7
9.918400E+3	-1.721100E-5	-8.419190E-7
9.928800E+3	-1.665220E-5	-7.376110E-7
9.948200E+3	-1.660000E-5	-2.607720E-7
9.959100E+3	-1.641370E-5	-5.066430E-7
9.980100E+3	-1.586240E-5	-9.387770E-7
9.989400E+3	-1.568360E-5	-1.132500E-6
1.001040E+4	-1.382090E-5	-3.278270E-7
1.002260E+4	-1.274060E-5	-3.129260E-7
1.004320E+4	-1.300130E-5	1.192100E-7
1.005580E+4	-1.312800E-5	1.937160E-7
1.006500E+4	-1.287470E-5	8.195680E-8
1.008630E+4	-1.146650E-5	4.768410E-7
1.009840E+4	-1.209980E-5	4.395860E-7
1.011980E+4	-1.325460E-5	6.407540E-7
1.012910E+4	-1.285230E-5	6.929080E-7
1.013970E+4	-1.206250E-5	7.525120E-7
1.016270E+4	-1.155590E-5	1.467770E-6
1.017270E+4	-1.081090E-5	2.115980E-6
1.019610E+4	-1.050540E-5	1.266610E-6
1.020630E+4	-1.068420E-5	9.834840E-7
1.021940E+4	-1.024460E-5	5.960500E-7
1.022950E+4	-9.559150E-6	7.599630E-7
1.025210E+4	-8.873700E-6	-6.333030E-7
1.026290E+4	-8.866250E-6	-5.066430E-7
1.028470E+4	-8.836450E-6	2.533220E-7
1.029590E+4	-8.933300E-6	3.799810E-7
1.030530E+4	-9.000360E-6	-2.756730E-7
1.032860E+4	-8.486270E-6	-1.378360E-6
1.033860E+4	-8.598030E-6	-1.586980E-6
1.035910E+4	-8.113740E-6	-1.683840E-6
1.036860E+4	-8.292550E-6	-1.281510E-6
1.038980E+4	-8.918400E-6	-8.568200E-7
1.040220E+4	-9.171720E-6	-1.706190E-6
1.042310E+4	-9.335640E-6	-1.274060E-6
1.043310E+4	-9.328190E-6	-9.089740E-7
1.044590E+4	-9.805020E-6	-1.050540E-6
1.046690E+4	-9.678360E-6	-1.490130E-8
1.047710E+4	-9.387790E-6	4.917420E-7
1.049770E+4	-8.702340E-6	3.054760E-7
1.050830E+4	-8.449020E-6	5.289950E-7
1.053150E+4	-7.055730E-6	1.683840E-6
1.054130E+4	-6.735350E-6	1.586980E-6
1.056210E+4	-7.353750E-6	1.080340E-6
1.057220E+4	-7.264350E-6	1.266610E-7
1.058330E+4	-7.100430E-6	1.713640E-7
1.060330E+4	-6.295770E-6	-5.960500E-7
1.061380E+4	-6.124410E-6	-9.387770E-7
1.063420E+4	-6.832210E-6	-1.080340E-6
1.064430E+4	-6.668300E-6	-8.121170E-7
1.066520E+4	-7.741210E-6	-7.376110E-7
1.067480E+4	-7.659260E-6	-2.011670E-7
1.069830E+4	-6.556540E-6	-3.799810E-7
1.070880E+4	-6.847110E-6	-1.490130E-8
1.071810E+4	-6.884370E-6	6.333030E-7
1.074210E+4	-5.997750E-6	1.087790E-6
1.075140E+4	-6.280870E-6	1.020740E-6
1.077270E+4	-6.243620E-6	1.207000E-6
1.078480E+4	-6.444780E-6	7.003580E-7
1.079500E+4	-6.273420E-6	4.246850E-7
1.081850E+4	-6.385180E-6	-2.235190E-8
1.082790E+4	-6.243620E-6	3.203770E-7
1.084910E+4	-7.465510E-6	4.619380E-7
1.085900E+4	-7.569820E-6	8.195680E-8
1.087960E+4	-6.616140E-6	-5.215440E-7
1.089010E+4	-5.878540E-6	-4.321350E-7
1.091360E+4	-5.506010E-6	-1.117590E-7
1.092320E+4	-5.923240E-6	1.788150E-7
1.093450E+4	-6.191460E-6	3.650800E-7
1.095420E+4	-5.841280E-6	1.050540E-6
1.096530E+4	-4.753500E-6	7.599630E-7
1.098520E+4	-4.321370E-6	7.599630E-7
1.099830E+4	-4.522530E-6	3.874320E-7
1.101820E+4	-4.515080E-6	-1.937160E-7
1.102940E+4	-4.626840E-6	-4.470370E-7
1.103890E+4	-5.476210E-6	-2.682230E-7
1.106330E+4	-5.781680E-6	-1.490130E-8
1.107570E+4	-4.313920E-6	-1.102690E-6
1.109630E+4	-2.600270E-6	-8.940730E-7
1.110610E+4	-2.622620E-6	-7.301610E-7
1.111820E+4	-2.756730E-6	-5.886000E-7
1.113960E+4	-3.613550E-6	6.109510E-7
1.114900E+4	-4.477830E-6	9.834840E-7
1.117330E+4	-5.967940E-6	7.748640E-7
1.118260E+4	-5.595420E-6	7.599630E-7
1.119320E+4	-4.813100E-6	6.705570E-8
1.121630E+4	-4.030790E-6	-4.395860E-7
1.122620E+4	-3.933940E-6	1.117590E-7
1.124670E+4	-3.710400E-6	-5.662480E-7
1.125710E+4	-3.650800E-6	-7.450640E-9
1.127740E+4	-2.600270E-6	5.811490E-7
1.128820E+4	-2.242640E-6	1.043090E-7
1.130120E+4	-2.495960E-6	0.000000E+0
1.132080E+4	-3.300620E-6	-1.937160E-7
1.133490E+4	-4.246860E-6	-3.650800E-7
1.135380E+4	-2.726930E-6	-6.333030E-7
1.136520E+4	-2.414000E-6	-6.407540E-7
1.138490E+4	-1.870100E-6	-5.886000E-7
1.139610E+4	-1.400720E-6	-7.450630E-8
1.141590E+4	-9.387770E-7	-1.266610E-7
1.142690E+4	-2.332050E-6	-6.333030E-7
1.143920E+4	-2.913190E-6	-7.227100E-7
1.146020E+4	-3.494340E-6	-2.756730E-7
1.146980E+4	-3.144160E-6	5.960510E-8
1.149140E+4	-3.807260E-6	6.705570E-8
1.150080E+4	-3.658250E-6	-7.450630E-8
1.152230E+4	-3.278270E-6	-1.415620E-6
1.153170E+4	-2.980250E-6	-1.415620E-6
1.155300E+4	-2.652420E-6	-6.556550E-7
1.156240E+4	-2.942990E-6	-9.462270E-7
1.157370E+4	-2.264990E-6	-1.735990E-6
1.159570E+4	-2.354400E-6	-1.527380E-6
1.160940E+4	-3.166510E-6	-9.760330E-7
1.162920E+4	-3.144160E-6	8.940740E-8
1.164040E+4	-2.600270E-6	5.960500E-7
1.166270E+4	-2.093630E-6	4.097840E-7
1.167300E+4	-2.600270E-6	7.003580E-7
1.168630E+4	-2.801430E-6	9.909340E-7
1.169630E+4	-2.942990E-6	1.132500E-6
1.171920E+4	-2.749280E-6	1.177200E-6
1.172990E+4	-2.622620E-6	7.301610E-7
1.175210E+4	-2.793980E-6	9.462270E-7
1.176330E+4	-2.726930E-6	1.132500E-6
1.177260E+4	-3.494340E-6	2.533220E-7
1.179640E+4	-3.911580E-6	-4.619380E-7
1.180640E+4	-3.688050E-6	-4.619380E-7
1.183010E+4	-4.582140E-6	6.929080E-7
1.183990E+4	-3.740210E-6	1.788150E-7
1.185230E+4	-3.024950E-6	4.097840E-7
1.187380E+4	-2.361850E-6	1.266610E-6
1.188310E+4	-2.823780E-6	1.184650E-6
1.190440E+4	-3.680600E-6	5.066430E-7
1.191420E+4	-4.075500E-6	-9.685800E-8
1.193530E+4	-3.635900E-6	-8.866230E-7
1.194550E+4	-2.741830E-6	-1.110140E-6
1.196600E+4	-1.400720E-6	-1.057990E-6
1.197850E+4	-9.834840E-7	-1.072890E-6
1.199950E+4	-8.270180E-7	-1.683840E-6
1.200940E+4	-1.512480E-6	-1.780700E-6
1.203000E+4	-1.795600E-6	-7.376110E-7
1.204040E+4	-2.324600E-6	1.192100E-7
1.205350E+4	-2.630070E-6	-4.172340E-7
1.207310E+4	-1.452870E-6	2.235190E-8
1.208610E+4	-1.572080E-6	6.333030E-7
1.209670E+4	-1.288960E-6	8.568200E-7
1.211880E+4	-3.576300E-7	1.072890E-6
1.213000E+4	-3.576300E-7	8.195680E-7
1.214990E+4	-9.164250E-7	1.028190E-6
1.216090E+4	-1.624230E-6	1.803050E-6
1.218110E+4	-2.495960E-6	1.892450E-6
1.219150E+4	-2.428900E-6	2.257540E-6
1.221210E+4	-1.654040E-6	2.339500E-6
1.222210E+4	-1.475220E-6	2.436350E-6
1.224310E+4	-2.630070E-6	8.493700E-7
1.225270E+4	-3.941390E-6	1.333660E-6
1.227410E+4	-4.939760E-6	1.356010E-6
1.228340E+4	-5.155830E-6	7.301610E-7
1.229600E+4	-5.029170E-6	3.501790E-7
1.231710E+4	-4.552330E-6	-1.654040E-6
1.232720E+4	-4.351170E-6	-1.542280E-6
1.234770E+4	-3.740210E-6	-3.725310E-8
1.235810E+4	-2.726930E-6	0.000000E+0
1.237830E+4	-2.473610E-6	6.929080E-7
1.238930E+4	-2.957900E-6	8.791720E-7
1.240900E+4	-3.330420E-6	4.395860E-7
1.242020E+4	-3.285720E-6	-1.341110E-7
1.243020E+4	-3.196310E-6	-2.011670E-7
1.245300E+4	-2.942990E-6	-4.544870E-7
1.246360E+4	-3.159060E-6	2.831240E-7
1.248390E+4	-3.464530E-6	1.207000E-6
1.249700E+4	-2.689670E-6	1.445420E-6
1.251680E+4	-1.505020E-6	1.318760E-6
1.252770E+4	-1.326210E-6	1.914810E-6
1.254000E+4	-1.117590E-6	2.138330E-6
1.256120E+4	-5.140940E-7	1.624230E-6
1.257390E+4	-4.321350E-7	1.348560E-6
1.258400E+4	-2.086170E-7	8.046660E-7
1.260760E+4	-7.525120E-7	8.568200E-7
1.261710E+4	-1.862650E-7	5.662480E-7
1.264130E+4	-9.536820E-7	-1.840300E-6
1.265070E+4	-1.527380E-6	-1.706190E-6
1.266130E+4	-1.601880E-6	-1.400720E-6
1.268140E+4	-1.907360E-6	-1.318760E-6
1.269450E+4	-2.093630E-6	-1.534830E-6
1.271500E+4	-2.764180E-6	-1.534830E-6
1.272560E+4	-2.980250E-6	-9.313260E-7
1.274880E+4	-3.166510E-6	-4.470370E-7
1.275870E+4	-2.734380E-6	0.000000E+0
1.277290E+4	-1.966970E-6	5.215430E-8
1.279270E+4	-1.661490E-6	-1.415620E-7
1.280380E+4	-1.713640E-6	4.023330E-7
1.281630E+4	-1.966970E-6	7.748640E-7
1.283700E+4	-2.302240E-6	1.095240E-6
1.285000E+4	-2.160680E-6	5.960500E-7
1.287020E+4	-1.959520E-6	4.842910E-7
1.288080E+4	-1.668940E-6	5.662480E-7
1.290120E+4	-4.768410E-7	-4.991930E-7
1.291140E+4	-8.568200E-7	-8.642710E-7
1.293230E+4	-1.311310E-6	-1.087790E-6
1.294190E+4	-1.758340E-6	-9.387770E-7
1.296320E+4	-1.512480E-6	-4.470370E-8
1.297250E+4	-8.642710E-7	2.905740E-7
1.298510E+4	-8.270180E-7	4.470370E-8
1.300630E+4	-1.840300E-6	-4.693880E-7
1.301870E+4	-2.376750E-6	-2.831240E-7
1.303150E+4	-2.600270E-6	-8.940740E-8
1.305190E+4	-2.540660E-6	-1.937160E-7
1.306080E+4	-2.399100E-6	-6.109510E-7
1.307890E+4	-3.106910E-6	-6.854570E-7
1.308480E+4	-1.423070E-6	-1.199550E-6
1.309130E+4	-1.788150E-7	-1.810500E-6
1.309890E+4	4.917420E-7	-2.175580E-6
1.310180E+4	4.023330E-7	-1.542280E-6
1.310100E+4	3.725310E-7	1.192100E-7
1.310000E+4	-8.940740E-8	3.129260E-7
1.309150E+4	9.462270E-7	1.735990E-6
1.308650E+4	1.452870E-6	1.847750E-6
1.307850E+4	1.721090E-6	1.356010E-6
1.305720E+4	6.333030E-7	-1.192100E-7
1.304460E+4	1.192100E-7	-5.140940E-7
1.301580E+4	-2.019120E-6	-5.886000E-7
1.300150E+4	-2.346950E-6	4.395860E-7
1.298640E+4	-2.414000E-6	1.274060E-6
1.295460E+4	-1.586980E-6	1.817950E-6
1.293920E+4	-8.121170E-7	1.378360E-6
1.290890E+4	-8.493700E-7	1.013290E-6
1.289470E+4	-1.363460E-6	9.238760E-7
1.288190E+4	-1.758340E-6	1.184650E-6
1.285510E+4	-1.661490E-6	1.400720E-6
1.284320E+4	-1.966970E-6	1.087790E-6
1.282260E+4	-1.840300E-6	-1.490130E-8
1.281250E+4	-1.259160E-6	-4.470370E-7
1.279350E+4	-6.631050E-7	-5.140940E-7
1.278470E+4	-5.736980E-7	1.937160E-7
1.276390E+4	1.341110E-7	1.199550E-6
1.275390E+4	-1.788150E-7	8.046660E-7
1.274240E+4	-5.140940E-7	1.490130E-7
1.272170E+4	-2.451260E-6	5.960500E-7
1.271240E+4	-3.248470E-6	6.929080E-7
1.269120E+4	-3.419830E-6	1.579530E-6
1.268190E+4	-3.039850E-6	1.542280E-6
1.266040E+4	-3.010050E-6	-2.086170E-7
1.265080E+4	-1.743440E-6	-1.057990E-6
1.263680E+4	-1.199550E-6	-1.356010E-6
1.261710E+4	-1.780700E-6	-4.693880E-7
1.260410E+4	-2.063830E-6	2.831240E-7
1.259320E+4	-2.101080E-6	6.556550E-7
1.257140E+4	-3.106910E-6	1.005840E-6
1.256030E+4	-3.024950E-6	4.842910E-7
1.253900E+4	-1.758340E-6	-2.905740E-7
1.252800E+4	-1.706190E-6	0.000000E+0
1.251810E+4	-1.586980E-6	-9.685800E-8
1.249570E+4	-1.847750E-6	-1.341110E-6
1.248490E+4	-1.780700E-6	-1.810500E-6
1.246320E+4	-7.674130E-7	-3.799810E-7
1.245200E+4	-5.886000E-7	-1.713640E-7
1.244270E+4	-6.556550E-7	-1.341110E-7
1.242150E+4	-1.221900E-6	3.501790E-7
1.240180E+4	-2.272440E-6	1.445420E-6
1.239140E+4	-2.220290E-6	1.162300E-6
1.238230E+4	-2.250090E-6	4.395860E-7
1.235830E+4	-2.466160E-6	2.309690E-7
1.234910E+4	-1.125040E-6	1.117590E-7
1.232770E+4	-3.874320E-7	7.450640E-9
1.231800E+4	-4.693880E-7	4.991930E-7
1.229730E+4	4.470370E-8	3.278270E-7
1.228800E+4	-6.705570E-8	5.662480E-7
1.226710E+4	-1.296410E-6	1.207000E-6
1.225730E+4	-1.423070E-6	1.534830E-6
1.224620E+4	-1.758340E-6	1.385820E-6
1.222400E+4	-1.452870E-6	6.109510E-7
1.221280E+4	-1.229350E-6	-1.341110E-7
1.219320E+4	-1.303860E-6	3.725310E-7
1.218260E+4	-1.177200E-6	1.259160E-6
1.216260E+4	-1.169750E-6	1.043090E-6
1.215260E+4	-1.050540E-6	6.780060E-7
1.213230E+4	-1.341110E-6	4.470370E-8
1.211980E+4	-1.698740E-6	-3.725310E-7
1.211080E+4	-1.773250E-6	-5.886000E-7
1.208700E+4	-1.937170E-6	-4.991930E-7
1.207740E+4	-1.519930E-6	-6.780060E-7
1.205600E+4	-1.080340E-6	-1.639140E-6
1.204680E+4	-1.601880E-6	-1.534830E-6
1.202540E+4	-2.108530E-6	-6.407540E-7
1.201610E+4	-1.966970E-6	-4.619380E-7
1.199490E+4	-2.600270E-6	-7.152590E-7
1.198550E+4	-3.196310E-6	-5.364450E-7
1.196480E+4	-3.844530E-6	-9.685800E-8
1.195510E+4	-3.494340E-6	1.639140E-7
1.194400E+4	-3.024950E-6	7.599630E-7
1.192260E+4	-2.443800E-6	2.458710E-7
1.191160E+4	-2.302240E-6	-1.043090E-7
1.188970E+4	-1.899910E-6	-2.905740E-7
1.187930E+4	-2.793980E-6	-5.066430E-7
1.185950E+4	-2.376750E-6	2.905740E-7
1.184850E+4	-2.197940E-6	8.344690E-7
1.182900E+4	-2.175580E-6	1.005840E-6
1.181780E+4	-2.942990E-6	1.557180E-6
1.180810E+4	-3.427280E-6	1.519930E-6
1.178530E+4	-3.956290E-6	2.086180E-6
1.177480E+4	-4.135100E-6	2.093630E-6
1.175280E+4	-3.866880E-6	2.153230E-6
1.174160E+4	-3.539040E-6	1.885000E-6
1.173240E+4	-2.719480E-6	1.445420E-6
1.171120E+4	-1.251700E-6	1.043090E-7
1.169120E+4	-1.266610E-7	-4.097840E-7
1.168100E+4	-8.195680E-8	-5.215430E-8
1.167170E+4	-8.493700E-7	1.341110E-7
1.164770E+4	-1.117590E-6	8.344690E-7
1.163850E+4	-1.356010E-6	5.960500E-7
1.162600E+4	-1.557180E-6	1.043090E-7
1.160550E+4	-1.378360E-6	-5.960500E-7
1.159280E+4	-1.132500E-6	-6.929080E-7
1.157230E+4	-1.907360E-6	-4.544870E-7
1.156310E+4	-2.287340E-6	-6.705570E-8
1.154220E+4	-2.667320E-6	5.066430E-7
1.153150E+4	-2.682220E-6	2.309690E-7
1.152130E+4	-3.092010E-6	-7.003580E-7
1.149950E+4	-3.255920E-6	-4.619380E-7
1.148850E+4	-3.099460E-6	1.713640E-7
1.146890E+4	-2.950440E-6	1.013290E-6
1.145820E+4	-2.644970E-6	6.929080E-7
1.144620E+4	-3.039850E-6	7.897650E-7
1.142310E+4	-3.673150E-6	6.109510E-7
1.141270E+4	-3.926490E-6	3.352780E-7
1.139240E+4	-4.731150E-6	1.639140E-6
1.137950E+4	-4.626840E-6	2.190490E-6
1.137040E+4	-4.000990E-6	1.765790E-6
1.134910E+4	-4.075500E-6	1.214450E-6
1.134000E+4	-3.330420E-6	1.072890E-6
1.131570E+4	-2.667320E-6	9.834840E-7
1.130640E+4	-3.159060E-6	4.768410E-7
1.128210E+4	-4.492730E-6	4.991930E-7
1.127290E+4	-4.150000E-6	2.384200E-7
1.126240E+4	-3.300620E-6	-2.384200E-7
1.123980E+4	-3.531590E-6	-7.450640E-9
1.122980E+4	-3.807260E-6	-6.705570E-8
1.121670E+4	-4.425670E-6	0.000000E+0
1.119730E+4	-5.237790E-6	1.505020E-6
1.118430E+4	-5.036620E-6	1.586980E-6
1.117330E+4	-4.433120E-6	1.564630E-6
1.115190E+4	-3.486890E-6	1.251700E-6
1.114080E+4	-2.980250E-6	9.611320E-7
1.112150E+4	-2.600270E-6	1.139950E-6
1.111030E+4	-2.540660E-6	7.599630E-7
1.109090E+4	-3.933940E-6	2.533220E-7
1.108000E+4	-4.373520E-6	1.639140E-7
1.106020E+4	-4.425670E-6	-1.348560E-6
1.104720E+4	-5.476210E-6	-1.579530E-6
1.103770E+4	-6.265970E-6	-1.460320E-6
1.101410E+4	-6.333020E-6	3.054760E-7
1.100390E+4	-6.288320E-6	4.023330E-7
1.098040E+4	-5.714620E-6	9.760330E-7
1.097060E+4	-5.334640E-6	1.445420E-6
1.096100E+4	-4.872710E-6	1.192100E-6
1.093740E+4	-4.746050E-6	8.642710E-7
1.092830E+4	-4.842910E-6	8.866230E-7
1.090440E+4	-4.835460E-6	7.599630E-7
1.089530E+4	-4.999370E-6	7.152590E-7
1.088310E+4	-5.140930E-6	5.662480E-7
1.087190E+4	-5.520910E-6	-6.705570E-8
1.085010E+4	-5.073870E-6	0.000000E+0
1.083940E+4	-4.842910E-6	2.309690E-7
1.081680E+4	-4.656640E-6	1.288960E-6
1.080690E+4	-4.880160E-6	5.587970E-7
1.078670E+4	-5.602870E-6	-8.940740E-8
1.077640E+4	-5.908340E-6	-1.490130E-7
1.075640E+4	-6.608690E-6	-2.607720E-7
1.074550E+4	-6.645950E-6	-3.576300E-7
1.072600E+4	-6.876910E-6	2.086170E-7
1.071490E+4	-7.160040E-6	7.897650E-7
1.069550E+4	-6.265970E-6	1.981870E-6
1.068430E+4	-5.885990E-6	1.735990E-6
1.066480E+4	-5.789130E-6	9.611320E-7
1.065370E+4	-6.154210E-6	6.556550E-7
1.064460E+4	-6.526740E-6	7.152590E-7
1.062110E+4	-6.936520E-6	1.199550E-6
1.061170E+4	-6.496940E-6	1.154850E-6
1.058890E+4	-7.607070E-6	6.333030E-7
1.057860E+4	-7.689060E-6	5.215430E-8
1.056660E+4	-7.651800E-6	-2.607720E-7
1.055550E+4	-7.636900E-6	-1.788150E-7
1.053350E+4	-7.502760E-6	7.599630E-7
1.052300E+4	-7.405910E-6	6.929080E-7
1.050310E+4	-7.607070E-6	7.599630E-7
1.049220E+4	-6.996120E-6	-1.266610E-7
1.046980E+4	-5.476210E-6	-1.505020E-6
1.045950E+4	-5.833830E-6	-1.765790E-6
1.043920E+4	-6.333020E-6	-1.929710E-6
1.042850E+4	-5.908340E-6	-1.534830E-6
1.040880E+4	-6.213810E-6	-1.229350E-6
1.039770E+4	-6.310670E-6	-9.238760E-7
1.038770E+4	-6.355370E-6	-6.258520E-7
1.036530E+4	-6.400080E-6	-2.235190E-8
1.035450E+4	-6.765160E-6	7.450630E-8
1.033440E+4	-7.346300E-6	-2.607720E-7
1.032400E+4	-8.173350E-6	-4.768410E-7
1.030340E+4	-9.045060E-6	-1.169750E-6
1.029360E+4	-9.439940E-6	-9.834840E-7
1.027080E+4	-9.760320E-6	-1.713640E-7
1.026030E+4	-1.048300E-5	-8.195680E-8
1.024830E+4	-1.033400E-5	8.195680E-8
1.022720E+4	-1.057240E-5	1.192100E-7
1.021810E+4	-1.091520E-5	4.097840E-7
1.019680E+4	-1.168260E-5	1.460320E-6
1.018770E+4	-1.139940E-5	1.229350E-6
1.017490E+4	-1.060220E-5	8.270180E-7
1.015440E+4	-1.067670E-5	-1.788150E-7
1.014410E+4	-1.086300E-5	-4.395860E-7
1.012390E+4	-1.218180E-5	2.756730E-7
1.011310E+4	-1.283000E-5	4.917420E-7
1.009080E+4	-1.392520E-5	-4.470370E-8
1.008080E+4	-1.338880E-5	-7.450640E-9
1.006680E+4	-1.258410E-5	2.980250E-7
1.004730E+4	-1.306840E-5	7.078090E-7
1.003430E+4	-1.313540E-5	1.661490E-6
1.001490E+4	-1.457340E-5	4.842910E-7
1.000360E+4	-1.505020E-5	-1.713640E-7
9.994300E+3	-1.472990E-5	1.490130E-8
9.971100E+3	-1.445420E-5	1.601880E-6
9.960900E+3	-1.432010E-5	1.139950E-6
9.938800E+3	-1.466280E-5	4.470370E-7
9.928000E+3	-1.498320E-5	8.791720E-7
9.918900E+3	-1.483420E-5	1.207000E-6
9.895100E+3	-1.577300E-5	1.326210E-6
9.885800E+3	-1.639140E-5	7.301610E-7
9.862500E+3	-1.692040E-5	5.960510E-8
9.852300E+3	-1.683100E-5	-1.713640E-7
9.840300E+3	-1.692780E-5	1.862650E-7
9.819200E+3	-1.704700E-5	1.326210E-6
9.810100E+3	-1.715880E-5	1.370910E-6
9.788800E+3	-1.669690E-5	1.087790E-6
9.779600E+3	-1.634670E-5	1.564630E-6
9.768500E+3	-1.727060E-5	1.899910E-6
9.746400E+3	-1.804540E-5	1.922260E-6
9.735200E+3	-1.813480E-5	1.803050E-6
9.713500E+3	-1.855950E-5	1.408170E-6
9.702600E+3	-1.960260E-5	1.333660E-6
9.689600E+3	-2.072020E-5	9.015240E-7
9.670200E+3	-2.077980E-5	2.309690E-7
9.659100E+3	-2.048920E-5	8.195680E-8
9.639500E+3	-2.013160E-5	-7.674130E-7
9.628900E+3	-2.015390E-5	-3.799810E-7
9.608800E+3	-2.013900E-5	3.576300E-7
9.598700E+3	-1.992300E-5	3.203770E-7
9.578200E+3	-2.039240E-5	2.756730E-7
9.565700E+3	-2.066060E-5	8.493700E-7
9.556600E+3	-2.034020E-5	2.831240E-7
9.535400E+3	-1.980380E-5	-3.874320E-7
9.515100E+3	-1.987830E-5	-8.493700E-7
9.505200E+3	-1.951320E-5	-5.140940E-7
9.495500E+3	-1.906620E-5	-1.639140E-7
9.474700E+3	-1.897670E-5	5.811490E-7
9.464500E+3	-1.891710E-5	2.384200E-7
9.444200E+3	-1.869360E-5	-1.221900E-6
9.433700E+3	-1.788150E-5	-1.132500E-6
9.411000E+3	-1.563140E-5	0.000000E+0
9.401200E+3	-1.533340E-5	2.831240E-7
9.390100E+3	-1.485650E-5	-2.980250E-8
9.368800E+3	-1.458830E-5	-2.980250E-8
9.357600E+3	-1.450630E-5	-7.450630E-8
9.338200E+3	-1.218180E-5	8.195680E-8
9.325200E+3	-1.137710E-5	9.536820E-7
9.305400E+3	-1.055010E-5	9.536820E-7
9.294300E+3	-1.059480E-5	9.387770E-7
9.274800E+3	-9.737970E-6	2.905740E-7
9.263700E+3	-9.283480E-6	-1.415620E-7
9.244300E+3	-8.292550E-6	-8.940730E-7
9.233100E+3	-7.905120E-6	-1.259160E-6
9.223800E+3	-7.830620E-6	-7.674130E-7
9.200300E+3	-6.720450E-6	8.493700E-7
9.190400E+3	-5.729530E-6	7.003580E-7
9.169400E+3	-4.336270E-6	6.184020E-7
9.157000E+3	-3.889230E-6	4.991930E-7
9.136900E+3	-2.980250E-6	-3.278270E-7
9.126800E+3	-1.974420E-6	-3.203770E-7
9.117500E+3	-8.642710E-7	-1.788150E-7
9.093700E+3	8.717220E-7	-7.450620E-7
9.084700E+3	1.423070E-6	-7.525120E-7
9.063500E+3	3.263370E-6	-8.940730E-7
9.054400E+3	4.597040E-6	-1.057990E-6
9.033400E+3	6.191460E-6	-9.685830E-7
9.023900E+3	7.055730E-6	-8.642710E-7
9.003300E+3	8.322360E-6	-5.736980E-7
8.993300E+3	8.940750E-6	-2.831240E-7
8.973200E+3	1.090030E-5	-5.736980E-7
8.962500E+3	1.204020E-5	-4.172340E-7
8.943000E+3	1.323230E-5	-4.619380E-7
8.931900E+3	1.367930E-5	-4.768410E-7
8.912500E+3	1.562400E-5	-4.470370E-7
8.901300E+3	1.657020E-5	-2.905740E-7
8.891700E+3	1.771010E-5	-3.501790E-7
8.868600E+3	2.110020E-5	-4.246850E-7
8.858300E+3	2.254560E-5	4.172340E-7
8.837900E+3	2.457960E-5	1.005840E-6
8.828100E+3	2.536930E-5	8.344690E-7
8.807300E+3	2.709040E-5	6.705560E-7
8.798000E+3	2.799190E-5	5.587970E-7
8.776800E+3	2.931070E-5	-2.607720E-7
8.767800E+3	3.057740E-5	-1.087790E-6
8.744300E+3	3.191110E-5	-9.313260E-7
8.734800E+3	3.255180E-5	-1.080340E-6
8.722600E+3	3.299140E-5	-7.897650E-7
8.711700E+3	3.349800E-5	-7.674130E-7
8.689400E+3	3.527130E-5	-1.274060E-6
8.678300E+3	3.521170E-5	-1.348560E-6
8.656200E+3	3.483910E-5	-6.407540E-7
8.645700E+3	3.465290E-5	-2.905740E-7
8.635000E+3	3.425800E-5	-1.192100E-7
8.613200E+3	3.337140E-5	-3.948830E-7
8.600000E+3	3.340120E-5	-3.576300E-7
8.580300E+3	3.271570E-5	-5.662480E-7
8.569100E+3	3.210480E-5	-8.940730E-7
8.549600E+3	3.077110E-5	-7.003580E-7
8.538400E+3	3.007070E-5	-6.109510E-7
8.519000E+3	2.799190E-5	-1.147400E-6
8.507700E+3	2.726180E-5	-1.184650E-6
8.488000E+3	2.621130E-5	-4.321350E-7
8.477100E+3	2.525760E-5	-9.685800E-8
8.468100E+3	2.373020E-5	2.533220E-7
8.446700E+3	1.997510E-5	2.384200E-7
8.437500E+3	1.805290E-5	2.831240E-7
8.413500E+3	1.236060E-5	8.046660E-7
8.404300E+3	9.641110E-6	7.376110E-7
8.391900E+3	7.458060E-6	5.886000E-7
8.371100E+3	3.434730E-6	3.576300E-7
8.361200E+3	1.601880E-6	0.000000E+0
8.341000E+3	-2.592820E-6	-1.266610E-6
8.330600E+3	-5.126030E-6	-1.497570E-6
8.307900E+3	-1.015520E-5	-1.937170E-6
8.298200E+3	-1.267350E-5	-1.490120E-6
8.286900E+3	-1.589970E-5	-5.587970E-7
8.265300E+3	-2.039240E-5	2.384200E-7
8.254200E+3	-2.300010E-5	7.003580E-7
8.234900E+3	-2.706810E-5	8.270180E-7
8.223700E+3	-2.882640E-5	8.046660E-7
8.204400E+3	-3.246240E-5	1.862650E-7
8.193100E+3	-3.400470E-5	0.000000E+0
8.173400E+3	-3.604610E-5	-7.450630E-8
8.162700E+3	-3.724570E-5	-2.607720E-7
8.140700E+3	-3.996510E-5	-4.544870E-7
8.129400E+3	-4.143290E-5	-5.513470E-7
8.109900E+3	-4.205130E-5	-1.095240E-6
8.099000E+3	-4.264740E-5	-1.080340E-6
8.086800E+3	-4.330300E-5	-7.823150E-7
8.065700E+3	-4.303480E-5	-7.525120E-7
8.056600E+3	-4.246850E-5	-6.184020E-7
8.044000E+3	-4.097840E-5	-7.003580E-7
8.023700E+3	-3.906360E-5	-3.874320E-7
8.013500E+3	-3.848990E-5	-6.109510E-7
7.990400E+3	-3.691790E-5	2.011670E-7
7.980900E+3	-3.604610E-5	-2.980250E-8
7.969500E+3	-3.492860E-5	1.266610E-7
7.947900E+3	-3.097970E-5	-8.940730E-7
7.936800E+3	-2.947460E-5	-5.438960E-7
7.914500E+3	-2.701590E-5	6.705570E-8
7.904200E+3	-2.584620E-5	-1.043090E-7
7.891100E+3	-2.453490E-5	4.246850E-7
7.871700E+3	-2.113000E-5	8.195680E-7
7.857800E+3	-1.972930E-5	1.199550E-6
7.848200E+3	-1.875320E-5	1.154850E-6
7.825100E+3	-1.630940E-5	7.227100E-7
7.814700E+3	-1.446910E-5	9.089740E-7
7.792600E+3	-1.133240E-5	1.601880E-6
7.781400E+3	-1.072140E-5	2.421450E-6
7.772200E+3	-9.588960E-6	1.825400E-6
7.750900E+3	-7.458060E-6	9.760330E-7
7.730700E+3	-4.813100E-6	8.568200E-7
7.720600E+3	-2.980250E-6	5.215440E-7
7.700100E+3	-1.840300E-6	3.725310E-7
7.690400E+3	-1.199550E-6	2.905740E-7
7.680600E+3	3.427290E-7	6.184020E-7
7.660000E+3	3.367680E-6	1.639140E-7
7.647600E+3	4.798200E-6	-2.235180E-7
7.626500E+3	6.839660E-6	-1.057990E-6
7.616900E+3	7.599620E-6	-8.791720E-7
7.596400E+3	9.246230E-6	-1.713640E-7
7.586400E+3	9.685810E-6	-1.207000E-6
7.566300E+3	1.016270E-5	-2.868490E-6
7.555600E+3	1.040110E-5	-2.719480E-6
7.536000E+3	1.236800E-5	-1.683840E-6
7.525000E+3	1.304600E-5	-9.387770E-7
7.506100E+3	1.323230E-5	-3.725310E-8
7.495600E+3	1.343350E-5	-3.725310E-7
7.484900E+3	1.371660E-5	-6.109510E-7
7.462100E+3	1.432010E-5	-8.717220E-7
7.451700E+3	1.471500E-5	-7.301610E-7
7.429700E+3	1.587730E-5	-1.415620E-7
7.418600E+3	1.661490E-5	-9.685800E-8
7.398900E+3	1.697250E-5	6.333030E-7
7.388300E+3	1.725570E-5	8.195680E-7
7.376200E+3	1.735250E-5	6.929080E-7
7.354900E+3	1.841050E-5	6.631050E-7
7.354900E+3	1.841050E-5	6.631050E-7
7.324300E+3	2.136090E-5	4.693880E-7
7.315200E+3	2.200910E-5	8.866230E-7
7.294000E+3	2.226990E-5	9.983850E-7
7.284900E+3	2.182290E-5	1.236800E-6
7.263800E+3	2.256790E-5	1.266610E-6
7.254200E+3	2.355140E-5	1.259160E-6
7.241200E+3	2.414000E-5	1.303860E-6
7.221600E+3	2.498190E-5	1.750890E-6
7.210500E+3	2.507130E-5	1.706190E-6
7.191200E+3	2.473600E-5	3.054760E-7
7.179800E+3	2.456470E-5	2.086170E-7
7.160300E+3	2.440080E-5	4.619380E-7
7.148800E+3	2.455720E-5	7.972160E-7
7.127200E+3	2.536190E-5	6.631050E-7
7.115900E+3	2.608460E-5	4.619380E-7
7.096300E+3	2.454230E-5	8.270180E-7
7.085100E+3	2.412510E-5	3.725310E-7
7.065700E+3	2.445290E-5	9.387770E-7
7.054600E+3	2.447530E-5	5.066430E-7
7.045500E+3	2.488510E-5	1.117590E-7
7.021600E+3	2.568970E-5	-8.121170E-7
7.012100E+3	2.621870E-5	-8.121170E-7
7.002300E+3	2.599520E-5	-7.301610E-7
6.978700E+3	2.606220E-5	1.937160E-7
6.958400E+3	2.565990E-5	1.370910E-6
6.948600E+3	2.560780E-5	1.892450E-6
6.938900E+3	2.574930E-5	2.332050E-6
6.918500E+3	2.540660E-5	1.929710E-6
6.908400E+3	2.490740E-5	1.810500E-6
6.888200E+3	2.488510E-5	1.333660E-6
6.877600E+3	2.490740E-5	1.303860E-6
6.857900E+3	2.519050E-5	8.344690E-7
6.846800E+3	2.547370E-5	6.631050E-7
6.827300E+3	2.568970E-5	-3.650800E-7
6.816100E+3	2.614420E-5	-3.948830E-7
6.796700E+3	2.713510E-5	-2.533220E-7
6.785500E+3	2.641240E-5	-3.650800E-7
6.766100E+3	2.655400E-5	-9.387770E-7
6.755200E+3	2.671790E-5	-1.564630E-6
6.735300E+3	2.657630E-5	-1.341110E-6
6.725000E+3	2.741830E-5	-1.065440E-6
6.704500E+3	2.868490E-5	-3.501790E-7
6.694600E+3	2.834960E-5	-3.874320E-7
6.673700E+3	2.872210E-5	-3.278270E-7
6.664400E+3	2.892330E-5	2.607720E-7
6.643200E+3	2.857310E-5	1.564630E-7
6.631100E+3	2.899030E-5	-1.341110E-7
6.621700E+3	2.913930E-5	-5.140940E-7
6.597800E+3	2.961620E-5	7.823150E-7
6.588800E+3	3.000360E-5	1.259160E-6
6.576100E+3	3.001850E-5	1.356010E-6
6.555700E+3	2.897540E-5	1.065440E-6
6.545500E+3	2.829740E-5	1.288960E-6
6.525500E+3	2.805900E-5	9.685830E-7
6.514800E+3	2.778330E-5	9.089740E-7
6.492300E+3	2.867740E-5	2.533220E-7
6.482300E+3	2.878170E-5	-5.215430E-8
6.468100E+3	2.911700E-5	-3.129260E-7
6.448400E+3	3.033140E-5	-1.937160E-7
6.435100E+3	3.052530E-5	2.235180E-7
6.425000E+3	3.018240E-5	1.117590E-6
6.402300E+3	3.051780E-5	7.078090E-7
6.391400E+3	2.944480E-5	6.333030E-7
6.369500E+3	2.843900E-5	0.000000E+0
6.358100E+3	2.868490E-5	-2.905740E-7
6.338700E+3	2.995890E-5	2.384200E-7
6.327900E+3	2.993650E-5	5.960500E-7
6.318900E+3	3.016010E-5	4.917420E-7
6.295400E+3	3.028670E-5	8.046660E-7
6.286200E+3	2.986200E-5	1.393270E-6
6.265200E+3	3.014520E-5	9.238760E-7
6.252900E+3	3.059980E-5	6.929080E-7
6.243700E+3	3.051020E-5	5.140940E-7
6.222600E+3	2.970560E-5	7.078090E-7
6.212800E+3	2.937780E-5	8.344690E-7
6.192200E+3	3.018990E-5	5.736980E-7
6.181900E+3	3.094250E-5	2.831240E-7
6.161600E+3	3.146400E-5	-8.121170E-7
6.150700E+3	3.141190E-5	-1.594430E-6
6.131000E+3	3.081580E-5	-1.415620E-6
6.119800E+3	3.063700E-5	-1.147400E-6
6.100300E+3	3.089780E-5	4.097840E-7
6.087200E+3	3.133740E-5	6.035010E-7
6.067500E+3	3.109150E-5	1.803050E-6
6.056500E+3	3.080090E-5	2.004220E-6
6.037000E+3	2.994400E-5	1.221900E-6
6.025700E+3	2.949700E-5	1.028190E-6
6.016100E+3	2.895310E-5	5.289950E-7
5.993100E+3	2.757470E-5	4.097840E-7
5.982600E+3	2.758220E-5	-1.341110E-7
5.962300E+3	2.754490E-5	-1.624230E-6
5.952300E+3	2.677750E-5	-1.207000E-6
5.931500E+3	2.595790E-5	8.568200E-7
5.922200E+3	2.589090E-5	2.160680E-6
5.898900E+3	2.575680E-5	2.719480E-6
5.888700E+3	2.495210E-5	2.056370E-6
5.879500E+3	2.393140E-5	1.557180E-6
5.858600E+3	2.364830E-5	9.387770E-7
5.848800E+3	2.370040E-5	7.674130E-7
5.828400E+3	2.185270E-5	7.972160E-7
5.815300E+3	2.092880E-5	8.642710E-7
5.804100E+3	2.001980E-5	8.940730E-7
5.782700E+3	1.887990E-5	5.960510E-8
5.771500E+3	1.855950E-5	-2.458710E-7
5.752000E+3	1.704700E-5	-1.303860E-6
5.738900E+3	1.608590E-5	-1.706190E-6
5.719300E+3	1.459570E-5	-1.445420E-6
5.708000E+3	1.399220E-5	-1.445420E-6
5.688500E+3	1.259900E-5	-7.972160E-7
5.677200E+3	1.165280E-5	-9.611320E-7
5.657600E+3	9.939130E-6	-7.450640E-9
5.646300E+3	9.283480E-6	5.438960E-7
5.637200E+3	8.799190E-6	2.905740E-7
5.613400E+3	7.458060E-6	-1.527380E-6
5.603800E+3	6.780060E-6	-1.572080E-6
5.582900E+3	6.713000E-6	-1.385820E-6
5.573800E+3	7.219640E-6	-4.842910E-7
5.550500E+3	6.943970E-6	8.791720E-7
5.540800E+3	6.213810E-6	6.929080E-7
5.531300E+3	5.722080E-6	5.066430E-7
5.510700E+3	3.799810E-6	7.823150E-7
5.500600E+3	2.831240E-6	9.089740E-7
5.477200E+3	8.791720E-7	8.568200E-7
5.467900E+3	3.874320E-7	9.313260E-7
5.456600E+3	-5.587970E-7	1.564630E-7
5.434900E+3	-7.674130E-7	-1.788150E-7
5.424100E+3	-5.960510E-8	0.000000E+0
5.401800E+3	1.788150E-7	-3.203770E-7
5.390800E+3	-2.086170E-7	-3.203770E-7
5.371500E+3	-1.132500E-6	4.470370E-7
5.360400E+3	-1.758340E-6	1.117590E-7
5.350800E+3	-2.481060E-6	2.607720E-7
5.327900E+3	-2.756730E-6	-6.035010E-7
5.317400E+3	-2.183030E-6	-8.195680E-7
5.296800E+3	-1.788150E-6	-1.944620E-6
5.283700E+3	-2.279890E-6	-1.631680E-6
5.274500E+3	-2.346950E-6	-1.274060E-6
5.253200E+3	-3.285720E-6	-9.015240E-7
5.232900E+3	-4.425670E-6	-1.423070E-6
5.222900E+3	-4.202160E-6	-1.743440E-6
5.213600E+3	-4.500180E-6	-1.803050E-6
5.189600E+3	-3.382580E-6	-1.572080E-6
5.180500E+3	-3.561390E-6	-2.115980E-6
5.159300E+3	-5.118580E-6	5.215430E-8
5.147300E+3	-4.909960E-6	1.147400E-6
5.137200E+3	-4.813100E-6	1.437970E-6
5.114000E+3	-4.015890E-6	-3.725310E-8
5.103600E+3	-4.224510E-6	-6.854570E-7
5.092800E+3	-4.246860E-6	-9.089740E-7
5.071200E+3	-6.377730E-6	-2.235180E-7
5.059900E+3	-7.152590E-6	-3.501790E-7
5.040700E+3	-8.173350E-6	-5.736980E-7
5.029600E+3	-7.934930E-6	-5.066430E-7
5.008100E+3	-6.802410E-6	-7.823150E-7
4.996800E+3	-7.122780E-6	-7.674130E-7
4.977400E+3	-7.525120E-6	-5.066430E-7
4.966100E+3	-6.906720E-6	-5.215430E-8
4.946400E+3	-6.131860E-6	-6.184020E-7
4.935400E+3	-5.804030E-6	-5.513470E-7
4.915000E+3	-6.124410E-6	3.129260E-7
4.904400E+3	-6.563990E-6	7.078090E-7
4.895100E+3	-7.525120E-6	1.437970E-6
4.870900E+3	-8.247850E-6	1.788150E-6
4.861800E+3	-7.882770E-6	1.527380E-6
4.849300E+3	-7.271800E-6	1.281510E-6
4.828600E+3	-5.833830E-6	3.203770E-7
4.818800E+3	-5.736980E-6	3.650800E-7
4.795400E+3	-5.796580E-6	3.725310E-7
4.785200E+3	-5.610320E-6	1.259160E-6
4.765100E+3	-5.334640E-6	1.408170E-6
4.755400E+3	-5.044070E-6	1.229350E-6
4.734800E+3	-5.014270E-6	6.333030E-7
4.724600E+3	-4.336270E-6	6.556550E-7
4.713400E+3	-3.926490E-6	6.333030E-7
4.690800E+3	-4.038240E-6	1.318760E-6
4.679900E+3	-3.866880E-6	1.579530E-6
4.658300E+3	-3.919030E-6	1.199550E-6
4.647000E+3	-3.717850E-6	5.662480E-7
4.627500E+3	-3.829630E-6	-8.195680E-8
4.616600E+3	-3.896680E-6	-3.725310E-7
4.596800E+3	-4.127650E-6	-1.937160E-7
4.586300E+3	-4.135100E-6	1.266610E-7
4.565800E+3	-4.649190E-6	-1.192100E-7
4.555700E+3	-4.775850E-6	-1.043090E-7
4.546200E+3	-4.760950E-6	5.066430E-7
4.522100E+3	-4.448030E-6	5.140940E-7
4.513100E+3	-3.650800E-6	-9.685800E-8
4.491600E+3	-3.732760E-6	-3.799810E-7
4.482400E+3	-3.799810E-6	-1.341110E-7
4.471200E+3	-4.187260E-6	2.235190E-8
4.449500E+3	-3.963740E-6	-1.192100E-7
4.438800E+3	-4.053140E-6	4.172340E-7
4.419400E+3	-3.986090E-6	6.258520E-7
4.408400E+3	-4.105300E-6	3.129260E-7
4.386300E+3	-4.209610E-6	-3.203770E-7
4.375800E+3	-4.299010E-6	2.682230E-7
4.355800E+3	-4.239410E-6	1.460320E-6
4.344800E+3	-4.239410E-6	1.735990E-6
4.334600E+3	-3.740210E-6	8.493700E-7
4.312300E+3	-3.643350E-6	1.229350E-6
4.301200E+3	-2.793980E-6	1.214450E-6
4.281300E+3	-2.101080E-6	-2.980250E-8
4.270700E+3	-2.510860E-6	1.043090E-7
4.248700E+3	-3.024950E-6	1.445420E-6
4.237400E+3	-3.747660E-6	2.525760E-6
4.228200E+3	-3.643350E-6	2.749280E-6
4.207000E+3	-3.896680E-6	1.117590E-6
4.197900E+3	-3.948840E-6	4.023330E-7
4.174000E+3	-4.552330E-6	4.321350E-7
4.164700E+3	-4.068050E-6	9.685800E-8
4.140300E+3	-4.746050E-6	-7.525120E-7
4.131100E+3	-3.531590E-6	-8.940730E-7
4.120600E+3	-1.788150E-6	2.235180E-7
4.097700E+3	-1.885000E-6	1.117590E-6
4.087900E+3	-1.207000E-6	9.387770E-7
4.074800E+3	-1.341110E-6	8.195680E-7
4.055300E+3	-2.384200E-6	1.646590E-6
4.042400E+3	-3.047300E-6	1.676390E-6
4.031200E+3	-3.293170E-6	1.534830E-6
4.009700E+3	-3.390030E-6	5.960510E-8
3.998300E+3	-3.770010E-6	3.278270E-7
3.976500E+3	-2.861040E-6	7.823150E-7
3.965600E+3	-2.600270E-6	1.162300E-6
3.946000E+3	-2.764180E-6	1.110140E-6
3.934700E+3	-3.062200E-6	2.607720E-7
3.915400E+3	-3.710400E-6	7.525120E-7
3.904100E+3	-3.613550E-6	1.840300E-6
3.894800E+3	-3.300620E-6	2.600270E-6
3.873500E+3	-3.539040E-6	2.913190E-6
3.864400E+3	-3.635900E-6	1.706190E-6
3.840500E+3	-4.000990E-6	-3.874320E-7
3.830700E+3	-3.866880E-6	-8.195680E-7
3.806500E+3	-2.332050E-6	9.462270E-7
3.797100E+3	-1.542280E-6	7.823150E-7
3.787000E+3	-1.586980E-6	6.482040E-7
3.763700E+3	-2.332050E-6	1.333660E-6
3.754400E+3	-2.712030E-6	1.810500E-6
3.733400E+3	-3.330420E-6	2.332050E-6
3.723600E+3	-3.166510E-6	2.212840E-6
3.712300E+3	-2.697120E-6	1.899910E-6
3.690700E+3	-2.220290E-6	5.662480E-7
3.679300E+3	-2.093630E-6	3.427290E-7
3.659700E+3	-1.601880E-6	6.929080E-7
3.648300E+3	-1.758340E-6	7.823150E-7
3.628900E+3	-3.509240E-6	8.940730E-7
3.617800E+3	-3.993540E-6	1.095240E-6
3.598100E+3	-4.246860E-6	1.296410E-6
3.587500E+3	-3.978640E-6	8.046660E-7
3.567300E+3	-4.470380E-6	5.960510E-8
3.554300E+3	-3.740210E-6	4.321350E-7
3.534900E+3	-2.183030E-6	9.089740E-7
3.523900E+3	-1.661490E-6	4.619380E-7
3.504000E+3	-1.318760E-6	-4.470370E-7
3.493600E+3	-1.318760E-6	-8.568200E-7
3.484400E+3	-1.303860E-6	-1.505020E-6
3.460300E+3	-2.034020E-6	-2.726930E-6
3.448000E+3	-2.041470E-6	-2.294790E-6
3.438700E+3	-2.242640E-6	-2.115980E-6
3.417700E+3	-2.153230E-6	-4.172340E-7
3.408000E+3	-1.586980E-6	2.458710E-7
3.387500E+3	-1.624230E-6	1.497570E-6
3.377200E+3	-1.616780E-6	1.750890E-6
3.357300E+3	-1.639140E-6	1.139950E-6
3.344600E+3	-1.885000E-6	1.639140E-6
3.323900E+3	-2.443800E-6	2.153230E-6
3.313800E+3	-2.414000E-6	2.205390E-6
3.293500E+3	-9.834840E-7	2.421450E-6
3.282800E+3	-4.991930E-7	2.205390E-6
3.272100E+3	-4.693880E-7	1.385820E-6
3.250200E+3	-1.341110E-6	-1.475220E-6
3.238900E+3	-1.847750E-6	-2.473610E-6
3.219400E+3	-3.069650E-6	-3.531590E-6
3.205500E+3	-3.337870E-6	-3.173960E-6
3.196400E+3	-3.203760E-6	-2.302240E-6
3.172600E+3	-2.607720E-6	-2.235180E-7
3.163100E+3	-2.250090E-6	2.831240E-7
3.140100E+3	-1.758340E-6	2.756730E-7
3.129800E+3	-1.437970E-6	2.533220E-7
3.120600E+3	-8.195680E-7	3.799810E-7
3.096700E+3	-1.579530E-6	-5.215440E-7
3.087600E+3	-2.369300E-6	-1.020740E-6
3.063700E+3	-1.966970E-6	-1.482670E-6
3.054200E+3	-2.004220E-6	-8.866230E-7
3.041900E+3	-2.726930E-6	-5.811490E-7
3.020600E+3	-2.734380E-6	1.117590E-7
3.011400E+3	-3.166510E-6	3.576300E-7
2.990300E+3	-2.414000E-6	5.513470E-7
2.980800E+3	-2.078730E-6	5.289950E-7
2.960200E+3	-9.909340E-7	1.266610E-6
2.950000E+3	-1.162300E-6	1.646590E-6
2.929700E+3	-2.712030E-6	4.917420E-7
2.918900E+3	-2.868490E-6	1.415620E-7
2.908400E+3	-2.980250E-6	1.266610E-7
2.885300E+3	-2.555560E-6	-8.195680E-8
2.874800E+3	-2.682220E-6	-6.109510E-7
2.854200E+3	-2.704580E-6	6.929080E-7
2.844300E+3	-2.607720E-6	1.788150E-6
2.823400E+3	-2.890840E-6	2.704580E-6
2.814100E+3	-2.920640E-6	2.436350E-6
2.804800E+3	-2.212840E-6	2.339500E-6
2.780700E+3	-8.270180E-7	1.281510E-6
2.759900E+3	-1.847750E-6	1.564630E-6
2.750400E+3	-1.624230E-6	1.102690E-6
2.740300E+3	-1.572080E-6	6.333030E-7
2.716800E+3	6.333030E-7	1.326210E-6
2.707600E+3	1.713640E-7	1.013290E-6
2.686600E+3	-1.415620E-7	1.490130E-7
2.676800E+3	-1.490130E-7	-2.384200E-7
2.663600E+3	-3.054760E-7	-5.662480E-7
2.643700E+3	8.940740E-8	-1.408170E-6
2.632500E+3	-2.235190E-8	-1.281510E-6
2.612900E+3	-8.121170E-7	-1.676390E-6
2.601400E+3	-6.631050E-7	-1.646590E-6
2.581700E+3	-7.748640E-7	-8.493700E-7
2.570400E+3	-4.470370E-7	-8.270180E-7
2.548800E+3	-5.140940E-7	-9.834840E-7
2.537400E+3	-2.756730E-7	-7.078090E-7
2.527500E+3	-7.450630E-8	1.117590E-7
2.506600E+3	-4.544870E-7	2.160680E-7
2.487300E+3	7.525120E-7	-2.831240E-7
2.476200E+3	4.842910E-7	-8.046660E-7
2.467100E+3	-1.266610E-7	-7.674130E-7
2.443200E+3	-5.662480E-7	-1.452870E-6
2.433700E+3	-1.847750E-6	-1.311310E-6
2.410500E+3	-2.607720E-6	1.788150E-7
2.400200E+3	-2.473610E-6	-4.470370E-8
2.379500E+3	-2.264990E-6	1.803050E-6
2.369500E+3	-1.817950E-6	2.354400E-6
2.359800E+3	-1.624230E-6	2.339500E-6
2.335600E+3	-2.004220E-6	2.101080E-6
2.326400E+3	-2.235190E-6	2.145780E-6
2.304800E+3	-3.233570E-6	1.624230E-6
2.292600E+3	-2.868490E-6	6.929080E-7
2.282100E+3	-2.667320E-6	-2.607720E-7
2.262100E+3	-1.840300E-6	-4.097840E-7
2.251000E+3	-1.452870E-6	3.799810E-7
2.228700E+3	-8.717220E-7	5.140940E-7
2.218400E+3	-1.147400E-6	7.748640E-7
2.204300E+3	-1.579530E-6	1.341110E-6
2.184500E+3	-1.519930E-6	1.326210E-6
2.173700E+3	-1.534830E-6	1.043090E-6
2.153600E+3	-1.914810E-6	3.576300E-7
2.143400E+3	-1.877550E-6	3.129260E-7
2.122900E+3	-1.728540E-6	6.407540E-7
2.113200E+3	-1.646590E-6	3.874320E-7
2.092100E+3	-2.555560E-6	5.811490E-7
2.082800E+3	-2.346950E-6	4.991930E-7
2.072300E+3	-1.780700E-6	6.556550E-7
2.048700E+3	-1.430520E-6	7.450620E-7
2.039000E+3	-1.423070E-6	6.407540E-7
2.014400E+3	-1.654040E-6	5.960500E-7
2.004900E+3	-1.348560E-6	7.599630E-7
1.993400E+3	-1.437970E-6	9.760330E-7
1.970000E+3	-1.110140E-6	9.536820E-7
1.959400E+3	-1.363460E-6	1.013290E-6
1.935300E+3	-1.885000E-6	1.192100E-7
1.925500E+3	-1.564630E-6	-3.054760E-7
1.904000E+3	-1.572080E-6	-1.333660E-6
1.893700E+3	-9.164250E-7	-1.281510E-6
1.880100E+3	-8.419190E-7	-9.685830E-7
1.860300E+3	-4.470370E-8	-7.450640E-9
1.847000E+3	2.309690E-7	1.445420E-6
1.835900E+3	9.983850E-7	2.078730E-6
1.814300E+3	4.842910E-7	1.713640E-6
1.803100E+3	-1.937160E-7	7.525120E-7
1.783900E+3	-1.221900E-6	-6.109510E-7
1.773000E+3	-1.519930E-6	-1.050540E-6
1.753700E+3	-2.726930E-6	-1.564630E-6
1.743400E+3	-3.270820E-6	-1.557180E-6
1.731800E+3	-3.352780E-6	-1.147400E-6
1.711700E+3	-3.628450E-6	2.235190E-8
1.699800E+3	-3.583740E-6	5.662480E-7
1.680300E+3	-2.883390E-6	-1.713640E-7
1.670900E+3	-2.063830E-6	-8.866230E-7
1.648500E+3	-5.140940E-7	-1.795600E-6
1.639200E+3	4.246850E-7	-1.840300E-6
1.630700E+3	4.768410E-7	-8.568200E-7
1.610500E+3	2.309690E-7	4.172340E-7
1.601800E+3	6.929080E-7	7.525120E-7
1.581800E+3	3.129260E-7	6.035010E-7
1.561600E+3	-1.281510E-6	-3.650800E-7
1.552900E+3	-1.572080E-6	-1.482670E-6
1.541100E+3	-1.333660E-6	-1.728540E-6
1.520600E+3	-1.057990E-6	-6.258520E-7
1.511500E+3	-1.207000E-6	-1.490130E-8
1.497700E+3	-1.780700E-6	-1.862650E-7
1.478800E+3	-2.793980E-6	8.195680E-8
1.467800E+3	-3.159060E-6	0.000000E+0
1.448600E+3	-2.644970E-6	1.564630E-7
1.437800E+3	-2.659870E-6	5.662480E-7
1.416400E+3	-1.966970E-6	6.631050E-7
1.405100E+3	-1.765790E-6	2.384200E-7
1.392700E+3	-1.989320E-6	-4.470370E-7
1.372900E+3	-2.563010E-6	-1.482670E-6
1.362900E+3	-2.473610E-6	-1.341110E-6
1.342700E+3	-2.786530E-6	-1.735990E-6
1.330300E+3	-2.734380E-6	-1.594430E-6
1.311200E+3	-2.570460E-6	-1.207000E-6
1.301100E+3	-2.838690E-6	-1.236800E-6
1.292400E+3	-2.458710E-6	-1.527380E-6
1.272400E+3	-1.966970E-6	-1.177200E-6
1.263300E+3	-1.266610E-6	-2.831240E-7
1.241000E+3	-8.195680E-8	-2.533220E-7
1.232800E+3	3.874320E-7	-4.172340E-7
1.213300E+3	-1.475220E-6	2.831240E-7
1.204900E+3	-1.773250E-6	1.341110E-7
1.186000E+3	-2.376750E-6	-8.493700E-7
1.177300E+3	-2.220290E-6	-4.321350E-7
1.165600E+3	-1.713640E-6	-8.493700E-7
1.148600E+3	-1.080340E-6	-1.147400E-6
1.138700E+3	-4.842910E-7	-8.493700E-7
1.120000E+3	1.288960E-6	-2.332050E-6
1.110700E+3	7.152590E-7	-2.220290E-6
1.093500E+3	-8.195680E-7	-1.393270E-6
1.084700E+3	-1.132500E-6	-7.525120E-7
1.076100E+3	-8.791720E-7	-7.450640E-9
1.058700E+3	-7.450620E-7	4.246850E-7
1.042700E+3	-5.513470E-7	-1.266610E-7
1.033100E+3	-4.246850E-7	2.235190E-8
1.025700E+3	-6.854570E-7	-3.203770E-7
1.025700E+3	-6.854570E-7	-3.203770E-7
9.913000E+2	-1.035640E-6	2.101080E-6
9.827000E+2	-1.013290E-6	1.601880E-6
9.728000E+2	-8.940730E-7	8.419190E-7
9.551000E+2	-2.168130E-6	-3.948830E-7
9.478000E+2	-2.473610E-6	-6.035010E-7
9.298000E+2	-7.972160E-7	-1.743440E-6
9.226000E+2	-1.639140E-7	-2.019120E-6
9.048000E+2	6.929080E-7	-2.406550E-6
8.972000E+2	7.152590E-7	-2.712030E-6
8.797000E+2	5.960510E-8	-2.689670E-6
8.716000E+2	5.215430E-8	-2.637520E-6
8.545000E+2	1.385820E-6	-1.676390E-6
8.458000E+2	1.661490E-6	-1.542280E-6
8.293000E+2	1.445420E-6	-7.748640E-7
8.201000E+2	1.318760E-6	-1.564630E-7
8.114000E+2	1.430520E-6	-3.725310E-7
7.931000E+2	5.811490E-7	-6.333030E-7
7.837000E+2	5.438960E-7	-4.246850E-7
7.660000E+2	-2.086170E-7	-9.834840E-7
7.565000E+2	-3.278270E-7	-1.333660E-6
7.405000E+2	-1.214450E-6	-1.281510E-6
7.311000E+2	-9.536820E-7	-1.028190E-6
7.210000E+2	-8.493700E-7	-1.341110E-6
7.042000E+2	-1.333660E-6	-1.683840E-6
6.938000E+2	-2.130880E-6	-1.661490E-6
6.770000E+2	-2.726930E-6	-9.238760E-7
6.694000E+2	-2.726930E-6	-6.705570E-8
6.621000E+2	-2.890840E-6	-3.501790E-7
6.449000E+2	-2.071280E-6	-7.301610E-7
6.376000E+2	-1.929710E-6	-7.003580E-7
6.183000E+2	-1.393270E-6	-1.393270E-6
6.108000E+2	-1.110140E-6	-1.966970E-6
5.943000E+2	-1.244250E-6	-3.144160E-6
5.862000E+2	-2.384200E-6	-3.874330E-6
5.756000E+2	-2.756730E-6	-3.561390E-6
5.584000E+2	-2.272440E-6	-2.682220E-6
5.501000E+2	-2.332050E-6	-2.220290E-6
5.346000E+2	-2.428900E-6	-1.095240E-6
5.258000E+2	-2.726930E-6	-8.270180E-7
5.107000E+2	-1.966970E-6	-1.519930E-6
5.017000E+2	-1.564630E-6	-1.400720E-6
4.917000E+2	-1.609330E-6	-1.601880E-6
4.753000E+2	-1.691290E-6	-5.066430E-7
4.663000E+2	-1.996770E-6	3.948830E-7
4.323000E+2	-9.462270E-7	8.419190E-7
4.144000E+2	-5.364450E-7	1.326210E-6
3.727000E+2	-1.288960E-6	7.599630E-7
3.513000E+2	-2.235190E-6	8.195680E-7
3.049000E+2	-2.264990E-6	4.917420E-7
2.807000E+2	-2.898290E-6	9.015240E-7
2.304000E+2	-4.008440E-6	1.229350E-6
2.038000E+2	-4.477830E-6	9.983850E-7
1.513000E+2	-5.357000E-6	-7.078090E-7
1.233000E+2	-6.213810E-6	-1.877550E-6
8.930000E+1	-7.405910E-6	-1.333660E-6
3.530000E+1	-6.713000E-6	-2.980250E-7
9.000000E-1	-5.096230E-6	1.192100E-7
-2.590000E+1	-3.047300E-6	-7.450640E-9
-8.060000E+1	1.937170E-6	-1.192100E-6
-1.143000E+2	2.972800E-6	-9.387770E-7
-1.677000E+2	4.813100E-6	4.470370E-8
-1.994000E+2	5.438950E-6	4.544870E-7
-2.501000E+2	5.953040E-6	-5.215430E-8
-2.740000E+2	5.573060E-6	-2.533220E-7
-2.976000E+2	5.096230E-6	6.631050E-7
-3.505000E+2	5.185630E-6	1.013290E-6
