Sample Name, Varga_5_4_AM_35.65G
Freq displayed, 3.568, GHz, Power, 12, dBm, 35.65 Ghz, AM, 100%, 92 kHz
SR850: f = 92001.1 Hz; phase = 0 deg; output = 5 V; sens. = 50 mV; tc = 300 ms; 12dB/oct
Field	X	Y
Oe	V	V
*
-7.033000E+2	-1.979840E-3	1.615920E-2
-7.035000E+2	-1.979840E-3	1.616110E-2
-7.035000E+2	-1.979840E-3	1.615920E-2
-6.901000E+2	-1.979840E-3	1.615730E-2
-6.761000E+2	-1.979840E-3	1.615350E-2
-6.434000E+2	-1.979840E-3	1.614580E-2
-6.254000E+2	-1.977940E-3	1.614200E-2
-5.870000E+2	-1.977940E-3	1.614200E-2
-5.670000E+2	-1.977940E-3	1.614200E-2
-5.409000E+2	-1.977940E-3	1.614200E-2
-5.000000E+2	-1.976030E-3	1.613820E-2
-4.799000E+2	-1.976030E-3	1.613440E-2
-4.363000E+2	-1.976030E-3	1.613440E-2
-4.177000E+2	-1.974120E-3	1.612290E-2
-3.831000E+2	-1.972210E-3	1.612100E-2
-3.672000E+2	-1.972210E-3	1.611720E-2
-3.530000E+2	-1.972210E-3	1.611340E-2
-3.242000E+2	-1.968400E-3	1.609810E-2
-3.134000E+2	-1.968400E-3	1.609430E-2
-2.945000E+2	-1.966490E-3	1.607910E-2
-2.854000E+2	-1.964580E-3	1.606950E-2
-2.679000E+2	-1.962680E-3	1.605620E-2
-2.591000E+2	-1.962680E-3	1.605050E-2
-2.412000E+2	-1.960770E-3	1.603900E-2
-2.321000E+2	-1.958860E-3	1.603330E-2
-2.224000E+2	-1.958860E-3	1.602760E-2
-1.994000E+2	-1.956950E-3	1.601990E-2
-1.885000E+2	-1.955050E-3	1.601610E-2
-1.655000E+2	-1.955050E-3	1.599710E-2
-1.512000E+2	-1.953140E-3	1.598940E-2
-1.282000E+2	-1.949320E-3	1.596840E-2
-1.168000E+2	-1.947410E-3	1.596270E-2
-1.054000E+2	-1.947410E-3	1.595130E-2
-8.000000E+1	-1.943600E-3	1.593600E-2
-6.880000E+1	-1.941690E-3	1.592840E-2
-4.660000E+1	-1.939780E-3	1.591120E-2
-3.550000E+1	-1.937870E-3	1.590170E-2
-1.050000E+1	-1.934060E-3	1.588640E-2
5.000000E-1	-1.934060E-3	1.587880E-2
1.180000E+1	-1.932150E-3	1.587500E-2
3.420000E+1	-1.932150E-3	1.587500E-2
5.650000E+1	-1.934060E-3	1.588260E-2
6.760000E+1	-1.935970E-3	1.589020E-2
8.150000E+1	-1.935970E-3	1.589600E-2
1.038000E+2	-1.939780E-3	1.591690E-2
1.149000E+2	-1.941690E-3	1.592650E-2
1.260000E+2	-1.941690E-3	1.593980E-2
1.511000E+2	-1.945500E-3	1.595510E-2
1.625000E+2	-1.947410E-3	1.596270E-2
1.848000E+2	-1.949320E-3	1.597800E-2
1.959000E+2	-1.951230E-3	1.598750E-2
2.209000E+2	-1.955050E-3	1.600470E-2
2.319000E+2	-1.955050E-3	1.601610E-2
2.434000E+2	-1.956950E-3	1.602570E-2
2.714000E+2	-1.958860E-3	1.604090E-2
2.824000E+2	-1.960770E-3	1.604660E-2
3.048000E+2	-1.962680E-3	1.606000E-2
3.159000E+2	-1.964580E-3	1.606760E-2
3.273000E+2	-1.966490E-3	1.607330E-2
3.523000E+2	-1.966490E-3	1.608100E-2
3.637000E+2	-1.968400E-3	1.608480E-2
3.891000E+2	-1.968400E-3	1.609620E-2
4.003000E+2	-1.968400E-3	1.610200E-2
4.115000E+2	-1.970310E-3	1.610770E-2
4.369000E+2	-1.970310E-3	1.611340E-2
4.480000E+2	-1.970310E-3	1.611530E-2
4.731000E+2	-1.970310E-3	1.611720E-2
4.843000E+2	-1.972210E-3	1.612100E-2
4.983000E+2	-1.972210E-3	1.612680E-2
5.209000E+2	-1.974120E-3	1.613440E-2
5.320000E+2	-1.974120E-3	1.613820E-2
5.433000E+2	-1.976030E-3	1.614200E-2
5.683000E+2	-1.976030E-3	1.614770E-2
5.797000E+2	-1.976030E-3	1.614960E-2
6.022000E+2	-1.977940E-3	1.615540E-2
6.134000E+2	-1.977940E-3	1.615730E-2
6.359000E+2	-1.977940E-3	1.616110E-2
6.499000E+2	-1.979840E-3	1.616300E-2
6.613000E+2	-1.979840E-3	1.616680E-2
6.871000E+2	-1.979840E-3	1.616680E-2
6.979000E+2	-1.979840E-3	1.616110E-2
7.238000E+2	-1.979840E-3	1.615730E-2
7.352000E+2	-1.979840E-3	1.615730E-2
7.468000E+2	-1.979840E-3	1.616110E-2
7.719000E+2	-1.979840E-3	1.616490E-2
7.829000E+2	-1.979840E-3	1.616870E-2
7.969000E+2	-1.981750E-3	1.617440E-2
8.198000E+2	-1.981750E-3	1.618400E-2
8.313000E+2	-1.981750E-3	1.618400E-2
8.540000E+2	-1.983660E-3	1.618210E-2
8.652000E+2	-1.983660E-3	1.618400E-2
8.906000E+2	-1.983660E-3	1.618210E-2
9.019000E+2	-1.983660E-3	1.618210E-2
9.247000E+2	-1.983660E-3	1.618020E-2
9.359000E+2	-1.983660E-3	1.617830E-2
9.471000E+2	-1.981750E-3	1.617630E-2
9.726000E+2	-1.983660E-3	1.617440E-2
9.841000E+2	-1.983660E-3	1.617440E-2
1.010100E+3	-1.983660E-3	1.617440E-2
1.021200E+3	-1.983660E-3	1.617440E-2
1.043400E+3	-1.983660E-3	1.617440E-2
1.054800E+3	-1.983660E-3	1.617440E-2
1.069600E+3	-1.983660E-3	1.617250E-2
1.092500E+3	-1.983660E-3	1.617440E-2
1.106400E+3	-1.983660E-3	1.617440E-2
1.128800E+3	-1.983660E-3	1.617830E-2
1.140100E+3	-1.983660E-3	1.618020E-2
1.151600E+3	-1.983660E-3	1.618400E-2
1.174500E+3	-1.983660E-3	1.618780E-2
1.185800E+3	-1.983660E-3	1.618970E-2
1.208200E+3	-1.983660E-3	1.619350E-2
1.222100E+3	-1.983660E-3	1.619350E-2
1.244800E+3	-1.985560E-3	1.619540E-2
1.256400E+3	-1.985560E-3	1.619730E-2
1.278900E+3	-1.985560E-3	1.619920E-2
1.290100E+3	-1.985560E-3	1.620110E-2
1.304000E+3	-1.985560E-3	1.620300E-2
1.326600E+3	-1.987470E-3	1.621260E-2
1.340300E+3	-1.989380E-3	1.621640E-2
1.362500E+3	-1.989380E-3	1.622210E-2
1.373700E+3	-1.989380E-3	1.622400E-2
1.395900E+3	-1.989380E-3	1.622590E-2
1.407700E+3	-1.989380E-3	1.622590E-2
1.430100E+3	-1.989380E-3	1.622780E-2
1.440500E+3	-1.989380E-3	1.622970E-2
1.451600E+3	-1.989380E-3	1.623360E-2
1.477200E+3	-1.991290E-3	1.623550E-2
1.488400E+3	-1.991290E-3	1.623740E-2
1.510900E+3	-1.993190E-3	1.624120E-2
1.522100E+3	-1.993190E-3	1.624500E-2
1.535800E+3	-1.993190E-3	1.624690E-2
1.558100E+3	-1.993190E-3	1.625070E-2
1.569300E+3	-1.993190E-3	1.625260E-2
1.591800E+3	-1.995100E-3	1.625650E-2
1.602900E+3	-1.995100E-3	1.626030E-2
1.625000E+3	-1.995100E-3	1.626600E-2
1.636200E+3	-1.995100E-3	1.626410E-2
1.661000E+3	-1.995100E-3	1.626030E-2
1.675200E+3	-1.995100E-3	1.625840E-2
1.686400E+3	-1.995100E-3	1.626220E-2
1.708600E+3	-1.995100E-3	1.626600E-2
1.719700E+3	-1.995100E-3	1.626600E-2
1.744600E+3	-1.995100E-3	1.626600E-2
1.756000E+3	-1.995100E-3	1.626410E-2
1.778300E+3	-1.995100E-3	1.626220E-2
1.789400E+3	-1.995100E-3	1.626410E-2
1.811700E+3	-1.995100E-3	1.626600E-2
1.822800E+3	-1.997010E-3	1.626980E-2
1.845300E+3	-1.997010E-3	1.627550E-2
1.856300E+3	-1.997010E-3	1.627930E-2
1.867400E+3	-1.997010E-3	1.628320E-2
1.892400E+3	-1.998920E-3	1.628890E-2
1.903500E+3	-1.998920E-3	1.628890E-2
1.925900E+3	-1.998920E-3	1.628510E-2
1.940300E+3	-1.998920E-3	1.628320E-2
1.950900E+3	-1.998920E-3	1.628120E-2
1.976400E+3	-1.997010E-3	1.627740E-2
1.987600E+3	-1.997010E-3	1.627740E-2
1.998900E+3	-1.997010E-3	1.627550E-2
2.023700E+3	-1.997010E-3	1.627360E-2
2.034900E+3	-1.995100E-3	1.626980E-2
2.059900E+3	-1.997010E-3	1.627170E-2
2.071200E+3	-1.997010E-3	1.627740E-2
2.085000E+3	-1.997010E-3	1.627930E-2
2.107300E+3	-1.998920E-3	1.629080E-2
2.118400E+3	-2.000820E-3	1.629650E-2
2.132000E+3	-2.000820E-3	1.630220E-2
2.157600E+3	-2.002730E-3	1.630990E-2
2.169000E+3	-2.002730E-3	1.631180E-2
2.191400E+3	-2.002730E-3	1.631180E-2
2.202400E+3	-2.000820E-3	1.631180E-2
2.224500E+3	-2.002730E-3	1.631370E-2
2.235600E+3	-2.002730E-3	1.631370E-2
2.246900E+3	-2.002730E-3	1.631370E-2
2.271800E+3	-2.002730E-3	1.631750E-2
2.294100E+3	-2.002730E-3	1.631750E-2
2.305200E+3	-2.002730E-3	1.631940E-2
2.316400E+3	-2.004640E-3	1.632320E-2
2.341600E+3	-2.006550E-3	1.633270E-2
2.355600E+3	-2.006550E-3	1.633660E-2
2.366500E+3	-2.006550E-3	1.633850E-2
2.391300E+3	-2.006550E-3	1.633850E-2
2.402300E+3	-2.006550E-3	1.634040E-2
2.413600E+3	-2.008450E-3	1.634610E-2
2.438500E+3	-2.008450E-3	1.634990E-2
2.449500E+3	-2.008450E-3	1.635180E-2
2.471900E+3	-2.008450E-3	1.635560E-2
2.483100E+3	-2.008450E-3	1.635940E-2
2.505600E+3	-2.010360E-3	1.636710E-2
2.516800E+3	-2.010360E-3	1.636900E-2
2.539000E+3	-2.010360E-3	1.637280E-2
2.550000E+3	-2.010360E-3	1.637850E-2
2.575000E+3	-2.012270E-3	1.638420E-2
2.586300E+3	-2.012270E-3	1.638420E-2
2.600500E+3	-2.012270E-3	1.638420E-2
2.622800E+3	-2.012270E-3	1.638620E-2
2.633900E+3	-2.014180E-3	1.639000E-2
2.658800E+3	-2.016080E-3	1.639760E-2
2.670100E+3	-2.016080E-3	1.639760E-2
2.692600E+3	-2.016080E-3	1.639950E-2
2.703600E+3	-2.017990E-3	1.640140E-2
2.717500E+3	-2.017990E-3	1.640710E-2
2.731200E+3	-2.019900E-3	1.641090E-2
2.753500E+3	-2.019900E-3	1.641670E-2
2.764900E+3	-2.019900E-3	1.641860E-2
2.787200E+3	-2.019900E-3	1.642240E-2
2.798300E+3	-2.021800E-3	1.642430E-2
2.820500E+3	-2.021800E-3	1.642620E-2
2.834500E+3	-2.021800E-3	1.642430E-2
2.856800E+3	-2.021800E-3	1.642050E-2
2.867800E+3	-2.021800E-3	1.642050E-2
2.879000E+3	-2.021800E-3	1.641860E-2
2.904100E+3	-2.021800E-3	1.642050E-2
2.915000E+3	-2.021800E-3	1.642050E-2
2.940100E+3	-2.021800E-3	1.642240E-2
2.951200E+3	-2.021800E-3	1.642430E-2
2.965400E+3	-2.021800E-3	1.643000E-2
2.987200E+3	-2.023710E-3	1.643960E-2
3.001600E+3	-2.023710E-3	1.644340E-2
3.024200E+3	-2.023710E-3	1.644720E-2
3.035300E+3	-2.023710E-3	1.644720E-2
3.046400E+3	-2.025620E-3	1.645100E-2
3.071200E+3	-2.027530E-3	1.645480E-2
3.082400E+3	-2.027530E-3	1.645480E-2
3.104800E+3	-2.027530E-3	1.646050E-2
3.116000E+3	-2.027530E-3	1.646240E-2
3.127200E+3	-2.027530E-3	1.646440E-2
3.152200E+3	-2.027530E-3	1.646820E-2
3.163100E+3	-2.027530E-3	1.647010E-2
3.185500E+3	-2.029430E-3	1.647580E-2
3.196800E+3	-2.029430E-3	1.647960E-2
3.218900E+3	-2.031340E-3	1.648720E-2
3.232700E+3	-2.031340E-3	1.648910E-2
3.255000E+3	-2.031340E-3	1.648910E-2
3.266100E+3	-2.031340E-3	1.649110E-2
3.277400E+3	-2.033250E-3	1.649490E-2
3.302200E+3	-2.033250E-3	1.649870E-2
3.313300E+3	-2.033250E-3	1.649870E-2
3.335700E+3	-2.033250E-3	1.650250E-2
3.346800E+3	-2.033250E-3	1.650250E-2
3.369000E+3	-2.035160E-3	1.650630E-2
3.380300E+3	-2.035160E-3	1.651010E-2
3.405400E+3	-2.035160E-3	1.651390E-2
3.416400E+3	-2.035160E-3	1.651780E-2
3.427800E+3	-2.035160E-3	1.651780E-2
3.452900E+3	-2.035160E-3	1.652350E-2
3.463900E+3	-2.037060E-3	1.652920E-2
3.475100E+3	-2.037060E-3	1.653300E-2
3.500300E+3	-2.038970E-3	1.654060E-2
3.522700E+3	-2.038970E-3	1.654640E-2
3.533900E+3	-2.040880E-3	1.655020E-2
3.544500E+3	-2.040880E-3	1.655400E-2
3.566700E+3	-2.040880E-3	1.655590E-2
3.577800E+3	-2.040880E-3	1.655780E-2
3.600200E+3	-2.040880E-3	1.656160E-2
3.611400E+3	-2.042790E-3	1.656350E-2
3.636800E+3	-2.042790E-3	1.656730E-2
3.647700E+3	-2.042790E-3	1.656930E-2
3.661700E+3	-2.044690E-3	1.657120E-2
3.684200E+3	-2.046600E-3	1.658070E-2
3.698100E+3	-2.046600E-3	1.658450E-2
3.720100E+3	-2.046600E-3	1.659410E-2
3.731200E+3	-2.046600E-3	1.659600E-2
3.742300E+3	-2.048510E-3	1.659980E-2
3.767200E+3	-2.048510E-3	1.660740E-2
3.778500E+3	-2.048510E-3	1.660930E-2
3.801000E+3	-2.050410E-3	1.661500E-2
3.811900E+3	-2.050410E-3	1.661880E-2
3.834400E+3	-2.052320E-3	1.662460E-2
3.845700E+3	-2.054230E-3	1.662650E-2
3.868000E+3	-2.054230E-3	1.662840E-2
3.881600E+3	-2.054230E-3	1.662650E-2
3.895300E+3	-2.052320E-3	1.662270E-2
3.906400E+3	-2.052320E-3	1.662080E-2
3.932100E+3	-2.052320E-3	1.661880E-2
3.943300E+3	-2.052320E-3	1.661880E-2
3.968100E+3	-2.054230E-3	1.662080E-2
3.979100E+3	-2.054230E-3	1.662270E-2
3.993000E+3	-2.054230E-3	1.662460E-2
4.015300E+3	-2.054230E-3	1.663220E-2
4.026300E+3	-2.056140E-3	1.663600E-2
4.051400E+3	-2.056140E-3	1.663980E-2
4.062500E+3	-2.058040E-3	1.664170E-2
4.073900E+3	-2.058040E-3	1.664750E-2
4.099000E+3	-2.059950E-3	1.665510E-2
4.110000E+3	-2.059950E-3	1.665890E-2
4.132300E+3	-2.059950E-3	1.667230E-2
4.146000E+3	-2.061860E-3	1.667610E-2
4.157100E+3	-2.061860E-3	1.668180E-2
4.182800E+3	-2.063770E-3	1.668940E-2
4.194000E+3	-2.063770E-3	1.669320E-2
4.205100E+3	-2.063770E-3	1.669700E-2
4.229800E+3	-2.065670E-3	1.670280E-2
4.241100E+3	-2.065670E-3	1.670470E-2
4.266200E+3	-2.067580E-3	1.671610E-2
4.277300E+3	-2.067580E-3	1.672180E-2
4.299600E+3	-2.071400E-3	1.673520E-2
4.310700E+3	-2.071400E-3	1.674090E-2
4.333000E+3	-2.073300E-3	1.674660E-2
4.344100E+3	-2.073300E-3	1.675050E-2
4.366800E+3	-2.073300E-3	1.675430E-2
4.377900E+3	-2.073300E-3	1.676000E-2
4.391600E+3	-2.073300E-3	1.676760E-2
4.413800E+3	-2.075210E-3	1.677910E-2
4.427800E+3	-2.077120E-3	1.678670E-2
4.450100E+3	-2.079020E-3	1.680000E-2
4.461100E+3	-2.080930E-3	1.680580E-2
4.483300E+3	-2.080930E-3	1.681340E-2
4.494600E+3	-2.082840E-3	1.681910E-2
4.505500E+3	-2.082840E-3	1.682290E-2
4.530700E+3	-2.084750E-3	1.683630E-2
4.541900E+3	-2.086650E-3	1.684580E-2
4.564000E+3	-2.088560E-3	1.686110E-2
4.578300E+3	-2.088560E-3	1.686490E-2
4.588900E+3	-2.090470E-3	1.687060E-2
4.617300E+3	-2.092380E-3	1.688210E-2
4.628300E+3	-2.094280E-3	1.688780E-2
4.650500E+3	-2.096190E-3	1.690300E-2
4.661700E+3	-2.098100E-3	1.691070E-2
4.675300E+3	-2.098100E-3	1.692020E-2
4.697600E+3	-2.100010E-3	1.693740E-2
4.711300E+3	-2.100010E-3	1.694120E-2
4.722600E+3	-2.101910E-3	1.694690E-2
4.736400E+3	-2.103820E-3	1.695260E-2
4.762100E+3	-2.105730E-3	1.696220E-2
4.773400E+3	-2.107640E-3	1.696790E-2
4.798300E+3	-2.109540E-3	1.698320E-2
4.809300E+3	-2.111450E-3	1.699080E-2
4.822900E+3	-2.111450E-3	1.699460E-2
4.845300E+3	-2.113360E-3	1.700600E-2
4.859600E+3	-2.113360E-3	1.701180E-2
4.870900E+3	-2.113360E-3	1.701560E-2
4.895700E+3	-2.115260E-3	1.702510E-2
4.906800E+3	-2.115260E-3	1.703080E-2
4.929100E+3	-2.117170E-3	1.704230E-2
4.940200E+3	-2.119080E-3	1.704800E-2
4.962800E+3	-2.120990E-3	1.705940E-2
4.973900E+3	-2.122890E-3	1.706710E-2
4.996100E+3	-2.124800E-3	1.708040E-2
5.009600E+3	-2.126710E-3	1.708610E-2
5.020800E+3	-2.126710E-3	1.709190E-2
5.046100E+3	-2.130520E-3	1.711090E-2
5.057300E+3	-2.130520E-3	1.711670E-2
5.082000E+3	-2.134340E-3	1.713570E-2
5.093100E+3	-2.134340E-3	1.714150E-2
5.104500E+3	-2.136250E-3	1.714910E-2
5.126800E+3	-2.140060E-3	1.716820E-2
5.140500E+3	-2.140060E-3	1.717770E-2
5.162600E+3	-2.141970E-3	1.719490E-2
5.173700E+3	-2.143870E-3	1.720250E-2
5.185000E+3	-2.143870E-3	1.720630E-2
5.210200E+3	-2.145780E-3	1.721580E-2
5.221300E+3	-2.145780E-3	1.721780E-2
5.243500E+3	-2.147690E-3	1.722730E-2
5.257800E+3	-2.149600E-3	1.723300E-2
5.269100E+3	-2.149600E-3	1.723680E-2
5.291500E+3	-2.151500E-3	1.724450E-2
5.313700E+3	-2.153410E-3	1.725210E-2
5.324800E+3	-2.153410E-3	1.725400E-2
5.324800E+3	-2.153410E-3	1.725400E-2
5.358300E+3	-2.153410E-3	1.726540E-2
5.372000E+3	-2.155320E-3	1.726930E-2
5.394400E+3	-2.157230E-3	1.727690E-2
5.408100E+3	-2.159130E-3	1.728260E-2
5.430700E+3	-2.159130E-3	1.728830E-2
5.442000E+3	-2.159130E-3	1.729020E-2
5.453000E+3	-2.159130E-3	1.729210E-2
5.478000E+3	-2.161040E-3	1.729600E-2
5.488900E+3	-2.161040E-3	1.729790E-2
5.511200E+3	-2.161040E-3	1.729980E-2
5.525000E+3	-2.161040E-3	1.730170E-2
5.536200E+3	-2.162950E-3	1.730360E-2
5.561700E+3	-2.162950E-3	1.730740E-2
5.575200E+3	-2.162950E-3	1.730740E-2
5.586500E+3	-2.162950E-3	1.730740E-2
5.608900E+3	-2.161040E-3	1.730170E-2
5.622700E+3	-2.161040E-3	1.729600E-2
5.645200E+3	-2.159130E-3	1.728830E-2
5.656300E+3	-2.157230E-3	1.728260E-2
5.670200E+3	-2.157230E-3	1.727690E-2
5.692800E+3	-2.153410E-3	1.725780E-2
5.703900E+3	-2.153410E-3	1.724450E-2
5.725600E+3	-2.147690E-3	1.721780E-2
5.736600E+3	-2.145780E-3	1.720250E-2
5.758900E+3	-2.140060E-3	1.717200E-2
5.770400E+3	-2.138150E-3	1.715670E-2
5.792700E+3	-2.132430E-3	1.712240E-2
5.806400E+3	-2.128620E-3	1.709760E-2
5.817600E+3	-2.126710E-3	1.708230E-2
5.842300E+3	-2.120990E-3	1.704610E-2
5.853500E+3	-2.117170E-3	1.702320E-2
5.864700E+3	-2.113360E-3	1.700030E-2
5.892800E+3	-2.103820E-3	1.694880E-2
5.904000E+3	-2.100010E-3	1.692590E-2
5.926100E+3	-2.092380E-3	1.687440E-2
5.937400E+3	-2.086650E-3	1.684770E-2
5.948500E+3	-2.084750E-3	1.682100E-2
5.973500E+3	-2.073300E-3	1.675810E-2
5.984700E+3	-2.069490E-3	1.673140E-2
6.009600E+3	-2.059950E-3	1.667610E-2
6.020800E+3	-2.056140E-3	1.665320E-2
6.043100E+3	-2.046600E-3	1.659410E-2
6.054000E+3	-2.040880E-3	1.655590E-2
6.068000E+3	-2.035160E-3	1.651780E-2
6.068000E+3	-2.035160E-3	1.651780E-2
6.104300E+3	-2.017990E-3	1.641090E-2
6.115600E+3	-2.010360E-3	1.636900E-2
6.137800E+3	-2.000820E-3	1.630030E-2
6.149000E+3	-1.995100E-3	1.626030E-2
6.171600E+3	-1.981750E-3	1.618590E-2
6.185400E+3	-1.974120E-3	1.613250E-2
6.210300E+3	-1.962680E-3	1.605240E-2
6.221400E+3	-1.955050E-3	1.601230E-2
6.232600E+3	-1.949320E-3	1.597230E-2
6.257500E+3	-1.934060E-3	1.587880E-2
6.268600E+3	-1.928340E-3	1.583870E-2
6.279900E+3	-1.920710E-3	1.579110E-2
6.304900E+3	-1.907360E-3	1.570900E-2
6.316000E+3	-1.901630E-3	1.566710E-2
6.338400E+3	-1.886380E-3	1.557930E-2
6.352100E+3	-1.880650E-3	1.553540E-2
6.363400E+3	-1.874930E-3	1.549540E-2
6.388900E+3	-1.857770E-3	1.539430E-2
6.400000E+3	-1.850140E-3	1.535040E-2
6.424800E+3	-1.836780E-3	1.526270E-2
6.435800E+3	-1.832970E-3	1.522260E-2
6.458000E+3	-1.819620E-3	1.514250E-2
6.469400E+3	-1.811990E-3	1.510440E-2
6.480400E+3	-1.806270E-3	1.505670E-2
6.505400E+3	-1.791010E-3	1.496700E-2
6.516600E+3	-1.783380E-3	1.491930E-2
6.541800E+3	-1.770030E-3	1.482780E-2
6.553000E+3	-1.762400E-3	1.478200E-2
6.564100E+3	-1.754770E-3	1.473050E-2
6.589400E+3	-1.741420E-3	1.463320E-2
6.600500E+3	-1.731880E-3	1.458170E-2
6.614300E+3	-1.726160E-3	1.453790E-2
6.636700E+3	-1.714710E-3	1.445970E-2
6.647700E+3	-1.707080E-3	1.441960E-2
6.672700E+3	-1.691830E-3	1.432420E-2
6.683900E+3	-1.686100E-3	1.427850E-2
6.706300E+3	-1.670840E-3	1.418690E-2
6.717500E+3	-1.665120E-3	1.413730E-2
6.739600E+3	-1.651770E-3	1.404770E-2
6.750800E+3	-1.644140E-3	1.400380E-2
6.762100E+3	-1.636510E-3	1.395230E-2
6.787200E+3	-1.621250E-3	1.385120E-2
6.798300E+3	-1.613620E-3	1.380930E-2
6.798300E+3	-1.613620E-3	1.380930E-2
6.831700E+3	-1.592640E-3	1.366430E-2
6.856400E+3	-1.577380E-3	1.356700E-2
6.867600E+3	-1.571660E-3	1.351930E-2
6.878700E+3	-1.562130E-3	1.347170E-2
6.901200E+3	-1.546870E-3	1.336870E-2
6.923500E+3	-1.533520E-3	1.327330E-2
6.934700E+3	-1.523980E-3	1.321230E-2
6.948600E+3	-1.514440E-3	1.315500E-2
6.970800E+3	-1.499180E-3	1.305780E-2
6.981900E+3	-1.493460E-3	1.301010E-2
7.004100E+3	-1.476300E-3	1.289950E-2
7.017800E+3	-1.466760E-3	1.283270E-2
7.031800E+3	-1.457220E-3	1.277740E-2
7.054100E+3	-1.440060E-3	1.266490E-2
7.065000E+3	-1.432430E-3	1.260950E-2
7.087400E+3	-1.415260E-3	1.249890E-2
7.098500E+3	-1.409540E-3	1.244550E-2
7.109800E+3	-1.400000E-3	1.238640E-2
7.134800E+3	-1.380930E-3	1.225100E-2
7.146100E+3	-1.371390E-3	1.219180E-2
7.171500E+3	-1.352320E-3	1.206590E-2
7.182600E+3	-1.342780E-3	1.199160E-2
7.196600E+3	-1.333240E-3	1.192290E-2
7.221400E+3	-1.314170E-3	1.180080E-2
7.232600E+3	-1.304630E-3	1.172640E-2
7.246300E+3	-1.293190E-3	1.165210E-2
7.268500E+3	-1.270300E-3	1.149950E-2
7.282900E+3	-1.258860E-3	1.142320E-2
7.296600E+3	-1.249320E-3	1.134880E-2
7.318900E+3	-1.228340E-3	1.121910E-2
7.330000E+3	-1.220710E-3	1.115040E-2
7.352300E+3	-1.199730E-3	1.100930E-2
7.363500E+3	-1.190190E-3	1.093490E-2
7.377200E+3	-1.176840E-3	1.084330E-2
7.402100E+3	-1.155860E-3	1.069840E-2
7.413200E+3	-1.146320E-3	1.062780E-2
7.435700E+3	-1.125340E-3	1.048480E-2
7.447000E+3	-1.115810E-3	1.041230E-2
7.469200E+3	-1.094830E-3	1.026350E-2
7.480400E+3	-1.083380E-3	1.017960E-2
7.494200E+3	-1.070030E-3	1.008230E-2
7.519600E+3	-1.045230E-3	9.920180E-3
7.530800E+3	-1.035700E-3	9.847700E-3
7.553200E+3	-1.014720E-3	9.698930E-3
7.564300E+3	-1.005180E-3	9.624540E-3
7.586500E+3	-9.841990E-4	9.479580E-3
7.597000E+3	-9.727520E-4	9.389940E-3
7.611500E+3	-9.594000E-4	9.298380E-3
7.633800E+3	-9.346050E-4	9.122910E-3
7.647700E+3	-9.212530E-4	9.025630E-3
7.658900E+3	-9.098090E-4	8.937900E-3
7.683700E+3	-8.850130E-4	8.747160E-3
7.694900E+3	-8.716620E-4	8.646070E-3
7.719900E+3	-8.449590E-4	8.459150E-3
7.731100E+3	-8.335150E-4	8.367600E-3
7.753400E+3	-8.068120E-4	8.176860E-3
7.764500E+3	-7.915530E-4	8.049070E-3
7.778200E+3	-7.782020E-4	7.955610E-3
7.800500E+3	-7.534060E-4	7.755310E-3
7.811600E+3	-7.381480E-4	7.652310E-3
7.834000E+3	-7.114450E-4	7.438690E-3
7.845200E+3	-6.980930E-4	7.335690E-3
7.867500E+3	-6.713900E-4	7.129700E-3
7.878700E+3	-6.580390E-4	7.028610E-3
7.889900E+3	-6.427800E-4	6.908450E-3
7.914600E+3	-6.160770E-4	6.691010E-3
7.925700E+3	-5.989110E-4	6.567030E-3
7.951400E+3	-5.703010E-4	6.334330E-3
7.962500E+3	-5.569500E-4	6.219890E-3
7.984800E+3	-5.302470E-4	6.004360E-3
7.995900E+3	-5.149880E-4	5.867030E-3
8.009500E+3	-5.016360E-4	5.750690E-3
8.031900E+3	-4.749320E-4	5.529430E-3
8.043100E+3	-4.615800E-4	5.418810E-3
8.067900E+3	-4.310630E-4	5.167040E-3
8.079000E+3	-4.196190E-4	5.060230E-3
8.101500E+3	-3.948230E-4	4.848510E-3
8.112800E+3	-3.795640E-4	4.722630E-3
8.126400E+3	-3.662130E-4	4.604370E-3
8.148900E+3	-3.414170E-4	4.386930E-3
8.162800E+3	-3.299730E-4	4.276310E-3
8.173900E+3	-3.185290E-4	4.173310E-3
8.198800E+3	-2.918260E-4	3.948240E-3
8.210000E+3	-2.822890E-4	3.852860E-3
8.221000E+3	-2.708450E-4	3.742230E-3
8.246000E+3	-2.517720E-4	3.555310E-3
8.257200E+3	-2.403270E-4	3.463760E-3
8.282700E+3	-2.250680E-4	3.295910E-3
8.293800E+3	-2.136240E-4	3.204360E-3
8.307600E+3	-2.040870E-4	3.114720E-3
8.332600E+3	-1.907360E-4	2.977390E-3
8.343800E+3	-1.850140E-4	2.923980E-3
8.366200E+3	-1.754770E-4	2.824800E-3
8.377300E+3	-1.716620E-4	2.780930E-3
8.388500E+3	-1.659400E-4	2.731340E-3
8.413400E+3	-1.602180E-4	2.664580E-3
8.424500E+3	-1.583110E-4	2.639790E-3
8.446800E+3	-1.525890E-4	2.592100E-3
8.460600E+3	-1.506810E-4	2.576840E-3
8.471700E+3	-1.506810E-4	2.571120E-3
8.496500E+3	-1.506810E-4	2.571120E-3
8.507800E+3	-1.506810E-4	2.576840E-3
8.533500E+3	-1.544960E-4	2.609270E-3
8.544700E+3	-1.564040E-4	2.628340E-3
8.555900E+3	-1.602180E-4	2.656950E-3
8.580700E+3	-1.659400E-4	2.721800E-3
8.594400E+3	-1.697550E-4	2.765670E-3
8.605400E+3	-1.735700E-4	2.809540E-3
8.627800E+3	-1.831060E-4	2.901090E-3
8.639200E+3	-1.888280E-4	2.952590E-3
8.664100E+3	-2.002730E-4	3.074660E-3
8.675200E+3	-2.079020E-4	3.133790E-3
8.686400E+3	-2.136240E-4	3.206270E-3
8.711400E+3	-2.288830E-4	3.341690E-3
8.722600E+3	-2.365120E-4	3.408450E-3
8.744600E+3	-2.517720E-4	3.559130E-3
8.755800E+3	-2.594010E-4	3.629700E-3
8.778300E+3	-2.784750E-4	3.795640E-3
8.789500E+3	-2.861040E-4	3.875750E-3
8.811800E+3	-3.051780E-4	4.043610E-3
8.823000E+3	-3.166220E-4	4.146610E-3
8.847900E+3	-3.376030E-4	4.343060E-3
8.858900E+3	-3.490470E-4	4.451780E-3
8.872800E+3	-3.604910E-4	4.550960E-3
8.895100E+3	-3.833790E-4	4.764590E-3
8.909500E+3	-3.967300E-4	4.873310E-3
8.920700E+3	-4.100820E-4	4.970580E-3
8.945500E+3	-4.348770E-4	5.182300E-3
8.956700E+3	-4.463210E-4	5.281480E-3
8.978800E+3	-4.692100E-4	5.481750E-3
8.990200E+3	-4.825610E-4	5.584750E-3
9.001200E+3	-4.959140E-4	5.703000E-3
9.026200E+3	-5.226170E-4	5.916630E-3
9.037500E+3	-5.378760E-4	6.046320E-3
9.062400E+3	-5.645790E-4	6.256130E-3
9.073600E+3	-5.760230E-4	6.357220E-3
9.095700E+3	-6.027260E-4	6.563220E-3
9.106700E+3	-6.179850E-4	6.679560E-3
9.120500E+3	-6.294290E-4	6.784470E-3
9.142800E+3	-6.599460E-4	7.009540E-3
9.156600E+3	-6.732980E-4	7.116350E-3
9.167800E+3	-6.847420E-4	7.217440E-3
9.193200E+3	-7.133520E-4	7.446320E-3
9.204400E+3	-7.267040E-4	7.543590E-3
9.226000E+3	-7.534060E-4	7.741960E-3
9.237200E+3	-7.686650E-4	7.856430E-3
9.251500E+3	-7.839240E-4	7.968960E-3
9.273900E+3	-8.125340E-4	8.182590E-3
9.287800E+3	-8.239780E-4	8.277950E-3
9.310200E+3	-8.506810E-4	8.466780E-3
9.321300E+3	-8.621250E-4	8.558330E-3
9.343500E+3	-8.850130E-4	8.735720E-3
9.354700E+3	-9.002720E-4	8.842530E-3
9.368500E+3	-9.155310E-4	8.955060E-3
9.393500E+3	-9.422340E-4	9.141980E-3
9.404400E+3	-9.517710E-4	9.225900E-3
9.426800E+3	-9.765700E-4	9.388030E-3
9.438000E+3	-9.899210E-4	9.479580E-3
9.449100E+3	-1.003270E-3	9.576860E-3
9.474300E+3	-1.026160E-3	9.748520E-3
9.485400E+3	-1.037610E-3	9.828630E-3
9.510300E+3	-1.060490E-3	9.992660E-3
9.521500E+3	-1.070030E-3	1.007090E-2
9.532600E+3	-1.083380E-3	1.016620E-2
9.557500E+3	-1.106270E-3	1.032260E-2
9.568600E+3	-1.117710E-3	1.039700E-2
9.591000E+3	-1.136790E-3	1.054390E-2
9.602200E+3	-1.150140E-3	1.062210E-2
9.616600E+3	-1.161580E-3	1.070790E-2
9.638800E+3	-1.180660E-3	1.084330E-2
9.652500E+3	-1.190190E-3	1.091770E-2
9.674700E+3	-1.211170E-3	1.105120E-2
9.688600E+3	-1.222620E-3	1.112750E-2
9.702500E+3	-1.230250E-3	1.119240E-2
9.724900E+3	-1.247410E-3	1.131060E-2
9.735900E+3	-1.255040E-3	1.136400E-2
9.758400E+3	-1.272210E-3	1.148040E-2
9.769500E+3	-1.281750E-3	1.153950E-2
9.783700E+3	-1.291280E-3	1.160250E-2
9.806000E+3	-1.306540E-3	1.169970E-2
9.817100E+3	-1.312260E-3	1.175310E-2
9.839400E+3	-1.327520E-3	1.184850E-2
9.850200E+3	-1.333240E-3	1.189240E-2
9.872600E+3	-1.346600E-3	1.197820E-2
9.883500E+3	-1.352320E-3	1.202210E-2
9.905900E+3	-1.365670E-3	1.212130E-2
9.920300E+3	-1.373300E-3	1.216700E-2
9.942500E+3	-1.384740E-3	1.224520E-2
9.953600E+3	-1.388560E-3	1.227960E-2
9.964200E+3	-1.396190E-3	1.232530E-2
9.989800E+3	-1.407630E-3	1.239400E-2
1.000100E+4	-1.411450E-3	1.242450E-2
1.002320E+4	-1.422890E-3	1.250080E-2
1.003710E+4	-1.426700E-3	1.253130E-2
1.004810E+4	-1.432430E-3	1.256760E-2
1.007290E+4	-1.443870E-3	1.263820E-2
1.008390E+4	-1.447690E-3	1.266870E-2
1.010640E+4	-1.457220E-3	1.273160E-2
1.011760E+4	-1.462940E-3	1.276020E-2
1.013990E+4	-1.468670E-3	1.280790E-2
1.015110E+4	-1.472480E-3	1.283270E-2
1.017330E+4	-1.480110E-3	1.288230E-2
1.018440E+4	-1.483920E-3	1.290520E-2
1.019550E+4	-1.487740E-3	1.293570E-2
1.022050E+4	-1.495370E-3	1.298340E-2
1.023150E+4	-1.499180E-3	1.301010E-2
1.025650E+4	-1.506810E-3	1.305400E-2
1.026780E+4	-1.508720E-3	1.307870E-2
1.028200E+4	-1.512530E-3	1.310160E-2
1.030380E+4	-1.518260E-3	1.314170E-2
1.031490E+4	-1.520160E-3	1.316080E-2
1.033730E+4	-1.525890E-3	1.320080E-2
1.034830E+4	-1.529700E-3	1.321800E-2
1.037010E+4	-1.535420E-3	1.325420E-2
1.038140E+4	-1.537330E-3	1.327330E-2
1.040660E+4	-1.544960E-3	1.330760E-2
1.041800E+4	-1.544960E-3	1.332290E-2
1.043230E+4	-1.548770E-3	1.333810E-2
1.045440E+4	-1.554500E-3	1.337060E-2
1.046560E+4	-1.556400E-3	1.338770E-2
1.047650E+4	-1.558310E-3	1.340870E-2
1.050400E+4	-1.564030E-3	1.344110E-2
1.051510E+4	-1.567850E-3	1.345450E-2
1.052900E+4	-1.569760E-3	1.346780E-2
1.055470E+4	-1.573570E-3	1.349840E-2
1.056590E+4	-1.575480E-3	1.351360E-2
1.057690E+4	-1.577380E-3	1.352890E-2
1.060190E+4	-1.583110E-3	1.356130E-2
1.061310E+4	-1.585010E-3	1.357470E-2
1.063530E+4	-1.588830E-3	1.359950E-2
1.064630E+4	-1.590740E-3	1.361280E-2
1.066880E+4	-1.594550E-3	1.363380E-2
1.067980E+4	-1.594550E-3	1.364520E-2
1.070200E+4	-1.598370E-3	1.366620E-2
1.071600E+4	-1.600270E-3	1.367770E-2
1.073820E+4	-1.604090E-3	1.369670E-2
1.074920E+4	-1.605990E-3	1.370630E-2
1.076030E+4	-1.607900E-3	1.371960E-2
1.078540E+4	-1.611720E-3	1.374250E-2
1.079680E+4	-1.611720E-3	1.375200E-2
1.081920E+4	-1.615530E-3	1.378070E-2
1.083290E+4	-1.617440E-3	1.379020E-2
1.084410E+4	-1.619350E-3	1.380160E-2
1.086620E+4	-1.623160E-3	1.383020E-2
1.087750E+4	-1.625070E-3	1.384550E-2
1.090240E+4	-1.628880E-3	1.387220E-2
1.091350E+4	-1.630790E-3	1.388560E-2
1.092740E+4	-1.632700E-3	1.389700E-2
1.094960E+4	-1.636510E-3	1.391990E-2
1.096330E+4	-1.638420E-3	1.393130E-2
1.097450E+4	-1.640330E-3	1.394470E-2
1.100000E+4	-1.644140E-3	1.397140E-2
1.101120E+4	-1.646050E-3	1.398280E-2
1.102240E+4	-1.647960E-3	1.399430E-2
1.105000E+4	-1.651770E-3	1.401530E-2
1.106090E+4	-1.651770E-3	1.402100E-2
1.108300E+4	-1.651770E-3	1.402670E-2
1.109650E+4	-1.653680E-3	1.403050E-2
1.110770E+4	-1.653680E-3	1.403430E-2
1.113380E+4	-1.655590E-3	1.404770E-2
1.114490E+4	-1.657490E-3	1.405340E-2
1.116710E+4	-1.659400E-3	1.406100E-2
1.117770E+4	-1.659400E-3	1.406680E-2
1.119990E+4	-1.661310E-3	1.408200E-2
1.121110E+4	-1.663220E-3	1.409160E-2
1.123330E+4	-1.665120E-3	1.410870E-2
1.124440E+4	-1.665120E-3	1.411630E-2
1.125550E+4	-1.667030E-3	1.412590E-2
1.128100E+4	-1.670840E-3	1.414110E-2
1.129210E+4	-1.670840E-3	1.415070E-2
1.131710E+4	-1.674660E-3	1.416590E-2
1.132810E+4	-1.676570E-3	1.417550E-2
1.134180E+4	-1.678470E-3	1.418120E-2
1.136410E+4	-1.678470E-3	1.419450E-2
1.137510E+4	-1.680380E-3	1.420410E-2
1.139730E+4	-1.684200E-3	1.422510E-2
1.140870E+4	-1.686100E-3	1.423840E-2
1.143350E+4	-1.688010E-3	1.425180E-2
1.144460E+4	-1.688010E-3	1.425940E-2
1.146720E+4	-1.689920E-3	1.427270E-2
1.147830E+4	-1.691830E-3	1.428040E-2
1.150050E+4	-1.691830E-3	1.428610E-2
1.151180E+4	-1.691830E-3	1.428990E-2
1.152290E+4	-1.691830E-3	1.429750E-2
1.154770E+4	-1.695640E-3	1.431280E-2
1.155880E+4	-1.695640E-3	1.432040E-2
1.158120E+4	-1.699460E-3	1.433570E-2
1.159500E+4	-1.699460E-3	1.434140E-2
1.160610E+4	-1.699460E-3	1.434520E-2
1.162840E+4	-1.701360E-3	1.435480E-2
1.165060E+4	-1.703270E-3	1.436430E-2
1.166180E+4	-1.705180E-3	1.436810E-2
1.167300E+4	-1.705180E-3	1.437190E-2
1.169810E+4	-1.705180E-3	1.437770E-2
1.170920E+4	-1.707080E-3	1.438340E-2
1.172050E+4	-1.707080E-3	1.438910E-2
1.174580E+4	-1.708990E-3	1.440050E-2
1.175690E+4	-1.710900E-3	1.440440E-2
1.177860E+4	-1.712810E-3	1.441770E-2
1.178980E+4	-1.712810E-3	1.442150E-2
1.181190E+4	-1.714710E-3	1.443300E-2
1.182640E+4	-1.714710E-3	1.443870E-2
1.183740E+4	-1.716620E-3	1.444440E-2
1.186270E+4	-1.716620E-3	1.445590E-2
1.187390E+4	-1.716620E-3	1.445970E-2
1.189890E+4	-1.718530E-3	1.447110E-2
1.191000E+4	-1.720440E-3	1.447870E-2
1.193230E+4	-1.722340E-3	1.448830E-2
1.194350E+4	-1.722340E-3	1.449210E-2
1.195710E+4	-1.724250E-3	1.449590E-2
1.197950E+4	-1.724250E-3	1.450160E-2
1.199340E+4	-1.724250E-3	1.450740E-2
1.200760E+4	-1.724250E-3	1.450740E-2
1.202930E+4	-1.726160E-3	1.450740E-2
1.204050E+4	-1.726160E-3	1.450930E-2
1.206290E+4	-1.728070E-3	1.452070E-2
1.207400E+4	-1.728070E-3	1.452640E-2
1.209620E+4	-1.729970E-3	1.453790E-2
1.211040E+4	-1.729970E-3	1.454360E-2
1.212170E+4	-1.729970E-3	1.454740E-2
1.214340E+4	-1.731880E-3	1.455500E-2
1.215470E+4	-1.731880E-3	1.456080E-2
1.217710E+4	-1.733790E-3	1.457030E-2
1.218820E+4	-1.735690E-3	1.457600E-2
1.221030E+4	-1.735690E-3	1.458360E-2
1.222490E+4	-1.737600E-3	1.458560E-2
1.223570E+4	-1.737600E-3	1.458940E-2
1.226060E+4	-1.739510E-3	1.459510E-2
1.227450E+4	-1.739510E-3	1.459320E-2
1.229670E+4	-1.741420E-3	1.459700E-2
1.230800E+4	-1.741420E-3	1.459890E-2
1.232990E+4	-1.743320E-3	1.460840E-2
1.234110E+4	-1.743320E-3	1.461610E-2
1.235500E+4	-1.743320E-3	1.461990E-2
1.237720E+4	-1.743320E-3	1.462750E-2
1.238840E+4	-1.745230E-3	1.463130E-2
1.241080E+4	-1.747140E-3	1.464090E-2
1.242190E+4	-1.747140E-3	1.464470E-2
1.244430E+4	-1.749050E-3	1.465610E-2
1.245550E+4	-1.749050E-3	1.465800E-2
1.247780E+4	-1.749050E-3	1.466760E-2
1.249200E+4	-1.750950E-3	1.466950E-2
1.250320E+4	-1.750950E-3	1.467520E-2
1.252520E+4	-1.752860E-3	1.468280E-2
1.253640E+4	-1.752860E-3	1.468660E-2
1.255830E+4	-1.754770E-3	1.469620E-2
1.256930E+4	-1.754770E-3	1.470000E-2
1.259470E+4	-1.756680E-3	1.470570E-2
1.260600E+4	-1.756680E-3	1.470760E-2
1.261970E+4	-1.756680E-3	1.470950E-2
1.264200E+4	-1.756680E-3	1.471720E-2
1.265550E+4	-1.756680E-3	1.472100E-2
1.266670E+4	-1.756680E-3	1.472290E-2
1.269170E+4	-1.758580E-3	1.472860E-2
1.270280E+4	-1.758580E-3	1.472860E-2
1.272830E+4	-1.756680E-3	1.472670E-2
1.273950E+4	-1.756680E-3	1.472480E-2
1.276110E+4	-1.756680E-3	1.472480E-2
1.277220E+4	-1.756680E-3	1.472480E-2
1.278660E+4	-1.756680E-3	1.472480E-2
1.280910E+4	-1.758580E-3	1.473050E-2
1.282300E+4	-1.758580E-3	1.473430E-2
1.283410E+4	-1.758580E-3	1.473620E-2
1.285900E+4	-1.760490E-3	1.474580E-2
1.287010E+4	-1.760490E-3	1.474770E-2
1.288430E+4	-1.762400E-3	1.474770E-2
1.290650E+4	-1.762400E-3	1.475530E-2
1.291750E+4	-1.764300E-3	1.475910E-2
1.294260E+4	-1.764300E-3	1.476680E-2
1.295390E+4	-1.766210E-3	1.477250E-2
1.296760E+4	-1.766210E-3	1.477630E-2
1.299260E+4	-1.768120E-3	1.478770E-2
1.300380E+4	-1.768120E-3	1.478960E-2
1.302600E+4	-1.770030E-3	1.479920E-2
1.303710E+4	-1.770030E-3	1.480110E-2
1.304760E+4	-1.770030E-3	1.480110E-2
1.306860E+4	-1.770030E-3	1.480870E-2
1.307640E+4	-1.770030E-3	1.481250E-2
1.309070E+4	-1.770030E-3	1.481630E-2
1.309520E+4	-1.770030E-3	1.481630E-2
1.309850E+4	-1.771930E-3	1.481830E-2
1.310170E+4	-1.771930E-3	1.481630E-2
1.310110E+4	-1.771930E-3	1.481440E-2
1.309910E+4	-1.771930E-3	1.481440E-2
1.308980E+4	-1.771930E-3	1.481440E-2
1.308330E+4	-1.771930E-3	1.481250E-2
1.306280E+4	-1.771930E-3	1.481250E-2
1.305140E+4	-1.771930E-3	1.481060E-2
1.303570E+4	-1.771930E-3	1.480870E-2
1.300850E+4	-1.770030E-3	1.480680E-2
1.299450E+4	-1.770030E-3	1.480300E-2
1.299450E+4	-1.770030E-3	1.480300E-2
1.294940E+4	-1.770030E-3	1.479540E-2
1.292320E+4	-1.768120E-3	1.479350E-2
1.291100E+4	-1.768120E-3	1.479150E-2
1.288840E+4	-1.766210E-3	1.478390E-2
1.287760E+4	-1.766210E-3	1.478010E-2
1.286700E+4	-1.766210E-3	1.477820E-2
1.284340E+4	-1.766210E-3	1.477440E-2
1.283290E+4	-1.766210E-3	1.477250E-2
1.281160E+4	-1.766210E-3	1.477060E-2
1.280070E+4	-1.766210E-3	1.476680E-2
1.277850E+4	-1.764300E-3	1.476100E-2
1.276740E+4	-1.764300E-3	1.476100E-2
1.275620E+4	-1.764300E-3	1.475910E-2
1.273080E+4	-1.762400E-3	1.475150E-2
1.271930E+4	-1.762400E-3	1.474960E-2
1.269140E+4	-1.762400E-3	1.474770E-2
1.268020E+4	-1.762400E-3	1.474770E-2
1.266920E+4	-1.760490E-3	1.474390E-2
1.264420E+4	-1.760490E-3	1.474000E-2
1.263290E+4	-1.760490E-3	1.473810E-2
1.261060E+4	-1.758580E-3	1.473430E-2
1.259940E+4	-1.758580E-3	1.473240E-2
1.257700E+4	-1.756680E-3	1.472480E-2
1.256580E+4	-1.756680E-3	1.472100E-2
1.255470E+4	-1.756680E-3	1.471720E-2
1.252910E+4	-1.756680E-3	1.471330E-2
1.251860E+4	-1.756680E-3	1.471330E-2
1.249610E+4	-1.756680E-3	1.471330E-2
1.248490E+4	-1.756680E-3	1.470950E-2
1.245930E+4	-1.756680E-3	1.470190E-2
1.244810E+4	-1.754770E-3	1.469430E-2
1.243700E+4	-1.754770E-3	1.468860E-2
1.241200E+4	-1.752860E-3	1.467710E-2
1.240080E+4	-1.750950E-3	1.467330E-2
1.237840E+4	-1.750950E-3	1.466950E-2
1.236730E+4	-1.749050E-3	1.466570E-2
1.235330E+4	-1.749050E-3	1.466180E-2
1.233080E+4	-1.747140E-3	1.465420E-2
1.231710E+4	-1.747140E-3	1.465040E-2
1.230580E+4	-1.747140E-3	1.464660E-2
1.228050E+4	-1.745230E-3	1.463710E-2
1.226950E+4	-1.745230E-3	1.463320E-2
1.224710E+4	-1.743320E-3	1.462750E-2
1.222470E+4	-1.743320E-3	1.461800E-2
1.221340E+4	-1.743320E-3	1.461420E-2
1.220240E+4	-1.743320E-3	1.460840E-2
1.217730E+4	-1.741420E-3	1.460080E-2
1.216350E+4	-1.739510E-3	1.459890E-2
1.215240E+4	-1.739510E-3	1.459700E-2
1.212990E+4	-1.739510E-3	1.459130E-2
1.211870E+4	-1.739510E-3	1.458750E-2
1.209640E+4	-1.737600E-3	1.457790E-2
1.208540E+4	-1.737600E-3	1.457600E-2
1.206290E+4	-1.735690E-3	1.456840E-2
1.205160E+4	-1.735690E-3	1.456650E-2
1.202910E+4	-1.733790E-3	1.456270E-2
1.201820E+4	-1.733790E-3	1.455890E-2
1.200370E+4	-1.731880E-3	1.455310E-2
1.198170E+4	-1.729970E-3	1.454740E-2
1.197070E+4	-1.729970E-3	1.454360E-2
1.194510E+4	-1.729970E-3	1.453600E-2
1.193380E+4	-1.729970E-3	1.453020E-2
1.191140E+4	-1.728070E-3	1.452450E-2
1.190030E+4	-1.728070E-3	1.452070E-2
1.187850E+4	-1.726160E-3	1.451120E-2
1.186730E+4	-1.726160E-3	1.450930E-2
1.185610E+4	-1.726160E-3	1.450540E-2
1.183050E+4	-1.724250E-3	1.449970E-2
1.181920E+4	-1.724250E-3	1.449780E-2
1.179720E+4	-1.722340E-3	1.449210E-2
1.178600E+4	-1.722340E-3	1.448830E-2
1.176070E+4	-1.720440E-3	1.448070E-2
1.174930E+4	-1.720440E-3	1.447300E-2
1.173820E+4	-1.718530E-3	1.446920E-2
1.173820E+4	-1.718530E-3	1.446920E-2
1.170190E+4	-1.716620E-3	1.445010E-2
1.167970E+4	-1.716620E-3	1.444060E-2
1.166850E+4	-1.714710E-3	1.443300E-2
1.164350E+4	-1.712810E-3	1.442340E-2
1.163230E+4	-1.712810E-3	1.441770E-2
1.162100E+4	-1.710900E-3	1.441200E-2
1.159600E+4	-1.708990E-3	1.439480E-2
1.158460E+4	-1.707080E-3	1.438720E-2
1.155970E+4	-1.705180E-3	1.437570E-2
1.154860E+4	-1.705180E-3	1.437000E-2
1.153730E+4	-1.705180E-3	1.436430E-2
1.151220E+4	-1.703270E-3	1.435100E-2
1.150090E+4	-1.701360E-3	1.434140E-2
1.147550E+4	-1.699460E-3	1.433000E-2
1.146440E+4	-1.697550E-3	1.432420E-2
1.144210E+4	-1.695640E-3	1.431470E-2
1.143150E+4	-1.695640E-3	1.431090E-2
1.142030E+4	-1.693730E-3	1.430520E-2
1.139770E+4	-1.691830E-3	1.429370E-2
1.138330E+4	-1.691830E-3	1.428610E-2
1.136080E+4	-1.689920E-3	1.427270E-2
1.134970E+4	-1.689920E-3	1.426890E-2
1.133850E+4	-1.688010E-3	1.425940E-2
1.131350E+4	-1.686100E-3	1.424600E-2
1.130230E+4	-1.684200E-3	1.423460E-2
1.128820E+4	-1.684200E-3	1.422890E-2
1.126310E+4	-1.682290E-3	1.421360E-2
1.125180E+4	-1.680380E-3	1.420790E-2
1.122960E+4	-1.678470E-3	1.420030E-2
1.121850E+4	-1.678470E-3	1.419450E-2
1.119340E+4	-1.678470E-3	1.418310E-2
1.118210E+4	-1.676570E-3	1.417550E-2
1.117080E+4	-1.674660E-3	1.416590E-2
1.114580E+4	-1.672750E-3	1.415070E-2
1.113480E+4	-1.670840E-3	1.414300E-2
1.111230E+4	-1.668940E-3	1.412590E-2
1.109840E+4	-1.667030E-3	1.411440E-2
1.108780E+4	-1.665120E-3	1.410680E-2
1.106190E+4	-1.663220E-3	1.409160E-2
1.105100E+4	-1.661310E-3	1.408390E-2
1.102820E+4	-1.659400E-3	1.406870E-2
1.101690E+4	-1.657490E-3	1.405910E-2
1.099450E+4	-1.653680E-3	1.404010E-2
1.098350E+4	-1.651770E-3	1.402860E-2
1.096980E+4	-1.651770E-3	1.402100E-2
1.094730E+4	-1.649860E-3	1.400570E-2
1.093600E+4	-1.647960E-3	1.400000E-2
1.091080E+4	-1.646050E-3	1.398280E-2
1.089980E+4	-1.644140E-3	1.397330E-2
1.087750E+4	-1.642230E-3	1.395420E-2
1.086620E+4	-1.638420E-3	1.394280E-2
1.085240E+4	-1.638420E-3	1.392750E-2
1.082980E+4	-1.634610E-3	1.390080E-2
1.081610E+4	-1.630790E-3	1.388560E-2
1.080480E+4	-1.628880E-3	1.387410E-2
1.077920E+4	-1.625070E-3	1.385120E-2
1.076810E+4	-1.625070E-3	1.384170E-2
1.075690E+4	-1.623160E-3	1.383020E-2
1.073220E+4	-1.619350E-3	1.380740E-2
1.072090E+4	-1.617440E-3	1.379400E-2
1.069580E+4	-1.613620E-3	1.376920E-2
1.069580E+4	-1.613620E-3	1.376920E-2
1.067060E+4	-1.611720E-3	1.374440E-2
1.064830E+4	-1.607900E-3	1.372150E-2
1.063710E+4	-1.604090E-3	1.371010E-2
1.061160E+4	-1.600270E-3	1.368340E-2
1.060040E+4	-1.598370E-3	1.367190E-2
1.058940E+4	-1.598370E-3	1.365670E-2
1.056430E+4	-1.594550E-3	1.362620E-2
1.055300E+4	-1.590740E-3	1.361280E-2
1.053060E+4	-1.585010E-3	1.358230E-2
1.051680E+4	-1.585010E-3	1.356510E-2
1.049440E+4	-1.579290E-3	1.353840E-2
1.048330E+4	-1.577380E-3	1.352510E-2
1.046090E+4	-1.571660E-3	1.349650E-2
1.044960E+4	-1.571660E-3	1.348120E-2
1.042720E+4	-1.565940E-3	1.344690E-2
1.041600E+4	-1.562130E-3	1.342780E-2
1.040220E+4	-1.560220E-3	1.341250E-2
1.037980E+4	-1.556400E-3	1.338200E-2
1.036850E+4	-1.554500E-3	1.336490E-2
1.034390E+4	-1.546870E-3	1.332860E-2
1.033270E+4	-1.544960E-3	1.331140E-2
1.031010E+4	-1.539240E-3	1.327900E-2
1.029870E+4	-1.535420E-3	1.325420E-2
1.028480E+4	-1.533520E-3	1.323520E-2
1.026240E+4	-1.527790E-3	1.318940E-2
1.025120E+4	-1.522070E-3	1.316650E-2
1.024000E+4	-1.520160E-3	1.314170E-2
1.021450E+4	-1.512530E-3	1.309400E-2
1.020330E+4	-1.508720E-3	1.306920E-2
1.018160E+4	-1.503000E-3	1.302920E-2
1.017050E+4	-1.499180E-3	1.300630E-2
1.014810E+4	-1.493460E-3	1.296620E-2
1.013660E+4	-1.489650E-3	1.294330E-2
1.011110E+4	-1.482020E-3	1.289560E-2
1.010000E+4	-1.480110E-3	1.287280E-2
1.008920E+4	-1.476300E-3	1.284610E-2
1.006390E+4	-1.466760E-3	1.280220E-2
1.005260E+4	-1.464850E-3	1.277740E-2
1.002990E+4	-1.457220E-3	1.272020E-2
1.001620E+4	-1.453410E-3	1.268970E-2
1.000500E+4	-1.447690E-3	1.266100E-2
9.979900E+3	-1.438150E-3	1.259050E-2
9.968900E+3	-1.432430E-3	1.255800E-2
9.957700E+3	-1.426700E-3	1.252180E-2
9.929800E+3	-1.415260E-3	1.244360E-2
9.918700E+3	-1.409540E-3	1.240350E-2
9.896400E+3	-1.400000E-3	1.233300E-2
9.885000E+3	-1.392370E-3	1.229290E-2
9.874100E+3	-1.386650E-3	1.225290E-2
9.845800E+3	-1.373300E-3	1.215370E-2
9.834600E+3	-1.365670E-3	1.210790E-2
9.812100E+3	-1.352320E-3	1.202020E-2
9.800900E+3	-1.348500E-3	1.197820E-2
9.778800E+3	-1.335150E-3	1.189050E-2
9.767700E+3	-1.327520E-3	1.184470E-2
9.756400E+3	-1.321800E-3	1.179510E-2
9.731100E+3	-1.304630E-3	1.168450E-2
9.719900E+3	-1.295100E-3	1.162340E-2
9.694700E+3	-1.281750E-3	1.151280E-2
9.683800E+3	-1.272210E-3	1.146130E-2
9.672600E+3	-1.264580E-3	1.140790E-2
9.650200E+3	-1.245510E-3	1.128010E-2
9.636400E+3	-1.235970E-3	1.120950E-2
9.613900E+3	-1.218800E-3	1.109130E-2
9.602600E+3	-1.211170E-3	1.103030E-2
9.580400E+3	-1.190190E-3	1.089860E-2
9.569100E+3	-1.182560E-3	1.083380E-2
9.546700E+3	-1.163490E-3	1.070600E-2
9.535500E+3	-1.153950E-3	1.063350E-2
9.524400E+3	-1.144420E-3	1.056300E-2
9.499300E+3	-1.119620E-3	1.039510E-2
9.476800E+3	-1.098640E-3	1.025210E-2
9.465600E+3	-1.087200E-3	1.017190E-2
9.454400E+3	-1.073840E-3	1.007850E-2
9.429500E+3	-1.050960E-3	9.906830E-3
9.418200E+3	-1.039510E-3	9.822910E-3
9.404000E+3	-1.028070E-3	9.738980E-3
9.382200E+3	-1.005180E-3	9.576860E-3
9.370900E+3	-9.918290E-4	9.479580E-3
9.345200E+3	-9.651220E-4	9.296480E-3
9.333900E+3	-9.555850E-4	9.216370E-3
9.311600E+3	-9.326970E-4	9.048520E-3
9.300400E+3	-9.174380E-4	8.947430E-3
9.286700E+3	-9.021800E-4	8.832990E-3
9.261500E+3	-8.773840E-4	8.644160E-3
9.250300E+3	-8.659400E-4	8.556430E-3
9.239200E+3	-8.525890E-4	8.464870E-3
9.216800E+3	-8.258860E-4	8.264600E-3
9.205500E+3	-8.125340E-4	8.157790E-3
9.180400E+3	-7.858310E-4	7.961330E-3
9.169100E+3	-7.705730E-4	7.843080E-3
9.155200E+3	-7.553140E-4	7.734330E-3
9.132800E+3	-7.267040E-4	7.524520E-3
9.119000E+3	-7.133520E-4	7.411990E-3
9.096500E+3	-6.866490E-4	7.209810E-3
9.085400E+3	-6.752050E-4	7.106810E-3
9.085400E+3	-6.752050E-4	7.106810E-3
9.045900E+3	-6.275210E-4	6.746320E-3
9.034800E+3	-6.160770E-4	6.645230E-3
9.012300E+3	-5.893740E-4	6.443050E-3
9.001000E+3	-5.779300E-4	6.343870E-3
8.978600E+3	-5.512270E-4	6.139790E-3
8.967500E+3	-5.397830E-4	6.032970E-3
8.956300E+3	-5.226170E-4	5.905180E-3
8.931200E+3	-4.959140E-4	5.678210E-3
8.920000E+3	-4.825610E-4	5.567580E-3
8.894800E+3	-4.577660E-4	5.357770E-3
8.883600E+3	-4.444140E-4	5.254780E-3
8.872400E+3	-4.310630E-4	5.134610E-3
8.847500E+3	-4.062670E-4	4.926710E-3
8.836200E+3	-3.967300E-4	4.831340E-3
8.813800E+3	-3.719350E-4	4.638700E-3
8.802800E+3	-3.623980E-4	4.543330E-3
8.780300E+3	-3.395100E-4	4.331620E-3
8.766300E+3	-3.280660E-4	4.226710E-3
8.755100E+3	-3.166220E-4	4.137070E-3
8.730200E+3	-2.937340E-4	3.931080E-3
8.719100E+3	-2.841970E-4	3.841420E-3
8.693900E+3	-2.651230E-4	3.662120E-3
8.682600E+3	-2.555870E-4	3.585830E-3
8.671400E+3	-2.479570E-4	3.507630E-3
8.649100E+3	-2.307900E-4	3.345500E-3
8.634600E+3	-2.231610E-4	3.265400E-3
8.623400E+3	-2.155310E-4	3.196730E-3
8.598400E+3	-2.002730E-4	3.061310E-3
8.587200E+3	-1.964580E-4	3.007900E-3
8.561900E+3	-1.850140E-4	2.891560E-3
8.550900E+3	-1.792920E-4	2.841960E-3
8.528400E+3	-1.716620E-4	2.754230E-3
8.517200E+3	-1.659400E-4	2.710360E-3
8.494900E+3	-1.602180E-4	2.647410E-3
8.483800E+3	-1.583110E-4	2.622620E-3
8.472800E+3	-1.544960E-4	2.599730E-3
8.447500E+3	-1.506810E-4	2.573030E-3
8.436100E+3	-1.506810E-4	2.565400E-3
8.413700E+3	-1.506810E-4	2.559680E-3
8.402500E+3	-1.506810E-4	2.565400E-3
8.388600E+3	-1.525890E-4	2.578750E-3
8.366300E+3	-1.564040E-4	2.613080E-3
8.355000E+3	-1.583110E-4	2.637880E-3
8.330100E+3	-1.659400E-4	2.717990E-3
8.315800E+3	-1.697550E-4	2.763760E-3
8.304800E+3	-1.735700E-4	2.811450E-3
8.279700E+3	-1.850140E-4	2.923980E-3
8.268500E+3	-1.926430E-4	2.985020E-3
8.246000E+3	-2.040870E-4	3.112810E-3
8.235000E+3	-2.117170E-4	3.183380E-3
8.223700E+3	-2.193460E-4	3.253950E-3
8.198800E+3	-2.365120E-4	3.421800E-3
8.187500E+3	-2.460500E-4	3.513350E-3
8.162300E+3	-2.651230E-4	3.702180E-3
8.151100E+3	-2.746600E-4	3.788010E-3
8.128600E+3	-2.956410E-4	3.980670E-3
8.117600E+3	-3.089920E-4	4.098920E-3
8.103100E+3	-3.204360E-4	4.213360E-3
8.081300E+3	-3.433250E-4	4.415540E-3
8.070200E+3	-3.566760E-4	4.522350E-3
8.044700E+3	-3.833790E-4	4.766490E-3
8.033200E+3	-3.967300E-4	4.890470E-3
8.022100E+3	-4.119890E-4	5.018260E-3
7.997100E+3	-4.386920E-4	5.243330E-3
7.986000E+3	-4.520430E-4	5.353960E-3
7.960900E+3	-4.825610E-4	5.609540E-3
7.949700E+3	-4.959140E-4	5.720170E-3
7.927200E+3	-5.226170E-4	5.935700E-3
7.916100E+3	-5.359690E-4	6.048230E-3
7.905000E+3	-5.531350E-4	6.181750E-3
7.891200E+3	-5.683940E-4	6.322890E-3
7.866000E+3	-5.989110E-4	6.559400E-3
7.854600E+3	-6.122630E-4	6.666210E-3
7.832200E+3	-6.370580E-4	6.868390E-3
7.821200E+3	-6.504100E-4	6.971390E-3
7.796100E+3	-6.809270E-4	7.207900E-3
7.784900E+3	-6.942790E-4	7.308990E-3
7.773800E+3	-7.095370E-4	7.431060E-3
7.748800E+3	-7.381480E-4	7.648500E-3
7.737500E+3	-7.534060E-4	7.762940E-3
7.723100E+3	-7.686650E-4	7.888850E-3
7.698000E+3	-7.953680E-4	8.092940E-3
7.686600E+3	-8.087200E-4	8.192120E-3
7.664400E+3	-8.335150E-4	8.371410E-3
7.653400E+3	-8.468670E-4	8.478220E-3
7.628200E+3	-8.716620E-4	8.668960E-3
7.616900E+3	-8.850130E-4	8.758600E-3
7.605700E+3	-8.983650E-4	8.859690E-3
7.580700E+3	-9.250680E-4	9.042800E-3
7.569500E+3	-9.384190E-4	9.140070E-3
7.555600E+3	-9.517710E-4	9.241160E-3
7.533300E+3	-9.746590E-4	9.401380E-3
7.522000E+3	-9.841990E-4	9.485300E-3
7.496500E+3	-1.012810E-3	9.677950E-3
7.485800E+3	-1.024250E-3	9.763780E-3
7.474700E+3	-1.037610E-3	9.857240E-3
7.446300E+3	-1.062400E-3	1.003650E-2
7.435000E+3	-1.073840E-3	1.011850E-2
7.412700E+3	-1.094830E-3	1.025970E-2
7.401600E+3	-1.104360E-3	1.033220E-2
7.390400E+3	-1.113900E-3	1.040460E-2
7.365400E+3	-1.136790E-3	1.056490E-2
7.354000E+3	-1.148230E-3	1.063930E-2
7.328900E+3	-1.171120E-3	1.079760E-2
7.317600E+3	-1.178750E-3	1.086430E-2
7.295300E+3	-1.199730E-3	1.100550E-2
7.284200E+3	-1.209270E-3	1.107220E-2
7.273000E+3	-1.218800E-3	1.113900E-2
7.250700E+3	-1.237880E-3	1.126870E-2
7.228200E+3	-1.255040E-3	1.139070E-2
7.216900E+3	-1.264580E-3	1.144990E-2
7.205800E+3	-1.274120E-3	1.151280E-2
7.183400E+3	-1.295100E-3	1.165400E-2
7.169500E+3	-1.304630E-3	1.172260E-2
7.147200E+3	-1.323710E-3	1.185800E-2
7.133200E+3	-1.335150E-3	1.192670E-2
7.121900E+3	-1.344690E-3	1.198770E-2
7.096800E+3	-1.363760E-3	1.212890E-2
7.085600E+3	-1.373300E-3	1.218610E-2
7.074400E+3	-1.382840E-3	1.225290E-2
7.049000E+3	-1.400000E-3	1.236540E-2
7.038400E+3	-1.409540E-3	1.243030E-2
7.012300E+3	-1.426700E-3	1.254280E-2
7.001200E+3	-1.434330E-3	1.260380E-2
6.978900E+3	-1.449590E-3	1.270680E-2
6.967700E+3	-1.457220E-3	1.275830E-2
6.956500E+3	-1.466760E-3	1.282510E-2
6.931500E+3	-1.483920E-3	1.293380E-2
6.920200E+3	-1.491550E-3	1.298530E-2
6.895300E+3	-1.508720E-3	1.310160E-2
6.884100E+3	-1.518260E-3	1.315310E-2
6.861700E+3	-1.533520E-3	1.325610E-2
6.850400E+3	-1.543050E-3	1.331530E-2
6.836700E+3	-1.548770E-3	1.336680E-2
6.814300E+3	-1.564030E-3	1.346590E-2
6.803000E+3	-1.571660E-3	1.351360E-2
6.780700E+3	-1.585010E-3	1.361470E-2
6.769500E+3	-1.594550E-3	1.366620E-2
6.755600E+3	-1.602180E-3	1.371580E-2
6.733100E+3	-1.615530E-3	1.380930E-2
6.722000E+3	-1.625070E-3	1.386080E-2
6.697100E+3	-1.638420E-3	1.396570E-2
6.685600E+3	-1.646050E-3	1.400760E-2
6.663100E+3	-1.661310E-3	1.410490E-2
6.652100E+3	-1.670840E-3	1.417170E-2
6.638200E+3	-1.678470E-3	1.421740E-2
6.615700E+3	-1.691830E-3	1.430520E-2
6.604500E+3	-1.697550E-3	1.435100E-2
6.579000E+3	-1.714710E-3	1.445780E-2
6.567800E+3	-1.720440E-3	1.449970E-2
6.545300E+3	-1.733790E-3	1.458560E-2
6.534800E+3	-1.741420E-3	1.463320E-2
6.520300E+3	-1.747140E-3	1.467710E-2
6.495100E+3	-1.762400E-3	1.477250E-2
6.484000E+3	-1.770030E-3	1.481440E-2
6.473000E+3	-1.775750E-3	1.485450E-2
6.447800E+3	-1.791010E-3	1.495940E-2
6.436400E+3	-1.796730E-3	1.499940E-2
6.414100E+3	-1.810080E-3	1.509100E-2
6.400200E+3	-1.819620E-3	1.514630E-2
6.385800E+3	-1.827250E-3	1.519780E-2
6.363900E+3	-1.842510E-3	1.528940E-2
6.352800E+3	-1.850140E-3	1.532750E-2
6.330400E+3	-1.863490E-3	1.540950E-2
6.319300E+3	-1.869210E-3	1.544960E-2
6.297000E+3	-1.880650E-3	1.552970E-2
6.285700E+3	-1.888280E-3	1.557360E-2
6.263200E+3	-1.901630E-3	1.567090E-2
6.249500E+3	-1.911170E-3	1.571670E-2
6.238300E+3	-1.914990E-3	1.575480E-2
6.212600E+3	-1.930240E-3	1.584830E-2
6.201300E+3	-1.935970E-3	1.588640E-2
6.178900E+3	-1.949320E-3	1.596270E-2
6.167700E+3	-1.955050E-3	1.600280E-2
6.145500E+3	-1.968400E-3	1.608100E-2
6.134900E+3	-1.974120E-3	1.611910E-2
6.112500E+3	-1.985560E-3	1.619540E-2
6.101300E+3	-1.993190E-3	1.623360E-2
6.078800E+3	-2.004640E-3	1.630600E-2
6.067700E+3	-2.008450E-3	1.634230E-2
6.056500E+3	-2.016080E-3	1.638040E-2
6.031700E+3	-2.029430E-3	1.646050E-2
6.020300E+3	-2.035160E-3	1.649680E-2
5.997700E+3	-2.046600E-3	1.656540E-2
5.986500E+3	-2.050410E-3	1.660550E-2
5.964000E+3	-2.059950E-3	1.666650E-2
5.952700E+3	-2.065670E-3	1.669900E-2
5.930300E+3	-2.075210E-3	1.675620E-2
5.919200E+3	-2.080930E-3	1.678670E-2
5.894200E+3	-2.088560E-3	1.685350E-2
5.883000E+3	-2.094280E-3	1.688210E-2
5.871500E+3	-2.100010E-3	1.691070E-2
5.849000E+3	-2.109540E-3	1.697360E-2
5.849000E+3	-2.109540E-3	1.697360E-2
5.823600E+3	-2.119080E-3	1.703270E-2
5.798700E+3	-2.126710E-3	1.708040E-2
5.787500E+3	-2.130520E-3	1.709950E-2
5.776300E+3	-2.136250E-3	1.712620E-2
5.748500E+3	-2.140060E-3	1.716430E-2
5.737400E+3	-2.143870E-3	1.717960E-2
5.715200E+3	-2.149600E-3	1.721780E-2
5.701400E+3	-2.151500E-3	1.723110E-2
5.678400E+3	-2.155320E-3	1.725210E-2
5.667200E+3	-2.157230E-3	1.726160E-2
5.656000E+3	-2.159130E-3	1.727310E-2
5.633700E+3	-2.162950E-3	1.729400E-2
5.611500E+3	-2.166760E-3	1.731310E-2
5.600300E+3	-2.166760E-3	1.732270E-2
5.586600E+3	-2.166760E-3	1.732840E-2
5.564300E+3	-2.166760E-3	1.733600E-2
5.550300E+3	-2.166760E-3	1.733790E-2
5.539200E+3	-2.168670E-3	1.734170E-2
5.513400E+3	-2.170580E-3	1.734940E-2
5.502300E+3	-2.170580E-3	1.734940E-2
5.480000E+3	-2.170580E-3	1.734940E-2
5.468800E+3	-2.168670E-3	1.734550E-2
5.455000E+3	-2.168670E-3	1.734360E-2
5.432400E+3	-2.170580E-3	1.734170E-2
5.418600E+3	-2.170580E-3	1.733980E-2
5.396300E+3	-2.168670E-3	1.733600E-2
5.384900E+3	-2.168670E-3	1.733220E-2
5.362700E+3	-2.168670E-3	1.732460E-2
5.351700E+3	-2.166760E-3	1.732080E-2
5.329000E+3	-2.166760E-3	1.731120E-2
5.317600E+3	-2.166760E-3	1.730740E-2
5.303700E+3	-2.164860E-3	1.729980E-2
5.281300E+3	-2.162950E-3	1.728450E-2
5.270200E+3	-2.161040E-3	1.727880E-2
5.247800E+3	-2.159130E-3	1.726540E-2
5.236700E+3	-2.157230E-3	1.725780E-2
5.211600E+3	-2.155320E-3	1.724450E-2
5.200300E+3	-2.155320E-3	1.723870E-2
5.189200E+3	-2.153410E-3	1.723300E-2
5.164200E+3	-2.153410E-3	1.721970E-2
5.153000E+3	-2.153410E-3	1.721580E-2
5.130600E+3	-2.149600E-3	1.720440E-2
5.119500E+3	-2.147690E-3	1.719680E-2
5.105400E+3	-2.147690E-3	1.719110E-2
5.083000E+3	-2.143870E-3	1.717770E-2
5.071900E+3	-2.143870E-3	1.717010E-2
5.049600E+3	-2.141970E-3	1.716240E-2
5.038500E+3	-2.141970E-3	1.715670E-2
5.015900E+3	-2.140060E-3	1.714720E-2
5.004900E+3	-2.140060E-3	1.713960E-2
4.982600E+3	-2.136250E-3	1.712430E-2
4.971300E+3	-2.136250E-3	1.712050E-2
4.948600E+3	-2.134340E-3	1.710710E-2
4.937400E+3	-2.132430E-3	1.709760E-2
4.915000E+3	-2.128620E-3	1.707660E-2
4.901200E+3	-2.126710E-3	1.706710E-2
4.890300E+3	-2.126710E-3	1.705750E-2
4.865000E+3	-2.124800E-3	1.704230E-2
4.853600E+3	-2.122890E-3	1.703270E-2
4.828600E+3	-2.120990E-3	1.702130E-2
4.817500E+3	-2.120990E-3	1.701750E-2
4.795200E+3	-2.119080E-3	1.700790E-2
4.783900E+3	-2.119080E-3	1.700600E-2
4.772600E+3	-2.117170E-3	1.700030E-2
4.750200E+3	-2.115260E-3	1.698890E-2
4.738900E+3	-2.113360E-3	1.698120E-2
4.714000E+3	-2.113360E-3	1.697360E-2
4.702900E+3	-2.113360E-3	1.697170E-2
4.691700E+3	-2.113360E-3	1.696790E-2
4.666500E+3	-2.113360E-3	1.696600E-2
4.655300E+3	-2.113360E-3	1.696600E-2
4.632800E+3	-2.111450E-3	1.696220E-2
4.618400E+3	-2.111450E-3	1.696030E-2
4.596000E+3	-2.109540E-3	1.695260E-2
4.582100E+3	-2.107640E-3	1.694690E-2
4.571000E+3	-2.105730E-3	1.694120E-2
4.545600E+3	-2.103820E-3	1.693360E-2
4.534600E+3	-2.103820E-3	1.692590E-2
4.523300E+3	-2.101910E-3	1.692020E-2
4.498300E+3	-2.100010E-3	1.690500E-2
4.487000E+3	-2.100010E-3	1.689920E-2
4.464600E+3	-2.100010E-3	1.688970E-2
4.453700E+3	-2.098100E-3	1.688780E-2
4.431100E+3	-2.096190E-3	1.687820E-2
4.417100E+3	-2.096190E-3	1.687440E-2
4.406100E+3	-2.096190E-3	1.687060E-2
4.381000E+3	-2.094280E-3	1.686110E-2
4.369700E+3	-2.094280E-3	1.686110E-2
4.347200E+3	-2.092380E-3	1.684960E-2
4.336000E+3	-2.090470E-3	1.684390E-2
4.325100E+3	-2.088560E-3	1.683630E-2
4.300100E+3	-2.086650E-3	1.682100E-2
4.288800E+3	-2.086650E-3	1.681340E-2
4.266400E+3	-2.084750E-3	1.680000E-2
4.255100E+3	-2.084750E-3	1.679240E-2
4.230000E+3	-2.082840E-3	1.678480E-2
4.219000E+3	-2.080930E-3	1.678100E-2
4.207700E+3	-2.080930E-3	1.677530E-2
4.182500E+3	-2.079020E-3	1.676760E-2
4.171300E+3	-2.077120E-3	1.676190E-2
4.146300E+3	-2.075210E-3	1.675050E-2
4.135200E+3	-2.073300E-3	1.674470E-2
4.112700E+3	-2.073300E-3	1.673330E-2
4.101500E+3	-2.073300E-3	1.672760E-2
4.086900E+3	-2.073300E-3	1.672760E-2
4.064500E+3	-2.071400E-3	1.672180E-2
4.051000E+3	-2.071400E-3	1.671800E-2
4.039700E+3	-2.071400E-3	1.671610E-2
4.014800E+3	-2.069490E-3	1.670470E-2
4.003400E+3	-2.069490E-3	1.670280E-2
3.978200E+3	-2.067580E-3	1.669700E-2
3.967200E+3	-2.067580E-3	1.669510E-2
3.955900E+3	-2.067580E-3	1.669130E-2
3.930900E+3	-2.067580E-3	1.668940E-2
3.919700E+3	-2.065670E-3	1.668940E-2
3.908500E+3	-2.065670E-3	1.668750E-2
3.883500E+3	-2.065670E-3	1.668560E-2
3.869000E+3	-2.065670E-3	1.668180E-2
3.846600E+3	-2.063770E-3	1.667230E-2
3.832500E+3	-2.063770E-3	1.666650E-2
3.821600E+3	-2.061860E-3	1.666080E-2
3.796600E+3	-2.059950E-3	1.665130E-2
3.785400E+3	-2.059950E-3	1.664940E-2
3.774000E+3	-2.059950E-3	1.664940E-2
3.749100E+3	-2.059950E-3	1.664560E-2
3.738100E+3	-2.059950E-3	1.664170E-2
3.724100E+3	-2.059950E-3	1.663790E-2
3.701700E+3	-2.059950E-3	1.663410E-2
3.687100E+3	-2.059950E-3	1.663220E-2
3.664600E+3	-2.058040E-3	1.662650E-2
3.650800E+3	-2.058040E-3	1.662460E-2
3.639800E+3	-2.056140E-3	1.662270E-2
3.615000E+3	-2.056140E-3	1.662080E-2
3.603500E+3	-2.056140E-3	1.661880E-2
3.592500E+3	-2.056140E-3	1.661690E-2
3.566900E+3	-2.054230E-3	1.661120E-2
3.555700E+3	-2.054230E-3	1.660930E-2
3.542100E+3	-2.054230E-3	1.660930E-2
3.516600E+3	-2.052320E-3	1.660740E-2
3.505400E+3	-2.052320E-3	1.660550E-2
3.483000E+3	-2.052320E-3	1.659790E-2
3.469300E+3	-2.052320E-3	1.659600E-2
3.447000E+3	-2.052320E-3	1.659410E-2
3.435700E+3	-2.052320E-3	1.659210E-2
3.413300E+3	-2.052320E-3	1.658640E-2
3.402200E+3	-2.050410E-3	1.658260E-2
3.388300E+3	-2.050410E-3	1.658070E-2
3.363400E+3	-2.048510E-3	1.656930E-2
3.352100E+3	-2.048510E-3	1.656730E-2
3.329800E+3	-2.048510E-3	1.655780E-2
3.318600E+3	-2.046600E-3	1.655590E-2
3.307300E+3	-2.044690E-3	1.655210E-2
3.284800E+3	-2.044690E-3	1.654640E-2
3.273700E+3	-2.044690E-3	1.654450E-2
3.251200E+3	-2.042790E-3	1.653870E-2
3.240100E+3	-2.042790E-3	1.653680E-2
3.215200E+3	-2.042790E-3	1.653300E-2
3.204000E+3	-2.042790E-3	1.653110E-2
3.181400E+3	-2.040880E-3	1.652350E-2
3.170000E+3	-2.038970E-3	1.651970E-2
3.145100E+3	-2.038970E-3	1.651390E-2
3.134200E+3	-2.038970E-3	1.651200E-2
3.122800E+3	-2.038970E-3	1.650820E-2
3.097800E+3	-2.037060E-3	1.650060E-2
3.086700E+3	-2.035160E-3	1.649680E-2
3.075400E+3	-2.035160E-3	1.649300E-2
3.049900E+3	-2.035160E-3	1.648150E-2
3.038700E+3	-2.035160E-3	1.647770E-2
3.013600E+3	-2.035160E-3	1.647200E-2
3.002500E+3	-2.035160E-3	1.647200E-2
2.988600E+3	-2.035160E-3	1.647010E-2
2.963600E+3	-2.033250E-3	1.646630E-2
2.952300E+3	-2.033250E-3	1.646440E-2
2.929800E+3	-2.033250E-3	1.646630E-2
2.918500E+3	-2.033250E-3	1.646820E-2
2.896300E+3	-2.033250E-3	1.647200E-2
2.885200E+3	-2.033250E-3	1.647390E-2
2.874000E+3	-2.033250E-3	1.647390E-2
2.848600E+3	-2.033250E-3	1.647580E-2
2.837500E+3	-2.033250E-3	1.647770E-2
2.812400E+3	-2.033250E-3	1.648530E-2
2.801300E+3	-2.035160E-3	1.648720E-2
2.790300E+3	-2.033250E-3	1.648530E-2
2.765100E+3	-2.033250E-3	1.647960E-2
2.753900E+3	-2.033250E-3	1.647770E-2
2.731400E+3	-2.031340E-3	1.647390E-2
2.717200E+3	-2.031340E-3	1.647390E-2
2.705900E+3	-2.031340E-3	1.647390E-2
2.680900E+3	-2.031340E-3	1.647390E-2
2.669800E+3	-2.031340E-3	1.647200E-2
2.658400E+3	-2.031340E-3	1.646630E-2
2.633200E+3	-2.029430E-3	1.645100E-2
2.621900E+3	-2.027530E-3	1.644150E-2
2.605000E+3	-2.027530E-3	1.643760E-2
2.582600E+3	-2.025620E-3	1.643190E-2
2.571300E+3	-2.025620E-3	1.642810E-2
2.549600E+3	-2.025620E-3	1.642620E-2
2.538400E+3	-2.027530E-3	1.642810E-2
2.512700E+3	-2.027530E-3	1.643000E-2
2.501300E+3	-2.025620E-3	1.643000E-2
2.490100E+3	-2.025620E-3	1.642810E-2
2.465400E+3	-2.025620E-3	1.642810E-2
2.454200E+3	-2.025620E-3	1.642810E-2
2.440500E+3	-2.025620E-3	1.642620E-2
2.418100E+3	-2.025620E-3	1.642050E-2
2.403800E+3	-2.023710E-3	1.641480E-2
2.381300E+3	-2.023710E-3	1.640900E-2
2.366900E+3	-2.021800E-3	1.640710E-2
2.355800E+3	-2.021800E-3	1.640520E-2
2.330500E+3	-2.021800E-3	1.639950E-2
2.319200E+3	-2.021800E-3	1.639760E-2
2.308300E+3	-2.021800E-3	1.639760E-2
2.283400E+3	-2.021800E-3	1.639570E-2
2.272300E+3	-2.021800E-3	1.639760E-2
2.246900E+3	-2.021800E-3	1.639760E-2
2.235800E+3	-2.021800E-3	1.639760E-2
2.224500E+3	-2.021800E-3	1.639570E-2
2.199100E+3	-2.021800E-3	1.639380E-2
2.187900E+3	-2.021800E-3	1.639190E-2
2.176500E+3	-2.021800E-3	1.639000E-2
2.151500E+3	-2.021800E-3	1.638620E-2
2.129400E+3	-2.019900E-3	1.638230E-2
2.118400E+3	-2.019900E-3	1.637850E-2
2.095700E+3	-2.017990E-3	1.637090E-2
2.084400E+3	-2.017990E-3	1.636520E-2
2.073000E+3	-2.017990E-3	1.635940E-2
2.047600E+3	-2.016080E-3	1.635370E-2
2.036300E+3	-2.016080E-3	1.634800E-2
2.013700E+3	-2.014180E-3	1.634040E-2
2.002500E+3	-2.012270E-3	1.633470E-2
1.979600E+3	-2.010360E-3	1.632890E-2
1.965400E+3	-2.008450E-3	1.632320E-2
1.951200E+3	-2.008450E-3	1.632130E-2
1.928200E+3	-2.008450E-3	1.632130E-2
1.916600E+3	-2.008450E-3	1.632130E-2
1.893400E+3	-2.008450E-3	1.631940E-2
1.881800E+3	-2.008450E-3	1.631750E-2
1.867600E+3	-2.008450E-3	1.631750E-2
1.844400E+3	-2.008450E-3	1.631750E-2
1.832600E+3	-2.008450E-3	1.631750E-2
1.806700E+3	-2.008450E-3	1.631370E-2
1.795300E+3	-2.008450E-3	1.631180E-2
1.783600E+3	-2.008450E-3	1.630800E-2
1.757800E+3	-2.008450E-3	1.630600E-2
1.746400E+3	-2.008450E-3	1.630220E-2
1.720200E+3	-2.006550E-3	1.630030E-2
1.708900E+3	-2.006550E-3	1.629840E-2
1.685800E+3	-2.006550E-3	1.630030E-2
1.674300E+3	-2.006550E-3	1.630030E-2
1.663200E+3	-2.006550E-3	1.630030E-2
1.636900E+3	-2.006550E-3	1.629840E-2
1.625200E+3	-2.006550E-3	1.629650E-2
1.602200E+3	-2.006550E-3	1.629460E-2
1.590600E+3	-2.006550E-3	1.629460E-2
1.576200E+3	-2.006550E-3	1.629460E-2
1.553000E+3	-2.004640E-3	1.629270E-2
1.538700E+3	-2.004640E-3	1.629270E-2
1.527100E+3	-2.004640E-3	1.629270E-2
1.501200E+3	-2.004640E-3	1.628890E-2
1.489400E+3	-2.004640E-3	1.628890E-2
1.477900E+3	-2.004640E-3	1.628510E-2
1.448900E+3	-2.004640E-3	1.628120E-2
1.437400E+3	-2.004640E-3	1.628120E-2
1.414400E+3	-2.004640E-3	1.628700E-2
1.402900E+3	-2.004640E-3	1.628700E-2
1.380700E+3	-2.004640E-3	1.628890E-2
1.366000E+3	-2.004640E-3	1.628890E-2
1.354600E+3	-2.004640E-3	1.628510E-2
1.329600E+3	-2.002730E-3	1.627170E-2
1.318300E+3	-2.000820E-3	1.626600E-2
1.307100E+3	-1.998920E-3	1.626030E-2
1.282300E+3	-1.998920E-3	1.625260E-2
1.260100E+3	-1.997010E-3	1.624500E-2
1.249300E+3	-1.997010E-3	1.624120E-2
1.235600E+3	-1.997010E-3	1.624120E-2
1.214000E+3	-1.995100E-3	1.623930E-2
1.200300E+3	-1.995100E-3	1.623740E-2
1.189800E+3	-1.997010E-3	1.623930E-2
1.166300E+3	-1.997010E-3	1.623740E-2
1.155900E+3	-1.995100E-3	1.623550E-2
1.135500E+3	-1.995100E-3	1.623170E-2
1.125400E+3	-1.995100E-3	1.622970E-2
1.113100E+3	-1.995100E-3	1.622970E-2
1.093600E+3	-1.995100E-3	1.622970E-2
1.081600E+3	-1.995100E-3	1.622970E-2
1.062600E+3	-1.995100E-3	1.622780E-2
1.053100E+3	-1.995100E-3	1.622780E-2
1.043900E+3	-1.995100E-3	1.622590E-2
1.023400E+3	-1.995100E-3	1.621830E-2
1.014400E+3	-1.995100E-3	1.621640E-2
9.943000E+2	-1.995100E-3	1.622020E-2
9.852000E+2	-1.995100E-3	1.622020E-2
9.739000E+2	-1.995100E-3	1.622020E-2
9.568000E+2	-1.995100E-3	1.622020E-2
9.481000E+2	-1.995100E-3	1.621830E-2
9.283000E+2	-1.995100E-3	1.621640E-2
9.198000E+2	-1.995100E-3	1.621640E-2
9.112000E+2	-1.993190E-3	1.621640E-2
8.941000E+2	-1.993190E-3	1.621260E-2
8.837000E+2	-1.993190E-3	1.621260E-2
8.752000E+2	-1.993190E-3	1.621260E-2
8.566000E+2	-1.993190E-3	1.621070E-2
8.483000E+2	-1.993190E-3	1.621260E-2
8.317000E+2	-1.993190E-3	1.621260E-2
8.213000E+2	-1.995100E-3	1.621640E-2
8.048000E+2	-1.995100E-3	1.621830E-2
7.966000E+2	-1.993190E-3	1.621640E-2
7.861000E+2	-1.993190E-3	1.621260E-2
7.703000E+2	-1.993190E-3	1.621070E-2
7.598000E+2	-1.993190E-3	1.621260E-2
7.436000E+2	-1.993190E-3	1.621260E-2
7.354000E+2	-1.993190E-3	1.621070E-2
7.193000E+2	-1.993190E-3	1.621070E-2
7.112000E+2	-1.993190E-3	1.621070E-2
6.951000E+2	-1.993190E-3	1.620690E-2
6.872000E+2	-1.991290E-3	1.620500E-2
6.772000E+2	-1.991290E-3	1.620110E-2
6.614000E+2	-1.991290E-3	1.619160E-2
6.534000E+2	-1.989380E-3	1.618780E-2
6.356000E+2	-1.989380E-3	1.617830E-2
6.277000E+2	-1.987470E-3	1.617630E-2
6.120000E+2	-1.987470E-3	1.617440E-2
6.040000E+2	-1.987470E-3	1.617060E-2
5.943000E+2	-1.987470E-3	1.616490E-2
5.786000E+2	-1.985560E-3	1.615730E-2
5.687000E+2	-1.985560E-3	1.615350E-2
5.587000E+2	-1.983660E-3	1.614770E-2
5.508000E+2	-1.983660E-3	1.614200E-2
5.334000E+2	-1.981750E-3	1.613250E-2
5.256000E+2	-1.981750E-3	1.613060E-2
5.101000E+2	-1.981750E-3	1.612480E-2
5.006000E+2	-1.981750E-3	1.612290E-2
4.929000E+2	-1.981750E-3	1.612680E-2
4.744000E+2	-1.981750E-3	1.613060E-2
4.628000E+2	-1.981750E-3	1.613060E-2
4.281000E+2	-1.979840E-3	1.612680E-2
4.096000E+2	-1.979840E-3	1.612290E-2
3.674000E+2	-1.977940E-3	1.611910E-2
3.449000E+2	-1.977940E-3	1.611720E-2
3.218000E+2	-1.976030E-3	1.611150E-2
2.658000E+2	-1.972210E-3	1.609430E-2
2.399000E+2	-1.970310E-3	1.608290E-2
1.868000E+2	-1.968400E-3	1.605430E-2
1.610000E+2	-1.964580E-3	1.603900E-2
1.060000E+2	-1.958860E-3	1.599710E-2
7.830000E+1	-1.955050E-3	1.597610E-2
2.250000E+1	-1.949320E-3	1.593600E-2
-5.300000E+0	-1.947410E-3	1.592080E-2
-6.840000E+1	-1.945500E-3	1.590930E-2
-9.580000E+1	-1.945500E-3	1.591500E-2
-1.217000E+2	-1.947410E-3	1.592840E-2
-1.827000E+2	-1.955050E-3	1.596270E-2
-2.089000E+2	-1.955050E-3	1.598370E-2
-2.407000E+2	-1.958860E-3	1.600280E-2
-2.908000E+2	-1.964580E-3	1.603330E-2
-3.150000E+2	-1.966490E-3	1.604470E-2
-3.615000E+2	-1.968400E-3	1.606190E-2
