Sample Name, Varga_5_4_35.65G
Freq displayed, 3.568, GHz, Power, 10, dBm, 35.65 Ghz, adjusted black knob, disconnected voltmeter
SR850: f = 25 Hz; phase = -84 deg; output = 5 V; sens. = 500 uV; tc = 300 ms; 12dB/oct
Field	X	Y
Oe	V	V
*
-6.436000E+2	3.337870E-6	2.145780E-6
-6.434000E+2	3.337870E-6	1.758340E-6
-6.434000E+2	3.337870E-6	1.758340E-6
-6.418000E+2	4.142550E-6	4.768410E-7
-6.366000E+2	3.367680E-6	-1.221900E-6
-6.140000E+2	4.321370E-6	-2.682220E-6
-6.031000E+2	4.112750E-6	-2.354400E-6
-5.750000E+2	4.440580E-6	-1.788150E-6
-5.614000E+2	4.142550E-6	-1.072890E-6
-5.297000E+2	4.828010E-6	-4.172340E-7
-5.151000E+2	5.006820E-6	1.788150E-7
-4.838000E+2	3.904130E-6	5.662480E-7
-4.699000E+2	3.576290E-6	3.874320E-7
-4.544000E+2	3.665700E-6	4.470370E-7
-4.238000E+2	4.082950E-6	1.609330E-6
-4.100000E+2	4.798200E-6	1.668940E-6
-3.869000E+2	6.675750E-6	2.175580E-6
-3.746000E+2	7.659260E-6	2.354400E-6
-3.616000E+2	8.761940E-6	2.563010E-6
-3.426000E+2	1.022230E-5	4.202160E-6
-3.334000E+2	1.087790E-5	4.053140E-6
-3.154000E+2	1.189120E-5	2.861040E-6
-3.070000E+2	1.254680E-5	1.430520E-6
-2.881000E+2	1.192100E-5	-1.311310E-6
-2.794000E+2	1.156340E-5	-1.758340E-6
-2.590000E+2	1.126530E-5	-2.115980E-6
-2.501000E+2	1.123550E-5	-2.354400E-6
-2.288000E+2	1.245740E-5	-2.235190E-6
-2.197000E+2	1.344090E-5	-1.132500E-6
-1.982000E+2	1.358990E-5	-1.579530E-6
-1.891000E+2	1.403700E-5	-1.907360E-6
-1.646000E+2	1.627220E-5	-1.639140E-6
-1.554000E+2	1.728550E-5	-8.642710E-7
-1.427000E+2	1.859680E-5	-3.874320E-7
-1.223000E+2	1.937160E-5	1.788150E-7
-1.103000E+2	1.946100E-5	2.086170E-7
-9.920000E+1	1.984850E-5	-1.490130E-7
-7.750000E+1	2.005710E-5	-3.576300E-7
-6.710000E+1	1.990810E-5	-3.576300E-7
-4.750000E+1	1.958020E-5	-1.072890E-6
-3.640000E+1	1.928220E-5	-1.519930E-6
-1.430000E+1	1.448400E-5	2.980250E-8
-4.000000E+0	1.129510E-5	2.384200E-7
6.800000E+0	7.897670E-6	8.940740E-8
2.940000E+1	-4.172340E-7	-1.251700E-6
4.010000E+1	-5.662470E-6	-1.192100E-6
5.200000E+1	-1.025210E-5	-1.341110E-6
7.280000E+1	-1.555690E-5	-2.384200E-6
8.190000E+1	-1.764310E-5	-2.175580E-6
1.051000E+2	-2.011670E-5	-1.192100E-7
1.150000E+2	-1.919280E-5	6.258520E-7
1.356000E+2	-1.782190E-5	2.324600E-6
1.449000E+2	-1.728550E-5	2.294790E-6
1.660000E+2	-1.528870E-5	1.341110E-6
1.750000E+2	-1.439460E-5	8.940730E-7
1.962000E+2	-1.403700E-5	1.788150E-7
2.052000E+2	-1.439460E-5	5.662480E-7
2.264000E+2	-1.499060E-5	1.400720E-6
2.356000E+2	-1.478200E-5	1.877550E-6
2.562000E+2	-1.499060E-5	1.072890E-6
2.659000E+2	-1.493100E-5	5.066430E-7
2.863000E+2	-1.481180E-5	8.344690E-7
2.965000E+2	-1.472240E-5	1.043090E-6
3.068000E+2	-1.424560E-5	1.281510E-6
3.261000E+2	-1.296410E-5	1.907360E-6
3.375000E+2	-1.236800E-5	1.639140E-6
3.600000E+2	-9.864630E-6	1.102690E-6
3.713000E+2	-8.672530E-6	9.238760E-7
3.837000E+2	-8.523520E-6	4.470370E-7
4.044000E+2	-8.225500E-6	1.490130E-7
4.141000E+2	-8.702340E-6	3.576300E-7
4.371000E+2	-9.059960E-6	-1.788150E-7
4.475000E+2	-8.970560E-6	-1.162300E-6
4.566000E+2	-8.940750E-6	-1.996770E-6
4.807000E+2	-6.467130E-6	-1.996770E-6
4.898000E+2	-5.900890E-6	-2.145780E-6
5.134000E+2	-5.245240E-6	-1.758340E-6
5.230000E+2	-5.215440E-6	-1.728540E-6
5.441000E+2	-4.768400E-6	-2.652420E-6
5.532000E+2	-4.470380E-6	-2.801430E-6
5.745000E+2	-4.440580E-6	-1.460320E-6
5.836000E+2	-5.185630E-6	-1.668940E-6
5.962000E+2	-5.155830E-6	-1.788150E-6
6.171000E+2	-4.172350E-6	-2.384200E-6
6.302000E+2	-3.546490E-6	-1.758340E-6
6.416000E+2	-2.741830E-6	-1.013290E-6
6.614000E+2	-1.192100E-6	-1.370910E-6
6.719000E+2	-6.854570E-7	-1.966970E-6
6.917000E+2	-4.172340E-7	-1.281510E-6
7.033000E+2	-4.172340E-7	-7.450620E-7
7.235000E+2	-1.013290E-6	3.576300E-7
7.377000E+2	-1.102690E-6	5.066430E-7
7.579000E+2	-2.115980E-6	2.175580E-6
7.688000E+2	-2.652420E-6	2.771630E-6
7.881000E+2	-3.427280E-6	3.099460E-6
7.996000E+2	-3.367680E-6	2.861040E-6
8.089000E+2	-3.457080E-6	2.264990E-6
8.337000E+2	-3.635900E-6	1.788150E-6
8.429000E+2	-2.920640E-6	1.341110E-6
8.649000E+2	-2.563010E-6	1.221900E-6
8.742000E+2	-2.831240E-6	1.251700E-6
8.959000E+2	-2.712030E-6	8.940730E-7
9.054000E+2	-2.235190E-6	9.834840E-7
9.275000E+2	-9.834840E-7	0.000000E+0
9.370000E+2	-1.370910E-6	-3.874320E-7
9.586000E+2	-1.102690E-6	-5.960510E-8
9.684000E+2	-1.013290E-6	2.980250E-7
9.895000E+2	-2.741830E-6	1.460320E-6
9.998000E+2	-2.950440E-6	1.192100E-6
1.020300E+3	-3.427280E-6	7.748640E-7
1.031200E+3	-3.010050E-6	-5.960510E-8
1.051500E+3	-1.251700E-6	-3.278270E-7
1.062900E+3	-8.344690E-7	3.576300E-7
1.083000E+3	-9.834840E-7	1.579530E-6
1.094500E+3	-1.460320E-6	1.490120E-6
1.104200E+3	-2.145780E-6	5.364450E-7
1.128200E+3	-1.490120E-6	-8.344690E-7
1.138800E+3	-1.728540E-6	-1.192100E-6
1.161700E+3	-1.758340E-6	-1.192100E-7
1.173000E+3	-2.652420E-6	5.364450E-7
1.185500E+3	-3.427280E-6	5.066430E-7
1.207400E+3	-3.278270E-6	3.278270E-7
1.219800E+3	-2.414000E-6	8.940740E-8
1.229700E+3	-2.264990E-6	2.384200E-7
1.254000E+3	-1.877550E-6	3.278270E-7
1.263300E+3	-2.145780E-6	6.556550E-7
1.287800E+3	-5.364450E-7	8.940730E-7
1.297000E+3	-2.384200E-7	1.460320E-6
1.318400E+3	-7.748640E-7	5.066430E-7
1.327400E+3	-1.788150E-6	-1.490130E-7
1.338400E+3	-1.817950E-6	-2.980250E-8
1.360700E+3	-2.563010E-6	6.854570E-7
1.370900E+3	-2.920640E-6	7.748640E-7
1.390800E+3	-2.473610E-6	2.980250E-7
1.403200E+3	-2.354400E-6	2.086170E-7
1.414500E+3	-2.324600E-6	4.470370E-7
1.436400E+3	-2.056370E-6	-9.536820E-7
1.446700E+3	-1.788150E-6	-1.430520E-6
1.466100E+3	-2.861040E-6	-8.940730E-7
1.477400E+3	-3.188860E-6	-2.682230E-7
1.496800E+3	-2.324600E-6	8.344690E-7
1.508100E+3	-1.996770E-6	1.460320E-6
1.520300E+3	-2.324600E-6	1.490120E-6
1.541400E+3	-2.264990E-6	1.311310E-6
1.550600E+3	-2.235190E-6	3.278270E-7
1.571100E+3	-1.609330E-6	-1.281510E-6
1.580400E+3	-1.907360E-6	-1.221900E-6
1.604300E+3	-1.400720E-6	-5.960500E-7
1.613500E+3	-1.668940E-6	-9.536820E-7
1.623500E+3	-2.771630E-6	-1.192100E-6
1.646700E+3	-3.755110E-6	-3.278270E-7
1.656100E+3	-4.112750E-6	8.940730E-7
1.679800E+3	-3.337870E-6	2.473610E-6
1.688700E+3	-2.175580E-6	2.682220E-6
1.701500E+3	-2.384200E-6	2.294790E-6
1.721800E+3	-3.844530E-6	1.758340E-6
1.732000E+3	-4.053140E-6	1.490120E-6
1.751900E+3	-3.725300E-6	1.430520E-6
1.762600E+3	-3.874330E-6	1.847750E-6
1.784600E+3	-4.172350E-6	2.443800E-6
1.794600E+3	-4.261760E-6	2.324600E-6
1.805600E+3	-4.142550E-6	1.311310E-6
1.826800E+3	-4.112750E-6	1.013290E-6
1.838100E+3	-4.470380E-6	1.043090E-6
1.850700E+3	-4.202160E-6	1.132500E-6
1.870600E+3	-2.384200E-6	1.788150E-7
1.883900E+3	-1.639140E-6	-8.940740E-8
1.903800E+3	-2.205390E-6	-9.536820E-7
1.913900E+3	-2.086180E-6	-8.344690E-7
1.934100E+3	-1.341110E-6	-1.162300E-6
1.943600E+3	-9.536820E-7	-6.854570E-7
1.964500E+3	-1.311310E-6	-5.960510E-8
1.973600E+3	-2.086180E-6	5.960510E-8
1.985700E+3	-3.069650E-6	5.364450E-7
2.006700E+3	-4.321370E-6	7.748640E-7
2.016200E+3	-4.738600E-6	7.748640E-7
2.036800E+3	-5.096230E-6	5.960500E-7
2.049000E+3	-4.917410E-6	5.066430E-7
2.070200E+3	-3.904130E-6	0.000000E+0
2.079300E+3	-3.874330E-6	-3.278270E-7
2.090500E+3	-3.039850E-6	-7.748640E-7
2.109600E+3	-1.400720E-6	-1.281510E-6
2.120800E+3	-7.450620E-7	-1.400720E-6
2.139800E+3	-8.344690E-7	-2.086170E-7
2.150700E+3	-9.834840E-7	8.940740E-8
2.170300E+3	-1.639140E-6	-2.980250E-8
2.180700E+3	-2.831240E-6	4.768410E-7
2.202700E+3	-4.619390E-6	1.192100E-6
2.214000E+3	-4.828010E-6	1.341110E-6
2.223100E+3	-4.470380E-6	8.940730E-7
2.246800E+3	-3.874330E-6	-2.086170E-7
2.256500E+3	-3.755110E-6	-2.384200E-7
2.277500E+3	-2.920640E-6	-8.940730E-7
2.289700E+3	-2.890840E-6	-1.311310E-6
2.298700E+3	-2.890840E-6	-1.311310E-6
2.322600E+3	-2.324600E-6	-1.490120E-6
2.331500E+3	-1.668940E-6	-1.639140E-6
2.352600E+3	-1.579530E-6	-1.490120E-6
2.361400E+3	-2.056370E-6	-9.238760E-7
2.382500E+3	-2.890840E-6	3.278270E-7
2.391600E+3	-2.592820E-6	1.132500E-6
2.412200E+3	-3.069650E-6	9.238760E-7
2.421900E+3	-2.682220E-6	7.450620E-7
2.445200E+3	-2.592820E-6	2.980250E-7
2.454200E+3	-3.039850E-6	-5.066430E-7
2.468100E+3	-3.397480E-6	-5.960500E-7
2.487000E+3	-3.308070E-6	-9.834840E-7
2.500200E+3	-3.516690E-6	-8.344690E-7
2.520100E+3	-3.963740E-6	-3.576300E-7
2.530900E+3	-4.172350E-6	-2.980250E-7
2.541300E+3	-5.185630E-6	5.066430E-7
2.561500E+3	-4.768400E-6	5.960510E-8
2.571300E+3	-4.589590E-6	2.384200E-7
2.591000E+3	-4.112750E-6	5.960500E-7
2.601300E+3	-4.112750E-6	6.258520E-7
2.621400E+3	-3.814730E-6	8.642710E-7
2.634200E+3	-2.354400E-6	7.152590E-7
2.643300E+3	-2.205390E-6	1.162300E-6
2.666900E+3	-2.920640E-6	1.698740E-6
2.675900E+3	-3.129260E-6	1.788150E-6
2.697100E+3	-3.874330E-6	5.066430E-7
2.706200E+3	-4.172350E-6	1.788150E-7
2.727000E+3	-5.245240E-6	-2.086170E-7
2.736600E+3	-6.020100E-6	-7.748640E-7
2.757200E+3	-7.510210E-6	-7.152590E-7
2.767100E+3	-7.510210E-6	-1.132500E-6
2.787100E+3	-7.122780E-6	-3.874320E-7
2.797700E+3	-6.526740E-6	-3.576300E-7
2.820100E+3	-5.006820E-6	5.960500E-7
2.829900E+3	-3.218670E-6	2.384200E-7
2.841200E+3	-1.728540E-6	-6.556550E-7
2.860300E+3	-1.281510E-6	-2.026570E-6
2.871200E+3	-1.877550E-6	-2.145780E-6
2.893000E+3	-3.129260E-6	-3.576300E-7
2.904300E+3	-3.874330E-6	2.980250E-7
2.916600E+3	-4.231960E-6	5.662480E-7
2.936700E+3	-3.486890E-6	-1.192100E-7
2.946800E+3	-3.457080E-6	-5.364450E-7
2.969000E+3	-3.427280E-6	-1.341110E-6
2.979900E+3	-3.486890E-6	-1.460320E-6
2.999700E+3	-4.202160E-6	-1.251700E-6
3.009900E+3	-4.440580E-6	-1.609330E-6
3.030200E+3	-3.367680E-6	-1.609330E-6
3.039900E+3	-4.440580E-6	-1.549730E-6
3.051800E+3	-4.947210E-6	-1.668940E-6
3.073000E+3	-6.496940E-6	-1.400720E-6
3.082000E+3	-6.526740E-6	-6.258520E-7
3.103000E+3	-6.020100E-6	6.258520E-7
3.112300E+3	-4.410770E-6	5.960510E-8
3.133000E+3	-3.129260E-6	-1.192100E-6
3.142900E+3	-2.056370E-6	-8.046660E-7
3.163100E+3	-1.758340E-6	-1.728540E-6
3.173400E+3	-2.771630E-6	-1.460320E-6
3.196400E+3	-3.278270E-6	-1.072890E-6
3.206000E+3	-2.801430E-6	-8.940730E-7
3.219100E+3	-3.457080E-6	-1.788150E-7
3.229700E+3	-4.500180E-6	5.662480E-7
3.252600E+3	-3.635900E-6	-5.364450E-7
3.262800E+3	-4.202160E-6	-9.238760E-7
3.283000E+3	-4.887610E-6	-1.817950E-6
3.292500E+3	-5.394250E-6	-2.354400E-6
3.315100E+3	-5.811480E-6	-2.712030E-6
3.325400E+3	-5.930690E-6	-2.056370E-6
3.345500E+3	-6.049900E-6	-1.162300E-6
3.355500E+3	-6.079700E-6	-5.960510E-8
3.376100E+3	-6.467130E-6	5.960510E-8
3.385500E+3	-6.407530E-6	8.940730E-7
3.406700E+3	-5.185630E-6	-2.086170E-7
3.415700E+3	-5.155830E-6	-2.980250E-7
3.425200E+3	-5.841280E-6	-5.066430E-7
3.448900E+3	-7.569820E-6	-1.251700E-6
3.458600E+3	-7.659260E-6	-1.221900E-6
3.482200E+3	-6.467130E-6	-2.026570E-6
3.491100E+3	-6.228710E-6	-1.966970E-6
3.502300E+3	-6.139310E-6	-2.384200E-6
3.524200E+3	-5.990300E-6	-2.950440E-6
3.534500E+3	-5.722080E-6	-3.248470E-6
3.557300E+3	-7.003570E-6	-2.890840E-6
3.567000E+3	-7.450610E-6	-1.281510E-6
3.580100E+3	-7.510210E-6	-4.172340E-7
3.590600E+3	-7.152590E-6	-2.384200E-7
3.613500E+3	-5.751880E-6	-9.834840E-7
3.623400E+3	-5.990300E-6	-1.072890E-6
3.645500E+3	-5.960490E-6	-1.192100E-7
3.656400E+3	-5.841280E-6	-2.682230E-7
3.676100E+3	-7.271800E-6	-7.748640E-7
3.689100E+3	-7.927480E-6	-3.874320E-7
3.698500E+3	-7.867870E-6	3.278270E-7
3.719600E+3	-7.361200E-6	5.364450E-7
3.731800E+3	-7.003570E-6	9.536820E-7
3.752100E+3	-5.602870E-6	-1.490130E-7
3.761600E+3	-5.513460E-6	5.066430E-7
3.782400E+3	-5.394250E-6	-5.364450E-7
3.791400E+3	-5.483660E-6	-1.162300E-6
3.801400E+3	-5.364450E-6	-1.132500E-6
3.821300E+3	-5.900890E-6	1.490130E-7
3.842400E+3	-5.453850E-6	-1.192100E-7
3.851400E+3	-5.036620E-6	1.788150E-7
3.872800E+3	-4.977020E-6	-5.960510E-8
3.882100E+3	-5.245240E-6	-2.086170E-7
3.893400E+3	-6.139310E-6	2.384200E-7
3.912900E+3	-6.377730E-6	5.066430E-7
3.924100E+3	-7.003570E-6	6.258520E-7
3.943600E+3	-7.569820E-6	2.980250E-7
3.954400E+3	-7.867870E-6	-1.788150E-7
3.976100E+3	-7.092980E-6	0.000000E+0
3.987300E+3	-7.241990E-6	2.980250E-8
4.006500E+3	-8.910950E-6	2.384200E-7
4.017400E+3	-9.208980E-6	8.046660E-7
4.037200E+3	-8.106290E-6	-5.066430E-7
4.047600E+3	-7.540020E-6	-1.162300E-6
4.067800E+3	-7.480410E-6	-1.907360E-6
4.077800E+3	-7.957280E-6	-1.966970E-6
4.087300E+3	-7.510210E-6	-1.877550E-6
4.111200E+3	-6.854560E-6	-2.145780E-6
4.120200E+3	-7.480410E-6	-2.354400E-6
4.144200E+3	-9.328190E-6	-1.192100E-6
4.153400E+3	-9.954030E-6	-1.251700E-6
4.174400E+3	-9.328190E-6	-8.642710E-7
4.183400E+3	-8.612930E-6	-1.013290E-6
4.204400E+3	-7.748660E-6	-5.364450E-7
4.213300E+3	-7.212190E-6	-5.364450E-7
4.224500E+3	-6.347920E-6	-5.364450E-7
4.243800E+3	-5.900890E-6	-5.960500E-7
4.254900E+3	-6.258520E-6	2.980250E-8
4.274200E+3	-7.450610E-6	-3.278270E-7
4.285300E+3	-7.420810E-6	-6.556550E-7
4.306700E+3	-8.136090E-6	0.000000E+0
4.319800E+3	-8.225500E-6	4.768410E-7
4.330800E+3	-7.957280E-6	5.066430E-7
4.350800E+3	-8.434120E-6	6.556550E-7
4.361300E+3	-8.642730E-6	6.854570E-7
4.381600E+3	-7.569820E-6	5.960500E-7
4.394600E+3	-7.689060E-6	2.980250E-7
4.414200E+3	-7.629450E-6	6.556550E-7
4.424900E+3	-8.136090E-6	8.940730E-7
4.433900E+3	-9.298380E-6	3.278270E-7
4.457800E+3	-9.149370E-6	-8.344690E-7
4.466800E+3	-8.583130E-6	-5.364450E-7
4.487900E+3	-8.761940E-6	-5.960510E-8
4.496900E+3	-9.894430E-6	1.788150E-7
4.520600E+3	-1.046070E-5	-2.086170E-7
4.529800E+3	-9.805020E-6	-1.221900E-6
4.542700E+3	-1.034150E-5	-1.758340E-6
4.563100E+3	-9.626210E-6	5.960510E-8
4.575400E+3	-9.238780E-6	2.086170E-7
4.586600E+3	-9.208980E-6	3.576300E-7
4.605900E+3	-9.357990E-6	-2.682230E-7
4.626500E+3	-9.685810E-6	-9.834840E-7
4.636500E+3	-1.037130E-5	-1.311310E-6
4.647600E+3	-1.111630E-5	-1.043090E-6
4.667400E+3	-1.174220E-5	-4.470370E-7
4.677900E+3	-1.221900E-5	-5.364450E-7
4.698000E+3	-1.308330E-5	-8.642710E-7
4.708000E+3	-1.257660E-5	-7.748640E-7
4.730100E+3	-1.195080E-5	-8.046660E-7
4.741000E+3	-1.135470E-5	-1.668940E-6
4.760800E+3	-1.129510E-5	-3.129260E-6
4.771200E+3	-1.075870E-5	-3.367680E-6
4.791700E+3	-1.063950E-5	-3.218670E-6
4.801500E+3	-1.111630E-5	-2.920640E-6
4.811000E+3	-1.174220E-5	-2.592820E-6
4.834700E+3	-1.132490E-5	-2.235190E-6
4.843700E+3	-1.177200E-5	-1.817950E-6
4.867600E+3	-1.326210E-5	-5.960510E-8
4.876800E+3	-1.353030E-5	3.576300E-7
4.888900E+3	-1.326210E-5	6.258520E-7
4.909900E+3	-1.227860E-5	1.072890E-6
4.921800E+3	-1.248720E-5	1.460320E-6
4.932400E+3	-1.287470E-5	1.698740E-6
4.954800E+3	-1.311310E-5	1.162300E-6
4.964600E+3	-1.358990E-5	1.013290E-6
4.987900E+3	-1.433500E-5	2.145780E-6
4.998000E+3	-1.457340E-5	2.205390E-6
5.009100E+3	-1.463300E-5	2.622620E-6
5.009100E+3	-1.463300E-5	2.622620E-6
5.042000E+3	-1.391770E-5	1.996770E-6
5.061400E+3	-1.347070E-5	2.145780E-6
5.072600E+3	-1.412640E-5	2.324600E-6
5.084900E+3	-1.499060E-5	2.145780E-6
5.105300E+3	-1.499060E-5	1.609330E-6
5.115000E+3	-1.585500E-5	1.490120E-6
5.137500E+3	-1.573570E-5	1.609330E-6
5.148100E+3	-1.558670E-5	2.264990E-6
5.168100E+3	-1.531850E-5	2.980250E-6
5.178100E+3	-1.469260E-5	3.278270E-6
5.198600E+3	-1.218920E-5	3.397480E-6
5.208100E+3	-1.209980E-5	2.980250E-6
5.220200E+3	-1.215940E-5	2.622620E-6
5.241400E+3	-1.198060E-5	2.086180E-6
5.250600E+3	-1.236800E-5	2.056370E-6
5.271600E+3	-1.329190E-5	1.400720E-6
5.281100E+3	-1.370910E-5	8.940730E-7
5.301800E+3	-1.367930E-5	-1.102690E-6
5.312000E+3	-1.326210E-5	-1.698740E-6
5.332200E+3	-1.177200E-5	-9.238760E-7
5.344700E+3	-1.117590E-5	-1.192100E-6
5.355900E+3	-1.031170E-5	-1.192100E-6
5.375400E+3	-7.778460E-6	-2.145780E-6
5.386700E+3	-7.450610E-6	-2.205390E-6
5.406300E+3	-7.182390E-6	-3.188860E-6
5.417200E+3	-7.092980E-6	-2.980250E-6
5.439100E+3	-5.543260E-6	-1.579530E-6
5.450300E+3	-4.738600E-6	-1.728540E-6
5.459600E+3	-3.635900E-6	-2.235190E-6
5.483800E+3	-1.937170E-6	-2.592820E-6
5.493000E+3	-1.639140E-6	-2.443800E-6
5.514200E+3	-1.192100E-7	-3.427280E-6
5.526100E+3	8.344690E-7	-4.023340E-6
5.546800E+3	2.771630E-6	-3.337870E-6
5.556000E+3	4.440580E-6	-3.218670E-6
5.568100E+3	5.632670E-6	-2.861040E-6
5.589100E+3	7.927480E-6	-2.473610E-6
5.601000E+3	9.089770E-6	-2.473610E-6
5.622200E+3	1.254680E-5	-2.056370E-6
5.631300E+3	1.460320E-5	-1.192100E-6
5.642300E+3	1.582510E-5	-4.172340E-7
5.661900E+3	1.919280E-5	0.000000E+0
5.673000E+3	2.169620E-5	-7.152590E-7
5.694800E+3	2.399100E-5	-1.430520E-6
5.705400E+3	2.500430E-5	-1.490120E-6
5.727700E+3	2.780570E-5	-1.162300E-6
5.737600E+3	3.045810E-5	-9.536820E-7
5.751700E+3	3.185890E-5	-5.960500E-7
5.760800E+3	3.302120E-5	-2.980250E-7
5.784200E+3	3.454110E-5	-5.364450E-7
5.794400E+3	3.600140E-5	-3.278270E-7
5.815100E+3	3.919030E-5	7.450620E-7
5.824600E+3	4.142550E-5	1.072890E-6
5.836800E+3	4.306460E-5	1.519930E-6
5.860600E+3	4.723690E-5	5.662480E-7
5.869900E+3	4.848860E-5	6.258520E-7
5.891000E+3	5.227350E-5	2.384200E-7
5.899900E+3	5.367420E-5	1.788150E-7
5.921000E+3	5.716110E-5	1.221900E-6
5.932900E+3	5.900880E-5	1.251700E-6
5.953900E+3	6.100560E-5	0.000000E+0
5.962900E+3	6.181050E-5	1.579530E-6
5.984100E+3	6.401590E-5	1.847750E-6
5.993200E+3	6.470130E-5	1.579530E-6
6.004100E+3	6.544640E-5	1.281510E-6
6.026400E+3	6.845640E-5	-4.470370E-7
6.036500E+3	7.015510E-5	-1.251700E-6
6.059700E+3	7.376120E-5	-8.344690E-7
6.069100E+3	7.510230E-5	-7.152590E-7
6.089800E+3	7.703950E-5	1.013290E-6
6.099800E+3	7.811240E-5	1.519930E-6
6.111000E+3	7.885740E-5	1.490120E-6
6.130600E+3	7.998990E-5	5.960500E-7
6.141300E+3	8.028790E-5	6.556550E-7
6.163200E+3	8.094360E-5	8.940730E-7
6.174500E+3	8.165880E-5	5.960510E-8
6.193900E+3	8.273170E-5	1.311310E-6
6.204900E+3	8.305950E-5	1.728540E-6
6.224600E+3	8.493710E-5	1.192100E-7
6.235100E+3	8.580140E-5	-2.384200E-7
6.247100E+3	8.586100E-5	4.172340E-7
6.268000E+3	8.648680E-5	-5.066430E-7
6.280100E+3	8.687420E-5	-7.748640E-7
6.290200E+3	8.729150E-5	-1.579530E-6
6.313400E+3	8.761930E-5	-2.145780E-6
6.322900E+3	8.750010E-5	-1.817950E-6
6.346800E+3	8.663580E-5	-2.622620E-6
6.355900E+3	8.574170E-5	-1.698740E-6
6.366900E+3	8.603980E-5	-1.221900E-6
6.386400E+3	8.609940E-5	5.960510E-8
6.407300E+3	8.502650E-5	-1.788150E-7
6.417100E+3	8.511590E-5	-1.788150E-7
6.428300E+3	8.577150E-5	-1.251700E-6
6.447700E+3	8.675500E-5	-2.533210E-6
6.460800E+3	8.791730E-5	-3.188860E-6
6.480100E+3	8.878160E-5	-2.175580E-6
6.491400E+3	8.964590E-5	-1.639140E-6
6.510900E+3	8.943720E-5	-8.046660E-7
6.522100E+3	8.940740E-5	-5.364450E-7
6.541800E+3	8.910940E-5	-8.046660E-7
6.552600E+3	8.758950E-5	-2.086180E-6
6.572700E+3	8.830470E-5	-2.384200E-6
6.582900E+3	8.854320E-5	-1.519930E-6
6.603500E+3	8.884120E-5	-1.072890E-6
6.613000E+3	8.875180E-5	-8.940730E-7
6.622700E+3	8.904980E-5	-9.536820E-7
6.646100E+3	8.863260E-5	1.192100E-7
6.655200E+3	8.818550E-5	1.043090E-6
6.676400E+3	8.890080E-5	1.698740E-6
6.685800E+3	9.015250E-5	1.609330E-6
6.709800E+3	9.188100E-5	1.370910E-6
6.719000E+3	9.140420E-5	1.937170E-6
6.740400E+3	9.042070E-5	2.443800E-6
6.749700E+3	9.059950E-5	2.503410E-6
6.761100E+3	9.071870E-5	2.115980E-6
6.780700E+3	8.961600E-5	1.609330E-6
6.792100E+3	8.997370E-5	1.013290E-6
6.811700E+3	9.131480E-5	8.940740E-8
6.822700E+3	9.188100E-5	2.980250E-8
6.842700E+3	9.295390E-5	3.874320E-7
6.853100E+3	9.313270E-5	3.278270E-7
6.875100E+3	9.346050E-5	3.874320E-7
6.886200E+3	9.381820E-5	7.450620E-7
6.905800E+3	9.447380E-5	-2.980250E-7
6.916400E+3	9.557650E-5	-3.874320E-7
6.928300E+3	9.605340E-5	-4.172340E-7
6.949400E+3	9.739450E-5	-1.400720E-6
6.961700E+3	9.733490E-5	-1.698740E-6
6.970800E+3	9.781170E-5	-1.668940E-6
6.994900E+3	9.903360E-5	-1.221900E-6
7.004200E+3	9.843750E-5	-4.172340E-7
7.027900E+3	9.819910E-5	-3.278270E-7
7.037000E+3	9.828850E-5	4.172340E-7
7.047900E+3	9.897400E-5	8.046660E-7
7.070300E+3	9.951040E-5	-2.384200E-7
7.080400E+3	1.000470E-4	-4.172340E-7
7.103700E+3	1.010010E-4	5.066430E-7
7.112900E+3	1.020140E-4	7.450620E-7
7.133800E+3	1.014480E-4	1.132500E-6
7.143700E+3	1.014480E-4	1.221900E-6
7.154900E+3	1.015670E-4	9.238760E-7
7.174600E+3	1.028480E-4	7.152590E-7
7.185500E+3	1.034440E-4	1.043090E-6
7.205400E+3	1.043680E-4	3.576300E-7
7.215900E+3	1.045170E-4	3.278270E-7
7.237800E+3	1.062460E-4	-1.102690E-6
7.249000E+3	1.064840E-4	-1.728540E-6
7.268600E+3	1.086600E-4	-2.026570E-6
7.279100E+3	1.099110E-4	-2.354400E-6
7.291100E+3	1.102690E-4	-2.354400E-6
7.312000E+3	1.112820E-4	-1.341110E-6
7.324200E+3	1.107760E-4	2.980250E-8
7.334400E+3	1.110140E-4	-3.278270E-7
7.357700E+3	1.128620E-4	-9.238760E-7
7.367300E+3	1.132190E-4	-9.238760E-7
7.391400E+3	1.138160E-4	-1.579530E-6
7.400600E+3	1.135180E-4	-1.758340E-6
7.411500E+3	1.134880E-4	-2.056370E-6
7.433900E+3	1.139050E-4	-3.129260E-6
7.444100E+3	1.150370E-4	-3.099460E-6
7.464400E+3	1.167660E-4	-8.344690E-7
7.475100E+3	1.172130E-4	-2.682230E-7
7.494900E+3	1.178690E-4	0.000000E+0
7.506000E+3	1.181070E-4	-6.258520E-7
7.525500E+3	1.178090E-4	-8.046660E-7
7.536800E+3	1.188220E-4	-8.344690E-7
7.556100E+3	1.198360E-4	-1.102690E-6
7.567300E+3	1.199250E-4	-1.758340E-6
7.586800E+3	1.207000E-4	-2.086180E-6
7.597600E+3	1.199850E-4	-1.877550E-6
7.617600E+3	1.201930E-4	-1.370910E-6
7.627900E+3	1.195970E-4	-8.940740E-8
7.648300E+3	1.186440E-4	-4.172340E-7
7.661000E+3	1.188820E-4	-9.834840E-7
7.670100E+3	1.189420E-4	-1.221900E-6
7.691400E+3	1.192990E-4	-1.788150E-6
7.700500E+3	1.192990E-4	-1.639140E-6
7.721800E+3	1.185540E-4	-2.145780E-6
7.731200E+3	1.188220E-4	-2.414000E-6
7.752000E+3	1.187330E-4	-6.556550E-7
7.761900E+3	1.195670E-4	0.000000E+0
7.782300E+3	1.196270E-4	1.341110E-6
7.792700E+3	1.196870E-4	1.251700E-6
7.812400E+3	1.171830E-4	1.788150E-6
7.822400E+3	1.163190E-4	1.430520E-6
7.845900E+3	1.147100E-4	2.384200E-7
7.856200E+3	1.139650E-4	-3.576300E-7
7.867300E+3	1.131000E-4	-1.311310E-6
7.889000E+3	1.096430E-4	-7.748640E-7
7.900200E+3	1.081530E-4	-1.221900E-6
7.921900E+3	1.046960E-4	-2.086170E-7
7.932900E+3	1.029380E-4	-4.768410E-7
7.945800E+3	1.013280E-4	-9.536820E-7
7.965300E+3	9.623220E-5	-2.980250E-7
7.976400E+3	9.363940E-5	7.748640E-7
7.996100E+3	8.961600E-5	9.834840E-7
8.006600E+3	8.755970E-5	6.258520E-7
8.026700E+3	8.407280E-5	-4.172340E-7
8.036700E+3	8.228470E-5	-7.450620E-7
8.057500E+3	7.739710E-5	-2.175580E-6
8.067000E+3	7.465530E-5	-2.205390E-6
8.088200E+3	6.991670E-5	-2.235190E-6
8.097400E+3	6.711530E-5	-1.579530E-6
8.107900E+3	6.449270E-5	-1.311310E-6
8.127900E+3	5.763790E-5	-1.192100E-7
8.149400E+3	5.117080E-5	3.576300E-7
8.158800E+3	4.777340E-5	1.549730E-6
8.170100E+3	4.413750E-5	1.549730E-6
8.191900E+3	3.814720E-5	1.579530E-6
8.202700E+3	3.588220E-5	1.788150E-6
8.222300E+3	3.099460E-5	1.668940E-6
8.233300E+3	2.867000E-5	1.043090E-6
8.252900E+3	2.443800E-5	-3.874320E-7
8.264200E+3	2.238170E-5	-5.662480E-7
8.273600E+3	2.017630E-5	-1.251700E-6
8.298500E+3	1.573570E-5	-1.877550E-6
8.309800E+3	1.409660E-5	-1.490120E-6
8.329400E+3	1.105670E-5	-1.370910E-6
8.340500E+3	9.507000E-6	-1.370910E-6
8.360300E+3	8.404310E-6	-8.940730E-7
8.370800E+3	7.689060E-6	-1.788150E-7
8.390900E+3	5.394250E-6	-8.940740E-8
8.400900E+3	3.993540E-6	-4.768410E-7
8.421600E+3	1.966970E-6	-1.281510E-6
8.431100E+3	1.013290E-6	-1.311310E-6
8.441100E+3	4.768410E-7	-1.400720E-6
8.464700E+3	-1.341110E-6	-1.490120E-6
8.473900E+3	-2.473610E-6	-1.668940E-6
8.498100E+3	-4.410770E-6	-1.788150E-6
8.507300E+3	-5.275040E-6	-1.013290E-6
8.518200E+3	-6.169110E-6	-1.192100E-7
8.538000E+3	-7.867870E-6	4.768410E-7
8.549200E+3	-9.179170E-6	7.450620E-7
8.571400E+3	-1.123550E-5	7.450620E-7
8.582000E+3	-1.260640E-5	7.748640E-7
8.601900E+3	-1.508000E-5	1.460320E-6
8.612900E+3	-1.639140E-5	1.490120E-6
8.623200E+3	-1.809010E-5	1.460320E-6
8.645500E+3	-2.229230E-5	3.874320E-7
8.656400E+3	-2.419960E-5	5.066430E-7
8.676500E+3	-2.792490E-5	2.980250E-8
8.686900E+3	-2.989180E-5	-1.788150E-7
8.707200E+3	-3.322980E-5	-5.662480E-7
8.717100E+3	-3.498820E-5	1.788150E-7
8.737900E+3	-3.910090E-5	8.642710E-7
8.747200E+3	-4.091880E-5	1.370910E-6
8.770700E+3	-4.550840E-5	2.831240E-6
8.781100E+3	-4.717730E-5	2.980250E-6
8.790500E+3	-4.875680E-5	2.592820E-6
8.814700E+3	-5.242250E-5	1.430520E-6
8.824300E+3	-5.435970E-5	1.221900E-6
8.848300E+3	-5.903860E-5	1.102690E-6
8.857500E+3	-6.082680E-5	1.311310E-6
8.879100E+3	-6.499930E-5	2.563010E-6
8.888400E+3	-6.738350E-5	2.324600E-6
8.899700E+3	-7.024450E-5	2.622620E-6
8.921400E+3	-7.340360E-5	2.563010E-6
8.932200E+3	-7.596660E-5	2.652420E-6
8.954600E+3	-8.043690E-5	3.337870E-6
8.964700E+3	-8.231450E-5	3.159060E-6
8.977800E+3	-8.431120E-5	2.473610E-6
8.997300E+3	-8.806630E-5	1.609330E-6
9.010300E+3	-8.943720E-5	1.519930E-6
9.021300E+3	-9.068890E-5	6.258520E-7
9.044200E+3	-9.381820E-5	1.966970E-6
9.054900E+3	-9.509970E-5	2.771630E-6
9.064000E+3	-9.587450E-5	3.248470E-6
9.088100E+3	-9.855670E-5	2.294790E-6
9.097200E+3	-1.001360E-4	2.026570E-6
9.118500E+3	-1.026990E-4	1.192100E-6
9.127600E+3	-1.032360E-4	1.341110E-6
9.148900E+3	-1.045170E-4	2.831240E-6
9.161000E+3	-1.053220E-4	2.771630E-6
9.182100E+3	-1.063950E-4	2.890840E-6
9.191100E+3	-1.071100E-4	3.010050E-6
9.212200E+3	-1.082130E-4	2.890840E-6
9.221200E+3	-1.086600E-4	3.069650E-6
9.232200E+3	-1.089880E-4	2.563010E-6
9.251600E+3	-1.091370E-4	1.341110E-6
9.272400E+3	-1.100310E-4	1.162300E-6
9.282200E+3	-1.094640E-4	1.370910E-6
9.295400E+3	-1.092260E-4	1.430520E-6
9.305800E+3	-1.091960E-4	1.132500E-6
9.328100E+3	-1.080040E-4	1.996770E-6
9.339300E+3	-1.084210E-4	2.592820E-6
9.361100E+3	-1.077360E-4	3.635900E-6
9.372300E+3	-1.078850E-4	4.053140E-6
9.392000E+3	-1.081230E-4	3.695500E-6
9.406100E+3	-1.079150E-4	3.367680E-6
9.415600E+3	-1.071990E-4	2.920640E-6
9.436800E+3	-1.066630E-4	3.516690E-6
9.446000E+3	-1.063050E-4	3.099460E-6
9.467300E+3	-1.065740E-4	3.129260E-6
9.476500E+3	-1.060370E-4	3.248470E-6
9.500600E+3	-1.038020E-4	3.099460E-6
9.509900E+3	-1.028780E-4	2.861040E-6
9.531100E+3	-1.031460E-4	3.606100E-6
9.540300E+3	-1.025200E-4	3.725300E-6
9.561600E+3	-1.019840E-4	3.844530E-6
9.570800E+3	-1.013880E-4	4.053140E-6
9.582000E+3	-1.011500E-4	3.874330E-6
9.604100E+3	-9.793090E-5	2.980250E-6
9.614700E+3	-9.715600E-5	2.443800E-6
9.634700E+3	-9.477190E-5	2.115980E-6
9.645800E+3	-9.465260E-5	2.622620E-6
9.665500E+3	-9.435460E-5	2.622620E-6
9.676700E+3	-9.384800E-5	2.294790E-6
9.696300E+3	-9.211940E-5	1.043090E-6
9.707500E+3	-9.125520E-5	1.460320E-6
9.727400E+3	-8.851340E-5	1.907360E-6
9.738300E+3	-8.666560E-5	2.861040E-6
9.750500E+3	-8.469870E-5	2.592820E-6
9.771300E+3	-8.079460E-5	3.427280E-6
9.780700E+3	-7.876800E-5	3.486890E-6
9.801900E+3	-7.736730E-5	2.831240E-6
9.811000E+3	-7.662220E-5	2.026570E-6
9.832300E+3	-7.438710E-5	8.940730E-7
9.841500E+3	-7.250950E-5	7.152590E-7
9.862800E+3	-6.976770E-5	2.086170E-7
9.875000E+3	-6.845640E-5	-8.940740E-8
9.896300E+3	-6.544640E-5	-2.086170E-7
9.905500E+3	-6.470130E-5	1.490130E-7
9.926900E+3	-6.175090E-5	1.102690E-6
9.936300E+3	-6.002210E-5	6.258520E-7
9.947600E+3	-5.936650E-5	7.152590E-7
9.967300E+3	-5.891940E-5	2.682230E-7
9.988000E+3	-5.778690E-5	1.221900E-6
9.998200E+3	-5.772730E-5	1.639140E-6
1.001150E+4	-5.629680E-5	1.013290E-6
1.003110E+4	-5.227350E-5	7.748640E-7
1.004230E+4	-5.152840E-5	8.642710E-7
1.006170E+4	-5.048540E-5	5.662480E-7
1.007290E+4	-4.920390E-5	6.258520E-7
1.009250E+4	-4.515080E-5	1.341110E-6
1.010340E+4	-4.440570E-5	1.549730E-6
1.012360E+4	-4.377980E-5	1.370910E-6
1.013410E+4	-4.339240E-5	2.086170E-7
1.015470E+4	-4.205130E-5	-7.748640E-7
1.016460E+4	-4.139570E-5	-4.768410E-7
1.018560E+4	-4.020360E-5	5.960510E-8
1.019490E+4	-3.954790E-5	0.000000E+0
1.021610E+4	-3.814720E-5	8.940740E-8
1.022530E+4	-3.749160E-5	-1.192100E-7
1.023600E+4	-3.597160E-5	-3.278270E-7
1.025570E+4	-3.463050E-5	-2.682230E-7
1.027690E+4	-3.418350E-5	-2.682230E-7
1.028640E+4	-3.448150E-5	-1.192100E-7
1.029670E+4	-3.451130E-5	-1.490130E-7
1.031730E+4	-3.349800E-5	-2.682230E-7
1.032850E+4	-3.269340E-5	-6.258520E-7
1.035010E+4	-3.278280E-5	-1.490130E-7
1.036140E+4	-3.239540E-5	5.066430E-7
1.038360E+4	-3.135230E-5	1.907360E-6
1.039430E+4	-3.036870E-5	1.311310E-6
1.040750E+4	-3.001110E-5	1.162300E-6
1.042720E+4	-2.893820E-5	1.490120E-6
1.043850E+4	-2.822290E-5	1.609330E-6
1.045830E+4	-2.723940E-5	6.556550E-7
1.046910E+4	-2.682220E-5	9.834840E-7
1.048930E+4	-2.563010E-5	1.698740E-6
1.049960E+4	-2.482550E-5	1.311310E-6
1.052040E+4	-2.560030E-5	2.264990E-6
1.053020E+4	-2.592810E-5	2.622620E-6
1.055130E+4	-2.670300E-5	2.264990E-6
1.056070E+4	-2.637520E-5	3.010050E-6
1.058200E+4	-2.563010E-5	2.294790E-6
1.059130E+4	-2.577910E-5	1.370910E-6
1.060210E+4	-2.542150E-5	1.132500E-6
1.062480E+4	-2.357380E-5	0.000000E+0
1.063500E+4	-2.333530E-5	-4.172340E-7
1.065540E+4	-2.288830E-5	5.066430E-7
1.066590E+4	-2.235190E-5	1.430520E-6
1.068590E+4	-2.071270E-5	1.877550E-6
1.069690E+4	-2.002730E-5	1.549730E-6
1.071650E+4	-2.047430E-5	1.698740E-6
1.072770E+4	-2.148760E-5	1.519930E-6
1.074730E+4	-2.259030E-5	5.960500E-7
1.075860E+4	-2.235190E-5	4.768410E-7
1.077830E+4	-2.136840E-5	2.384200E-7
1.078930E+4	-2.008690E-5	2.980250E-7
1.080950E+4	-1.880540E-5	1.788150E-7
1.082010E+4	-1.868620E-5	5.960500E-7
1.084060E+4	-1.791130E-5	5.066430E-7
1.085070E+4	-1.698740E-5	1.132500E-6
1.087070E+4	-1.609340E-5	3.874320E-7
1.088430E+4	-1.636160E-5	-4.470370E-7
1.089350E+4	-1.627220E-5	-5.960500E-7
1.091470E+4	-1.546750E-5	-1.192100E-6
1.092420E+4	-1.585500E-5	-1.192100E-6
1.094800E+4	-1.773250E-5	-1.609330E-6
1.095720E+4	-1.814970E-5	-1.609330E-6
1.097860E+4	-1.701720E-5	-1.490120E-6
1.098790E+4	-1.576550E-5	-7.748640E-7
1.100940E+4	-1.454360E-5	7.450620E-7
1.101910E+4	-1.442440E-5	0.000000E+0
1.103040E+4	-1.445420E-5	-1.072890E-6
1.105010E+4	-1.576550E-5	-1.192100E-6
1.106050E+4	-1.588480E-5	-8.344690E-7
1.108310E+4	-1.561650E-5	2.086170E-7
1.109440E+4	-1.502040E-5	1.430520E-6
1.110430E+4	-1.415620E-5	1.341110E-6
1.112740E+4	-1.314290E-5	-2.980250E-8
1.113800E+4	-1.358990E-5	0.000000E+0
1.115860E+4	-1.364950E-5	3.278270E-7
1.116860E+4	-1.314290E-5	-2.682230E-7
1.119140E+4	-1.215940E-5	-3.278270E-7
1.120220E+4	-1.221900E-5	-5.364450E-7
1.121440E+4	-1.207000E-5	-1.221900E-6
1.123540E+4	-1.209980E-5	-7.450620E-7
1.124480E+4	-1.248720E-5	-1.192100E-7
1.126830E+4	-1.180180E-5	1.788150E-7
1.127840E+4	-1.230840E-5	-5.364450E-7
1.128800E+4	-1.344090E-5	-1.341110E-6
1.131180E+4	-1.448400E-5	-1.460320E-6
1.132100E+4	-1.430520E-5	-1.847750E-6
1.134540E+4	-1.347070E-5	-2.771630E-6
1.135470E+4	-1.242760E-5	-3.188860E-6
1.136770E+4	-1.227860E-5	-2.920640E-6
1.138810E+4	-1.114610E-5	-2.682220E-6
1.140060E+4	-1.114610E-5	-2.294790E-6
1.141180E+4	-1.066930E-5	-1.311310E-6
1.143380E+4	-1.147400E-5	5.066430E-7
1.144460E+4	-1.099710E-5	7.152590E-7
1.146720E+4	-1.147400E-5	4.172340E-7
1.147740E+4	-1.144420E-5	4.470370E-7
1.148860E+4	-1.105670E-5	1.311310E-6
1.151040E+4	-9.059960E-6	3.874320E-7
1.152160E+4	-8.344710E-6	-2.086170E-7
1.153440E+4	-8.523520E-6	-1.579530E-6
1.155730E+4	-9.268580E-6	-2.175580E-6
1.156810E+4	-9.715620E-6	-1.728540E-6
1.158850E+4	-9.566600E-6	-5.066430E-7
1.159880E+4	-9.894430E-6	-3.874320E-7
1.160820E+4	-1.040110E-5	-2.086170E-7
1.163220E+4	-1.099710E-5	0.000000E+0
1.164140E+4	-1.075870E-5	5.960510E-8
1.166530E+4	-8.910950E-6	1.281510E-6
1.167480E+4	-8.016880E-6	1.251700E-6
1.168500E+4	-7.987080E-6	1.192100E-6
1.170840E+4	-8.463920E-6	1.400720E-6
1.171780E+4	-9.119570E-6	7.748640E-7
1.173190E+4	-9.805020E-6	-5.960510E-8
1.175160E+4	-1.102690E-5	-4.172340E-7
1.176480E+4	-1.072890E-5	-4.768410E-7
1.178480E+4	-9.298380E-6	-3.576300E-7
1.179590E+4	-9.000360E-6	-9.536820E-7
1.181570E+4	-8.642730E-6	-1.162300E-6
1.182710E+4	-8.523520E-6	-7.748640E-7
1.184700E+4	-7.241990E-6	-7.450620E-7
1.185830E+4	-6.705550E-6	-2.056370E-6
1.187820E+4	-7.212190E-6	-2.205390E-6
1.188920E+4	-7.957280E-6	-1.281510E-6
1.190830E+4	-7.778460E-6	0.000000E+0
1.191940E+4	-7.301600E-6	-1.192100E-7
1.193920E+4	-6.794960E-6	2.980250E-8
1.195000E+4	-7.092980E-6	5.960500E-7
1.195930E+4	-7.122780E-6	1.430520E-6
1.198360E+4	-6.556540E-6	1.192100E-6
1.199280E+4	-6.467130E-6	1.043090E-6
1.201690E+4	-7.122780E-6	6.556550E-7
1.202620E+4	-7.241990E-6	-5.662480E-7
1.203670E+4	-6.586340E-6	-1.162300E-6
1.205970E+4	-4.410770E-6	-1.728540E-6
1.206950E+4	-3.993540E-6	-1.281510E-6
1.209330E+4	-5.036620E-6	-1.966970E-6
1.210250E+4	-5.990300E-6	-1.221900E-6
1.211660E+4	-6.437330E-6	-1.192100E-7
1.213640E+4	-8.612930E-6	8.642710E-7
1.214770E+4	-9.119570E-6	1.043090E-6
1.216070E+4	-8.553320E-6	1.341110E-6
1.218080E+4	-7.003570E-6	3.278270E-7
1.219380E+4	-7.212190E-6	-3.576300E-7
1.221340E+4	-7.927480E-6	-1.132500E-6
1.222460E+4	-7.540020E-6	-5.066430E-7
1.224430E+4	-7.808270E-6	2.980250E-7
1.225510E+4	-8.195700E-6	1.132500E-6
1.227540E+4	-7.301600E-6	1.281510E-6
1.228580E+4	-7.689060E-6	9.536820E-7
1.229790E+4	-7.987080E-6	6.556550E-7
1.231920E+4	-8.255300E-6	-2.086170E-7
1.232850E+4	-8.374510E-6	-3.278270E-7
1.234980E+4	-8.285100E-6	-1.937170E-6
1.235910E+4	-8.583130E-6	-2.503410E-6
1.238050E+4	-8.195700E-6	-3.248470E-6
1.239030E+4	-8.016880E-6	-2.592820E-6
1.240350E+4	-8.225500E-6	-1.847750E-6
1.242680E+4	-7.152590E-6	-5.960500E-7
1.243660E+4	-6.854560E-6	-1.788150E-7
1.245750E+4	-6.794960E-6	-1.192100E-7
1.247000E+4	-7.480410E-6	2.086170E-7
1.248120E+4	-7.957280E-6	-8.940740E-8
1.250080E+4	-8.910950E-6	4.768410E-7
1.251390E+4	-8.404310E-6	1.192100E-6
1.253410E+4	-6.794960E-6	6.258520E-7
1.254500E+4	-5.900890E-6	7.152590E-7
1.256770E+4	-5.543260E-6	9.536820E-7
1.257890E+4	-6.020100E-6	8.642710E-7
1.258900E+4	-6.198910E-6	3.874320E-7
1.261160E+4	-6.020100E-6	-5.066430E-7
1.262260E+4	-6.020100E-6	-5.960510E-8
1.263490E+4	-6.437330E-6	2.980250E-7
1.265600E+4	-6.467130E-6	1.758340E-6
1.266850E+4	-7.003570E-6	2.354400E-6
1.267780E+4	-7.450610E-6	2.414000E-6
1.270200E+4	-6.377730E-6	1.728540E-6
1.271130E+4	-6.169110E-6	1.072890E-6
1.273510E+4	-5.126030E-6	1.937170E-6
1.274500E+4	-5.036620E-6	2.264990E-6
1.275490E+4	-4.917410E-6	3.039850E-6
1.277580E+4	-5.006820E-6	3.606100E-6
1.279730E+4	-4.351170E-6	3.904130E-6
1.280700E+4	-4.202160E-6	3.218670E-6
1.281740E+4	-3.576290E-6	2.622620E-6
1.284050E+4	-3.457080E-6	1.877550E-6
1.285160E+4	-3.606100E-6	1.430520E-6
1.287160E+4	-4.410770E-6	-1.192100E-7
1.288460E+4	-4.351170E-6	-4.172340E-7
1.289570E+4	-4.947210E-6	-7.450620E-7
1.291760E+4	-5.036620E-6	-1.192100E-7
1.292890E+4	-4.440580E-6	2.980250E-8
1.293860E+4	-4.738600E-6	1.013290E-6
1.296210E+4	-4.380970E-6	6.258520E-7
1.297240E+4	-3.665700E-6	-2.682230E-7
1.299510E+4	-3.159060E-6	-1.519930E-6
1.300620E+4	-3.576290E-6	-9.834840E-7
1.301860E+4	-3.010050E-6	-5.364450E-7
1.304000E+4	-1.221900E-6	6.258520E-7
1.305220E+4	-1.341110E-6	4.172340E-7
1.306210E+4	-1.639140E-6	5.066430E-7
1.308580E+4	-1.966970E-6	5.960510E-8
1.309510E+4	-2.264990E-6	-3.576300E-7
1.311920E+4	-3.278270E-6	-8.642710E-7
1.312850E+4	-3.993540E-6	-6.556550E-7
1.313910E+4	-4.261760E-6	-8.940740E-8
1.316220E+4	-5.245240E-6	-2.980250E-8
1.317210E+4	-4.619390E-6	1.490130E-7
1.319010E+4	-3.844530E-6	-5.066430E-7
1.320120E+4	-3.367680E-6	-7.450620E-7
1.321920E+4	-2.861040E-6	-5.066430E-7
1.322860E+4	-2.592820E-6	-3.278270E-7
1.324150E+4	-2.652420E-6	-8.940740E-8
1.325260E+4	-3.844530E-6	-8.940730E-7
1.325600E+4	-4.619390E-6	-9.834840E-7
1.325940E+4	-5.126030E-6	-1.072890E-6
1.326020E+4	-5.096230E-6	2.980250E-7
1.325990E+4	-4.828010E-6	2.384200E-7
1.325330E+4	-5.275040E-6	8.642710E-7
1.324860E+4	-5.245240E-6	1.043090E-6
1.323430E+4	-5.543260E-6	5.066430E-7
1.322480E+4	-6.854560E-6	5.066430E-7
1.320280E+4	-6.198910E-6	4.470370E-7
1.318930E+4	-5.334640E-6	1.788150E-7
1.317550E+4	-5.006820E-6	5.960510E-8
1.313950E+4	-7.540020E-6	8.940730E-7
1.312380E+4	-7.241990E-6	1.162300E-6
1.309480E+4	-5.126030E-6	1.400720E-6
1.307990E+4	-4.351170E-6	1.192100E-6
1.305270E+4	-4.768400E-6	2.086170E-7
1.303630E+4	-4.887610E-6	2.980250E-8
1.302480E+4	-4.529980E-6	3.874320E-7
1.300110E+4	-5.275040E-6	1.311310E-6
1.299140E+4	-5.602870E-6	1.192100E-6
1.296810E+4	-4.828010E-6	2.086180E-6
1.295920E+4	-4.500180E-6	2.145780E-6
1.293820E+4	-4.112750E-6	7.748640E-7
1.292880E+4	-4.112750E-6	4.768410E-7
1.292030E+4	-3.963740E-6	5.960500E-7
1.289740E+4	-4.202160E-6	1.192100E-6
1.288850E+4	-4.619390E-6	6.556550E-7
1.286740E+4	-5.006820E-6	5.662480E-7
1.285820E+4	-5.453850E-6	3.874320E-7
1.284410E+4	-5.960490E-6	5.960500E-7
1.282430E+4	-6.258520E-6	3.278270E-7
1.281300E+4	-6.735350E-6	0.000000E+0
1.279400E+4	-6.467130E-6	-1.907360E-6
1.278310E+4	-6.347920E-6	-1.341110E-6
1.276070E+4	-6.109510E-6	1.490120E-6
1.274970E+4	-6.020100E-6	1.788150E-6
1.273960E+4	-6.169110E-6	1.221900E-6
1.271720E+4	-5.841280E-6	7.748640E-7
1.270650E+4	-6.020100E-6	7.152590E-7
1.269430E+4	-6.377730E-6	7.748640E-7
1.267150E+4	-5.155830E-6	8.642710E-7
1.266110E+4	-4.708800E-6	7.748640E-7
1.264090E+4	-4.738600E-6	7.748640E-7
1.263080E+4	-4.977020E-6	7.748640E-7
1.261010E+4	-5.751880E-6	8.940730E-7
1.260070E+4	-5.424050E-6	5.662480E-7
1.257960E+4	-5.245240E-6	2.384200E-7
1.257050E+4	-4.947210E-6	8.940730E-7
1.254930E+4	-4.202160E-6	1.400720E-6
1.254020E+4	-4.410770E-6	9.834840E-7
1.251910E+4	-4.917410E-6	-8.940740E-8
1.250980E+4	-5.245240E-6	-9.834840E-7
1.248900E+4	-5.424050E-6	-1.460320E-6
1.247690E+4	-5.573060E-6	-1.728540E-6
1.246630E+4	-6.586340E-6	-2.026570E-6
1.244680E+4	-7.510210E-6	-2.414000E-6
1.243570E+4	-7.212190E-6	-1.639140E-6
1.241630E+4	-6.347920E-6	-9.238760E-7
1.240520E+4	-6.228710E-6	-5.960500E-7
1.238570E+4	-6.169110E-6	-4.768410E-7
1.237470E+4	-6.586340E-6	-2.086170E-7
1.235490E+4	-6.586340E-6	7.450620E-7
1.234430E+4	-6.258520E-6	7.450620E-7
1.232410E+4	-6.645950E-6	9.238760E-7
1.231380E+4	-7.152590E-6	6.556550E-7
1.229140E+4	-8.434120E-6	4.768410E-7
1.228050E+4	-8.642730E-6	1.043090E-6
1.226060E+4	-8.881150E-6	4.172340E-7
1.225020E+4	-8.642730E-6	2.980250E-7
1.224100E+4	-8.672530E-6	2.086170E-7
1.221980E+4	-9.208980E-6	0.000000E+0
1.221030E+4	-9.685810E-6	-4.172340E-7
1.218950E+4	-9.417590E-6	-6.854570E-7
1.217740E+4	-8.165890E-6	-8.344690E-7
1.216640E+4	-7.271800E-6	-2.384200E-7
1.214430E+4	-6.377730E-6	1.788150E-7
1.213400E+4	-6.675750E-6	5.364450E-7
1.211110E+4	-7.689060E-6	2.086170E-7
1.210060E+4	-8.642730E-6	-3.278270E-7
1.208100E+4	-9.208980E-6	-1.102690E-6
1.207000E+4	-9.507000E-6	-1.341110E-6
1.205070E+4	-9.119570E-6	-1.341110E-6
1.203950E+4	-8.940750E-6	-1.251700E-6
1.202010E+4	-7.927480E-6	-1.162300E-6
1.200880E+4	-8.195700E-6	-8.046660E-7
1.199950E+4	-8.404310E-6	-6.556550E-7
1.197820E+4	-9.030160E-6	-2.056370E-6
1.196600E+4	-9.149370E-6	-2.473610E-6
1.194520E+4	-9.000360E-6	-1.907360E-6
1.193580E+4	-9.149370E-6	-1.758340E-6
1.192370E+4	-8.642730E-6	-1.102690E-6
1.190260E+4	-8.523520E-6	-3.576300E-7
1.189330E+4	-8.225500E-6	7.450620E-7
1.186950E+4	-8.672530E-6	5.960500E-7
1.186040E+4	-8.076490E-6	4.172340E-7
1.183910E+4	-6.645950E-6	-3.576300E-7
1.182980E+4	-6.526740E-6	-2.980250E-7
1.180860E+4	-7.420810E-6	7.152590E-7
1.179900E+4	-7.271800E-6	7.450620E-7
1.178780E+4	-7.063180E-6	2.384200E-7
1.176550E+4	-7.092980E-6	4.470370E-7
1.175510E+4	-7.241990E-6	7.748640E-7
1.173560E+4	-8.285100E-6	1.579530E-6
1.172430E+4	-8.523520E-6	2.980250E-7
1.170460E+4	-8.344710E-6	-8.344690E-7
1.169350E+4	-8.136090E-6	-5.364450E-7
1.167120E+4	-8.821550E-6	-1.162300E-6
1.166030E+4	-9.298380E-6	-1.102690E-6
1.164050E+4	-9.059960E-6	-1.490120E-6
1.163000E+4	-8.851350E-6	-1.758340E-6
1.160990E+4	-8.434120E-6	-1.162300E-6
1.160000E+4	-8.761940E-6	-7.748640E-7
1.159060E+4	-9.149370E-6	-5.960500E-7
1.156990E+4	-9.179170E-6	-1.698740E-6
1.156070E+4	-9.357990E-6	-1.639140E-6
1.153960E+4	-1.052030E-5	-4.768410E-7
1.153030E+4	-1.102690E-5	2.086170E-7
1.150950E+4	-1.111630E-5	-5.364450E-7
1.149680E+4	-1.102690E-5	-9.536820E-7
1.147620E+4	-1.132490E-5	-8.046660E-7
1.146610E+4	-1.135470E-5	0.000000E+0
1.144600E+4	-1.195080E-5	1.400720E-6
1.143540E+4	-1.245740E-5	1.639140E-6
1.141560E+4	-1.314290E-5	1.549730E-6
1.140460E+4	-1.308330E-5	1.698740E-6
1.139170E+4	-1.233820E-5	1.698740E-6
1.137230E+4	-1.138450E-5	3.278270E-7
1.136150E+4	-1.075870E-5	-3.278270E-7
1.134130E+4	-1.031170E-5	-6.258520E-7
1.133090E+4	-1.034150E-5	-3.874320E-7
1.130850E+4	-1.108650E-5	5.960500E-7
1.129740E+4	-1.195080E-5	7.748640E-7
1.128830E+4	-1.275550E-5	7.152590E-7
1.126430E+4	-1.341110E-5	1.817950E-6
1.125490E+4	-1.329190E-5	1.966970E-6
1.124270E+4	-1.284490E-5	1.132500E-6
1.122160E+4	-1.230840E-5	6.556550E-7
1.120960E+4	-1.227860E-5	4.172340E-7
1.118860E+4	-1.245740E-5	2.980250E-8
1.117950E+4	-1.245740E-5	-3.874320E-7
1.115830E+4	-1.263620E-5	-6.556550E-7
1.114930E+4	-1.284490E-5	-5.066430E-7
1.112830E+4	-1.293430E-5	-2.980250E-8
1.111890E+4	-1.335150E-5	8.940740E-8
1.110600E+4	-1.409660E-5	-2.980250E-8
1.108610E+4	-1.445420E-5	-3.576300E-7
1.107520E+4	-1.430520E-5	-9.238760E-7
1.105270E+4	-1.502040E-5	-1.817950E-6
1.104160E+4	-1.448400E-5	-2.056370E-6
1.102860E+4	-1.373890E-5	-2.175580E-6
1.100870E+4	-1.454360E-5	-6.854570E-7
1.099560E+4	-1.508000E-5	2.086170E-7
1.098580E+4	-1.540790E-5	9.238760E-7
1.096310E+4	-1.537810E-5	1.937170E-6
1.095260E+4	-1.570590E-5	1.609330E-6
1.093250E+4	-1.794110E-5	-4.768410E-7
1.092260E+4	-1.889480E-5	-8.642710E-7
1.090210E+4	-1.898420E-5	1.788150E-7
1.088960E+4	-1.841800E-5	3.576300E-7
1.088060E+4	-1.880540E-5	1.341110E-6
1.085940E+4	-1.955040E-5	2.145780E-6
1.084740E+4	-2.002730E-5	2.115980E-6
1.082620E+4	-1.987830E-5	2.115980E-6
1.081710E+4	-1.943120E-5	1.996770E-6
1.079570E+4	-2.053390E-5	1.311310E-6
1.078660E+4	-2.115980E-5	1.430520E-6
1.076540E+4	-2.205380E-5	4.768410E-7
1.075590E+4	-2.121940E-5	1.192100E-6
1.074190E+4	-2.017630E-5	1.341110E-6
1.072240E+4	-1.889480E-5	1.788150E-6
1.071210E+4	-1.946100E-5	2.026570E-6
1.069250E+4	-1.963980E-5	1.996770E-6
1.067850E+4	-1.996770E-5	2.294790E-6
1.066840E+4	-2.047430E-5	2.324600E-6
1.064570E+4	-1.996770E-5	2.801430E-6
1.063490E+4	-1.961000E-5	2.115980E-6
1.061290E+4	-1.928220E-5	8.642710E-7
1.060170E+4	-2.023590E-5	1.788150E-6
1.059250E+4	-2.187500E-5	1.907360E-6
1.056940E+4	-2.345450E-5	1.639140E-6
1.055950E+4	-2.366320E-5	7.152590E-7
1.053890E+4	-2.449760E-5	9.238760E-7
1.052650E+4	-2.449760E-5	9.238760E-7
1.051740E+4	-2.533210E-5	1.847750E-6
1.049320E+4	-2.661360E-5	4.291560E-6
1.048400E+4	-2.694140E-5	4.917410E-6
1.046280E+4	-2.679240E-5	3.516690E-6
1.045310E+4	-2.712020E-5	2.294790E-6
1.043220E+4	-2.783550E-5	5.662480E-7
1.042200E+4	-2.864010E-5	1.013290E-6
1.040160E+4	-2.819310E-5	4.172340E-7
1.039110E+4	-2.825270E-5	-3.576300E-7
1.038040E+4	-2.858050E-5	-6.854570E-7
1.035870E+4	-2.965340E-5	-1.132500E-6
1.034760E+4	-3.036870E-5	-5.960500E-7
1.032820E+4	-3.090520E-5	-1.788150E-6
1.031730E+4	-3.078600E-5	-2.920640E-6
1.029740E+4	-3.212710E-5	-3.725300E-6
1.028690E+4	-3.287220E-5	-2.682220E-6
1.026480E+4	-3.531600E-5	-9.536820E-7
1.025370E+4	-3.564380E-5	-8.940740E-8
1.023410E+4	-3.626970E-5	1.281510E-6
1.022350E+4	-3.635910E-5	1.639140E-6
1.021440E+4	-3.671670E-5	9.536820E-7
1.019330E+4	-3.728290E-5	3.874320E-7
1.018400E+4	-3.823660E-5	3.278270E-7
1.016310E+4	-3.993530E-5	-2.980250E-8
1.015320E+4	-4.044200E-5	1.490130E-7
1.012980E+4	-4.142550E-5	3.278270E-7
1.012060E+4	-4.246850E-5	0.000000E+0
1.009980E+4	-4.327320E-5	8.940730E-7
1.009020E+4	-4.422690E-5	1.132500E-6
1.006970E+4	-4.494210E-5	2.980250E-8
1.005750E+4	-4.541900E-5	3.278270E-7
1.004650E+4	-4.595540E-5	5.364450E-7
1.002700E+4	-4.613420E-5	3.278270E-7
1.001570E+4	-4.750510E-5	3.278270E-7
9.996100E+3	-5.015750E-5	7.450620E-7
9.984900E+3	-5.102180E-5	9.238760E-7
9.965300E+3	-5.245230E-5	2.145780E-6
9.954300E+3	-5.352520E-5	2.861040E-6
9.934500E+3	-5.725050E-5	3.665700E-6
9.924100E+3	-5.921740E-5	4.857810E-6
9.902200E+3	-6.273440E-5	4.708800E-6
9.891200E+3	-6.362840E-5	4.231960E-6
9.871500E+3	-6.544640E-5	2.026570E-6
9.860900E+3	-6.595300E-5	8.344690E-7
9.851900E+3	-6.634040E-5	-2.682230E-7
9.830800E+3	-6.777090E-5	-6.556550E-7
9.821500E+3	-6.872460E-5	-1.311310E-6
9.797800E+3	-7.215190E-5	-8.344690E-7
9.788700E+3	-7.382080E-5	-6.258520E-7
9.767400E+3	-7.584740E-5	7.450620E-7
9.758300E+3	-7.703950E-5	1.162300E-6
9.737300E+3	-7.948330E-5	1.966970E-6
9.727800E+3	-8.153960E-5	2.414000E-6
9.707300E+3	-8.559270E-5	3.397480E-6
9.697200E+3	-8.699340E-5	3.188860E-6
9.686100E+3	-8.782790E-5	2.294790E-6
9.663800E+3	-8.979490E-5	3.308070E-6
9.653400E+3	-9.059950E-5	3.546490E-6
9.634000E+3	-9.104660E-5	4.053140E-6
9.622800E+3	-9.262610E-5	4.410770E-6
9.603100E+3	-9.605340E-5	4.440580E-6
9.592200E+3	-9.697720E-5	4.112750E-6
9.572100E+3	-9.924220E-5	3.218670E-6
9.561700E+3	-1.002550E-4	2.384200E-6
9.541300E+3	-1.014770E-4	2.175580E-6
9.531500E+3	-1.018950E-4	1.966970E-6
9.510900E+3	-1.033550E-4	2.145780E-6
9.501700E+3	-1.039510E-4	2.622620E-6
9.477600E+3	-1.062760E-4	2.861040E-6
9.468400E+3	-1.072290E-4	2.473610E-6
9.456200E+3	-1.068120E-4	1.579530E-6
9.445000E+3	-1.073190E-4	1.639140E-6
9.423200E+3	-1.087190E-4	2.086170E-7
9.412600E+3	-1.096730E-4	8.046660E-7
9.390000E+3	-1.090770E-4	1.490120E-6
9.380000E+3	-1.090470E-4	1.221900E-6
9.368800E+3	-1.099710E-4	3.576300E-7
9.347100E+3	-1.107760E-4	-1.043090E-6
9.335900E+3	-1.111040E-4	-3.874320E-7
9.313800E+3	-1.123550E-4	9.536820E-7
9.303200E+3	-1.125040E-4	8.940730E-7
9.289600E+3	-1.135470E-4	1.847750E-6
9.269700E+3	-1.136370E-4	2.324600E-6
9.259700E+3	-1.139350E-4	1.668940E-6
9.237500E+3	-1.147990E-4	1.281510E-6
9.226600E+3	-1.147390E-4	1.579530E-6
9.206800E+3	-1.145310E-4	1.490120E-6
9.196300E+3	-1.132790E-4	1.400720E-6
9.176000E+3	-1.116700E-4	7.152590E-7
9.166000E+3	-1.114310E-4	4.470370E-7
9.156500E+3	-1.107460E-4	5.960510E-8
9.132500E+3	-1.100600E-4	5.066430E-7
9.123400E+3	-1.091660E-4	1.013290E-6
9.110800E+3	-1.076170E-4	1.430520E-6
9.090200E+3	-1.058580E-4	1.758340E-6
9.080000E+3	-1.051730E-4	2.592820E-6
9.059800E+3	-1.028180E-4	2.294790E-6
9.049100E+3	-1.024610E-4	2.443800E-6
9.029300E+3	-1.012990E-4	2.622620E-6
9.018100E+3	-1.010010E-4	2.324600E-6
8.998500E+3	-9.778190E-5	1.132500E-6
8.987300E+3	-9.667920E-5	1.698740E-6
8.965700E+3	-9.214920E-5	1.549730E-6
8.954800E+3	-9.074850E-5	1.728540E-6
8.935300E+3	-8.744050E-5	1.281510E-6
8.924000E+3	-8.648680E-5	9.238760E-7
8.904500E+3	-8.299990E-5	3.874320E-7
8.893300E+3	-8.019850E-5	2.980250E-8
8.873900E+3	-7.569840E-5	2.980250E-8
8.862800E+3	-7.465530E-5	-2.086170E-7
8.842900E+3	-7.236050E-5	-1.400720E-6
8.832400E+3	-7.033390E-5	-1.579530E-6
8.823300E+3	-6.905240E-5	-1.311310E-6
8.801900E+3	-6.526760E-5	-8.046660E-7
8.792300E+3	-6.249590E-5	-1.341110E-6
8.768600E+3	-5.859160E-5	-1.311310E-6
8.759600E+3	-5.638620E-5	-1.132500E-6
8.738300E+3	-5.206490E-5	-8.940740E-8
8.729100E+3	-5.006810E-5	3.576300E-7
8.708300E+3	-4.604480E-5	1.788150E-7
8.698600E+3	-4.383940E-5	2.384200E-7
8.678300E+3	-4.005460E-5	9.238760E-7
8.668100E+3	-3.808760E-5	5.960500E-7
8.655000E+3	-3.641870E-5	6.854570E-7
8.635600E+3	-3.176950E-5	3.576300E-7
8.622600E+3	-2.977260E-5	1.788150E-7
8.602800E+3	-2.452740E-5	2.980250E-7
8.591700E+3	-2.253070E-5	1.490130E-7
8.581400E+3	-2.071270E-5	-1.192100E-7
8.560800E+3	-1.826890E-5	9.536820E-7
8.550900E+3	-1.710660E-5	2.205390E-6
8.528000E+3	-1.475220E-5	1.788150E-6
8.517500E+3	-1.305350E-5	1.132500E-6
8.497300E+3	-1.001360E-5	6.258520E-7
8.487400E+3	-9.179170E-6	2.086170E-7
8.467000E+3	-6.854560E-6	-3.874320E-7
8.457600E+3	-5.483660E-6	-4.172340E-7
8.436500E+3	-3.695500E-6	-3.576300E-7
8.427500E+3	-2.801430E-6	-3.874320E-7
8.403700E+3	-6.556550E-7	0.000000E+0
8.394100E+3	-2.980250E-7	-5.066430E-7
8.384400E+3	-1.788150E-7	-9.238760E-7
8.363900E+3	8.642710E-7	-1.221900E-6
8.353600E+3	1.400720E-6	-8.344690E-7
8.333600E+3	3.278270E-6	0.000000E+0
8.323000E+3	3.963740E-6	2.682230E-7
8.303500E+3	5.543260E-6	8.642710E-7
8.292400E+3	6.645950E-6	7.748640E-7
8.273000E+3	1.105670E-5	1.430520E-6
8.259900E+3	1.296410E-5	1.013290E-6
8.240200E+3	1.600400E-5	7.152590E-7
8.229100E+3	1.791130E-5	7.450620E-7
8.209500E+3	2.196440E-5	4.768410E-7
8.198200E+3	2.479560E-5	5.364450E-7
8.188600E+3	2.717980E-5	2.086170E-7
8.167500E+3	3.257420E-5	1.490130E-7
8.155000E+3	3.483910E-5	-1.788150E-7
8.134600E+3	3.898170E-5	3.278270E-7
8.121700E+3	4.106780E-5	8.940740E-8
8.102000E+3	4.676010E-5	-1.192100E-7
8.091300E+3	5.051520E-5	5.960510E-8
8.082200E+3	5.435970E-5	1.490130E-7
8.058300E+3	6.076720E-5	5.960510E-8
8.049100E+3	6.446290E-5	-4.172340E-7
8.038800E+3	6.747290E-5	-9.834840E-7
8.015800E+3	7.462550E-5	-8.940730E-7
8.005300E+3	7.748650E-5	-1.013290E-6
7.985400E+3	8.279130E-5	-2.086170E-7
7.974100E+3	8.630800E-5	1.490130E-7
7.954500E+3	9.295390E-5	9.536820E-7
7.943300E+3	9.548710E-5	1.311310E-6
7.921400E+3	9.951040E-5	2.831240E-6
7.910600E+3	1.010900E-4	2.741830E-6
7.900200E+3	1.030570E-4	2.473610E-6
7.878100E+3	1.059180E-4	2.115980E-6
7.867000E+3	1.072890E-4	1.877550E-6
7.847400E+3	1.096430E-4	9.238760E-7
7.836800E+3	1.108950E-4	1.192100E-6
7.816500E+3	1.143820E-4	1.221900E-6
7.806400E+3	1.152160E-4	1.281510E-6
7.785800E+3	1.167360E-4	2.801430E-6
7.773200E+3	1.173620E-4	2.443800E-6
7.764200E+3	1.178980E-4	1.579530E-6
7.740300E+3	1.182860E-4	1.221900E-6
7.731000E+3	1.182560E-4	1.668940E-6
7.709900E+3	1.187630E-4	2.145780E-6
7.700800E+3	1.196870E-4	2.175580E-6
7.687400E+3	1.203420E-4	2.831240E-6
7.664500E+3	1.210870E-4	1.907360E-6
7.654900E+3	1.207000E-4	9.238760E-7
7.634200E+3	1.198650E-4	-5.960500E-7
7.624000E+3	1.203720E-4	-9.834840E-7
7.603800E+3	1.214750E-4	3.278270E-7
7.593200E+3	1.225780E-4	3.278270E-7
7.573600E+3	1.243060E-4	1.490130E-7
7.563400E+3	1.236810E-4	-2.086170E-7
7.543200E+3	1.218920E-4	-3.874320E-7
7.532600E+3	1.213560E-4	-6.556550E-7
7.518900E+3	1.216830E-4	-9.536820E-7
7.499000E+3	1.201930E-4	-7.450620E-7
7.486000E+3	1.191500E-4	2.682230E-7
7.476800E+3	1.180180E-4	9.536820E-7
7.453600E+3	1.175410E-4	1.579530E-6
7.443500E+3	1.173320E-4	2.324600E-6
7.423000E+3	1.173320E-4	2.205390E-6
7.410400E+3	1.173920E-4	1.788150E-6
7.401300E+3	1.171530E-4	2.145780E-6
7.380000E+3	1.173320E-4	2.115980E-6
7.370900E+3	1.164680E-4	2.503410E-6
7.346700E+3	1.158420E-4	2.324600E-6
7.337600E+3	1.148590E-4	2.652420E-6
7.316300E+3	1.140840E-4	1.192100E-6
7.307200E+3	1.140240E-4	7.152590E-7
7.296100E+3	1.136670E-4	5.066430E-7
7.273900E+3	1.134280E-4	4.768410E-7
7.263600E+3	1.131300E-4	-2.682230E-7
7.243700E+3	1.117000E-4	-6.854570E-7
7.232800E+3	1.106270E-4	-3.576300E-7
7.213500E+3	1.091070E-4	-8.940740E-8
7.202300E+3	1.087490E-4	0.000000E+0
7.182700E+3	1.080040E-4	8.642710E-7
7.171400E+3	1.082130E-4	8.642710E-7
7.152000E+3	1.066630E-4	1.162300E-6
7.138800E+3	1.063350E-4	8.642710E-7
7.128700E+3	1.053810E-4	8.642710E-7
7.106200E+3	1.043090E-4	1.043090E-6
7.095400E+3	1.038910E-4	9.238760E-7
7.075200E+3	1.038020E-4	1.162300E-6
7.064800E+3	1.043680E-4	5.066430E-7
7.044400E+3	1.038620E-4	2.980250E-7
7.034600E+3	1.022820E-4	1.043090E-6
7.013600E+3	1.009110E-4	1.907360E-6
7.004300E+3	1.009410E-4	9.834840E-7
6.983100E+3	1.005540E-4	-1.996770E-6
6.974200E+3	1.003150E-4	-1.966970E-6
6.952900E+3	1.005830E-4	-1.072890E-6
6.943700E+3	9.998730E-5	-1.788150E-7
6.922500E+3	9.852690E-5	5.364450E-7
6.913100E+3	9.805010E-5	5.960500E-7
6.892300E+3	9.730500E-5	7.748640E-7
6.882300E+3	9.712620E-5	9.238760E-7
6.862000E+3	9.748390E-5	6.258520E-7
6.851600E+3	9.709640E-5	1.788150E-7
6.831700E+3	9.492090E-5	1.460320E-6
6.820700E+3	9.417580E-5	1.102690E-6
6.801300E+3	9.125520E-5	5.662480E-7
6.790000E+3	9.125520E-5	6.556550E-7
6.780300E+3	9.089750E-5	8.940730E-7
6.757700E+3	9.113600E-5	6.556550E-7
6.747200E+3	9.167240E-5	4.470370E-7
6.727100E+3	9.152340E-5	2.384200E-7
6.717200E+3	9.152340E-5	8.046660E-7
6.696500E+3	9.289430E-5	2.503410E-6
6.687000E+3	9.298370E-5	3.188860E-6
6.665800E+3	9.247710E-5	2.682220E-6
6.656600E+3	9.182140E-5	2.264990E-6
6.646100E+3	9.128500E-5	2.175580E-6
6.623200E+3	9.080810E-5	1.609330E-6
6.611100E+3	9.015250E-5	1.549730E-6
6.590000E+3	8.899020E-5	1.370910E-6
6.580800E+3	8.943720E-5	1.758340E-6
6.567900E+3	8.967570E-5	1.341110E-6
6.544500E+3	8.919880E-5	9.238760E-7
6.535400E+3	8.967570E-5	1.937170E-6
6.514400E+3	8.973530E-5	1.639140E-6
6.504600E+3	8.967570E-5	1.192100E-6
6.493400E+3	8.973530E-5	7.748640E-7
6.471900E+3	8.934780E-5	5.364450E-7
6.460600E+3	8.958620E-5	8.046660E-7
6.441300E+3	9.015250E-5	1.370910E-6
6.430000E+3	8.985450E-5	1.072890E-6
6.410500E+3	8.988430E-5	1.430520E-6
6.399400E+3	8.940740E-5	1.430520E-6
6.379600E+3	8.902000E-5	8.940730E-7
6.368900E+3	8.884120E-5	7.152590E-7
6.348700E+3	8.785770E-5	1.192100E-7
6.335300E+3	8.770870E-5	1.490130E-7
6.314900E+3	8.690400E-5	5.364450E-7
6.304900E+3	8.684440E-5	6.258520E-7
6.285000E+3	8.735110E-5	0.000000E+0
6.274600E+3	8.750010E-5	-1.788150E-7
6.262400E+3	8.764910E-5	9.238760E-7
6.241000E+3	8.830470E-5	2.264990E-6
6.231700E+3	8.842400E-5	2.115980E-6
6.210800E+3	8.818550E-5	1.966970E-6
6.201000E+3	8.818550E-5	2.264990E-6
6.180400E+3	8.738090E-5	1.221900E-6
6.171100E+3	8.708290E-5	-1.788150E-7
6.150200E+3	8.559270E-5	-9.834840E-7
6.140500E+3	8.496690E-5	-1.281510E-6
6.129200E+3	8.454970E-5	-1.668940E-6
6.106900E+3	8.428140E-5	-1.013290E-6
6.095700E+3	8.377480E-5	-3.278270E-7
6.074300E+3	8.311910E-5	7.748640E-7
6.063100E+3	8.225490E-5	1.281510E-6
6.053600E+3	8.097340E-5	1.758340E-6
6.030800E+3	7.769510E-5	3.874320E-7
6.020500E+3	7.703950E-5	2.980250E-8
6.000100E+3	7.492350E-5	-8.046660E-7
5.987200E+3	7.441690E-5	-4.768410E-7
5.978100E+3	7.361220E-5	-8.940740E-8
5.954400E+3	7.262870E-5	-2.086170E-7
5.944800E+3	7.185390E-5	-8.940740E-8
5.923700E+3	6.991670E-5	-8.344690E-7
5.914600E+3	6.893320E-5	-8.046660E-7
5.893300E+3	6.631060E-5	-4.768410E-7
5.884200E+3	6.446290E-5	-2.384200E-7
5.862600E+3	5.960490E-5	5.066430E-7
5.850600E+3	5.745910E-5	6.258520E-7
5.840400E+3	5.593920E-5	1.013290E-6
5.819900E+3	5.161790E-5	1.281510E-6
5.809300E+3	5.033640E-5	1.013290E-6
5.789500E+3	4.717730E-5	0.000000E+0
5.778500E+3	4.565740E-5	-1.192100E-7
5.759200E+3	4.318380E-5	8.940740E-8
5.748000E+3	4.115720E-5	5.960500E-7
5.725700E+3	3.773000E-5	1.043090E-6
5.714400E+3	3.653790E-5	7.450620E-7
5.694900E+3	3.281260E-5	-5.662480E-7
5.683700E+3	3.117350E-5	-5.364450E-7
5.663800E+3	2.765670E-5	-8.940740E-8
5.653100E+3	2.565990E-5	-5.960510E-8
5.644000E+3	2.402080E-5	-5.960510E-8
5.622800E+3	2.083190E-5	1.013290E-6
5.603100E+3	1.806030E-5	6.258520E-7
5.592500E+3	1.707680E-5	3.278270E-7
5.583400E+3	1.600400E-5	-2.980250E-7
5.562400E+3	1.245740E-5	-1.192100E-6
5.553100E+3	1.144420E-5	-1.579530E-6
5.532200E+3	8.910950E-6	-1.996770E-6
5.522400E+3	7.480410E-6	-2.235190E-6
5.502100E+3	4.112750E-6	-1.758340E-6
5.491600E+3	3.099460E-6	-1.490120E-6
5.471700E+3	1.013290E-6	-1.102690E-6
5.460700E+3	-2.086170E-7	-8.344690E-7
5.441100E+3	-2.622620E-6	1.311310E-6
5.428000E+3	-3.188860E-6	1.460320E-6
5.416800E+3	-3.576290E-6	1.907360E-6
5.394100E+3	-4.798200E-6	1.192100E-6
5.383300E+3	-5.602870E-6	1.013290E-6
5.363400E+3	-6.705550E-6	5.364450E-7
5.353000E+3	-6.824760E-6	1.043090E-6
5.331000E+3	-6.735350E-6	1.907360E-6
5.319800E+3	-7.271800E-6	1.937170E-6
5.310800E+3	-7.778460E-6	1.341110E-6
5.286900E+3	-9.387790E-6	1.311310E-6
5.277400E+3	-9.834820E-6	1.609330E-6
5.256200E+3	-1.171240E-5	1.311310E-6
5.247100E+3	-1.248720E-5	1.192100E-6
5.225900E+3	-1.320250E-5	1.788150E-6
5.216900E+3	-1.308330E-5	1.847750E-6
5.195700E+3	-1.326210E-5	1.221900E-6
5.183800E+3	-1.320250E-5	1.072890E-6
5.173600E+3	-1.367930E-5	9.238760E-7
5.150500E+3	-1.397730E-5	6.556550E-7
5.141200E+3	-1.448400E-5	6.258520E-7
5.129800E+3	-1.430520E-5	8.642710E-7
5.108200E+3	-1.317270E-5	7.450620E-7
5.097300E+3	-1.296410E-5	1.043090E-6
5.077700E+3	-1.382830E-5	1.877550E-6
5.066300E+3	-1.427540E-5	2.145780E-6
5.044500E+3	-1.403700E-5	1.043090E-6
5.033800E+3	-1.505020E-5	5.960500E-7
5.023300E+3	-1.552710E-5	-5.960510E-8
5.000300E+3	-1.299390E-5	-6.258520E-7
4.990000E+3	-1.204020E-5	-2.980250E-7
4.967900E+3	-1.180180E-5	3.278270E-7
4.956900E+3	-1.174220E-5	1.490130E-7
4.937000E+3	-1.278530E-5	-1.072890E-6
4.926500E+3	-1.248720E-5	-1.579530E-6
4.917400E+3	-1.192100E-5	-1.639140E-6
4.893300E+3	-1.186140E-5	-6.556550E-7
4.884200E+3	-1.254680E-5	-3.576300E-7
4.862800E+3	-1.227860E-5	4.768410E-7
4.850700E+3	-1.236800E-5	-5.066430E-7
4.840900E+3	-1.299390E-5	-1.162300E-6
4.820200E+3	-1.233820E-5	-1.817950E-6
4.809800E+3	-1.180180E-5	-1.817950E-6
4.789500E+3	-1.260640E-5	-1.102690E-6
4.778700E+3	-1.233820E-5	-1.251700E-6
4.756200E+3	-1.099710E-5	-7.450620E-7
4.746200E+3	-1.192100E-5	3.874320E-7
4.732900E+3	-1.287470E-5	1.192100E-6
4.713300E+3	-1.406680E-5	5.960500E-7
4.702000E+3	-1.418600E-5	4.172340E-7
4.682500E+3	-1.433500E-5	1.788150E-7
4.671100E+3	-1.421580E-5	-1.788150E-7
4.651600E+3	-1.406680E-5	-3.874320E-7
4.640500E+3	-1.314290E-5	-9.834840E-7
4.620700E+3	-1.314290E-5	1.788150E-7
4.610300E+3	-1.317270E-5	7.450620E-7
4.589900E+3	-1.257660E-5	8.940730E-7
4.580000E+3	-1.242760E-5	1.221900E-6
4.559200E+3	-1.007320E-5	1.102690E-6
4.549800E+3	-9.417590E-6	1.102690E-6
4.528700E+3	-9.983840E-6	1.877550E-6
4.519600E+3	-1.034150E-5	1.937170E-6
4.509100E+3	-1.028190E-5	1.579530E-6
4.486100E+3	-9.745420E-6	1.490130E-7
4.476400E+3	-9.715620E-6	-3.874320E-7
4.455800E+3	-1.108650E-5	-2.264990E-6
4.445600E+3	-1.126530E-5	-1.758340E-6
4.422400E+3	-1.123550E-5	-9.238760E-7
4.413000E+3	-1.108650E-5	1.192100E-7
4.399900E+3	-1.120570E-5	5.364450E-7
4.380000E+3	-1.245740E-5	-3.874320E-7
4.366100E+3	-1.257660E-5	-8.046660E-7
4.355600E+3	-1.245740E-5	-4.470370E-7
4.333600E+3	-1.215940E-5	8.940740E-8
4.322500E+3	-1.266600E-5	6.258520E-7
4.302600E+3	-1.150380E-5	2.086170E-7
4.291900E+3	-1.126530E-5	-9.536820E-7
4.271800E+3	-9.983840E-6	-1.698740E-6
4.261600E+3	-9.745420E-6	-1.728540E-6
4.239300E+3	-8.016880E-6	-9.238760E-7
4.228400E+3	-7.778460E-6	-5.364450E-7
4.208700E+3	-7.063180E-6	4.172340E-7
4.198400E+3	-7.301600E-6	-1.192100E-7
4.186500E+3	-7.391010E-6	-1.788150E-7
4.165400E+3	-7.450610E-6	1.072890E-6
4.153200E+3	-7.420810E-6	1.102690E-6
4.143000E+3	-7.122780E-6	4.470370E-7
4.122900E+3	-5.811480E-6	3.278270E-7
4.112100E+3	-5.453850E-6	-2.682230E-7
4.101600E+3	-5.960490E-6	-3.874320E-7
4.077500E+3	-6.943970E-6	-2.682230E-7
4.066500E+3	-7.599620E-6	-7.748640E-7
4.047300E+3	-7.361200E-6	-5.066430E-7
4.036100E+3	-6.586340E-6	8.940740E-8
4.014300E+3	-5.990300E-6	-8.046660E-7
4.003600E+3	-6.705550E-6	-1.728540E-6
3.990100E+3	-7.063180E-6	-2.503410E-6
3.971100E+3	-7.808270E-6	-2.026570E-6
3.956900E+3	-7.748660E-6	-8.344690E-7
3.937300E+3	-7.241990E-6	-1.490130E-7
3.926300E+3	-7.092980E-6	-8.940740E-8
3.906400E+3	-6.049900E-6	-8.344690E-7
3.895900E+3	-5.751880E-6	-1.132500E-6
3.876600E+3	-6.645950E-6	-9.834840E-7
3.865500E+3	-7.212190E-6	-1.162300E-6
3.856400E+3	-7.718860E-6	-1.668940E-6
3.832100E+3	-7.629450E-6	-2.950440E-6
3.823000E+3	-7.629450E-6	-3.486890E-6
3.801800E+3	-7.510210E-6	-3.218670E-6
3.792600E+3	-7.122780E-6	-3.695500E-6
3.771800E+3	-8.493720E-6	-3.784910E-6
3.759600E+3	-8.374510E-6	-3.486890E-6
3.748600E+3	-7.927480E-6	-1.639140E-6
3.728800E+3	-7.540020E-6	-1.490130E-7
3.717500E+3	-7.927480E-6	4.172340E-7
3.697700E+3	-7.987080E-6	1.043090E-6
3.686300E+3	-7.867870E-6	5.066430E-7
3.664600E+3	-6.526740E-6	-2.980250E-8
3.653400E+3	-6.347920E-6	2.682230E-7
3.640400E+3	-6.586340E-6	7.748640E-7
3.621000E+3	-6.526740E-6	2.086170E-7
3.607800E+3	-5.871090E-6	-2.980250E-8
3.598000E+3	-4.798200E-6	-2.384200E-7
3.575300E+3	-4.619390E-6	3.874320E-7
3.564600E+3	-4.708800E-6	-6.258520E-7
3.542700E+3	-5.483660E-6	-1.072890E-6
3.531300E+3	-5.662470E-6	-2.682230E-7
3.522300E+3	-5.841280E-6	2.980250E-7
3.497900E+3	-6.258520E-6	6.258520E-7
3.488800E+3	-5.692270E-6	3.874320E-7
3.464900E+3	-5.483660E-6	-1.013290E-6
3.455300E+3	-5.871090E-6	-1.937170E-6
3.443200E+3	-5.811480E-6	-2.086180E-6
3.443200E+3	-5.811480E-6	-2.086180E-6
3.410000E+3	-5.811480E-6	-9.238760E-7
3.400000E+3	-6.258520E-6	-4.768410E-7
3.379900E+3	-6.794960E-6	-1.102690E-6
3.369300E+3	-6.735350E-6	-1.817950E-6
3.349700E+3	-7.361200E-6	-2.235190E-6
3.338500E+3	-7.659260E-6	-1.996770E-6
3.319200E+3	-7.122780E-6	-5.662480E-7
3.307700E+3	-6.735350E-6	-2.980250E-8
3.287800E+3	-6.169110E-6	1.043090E-6
3.276400E+3	-5.483660E-6	9.834840E-7
3.256500E+3	-4.917410E-6	-3.278270E-7
3.245600E+3	-4.857810E-6	-4.172340E-7
3.223700E+3	-5.006820E-6	-9.238760E-7
3.212300E+3	-4.678990E-6	-7.152590E-7
3.203200E+3	-3.993540E-6	-8.046660E-7
3.179800E+3	-4.261760E-6	-9.834840E-7
3.169800E+3	-4.828010E-6	1.490130E-7
3.147400E+3	-4.828010E-6	5.066430E-7
3.136500E+3	-4.470380E-6	-3.874320E-7
3.124500E+3	-4.410770E-6	-1.519930E-6
3.103500E+3	-3.874330E-6	-2.324600E-6
3.091100E+3	-3.695500E-6	-2.086180E-6
3.081100E+3	-3.576290E-6	-2.145780E-6
3.057300E+3	-4.410770E-6	-6.854570E-7
3.048100E+3	-3.725300E-6	-6.258520E-7
3.027200E+3	-4.887610E-6	-1.043090E-6
3.017500E+3	-5.602870E-6	-9.536820E-7
2.997000E+3	-6.526740E-6	-1.549730E-6
2.986900E+3	-6.407530E-6	-1.877550E-6
2.966800E+3	-5.096230E-6	-1.311310E-6
2.956000E+3	-4.738600E-6	-8.940730E-7
2.945300E+3	-4.470380E-6	-1.728540E-6
2.923200E+3	-5.573060E-6	-1.132500E-6
2.912000E+3	-5.930690E-6	-7.748640E-7
2.892300E+3	-5.155830E-6	-2.384200E-7
2.881400E+3	-4.768400E-6	3.874320E-7
2.861300E+3	-4.380970E-6	0.000000E+0
2.851000E+3	-3.933940E-6	2.980250E-8
2.830600E+3	-3.427280E-6	7.748640E-7
2.820900E+3	-3.337870E-6	8.642710E-7
2.800800E+3	-3.337870E-6	1.430520E-6
2.790600E+3	-3.427280E-6	1.579530E-6
2.769400E+3	-3.159060E-6	1.728540E-6
2.760300E+3	-2.950440E-6	2.145780E-6
2.736500E+3	-3.784910E-6	2.175580E-6
2.727000E+3	-4.053140E-6	2.294790E-6
2.717000E+3	-4.202160E-6	2.294790E-6
2.696500E+3	-3.784910E-6	2.324600E-6
2.686000E+3	-3.755110E-6	2.175580E-6
2.666000E+3	-3.457080E-6	2.205390E-6
2.656100E+3	-3.606100E-6	2.354400E-6
2.635800E+3	-3.695500E-6	2.235190E-6
2.625300E+3	-4.112750E-6	1.162300E-6
2.605300E+3	-4.172350E-6	-9.834840E-7
2.594100E+3	-4.112750E-6	-1.817950E-6
2.571700E+3	-4.500180E-6	-2.324600E-6
2.560400E+3	-4.738600E-6	-1.341110E-6
2.541300E+3	-3.814730E-6	1.490130E-7
2.530500E+3	-4.142550E-6	6.258520E-7
2.510800E+3	-4.380970E-6	2.056370E-6
2.499600E+3	-3.933940E-6	2.503410E-6
2.480300E+3	-3.546490E-6	2.861040E-6
2.468900E+3	-3.695500E-6	2.533210E-6
2.449600E+3	-3.725300E-6	2.235190E-6
2.438400E+3	-4.321370E-6	1.817950E-6
2.418900E+3	-4.977020E-6	1.490120E-6
2.408100E+3	-4.708800E-6	1.430520E-6
2.395900E+3	-4.321370E-6	9.536820E-7
2.374700E+3	-2.682220E-6	-7.748640E-7
2.362300E+3	-2.175580E-6	-1.311310E-6
2.352300E+3	-1.877550E-6	-1.639140E-6
2.331600E+3	-1.519930E-6	-1.162300E-6
2.319100E+3	-1.609330E-6	-2.682230E-7
2.297800E+3	-2.443800E-6	-4.172340E-7
2.285500E+3	-3.010050E-6	-3.874320E-7
2.274500E+3	-3.576290E-6	-1.490130E-7
2.254800E+3	-4.082950E-6	-4.470370E-7
2.243400E+3	-3.874330E-6	3.874320E-7
2.221100E+3	-3.904130E-6	1.698740E-6
2.210500E+3	-3.844530E-6	2.294790E-6
2.199500E+3	-3.337870E-6	2.354400E-6
2.177400E+3	-3.874330E-6	1.609330E-6
2.166100E+3	-3.933940E-6	1.221900E-6
2.146600E+3	-4.142550E-6	8.940730E-7
2.133300E+3	-3.874330E-6	-5.960510E-8
2.123400E+3	-3.367680E-6	-1.192100E-6
2.102600E+3	-3.069650E-6	-2.205390E-6
2.083200E+3	-2.563010E-6	-2.145780E-6
2.071800E+3	-2.682220E-6	-2.414000E-6
2.062600E+3	-2.920640E-6	-2.801430E-6
2.041000E+3	-3.278270E-6	-3.188860E-6
2.031700E+3	-2.980250E-6	-2.533210E-6
2.007000E+3	-3.278270E-6	-1.460320E-6
1.997400E+3	-3.278270E-6	-1.192100E-6
1.975400E+3	-3.248470E-6	-7.748640E-7
1.962900E+3	-3.427280E-6	-1.728540E-6
1.952900E+3	-3.486890E-6	-1.966970E-6
1.931100E+3	-3.784910E-6	-1.251700E-6
1.920600E+3	-3.904130E-6	-1.102690E-6
1.899300E+3	-3.367680E-6	-1.221900E-6
1.888100E+3	-3.427280E-6	-1.490120E-6
1.867200E+3	-3.665700E-6	-1.430520E-6
1.853700E+3	-3.159060E-6	-1.788150E-6
1.832100E+3	-1.102690E-6	-3.188860E-6
1.821300E+3	-7.450620E-7	-3.576290E-6
1.807400E+3	-1.519930E-6	-3.129260E-6
1.787000E+3	-2.801430E-6	-9.834840E-7
1.772300E+3	-3.010050E-6	-2.980250E-7
1.762300E+3	-2.652420E-6	-2.384200E-7
1.762300E+3	-2.652420E-6	-2.384200E-7
1.727900E+3	-1.639140E-6	-5.960510E-8
1.718600E+3	-2.086180E-6	1.698740E-6
1.692000E+3	-2.741830E-6	8.046660E-7
1.681800E+3	-2.771630E-6	0.000000E+0
1.661100E+3	-2.235190E-6	-6.258520E-7
1.651600E+3	-1.877550E-6	-1.251700E-6
1.630700E+3	-1.579530E-6	-4.470370E-7
1.621700E+3	-1.102690E-6	-2.384200E-7
1.598700E+3	-6.556550E-7	1.043090E-6
1.589200E+3	-9.238760E-7	6.556550E-7
1.577300E+3	-8.940730E-7	-2.086170E-7
1.557200E+3	-5.066430E-7	-4.768410E-7
1.547900E+3	-6.258520E-7	-8.344690E-7
1.528300E+3	-3.278270E-7	-4.172340E-7
1.519300E+3	5.960510E-8	-1.281510E-6
1.508500E+3	-5.066430E-7	-2.533210E-6
1.487500E+3	-2.086180E-6	-1.817950E-6
1.476800E+3	-2.622620E-6	-9.238760E-7
1.458500E+3	-3.725300E-6	1.341110E-6
1.448000E+3	-3.337870E-6	1.639140E-6
1.429600E+3	-2.712030E-6	1.460320E-6
1.419900E+3	-2.473610E-6	1.192100E-6
1.401800E+3	-2.563010E-6	1.221900E-6
1.391300E+3	-2.861040E-6	2.980250E-7
1.370400E+3	-2.354400E-6	0.000000E+0
1.360300E+3	-2.592820E-6	-5.960510E-8
1.352000E+3	-3.248470E-6	3.576300E-7
1.332200E+3	-2.622620E-6	1.162300E-6
1.323800E+3	-1.460320E-6	1.281510E-6
1.301600E+3	-1.370910E-6	1.043090E-6
1.293400E+3	-1.907360E-6	1.996770E-6
1.273800E+3	-1.907360E-6	1.043090E-6
1.262800E+3	-2.473610E-6	4.768410E-7
1.253900E+3	-2.861040E-6	-1.788150E-7
1.235400E+3	-2.890840E-6	3.874320E-7
1.225800E+3	-2.294790E-6	1.788150E-7
1.205000E+3	-2.861040E-6	1.490130E-7
1.196400E+3	-3.367680E-6	8.642710E-7
1.177800E+3	-4.291560E-6	1.579530E-6
1.168700E+3	-4.321370E-6	1.043090E-6
1.150800E+3	-4.172350E-6	3.278270E-7
1.141100E+3	-3.427280E-6	-2.980250E-8
1.131600E+3	-2.622620E-6	-2.086170E-7
1.112400E+3	-2.294790E-6	-6.556550E-7
1.102300E+3	-2.205390E-6	-5.960500E-7
1.083700E+3	-2.592820E-6	-1.013290E-6
1.073700E+3	-3.337870E-6	-9.238760E-7
1.065300E+3	-4.023340E-6	-1.072890E-6
1.044700E+3	-3.367680E-6	-2.533210E-6
1.036700E+3	-3.278270E-6	-2.741830E-6
1.016900E+3	-3.367680E-6	-2.563010E-6
1.008100E+3	-3.844530E-6	-2.235190E-6
9.980000E+2	-3.725300E-6	-1.966970E-6
9.799000E+2	-3.993540E-6	-1.639140E-6
9.724000E+2	-3.993540E-6	-1.370910E-6
9.618000E+2	-4.082950E-6	-1.370910E-6
9.442000E+2	-3.844530E-6	-8.344690E-7
9.359000E+2	-3.367680E-6	-5.960500E-7
9.188000E+2	-2.533210E-6	-1.192100E-7
9.099000E+2	-1.877550E-6	4.172340E-7
8.935000E+2	-1.251700E-6	7.152590E-7
8.935000E+2	-1.251700E-6	7.152590E-7
8.656000E+2	-2.533210E-6	5.364450E-7
8.571000E+2	-2.861040E-6	7.748640E-7
8.454000E+2	-2.652420E-6	1.609330E-6
8.292000E+2	-2.264990E-6	1.907360E-6
8.182000E+2	-2.712030E-6	2.354400E-6
8.023000E+2	-3.218670E-6	1.698740E-6
7.928000E+2	-4.261760E-6	1.221900E-6
7.770000E+2	-3.933940E-6	-8.344690E-7
7.678000E+2	-3.278270E-6	-1.043090E-6
7.516000E+2	-2.831240E-6	-8.940730E-7
7.428000E+2	-2.712030E-6	-9.536820E-7
7.357000E+2	-2.950440E-6	-5.960500E-7
7.183000E+2	-2.741830E-6	-1.132500E-6
7.112000E+2	-2.712030E-6	-9.834840E-7
6.914000E+2	-2.920640E-6	2.980250E-8
6.844000E+2	-2.950440E-6	2.980250E-8
6.755000E+2	-2.950440E-6	2.980250E-8
6.578000E+2	-2.414000E-6	6.854570E-7
6.497000E+2	-2.205390E-6	5.960500E-7
6.390000E+2	-2.443800E-6	7.748640E-7
6.217000E+2	-5.573060E-6	1.102690E-6
6.125000E+2	-6.407530E-6	4.768410E-7
5.974000E+2	-6.437330E-6	-1.192100E-7
5.883000E+2	-5.900890E-6	-1.192100E-7
5.732000E+2	-4.887610E-6	-9.238760E-7
5.650000E+2	-4.470380E-6	-8.940730E-7
5.501000E+2	-3.933940E-6	-6.556550E-7
5.388000E+2	-3.576290E-6	-2.980250E-7
5.240000E+2	-4.440580E-6	-8.046660E-7
5.150000E+2	-4.291560E-6	-5.364450E-7
5.000000E+2	-4.231960E-6	-2.384200E-7
4.917000E+2	-4.589590E-6	-2.682230E-7
4.835000E+2	-4.947210E-6	-1.251700E-6
4.584000E+2	-5.126030E-6	-1.579530E-6
4.362000E+2	-5.811480E-6	-1.370910E-6
4.159000E+2	-6.079700E-6	-1.102690E-6
3.702000E+2	-8.106290E-6	6.854570E-7
3.466000E+2	-8.910950E-6	7.450620E-7
3.003000E+2	-9.924230E-6	1.251700E-6
2.673000E+2	-1.037130E-5	1.519930E-6
2.425000E+2	-1.117590E-5	5.960500E-7
1.890000E+2	-1.233820E-5	-9.834840E-7
1.357000E+2	-1.439460E-5	-1.072890E-6
1.076000E+2	-1.636160E-5	-6.258520E-7
5.290000E+1	-1.898420E-5	-5.364450E-7
2.520000E+1	-1.767290E-5	-6.258520E-7
-8.400000E+0	-1.347070E-5	1.192100E-7
-3.590000E+1	-7.599620E-6	5.662480E-7
-9.710000E+1	3.188860E-6	1.072890E-6
-1.232000E+2	6.198910E-6	6.854570E-7
-1.765000E+2	1.063950E-5	8.642710E-7
-2.023000E+2	1.180180E-5	2.384200E-7
-2.528000E+2	1.257660E-5	-8.046660E-7
-2.780000E+2	1.323230E-5	-1.281510E-6
-3.251000E+2	1.391770E-5	-1.072890E-6
