Sample Name, Varga_handpulled_Klyst36G
Freq displayed, 3.568, GHz, Power, 8, mV
SR850: f = 25 Hz; phase = -84 deg; output = 5 V; sens. = 500 uV; tc = 300 ms; 12dB/oct
Field	X	Y
Oe	V	V
*
-6.688000E+2	8.642710E-7	-8.940730E-7
-6.682000E+2	1.490130E-7	-1.043090E-6
-6.688000E+2	4.768410E-7	-1.370910E-6
-6.604000E+2	3.576300E-7	-8.940730E-7
-6.525000E+2	3.576300E-7	1.490130E-7
-6.286000E+2	9.238760E-7	9.238760E-7
-6.161000E+2	8.642710E-7	1.043090E-6
-6.006000E+2	3.278270E-7	1.311310E-6
-5.707000E+2	3.278270E-7	-5.960510E-8
-5.502000E+2	-5.066430E-7	1.192100E-7
-5.188000E+2	-8.940730E-7	6.258520E-7
-5.020000E+2	-2.682230E-7	5.960510E-8
-4.866000E+2	4.172340E-7	-5.662480E-7
-4.540000E+2	2.086170E-7	-1.102690E-6
-4.397000E+2	5.960510E-8	-1.728540E-6
-4.144000E+2	-9.536820E-7	-1.907360E-6
-3.996000E+2	-4.470370E-7	-1.519930E-6
-3.793000E+2	-1.788150E-7	-1.668940E-6
-3.689000E+2	-8.940730E-7	-1.192100E-6
-3.514000E+2	-2.115980E-6	-7.748640E-7
-3.423000E+2	-2.443800E-6	-6.258520E-7
-3.346000E+2	-2.741830E-6	-6.258520E-7
-3.135000E+2	-4.768410E-7	2.980250E-7
-3.053000E+2	1.788150E-7	5.662480E-7
-2.851000E+2	1.281510E-6	2.026570E-6
-2.764000E+2	1.430520E-6	1.996770E-6
-2.550000E+2	1.817950E-6	1.311310E-6
-2.456000E+2	1.728540E-6	1.430520E-6
-2.243000E+2	6.258520E-7	5.364450E-7
-2.144000E+2	5.066430E-7	-2.980250E-8
-2.144000E+2	5.066430E-7	-2.980250E-8
-1.832000E+2	-1.609330E-6	-1.311310E-6
-1.600000E+2	-2.026570E-6	-7.450620E-7
-1.505000E+2	-1.162300E-6	-6.854570E-7
-1.393000E+2	2.384200E-7	-7.748640E-7
-1.202000E+2	1.609330E-6	-5.960510E-8
-1.003000E+2	1.668940E-6	6.854570E-7
-9.000000E+1	1.490120E-6	1.490130E-7
-7.710000E+1	1.519930E-6	-2.980250E-7
-6.750000E+1	1.490120E-6	-5.960500E-7
-4.500000E+1	3.188860E-6	-1.788150E-7
-3.450000E+1	4.202160E-6	2.980250E-7
-1.450000E+1	6.526740E-6	1.370910E-6
-4.700000E+0	6.824760E-6	1.162300E-6
1.570000E+1	4.172350E-6	-1.162300E-6
2.500000E+1	1.132500E-6	-2.175580E-6
4.620000E+1	-6.377730E-6	-1.668940E-6
5.520000E+1	-7.510210E-6	-8.940740E-8
7.610000E+1	-5.275040E-6	1.460320E-6
8.800000E+1	-4.172350E-6	1.728540E-6
9.780000E+1	-3.188860E-6	1.877550E-6
1.212000E+2	-1.728540E-6	1.788150E-7
1.313000E+2	-1.490120E-6	1.490130E-7
1.516000E+2	-4.470370E-7	8.940740E-8
1.640000E+2	3.576300E-7	3.278270E-7
1.848000E+2	1.579530E-6	-5.960500E-7
1.946000E+2	1.609330E-6	-1.102690E-6
2.148000E+2	1.341110E-6	-2.235190E-6
2.251000E+2	1.132500E-6	-2.890840E-6
2.359000E+2	1.311310E-6	-2.950440E-6
2.556000E+2	1.996770E-6	-1.639140E-6
2.750000E+2	1.698740E-6	0.000000E+0
2.861000E+2	1.162300E-6	4.768410E-7
2.987000E+2	5.662480E-7	8.642710E-7
3.182000E+2	-1.877550E-6	2.056370E-6
3.287000E+2	-2.443800E-6	1.728540E-6
3.489000E+2	-2.175580E-6	-4.470370E-7
3.590000E+2	-1.639140E-6	-2.384200E-7
3.796000E+2	-9.536820E-7	2.026570E-6
3.892000E+2	-9.238760E-7	3.039850E-6
4.095000E+2	-3.576300E-7	2.473610E-6
4.197000E+2	-2.980250E-7	1.996770E-6
4.291000E+2	5.066430E-7	1.311310E-6
4.530000E+2	1.549730E-6	3.278270E-7
4.627000E+2	4.768410E-7	4.470370E-7
4.833000E+2	1.043090E-6	1.132500E-6
4.934000E+2	1.698740E-6	1.221900E-6
5.135000E+2	2.115980E-6	1.281510E-6
5.260000E+2	1.996770E-6	2.592820E-6
5.375000E+2	2.414000E-6	2.592820E-6
5.569000E+2	1.996770E-6	1.132500E-6
5.682000E+2	1.996770E-6	2.086170E-7
5.898000E+2	2.086180E-6	-6.556550E-7
6.012000E+2	2.175580E-6	-3.278270E-7
6.233000E+2	1.758340E-6	-1.490130E-7
6.340000E+2	1.519930E-6	-9.834840E-7
6.448000E+2	8.046660E-7	-1.162300E-6
6.669000E+2	7.450620E-7	-1.043090E-6
6.783000E+2	3.874320E-7	-6.258520E-7
6.982000E+2	1.788150E-7	3.278270E-7
7.094000E+2	-2.980250E-8	2.980250E-8
7.300000E+2	2.086170E-7	-5.960500E-7
7.406000E+2	-8.940740E-8	-4.172340E-7
7.616000E+2	1.490130E-7	-1.519930E-6
7.717000E+2	2.384200E-7	-1.609330E-6
7.930000E+2	1.192100E-7	-8.940730E-7
8.025000E+2	-4.172340E-7	-7.450620E-7
8.242000E+2	-1.311310E-6	-2.980250E-8
8.335000E+2	-1.519930E-6	2.980250E-7
8.446000E+2	-1.370910E-6	-2.980250E-8
8.646000E+2	-6.556550E-7	-1.758340E-6
8.863000E+2	-7.450620E-7	-2.652420E-6
8.959000E+2	0.000000E+0	-3.129260E-6
9.076000E+2	4.768410E-7	-2.622620E-6
9.277000E+2	9.238760E-7	-1.072890E-6
9.393000E+2	4.768410E-7	-7.152590E-7
9.595000E+2	-5.066430E-7	-3.874320E-7
9.732000E+2	-4.470370E-7	-7.152590E-7
9.931000E+2	4.470370E-7	-6.556550E-7
1.006600E+3	-2.682230E-7	-4.470370E-7
1.017500E+3	-1.400720E-6	-1.072890E-6
1.038300E+3	-1.549730E-6	-1.013290E-6
1.048500E+3	-1.311310E-6	-6.258520E-7
1.071200E+3	-5.960510E-8	9.536820E-7
1.082300E+3	-3.874320E-7	1.192100E-6
1.102800E+3	2.682230E-7	1.013290E-6
1.113400E+3	1.013290E-6	1.311310E-6
1.134300E+3	1.519930E-6	1.698740E-6
1.144400E+3	1.937170E-6	1.609330E-6
1.154200E+3	2.294790E-6	1.668940E-6
1.175300E+3	2.115980E-6	6.258520E-7
1.185800E+3	1.907360E-6	3.874320E-7
1.209700E+3	1.400720E-6	-6.556550E-7
1.219200E+3	1.311310E-6	-5.960510E-8
1.243600E+3	2.026570E-6	6.258520E-7
1.252800E+3	2.115980E-6	9.238760E-7
1.264000E+3	1.758340E-6	1.639140E-6
1.286900E+3	1.370910E-6	1.341110E-6
1.298300E+3	1.102690E-6	7.450620E-7
1.320600E+3	1.788150E-7	1.490130E-7
1.331100E+3	8.046660E-7	1.788150E-7
1.344300E+3	1.311310E-6	3.576300E-7
1.354100E+3	1.460320E-6	9.536820E-7
1.377000E+3	1.519930E-6	1.400720E-6
1.387600E+3	7.152590E-7	1.311310E-6
1.407600E+3	-1.043090E-6	-7.152590E-7
1.417500E+3	-1.281510E-6	-1.817950E-6
1.438100E+3	-1.370910E-6	-2.324600E-6
1.447300E+3	-7.748640E-7	-1.221900E-6
1.470300E+3	6.854570E-7	-1.192100E-7
1.480600E+3	1.281510E-6	-2.980250E-8
1.501000E+3	2.384200E-6	-3.576300E-7
1.510700E+3	2.503410E-6	-9.536820E-7
1.520400E+3	2.473610E-6	-2.056370E-6
1.543900E+3	1.400720E-6	-2.294790E-6
1.552900E+3	1.788150E-6	-1.490120E-6
1.574100E+3	1.907360E-6	-5.960500E-7
1.583300E+3	1.072890E-6	-7.152590E-7
1.603900E+3	4.172340E-7	-1.192100E-6
1.613800E+3	5.066430E-7	-2.056370E-6
1.634100E+3	4.470370E-7	-2.235190E-6
1.644500E+3	6.258520E-7	-2.264990E-6
1.664200E+3	-4.768410E-7	-1.937170E-6
1.675200E+3	-7.450620E-7	-1.788150E-6
1.697200E+3	-4.768410E-7	-2.026570E-6
1.707300E+3	-5.066430E-7	-2.086180E-6
1.718300E+3	-4.172340E-7	-2.622620E-6
1.737900E+3	6.258520E-7	-1.519930E-6
1.748200E+3	1.221900E-6	-1.400720E-6
1.768300E+3	1.370910E-6	-2.980250E-7
1.778200E+3	1.132500E-6	6.556550E-7
1.798900E+3	1.728540E-6	1.072890E-6
1.808300E+3	2.473610E-6	1.192100E-6
1.831400E+3	1.311310E-6	6.258520E-7
1.841500E+3	1.221900E-6	4.172340E-7
1.862000E+3	1.043090E-6	7.748640E-7
1.871500E+3	1.281510E-6	1.013290E-6
1.883700E+3	9.834840E-7	2.086180E-6
1.905000E+3	4.768410E-7	2.771630E-6
1.914000E+3	5.960510E-8	2.771630E-6
1.927000E+3	9.834840E-7	2.115980E-6
1.950100E+3	1.013290E-6	2.056370E-6
1.960300E+3	1.013290E-6	2.264990E-6
1.980300E+3	3.397480E-6	2.443800E-6
1.992900E+3	4.082950E-6	1.788150E-6
2.006000E+3	3.933940E-6	7.152590E-7
2.025800E+3	2.175580E-6	-5.960510E-8
2.036900E+3	1.579530E-6	-6.854570E-7
2.059000E+3	3.069650E-6	-1.430520E-6
2.069200E+3	3.665700E-6	-1.192100E-6
2.080100E+3	3.546490E-6	-8.046660E-7
2.101400E+3	3.278270E-6	-1.043090E-6
2.112500E+3	2.592820E-6	-1.192100E-6
2.131700E+3	1.758340E-6	-1.877550E-6
2.142800E+3	2.324600E-6	-1.668940E-6
2.162200E+3	3.308070E-6	-5.066430E-7
2.172800E+3	3.486890E-6	1.490130E-7
2.192800E+3	2.771630E-6	7.748640E-7
2.202900E+3	2.294790E-6	1.579530E-6
2.223400E+3	1.430520E-6	6.258520E-7
2.232900E+3	1.132500E-6	8.344690E-7
2.242500E+3	5.960500E-7	6.556550E-7
2.265900E+3	3.278270E-7	4.768410E-7
2.274800E+3	1.490130E-7	5.960500E-7
2.295800E+3	2.086170E-7	4.470370E-7
2.305100E+3	-3.278270E-7	2.980250E-8
2.325700E+3	-4.172340E-7	-8.940740E-8
2.335700E+3	1.490130E-7	2.980250E-7
2.358900E+3	1.758340E-6	6.258520E-7
2.368100E+3	2.205390E-6	8.940730E-7
2.379300E+3	2.115980E-6	1.221900E-6
2.400700E+3	2.294790E-6	8.642710E-7
2.411400E+3	1.639140E-6	8.940730E-7
2.433500E+3	2.473610E-6	7.152590E-7
2.444500E+3	3.069650E-6	-1.490130E-7
2.457400E+3	3.337870E-6	0.000000E+0
2.476700E+3	3.159060E-6	6.854570E-7
2.487500E+3	4.261760E-6	5.066430E-7
2.499500E+3	4.887610E-6	0.000000E+0
2.520200E+3	4.142550E-6	-1.937170E-6
2.529400E+3	3.814730E-6	-1.877550E-6
2.541600E+3	3.129260E-6	-1.519930E-6
2.565400E+3	1.549730E-6	-2.145780E-6
2.574400E+3	7.152590E-7	-1.788150E-6
2.595300E+3	-3.874320E-7	-1.162300E-6
2.604200E+3	2.682230E-7	-8.344690E-7
2.625200E+3	2.354400E-6	5.960510E-8
2.634300E+3	1.996770E-6	4.768410E-7
2.655200E+3	1.966970E-6	1.192100E-6
2.664700E+3	1.609330E-6	1.192100E-6
2.685300E+3	1.758340E-6	3.874320E-7
2.695400E+3	1.788150E-6	-7.450620E-7
2.715700E+3	1.728540E-6	-8.940730E-7
2.728100E+3	1.072890E-6	-4.768410E-7
2.739400E+3	7.748640E-7	-7.748640E-7
2.761100E+3	5.066430E-7	-1.013290E-6
2.772000E+3	8.046660E-7	-9.238760E-7
2.794100E+3	9.536820E-7	-8.940730E-7
2.804100E+3	6.258520E-7	-1.400720E-6
2.815100E+3	2.384200E-7	-1.102690E-6
2.837300E+3	-3.874320E-7	-8.940740E-8
2.847900E+3	-5.066430E-7	-2.980250E-8
2.859800E+3	-8.940740E-8	6.556550E-7
2.880500E+3	1.937170E-6	2.086170E-7
2.889600E+3	3.039850E-6	-3.576300E-7
2.912800E+3	3.397480E-6	-2.384200E-7
2.922700E+3	3.725300E-6	-2.086170E-7
2.943100E+3	3.159060E-6	-5.960510E-8
2.952500E+3	2.682220E-6	3.874320E-7
2.973600E+3	3.129260E-6	2.682230E-7
2.982800E+3	3.546490E-6	0.000000E+0
3.003900E+3	3.308070E-6	-1.788150E-7
3.012900E+3	3.904130E-6	-5.364450E-7
3.023900E+3	4.440580E-6	-8.940730E-7
3.045900E+3	5.155830E-6	-6.258520E-7
3.055900E+3	5.483660E-6	-5.960510E-8
3.076100E+3	5.006820E-6	1.251700E-6
3.088500E+3	4.380970E-6	1.490120E-6
3.109100E+3	4.798200E-6	0.000000E+0
3.118900E+3	4.947210E-6	-1.043090E-6
3.139200E+3	4.798200E-6	-1.758340E-6
3.149600E+3	5.334640E-6	-2.235190E-6
3.160400E+3	5.960490E-6	-1.966970E-6
3.180300E+3	5.990300E-6	-2.682230E-7
3.190600E+3	5.900890E-6	1.490130E-7
3.210900E+3	5.334640E-6	3.874320E-7
3.220600E+3	5.215440E-6	3.874320E-7
3.241400E+3	3.963740E-6	4.470370E-7
3.250500E+3	3.725300E-6	6.556550E-7
3.271000E+3	4.321370E-6	1.430520E-6
3.280800E+3	4.649190E-6	1.549730E-6
3.301800E+3	5.453850E-6	1.162300E-6
3.311000E+3	5.155830E-6	6.556550E-7
3.332200E+3	4.887610E-6	-6.854570E-7
3.341100E+3	4.649190E-6	-8.642710E-7
3.362200E+3	3.606100E-6	-1.072890E-6
3.374000E+3	3.278270E-6	-5.364450E-7
3.395000E+3	3.248470E-6	5.066430E-7
3.404000E+3	3.874330E-6	8.344690E-7
3.425200E+3	3.904130E-6	3.278270E-7
3.434200E+3	3.874330E-6	-1.788150E-7
3.445100E+3	4.082950E-6	-4.172340E-7
3.467300E+3	3.367680E-6	-1.400720E-6
3.478500E+3	3.874330E-6	-2.205390E-6
3.497800E+3	4.112750E-6	-2.056370E-6
3.508900E+3	4.500180E-6	-1.132500E-6
3.528100E+3	5.096230E-6	-5.960510E-8
3.539200E+3	5.394250E-6	8.642710E-7
3.548400E+3	5.662470E-6	1.490120E-6
3.571700E+3	5.781680E-6	1.549730E-6
3.581400E+3	5.692270E-6	9.536820E-7
3.602200E+3	5.871090E-6	2.980250E-7
3.611400E+3	5.543260E-6	-2.384200E-7
3.632600E+3	5.245240E-6	-1.788150E-6
3.641600E+3	4.559780E-6	-1.877550E-6
3.651400E+3	4.380970E-6	-1.072890E-6
3.677900E+3	4.768400E-6	-5.960500E-7
3.686900E+3	4.500180E-6	-5.066430E-7
3.708100E+3	3.695500E-6	8.940740E-8
3.717200E+3	4.112750E-6	2.384200E-7
3.741000E+3	5.245240E-6	-2.384200E-7
3.749900E+3	5.692270E-6	-1.192100E-7
3.770900E+3	6.526740E-6	-5.066430E-7
3.779900E+3	6.973770E-6	-1.072890E-6
3.801000E+3	7.927480E-6	-1.370910E-6
3.810500E+3	8.195700E-6	-1.251700E-6
3.821800E+3	8.493720E-6	-8.344690E-7
3.841200E+3	8.821550E-6	-3.576300E-7
3.861500E+3	9.477200E-6	3.576300E-7
3.872000E+3	9.745420E-6	6.258520E-7
3.885100E+3	1.013280E-5	6.258520E-7
3.904300E+3	1.001360E-5	8.642710E-7
3.915500E+3	1.001360E-5	1.102690E-6
3.934600E+3	8.821550E-6	2.264990E-6
3.945500E+3	8.881150E-6	2.503410E-6
3.954500E+3	8.702340E-6	1.311310E-6
3.978100E+3	8.732140E-6	0.000000E+0
3.987400E+3	8.374510E-6	0.000000E+0
4.010400E+3	8.463920E-6	7.748640E-7
4.020700E+3	8.732140E-6	1.221900E-6
4.032600E+3	9.179170E-6	1.311310E-6
4.053800E+3	9.715620E-6	1.490130E-7
4.066000E+3	1.007320E-5	0.000000E+0
4.086900E+3	9.805020E-6	2.980250E-8
4.096400E+3	9.745420E-6	4.470370E-7
4.117700E+3	9.328190E-6	3.874320E-7
4.126700E+3	9.208980E-6	3.874320E-7
4.148000E+3	9.805020E-6	-5.364450E-7
4.157100E+3	9.924230E-6	-1.132500E-6
4.168100E+3	9.805020E-6	-2.115980E-6
4.187300E+3	1.016270E-5	-1.728540E-6
4.198500E+3	1.001360E-5	-8.344690E-7
4.217600E+3	1.069910E-5	-7.450620E-7
4.228700E+3	1.120570E-5	-7.450620E-7
4.248100E+3	1.195080E-5	-2.980250E-7
4.259100E+3	1.162300E-5	-3.874320E-7
4.268100E+3	1.180180E-5	1.490130E-7
4.294800E+3	1.260640E-5	1.490120E-6
4.304400E+3	1.317270E-5	1.549730E-6
4.325400E+3	1.475220E-5	1.013290E-6
4.334800E+3	1.484160E-5	1.311310E-6
4.355300E+3	1.451380E-5	-2.384200E-7
4.367900E+3	1.370910E-5	-6.854570E-7
4.388800E+3	1.260640E-5	9.536820E-7
4.401300E+3	1.269580E-5	2.980250E-7
4.410200E+3	1.272560E-5	3.576300E-7
4.431300E+3	1.427540E-5	8.940740E-8
4.440500E+3	1.516940E-5	0.000000E+0
4.461100E+3	1.502040E-5	2.086170E-7
4.470800E+3	1.487140E-5	1.192100E-7
4.491100E+3	1.344090E-5	-9.238760E-7
4.501400E+3	1.356010E-5	-1.221900E-6
4.521200E+3	1.457340E-5	-8.642710E-7
4.532000E+3	1.561650E-5	-1.162300E-6
4.551400E+3	1.814970E-5	-2.026570E-6
4.561500E+3	1.868620E-5	-2.294790E-6
4.584300E+3	1.958020E-5	-1.251700E-6
4.594900E+3	2.020610E-5	-9.536820E-7
4.605600E+3	2.062330E-5	-1.192100E-7
4.625400E+3	2.035510E-5	-2.980250E-7
4.635400E+3	2.089150E-5	-3.576300E-7
4.655700E+3	2.205380E-5	1.490130E-7
4.665100E+3	2.199420E-5	1.490130E-7
4.686000E+3	2.214320E-5	5.662480E-7
4.695200E+3	2.145780E-5	9.238760E-7
4.716400E+3	2.178560E-5	4.470370E-7
4.725500E+3	2.166640E-5	3.874320E-7
4.746700E+3	2.089150E-5	-3.278270E-7
4.755800E+3	2.107040E-5	-8.046660E-7
4.777100E+3	2.244130E-5	-4.172340E-7
4.786000E+3	2.300750E-5	-4.768410E-7
4.807300E+3	2.616660E-5	-3.576300E-7
4.816300E+3	2.762690E-5	-3.576300E-7
4.837200E+3	2.706060E-5	4.768410E-7
4.849100E+3	2.664340E-5	4.470370E-7
4.870000E+3	2.583870E-5	1.430520E-6
4.879100E+3	2.542150E-5	2.175580E-6
4.892900E+3	2.551090E-5	2.264990E-6
4.912200E+3	2.601750E-5	1.609330E-6
4.923300E+3	2.667320E-5	1.311310E-6
4.942700E+3	2.881900E-5	1.430520E-6
4.953100E+3	2.989180E-5	1.043090E-6
4.972600E+3	3.159070E-5	3.874320E-7
4.983900E+3	3.141190E-5	-5.364450E-7
5.003500E+3	3.096480E-5	-8.046660E-7
5.014800E+3	3.072640E-5	-1.192100E-7
5.024200E+3	3.036870E-5	-1.192100E-7
5.048400E+3	3.153110E-5	2.980250E-8
5.057500E+3	3.188870E-5	0.000000E+0
5.078700E+3	3.254440E-5	2.980250E-8
5.090600E+3	3.305100E-5	2.086170E-7
5.111200E+3	3.492860E-5	3.278270E-7
5.120300E+3	3.528620E-5	6.556550E-7
5.141300E+3	3.549480E-5	-1.788150E-7
5.150400E+3	3.615040E-5	-5.960510E-8
5.161000E+3	3.740210E-5	2.384200E-7
5.183600E+3	3.793860E-5	8.940730E-7
5.193500E+3	3.802800E-5	1.251700E-6
5.216900E+3	3.719350E-5	1.072890E-6
5.226100E+3	3.692530E-5	2.980250E-7
5.247300E+3	3.778960E-5	-2.980250E-7
5.257000E+3	3.829620E-5	-3.576300E-7
5.270000E+3	3.898170E-5	-5.364450E-7
5.289600E+3	4.124660E-5	-3.874320E-7
5.300700E+3	4.148510E-5	-7.152590E-7
5.313700E+3	4.148510E-5	-9.536820E-7
5.333900E+3	4.225990E-5	-9.834840E-7
5.343400E+3	4.318380E-5	-6.854570E-7
5.364200E+3	4.550840E-5	1.490130E-7
5.373500E+3	4.613420E-5	7.152590E-7
5.394100E+3	4.768390E-5	8.940730E-7
5.403900E+3	4.822040E-5	1.579530E-6
5.424800E+3	4.944230E-5	2.175580E-6
5.434200E+3	4.941250E-5	2.533210E-6
5.458600E+3	5.137940E-5	1.549730E-6
5.467900E+3	5.191590E-5	1.549730E-6
5.488500E+3	5.352520E-5	1.966970E-6
5.498100E+3	5.406160E-5	1.788150E-6
5.507900E+3	5.486630E-5	1.996770E-6
5.531300E+3	5.462790E-5	1.817950E-6
5.541400E+3	5.462790E-5	1.370910E-6
5.564500E+3	5.644580E-5	1.192100E-6
5.573900E+3	5.736970E-5	1.281510E-6
5.585100E+3	5.877040E-5	9.834840E-7
5.606700E+3	6.133360E-5	-3.278270E-7
5.617600E+3	6.160190E-5	0.000000E+0
5.637100E+3	6.136340E-5	8.940740E-8
5.648300E+3	6.112500E-5	2.980250E-8
5.670000E+3	6.172110E-5	-5.364450E-7
5.680600E+3	6.255550E-5	-7.450620E-7
5.691000E+3	6.321120E-5	-1.043090E-6
5.711100E+3	6.407550E-5	-5.960500E-7
5.721000E+3	6.353900E-5	5.960510E-8
5.741700E+3	6.464170E-5	-8.046660E-7
5.751100E+3	6.547620E-5	-3.576300E-7
5.772200E+3	6.800940E-5	1.877550E-6
5.781400E+3	6.833720E-5	2.890840E-6
5.802700E+3	6.938030E-5	3.427280E-6
5.811800E+3	6.973790E-5	2.861040E-6
5.833000E+3	7.143660E-5	2.741830E-6
5.842100E+3	7.152600E-5	3.457080E-6
5.862900E+3	7.247970E-5	3.039850E-6
5.872500E+3	7.313540E-5	3.278270E-6
5.892900E+3	7.233070E-5	2.831240E-6
5.902200E+3	7.355260E-5	1.579530E-6
5.923100E+3	7.545990E-5	6.854570E-7
5.932800E+3	7.632420E-5	7.450620E-7
5.953300E+3	7.730770E-5	2.354400E-6
5.963500E+3	7.793350E-5	2.026570E-6
5.983400E+3	7.817200E-5	2.771630E-6
5.996000E+3	7.900640E-5	2.831240E-6
6.007200E+3	8.022830E-5	2.175580E-6
6.029300E+3	8.007930E-5	1.609330E-6
6.040500E+3	8.097340E-5	1.221900E-6
6.049700E+3	8.201650E-5	9.536820E-7
6.073200E+3	8.243370E-5	1.132500E-6
6.086000E+3	8.332780E-5	6.556550E-7
6.105600E+3	8.404300E-5	1.877550E-6
6.116400E+3	8.449000E-5	2.592820E-6
6.136500E+3	8.511590E-5	2.175580E-6
6.146800E+3	8.511590E-5	1.490120E-6
6.156000E+3	8.544370E-5	3.576300E-7
6.180100E+3	8.651660E-5	6.556550E-7
6.189100E+3	8.681460E-5	1.430520E-6
6.210500E+3	8.812590E-5	1.966970E-6
6.219500E+3	8.913920E-5	1.758340E-6
6.243500E+3	9.045050E-5	2.622620E-6
6.252600E+3	9.009290E-5	2.771630E-6
6.273800E+3	9.042070E-5	1.996770E-6
6.283000E+3	8.970550E-5	2.414000E-6
6.304400E+3	8.991410E-5	2.473610E-6
6.313700E+3	8.943720E-5	2.086180E-6
6.334700E+3	9.015250E-5	1.370910E-6
6.344500E+3	9.053990E-5	1.341110E-6
6.355800E+3	9.128500E-5	1.043090E-6
6.377100E+3	9.277510E-5	1.430520E-6
6.388300E+3	9.387780E-5	1.132500E-6
6.407500E+3	9.444400E-5	2.473610E-6
6.418800E+3	9.444400E-5	2.920640E-6
6.438100E+3	9.393740E-5	2.503410E-6
6.449200E+3	9.444400E-5	2.324600E-6
6.468800E+3	9.474200E-5	4.172340E-7
6.479500E+3	9.462280E-5	0.000000E+0
6.499700E+3	9.381820E-5	3.576300E-7
6.510000E+3	9.378840E-5	9.834840E-7
6.530500E+3	9.465260E-5	1.817950E-6
6.540100E+3	9.381820E-5	2.205390E-6
6.561200E+3	9.474200E-5	1.907360E-6
6.570300E+3	9.462280E-5	1.549730E-6
6.591400E+3	9.492090E-5	1.043090E-6
6.600500E+3	9.548710E-5	1.311310E-6
6.621700E+3	9.664940E-5	7.450620E-7
6.630700E+3	9.670900E-5	1.043090E-6
6.641900E+3	9.742430E-5	8.940730E-7
6.660800E+3	9.802030E-5	2.145780E-6
6.682000E+3	1.004340E-4	1.817950E-6
6.691200E+3	1.006430E-4	1.192100E-6
6.705100E+3	1.007030E-4	1.698740E-6
6.724500E+3	1.008220E-4	2.831240E-6
6.735700E+3	1.015970E-4	2.712030E-6
6.754500E+3	1.021330E-4	1.281510E-6
6.765500E+3	1.031760E-4	2.384200E-7
6.784900E+3	1.034740E-4	6.556550E-7
6.796200E+3	1.028780E-4	8.046660E-7
6.805900E+3	1.019240E-4	1.072890E-6
6.829800E+3	1.034740E-4	1.251700E-6
6.839100E+3	1.039510E-4	1.549730E-6
6.862500E+3	1.058580E-4	1.162300E-6
6.872600E+3	1.053220E-4	1.132500E-6
6.881900E+3	1.057690E-4	1.192100E-6
6.905900E+3	1.065740E-4	2.384200E-7
6.915100E+3	1.069910E-4	-2.980250E-8
6.936400E+3	1.086600E-4	-3.278270E-7
6.945400E+3	1.092560E-4	-4.768410E-7
6.966500E+3	1.094350E-4	2.980250E-8
6.976100E+3	1.094350E-4	8.940740E-8
6.996800E+3	1.099710E-4	3.576300E-7
7.006900E+3	1.111330E-4	5.960510E-8
7.026900E+3	1.125340E-4	1.192100E-7
7.037600E+3	1.131300E-4	-4.172340E-7
7.057100E+3	1.133390E-4	-3.874320E-7
7.067100E+3	1.143220E-4	-1.192100E-7
7.087200E+3	1.149780E-4	7.152590E-7
7.097800E+3	1.158420E-4	2.980250E-7
7.117500E+3	1.161100E-4	1.788150E-7
7.128600E+3	1.170640E-4	-1.490130E-7
7.148100E+3	1.183750E-4	3.576300E-7
7.159300E+3	1.195380E-4	3.278270E-7
7.178600E+3	1.205210E-4	-7.748640E-7
7.189800E+3	1.201340E-4	-2.682230E-7
7.209400E+3	1.219810E-4	-4.470370E-7
7.220200E+3	1.227570E-4	0.000000E+0
7.229300E+3	1.240680E-4	-4.768410E-7
7.253100E+3	1.258860E-4	-4.470370E-7
7.262400E+3	1.254090E-4	-4.470370E-7
7.283700E+3	1.255880E-4	-8.046660E-7
7.292900E+3	1.253490E-4	-5.066430E-7
7.314000E+3	1.274650E-4	-2.980250E-8
7.323200E+3	1.284190E-4	5.662480E-7
7.344300E+3	1.310420E-4	1.907360E-6
7.353600E+3	1.334560E-4	2.294790E-6
7.377300E+3	1.351540E-4	1.072890E-6
7.387000E+3	1.353030E-4	1.579530E-6
7.398400E+3	1.365250E-4	1.132500E-6
7.417100E+3	1.368830E-4	7.748640E-7
7.438200E+3	1.385520E-4	9.238760E-7
7.447900E+3	1.403400E-4	1.370910E-6
7.459200E+3	1.419490E-4	1.102690E-6
7.478800E+3	1.433500E-4	-1.400720E-6
7.489800E+3	1.437080E-4	-2.086180E-6
7.509700E+3	1.444530E-4	-2.175580E-6
7.520400E+3	1.446910E-4	-2.056370E-6
7.540600E+3	1.462710E-4	-1.758340E-6
7.550900E+3	1.471050E-4	-1.043090E-6
7.573400E+3	1.487740E-4	-9.238760E-7
7.573400E+3	1.487740E-4	-9.238760E-7
7.604500E+3	1.516350E-4	-8.344690E-7
7.614800E+3	1.519630E-4	-1.400720E-6
7.635200E+3	1.531850E-4	-2.294790E-6
7.645000E+3	1.530360E-4	-2.175580E-6
7.665800E+3	1.533930E-4	-1.221900E-6
7.675100E+3	1.526780E-4	-5.066430E-7
7.685300E+3	1.524400E-4	8.940740E-8
7.708600E+3	1.500560E-4	2.980250E-7
7.719000E+3	1.487440E-4	2.384200E-7
7.738800E+3	1.450790E-4	4.172340E-7
7.748800E+3	1.429920E-4	5.960510E-8
7.760100E+3	1.396840E-4	2.980250E-8
7.782500E+3	1.319360E-4	2.682230E-7
7.795700E+3	1.273760E-4	1.788150E-7
7.815300E+3	1.181070E-4	9.238760E-7
7.826600E+3	1.128320E-4	5.066430E-7
7.846200E+3	9.727520E-5	4.768410E-7
7.857500E+3	8.902000E-5	2.980250E-7
7.866700E+3	7.933420E-5	5.960500E-7
7.890300E+3	5.793590E-5	-3.874320E-7
7.900000E+3	4.637260E-5	-3.278270E-7
7.920900E+3	2.184520E-5	5.960510E-8
7.930200E+3	9.864630E-6	8.940740E-8
7.951400E+3	-1.433500E-5	5.066430E-7
7.960400E+3	-2.831230E-5	1.072890E-6
7.981700E+3	-5.683330E-5	1.847750E-6
7.990700E+3	-7.003590E-5	1.877550E-6
8.011800E+3	-9.623220E-5	2.145780E-6
8.021300E+3	-1.095540E-4	1.847750E-6
8.042000E+3	-1.371510E-4	2.115980E-6
8.051300E+3	-1.516050E-4	1.877550E-6
8.075600E+3	-1.766990E-4	1.132500E-6
8.084900E+3	-1.878150E-4	1.132500E-6
8.106000E+3	-2.071570E-4	1.430520E-6
8.115900E+3	-2.167230E-4	1.668940E-6
8.136700E+3	-2.314760E-4	1.609330E-6
8.146000E+3	-2.374060E-4	1.430520E-6
8.157400E+3	-2.438440E-4	1.430520E-6
8.177100E+3	-2.542450E-4	2.771630E-6
8.188400E+3	-2.586860E-4	2.622620E-6
8.210700E+3	-2.663150E-4	1.996770E-6
8.222000E+3	-2.692960E-4	2.443800E-6
8.231100E+3	-2.735570E-4	2.324600E-6
8.254800E+3	-2.795180E-4	1.937170E-6
8.264300E+3	-2.828260E-4	2.235190E-6
8.287000E+3	-2.870280E-4	2.503410E-6
8.297500E+3	-2.890250E-4	3.159060E-6
8.317700E+3	-2.931970E-4	3.874330E-6
8.327800E+3	-2.945380E-4	3.099460E-6
8.348500E+3	-2.980850E-4	3.725300E-6
8.358100E+3	-2.993360E-4	3.278270E-6
8.379300E+3	-3.033600E-4	4.589590E-6
8.388400E+3	-3.037170E-4	3.755110E-6
8.399000E+3	-3.042840E-4	3.665700E-6
8.421800E+3	-3.053860E-4	2.443800E-6
8.431500E+3	-3.059820E-4	1.013290E-6
8.451800E+3	-3.064290E-4	1.490120E-6
8.464000E+3	-3.043730E-4	1.043090E-6
8.475000E+3	-3.015120E-4	2.175580E-6
8.497200E+3	-2.965950E-4	2.384200E-6
8.507700E+3	-2.955510E-4	3.665700E-6
8.530600E+3	-2.898290E-4	3.218670E-6
8.541500E+3	-2.871470E-4	3.576290E-6
8.552100E+3	-2.833030E-4	3.248470E-6
8.571700E+3	-2.765670E-4	2.890840E-6
8.585600E+3	-2.725440E-4	2.712030E-6
8.605500E+3	-2.663150E-4	2.503410E-6
8.616200E+3	-2.616360E-4	1.758340E-6
8.628200E+3	-2.575240E-4	1.162300E-6
8.649100E+3	-2.504310E-4	1.788150E-6
8.661500E+3	-2.477490E-4	1.549730E-6
8.681600E+3	-2.414890E-4	1.043090E-6
8.681600E+3	-2.414890E-4	1.043090E-6
8.712400E+3	-2.304030E-4	2.592820E-6
8.721900E+3	-2.265880E-4	2.354400E-6
8.743200E+3	-2.179750E-4	3.218670E-6
8.752400E+3	-2.140110E-4	3.278270E-6
8.773800E+3	-2.056070E-4	3.159060E-6
8.782900E+3	-1.999150E-4	2.563010E-6
8.795700E+3	-1.961300E-4	2.354400E-6
8.816200E+3	-1.883810E-4	2.920640E-6
8.826500E+3	-1.843280E-4	3.337870E-6
8.849700E+3	-1.743740E-4	2.443800E-6
8.859200E+3	-1.704110E-4	2.235190E-6
8.870400E+3	-1.660300E-4	2.443800E-6
8.890000E+3	-1.592940E-4	3.665700E-6
8.901100E+3	-1.564630E-4	4.112750E-6
8.921100E+3	-1.491620E-4	2.294790E-6
8.931900E+3	-1.451980E-4	7.152590E-7
8.952200E+3	-1.374190E-4	3.576300E-7
8.965100E+3	-1.343800E-4	8.046660E-7
8.974500E+3	-1.297900E-4	6.854570E-7
8.998000E+3	-1.206100E-4	2.205390E-6
9.007900E+3	-1.166170E-4	2.324600E-6
9.030500E+3	-1.087490E-4	3.188860E-6
9.041200E+3	-1.049050E-4	3.308070E-6
9.061400E+3	-9.819910E-5	3.665700E-6
9.071600E+3	-9.495070E-5	2.324600E-6
9.080900E+3	-9.173200E-5	5.662480E-7
9.104900E+3	-8.919880E-5	1.788150E-7
9.114000E+3	-8.726170E-5	1.192100E-6
9.135400E+3	-8.150980E-5	2.682220E-6
9.144600E+3	-7.867860E-5	2.920640E-6
9.168900E+3	-7.244990E-5	1.907360E-6
9.178300E+3	-6.967830E-5	2.175580E-6
9.199100E+3	-6.520790E-5	1.609330E-6
9.208400E+3	-6.344960E-5	1.430520E-6
9.229700E+3	-6.002210E-5	1.102690E-6
9.239100E+3	-5.859160E-5	1.341110E-6
9.260000E+3	-5.489610E-5	9.238760E-7
9.270000E+3	-5.286960E-5	4.470370E-7
9.284000E+3	-5.102180E-5	7.748640E-7
9.302900E+3	-4.795220E-5	1.877550E-6
9.316900E+3	-4.708790E-5	2.205390E-6
9.327100E+3	-4.595540E-5	1.877550E-6
9.349500E+3	-4.130630E-5	1.043090E-6
9.360400E+3	-3.868360E-5	1.251700E-6
9.369500E+3	-3.621010E-5	1.132500E-6
9.393300E+3	-3.480930E-5	2.384200E-7
9.402600E+3	-3.331920E-5	-4.172340E-7
9.423800E+3	-3.209730E-5	-8.344690E-7
9.433000E+3	-3.191850E-5	-9.834840E-7
9.454200E+3	-2.995150E-5	-2.384200E-7
9.463400E+3	-2.905740E-5	-5.364450E-7
9.484700E+3	-2.855070E-5	-6.258520E-7
9.494200E+3	-2.846130E-5	-5.066430E-7
9.518400E+3	-2.682220E-5	-2.384200E-7
9.527700E+3	-2.652420E-5	-1.072890E-6
9.538700E+3	-2.601750E-5	-2.115980E-6
9.561200E+3	-2.428900E-5	-1.043090E-6
9.571500E+3	-2.297770E-5	-2.980250E-7
9.595100E+3	-2.136840E-5	-1.490130E-7
9.604600E+3	-2.053390E-5	3.874320E-7
9.625600E+3	-2.014650E-5	2.026570E-6
9.635500E+3	-1.996770E-5	3.010050E-6
9.649700E+3	-1.993790E-5	2.563010E-6
9.669300E+3	-1.963980E-5	7.152590E-7
9.682600E+3	-1.907360E-5	-1.192100E-7
9.692700E+3	-1.832850E-5	-2.384200E-7
9.713400E+3	-1.597420E-5	3.874320E-7
9.726100E+3	-1.472240E-5	8.940730E-7
9.746200E+3	-1.376870E-5	1.877550E-6
9.756500E+3	-1.397730E-5	1.817950E-6
9.777000E+3	-1.370910E-5	1.609330E-6
9.786800E+3	-1.376870E-5	1.579530E-6
9.807800E+3	-1.358990E-5	1.907360E-6
9.817200E+3	-1.344090E-5	2.145780E-6
9.838600E+3	-1.317270E-5	2.175580E-6
9.847800E+3	-1.338130E-5	2.294790E-6
9.869300E+3	-1.227860E-5	1.937170E-6
9.869300E+3	-1.227860E-5	1.937170E-6
9.899800E+3	-1.242760E-5	3.874320E-7
9.908900E+3	-1.198060E-5	3.278270E-7
9.919600E+3	-1.150380E-5	-8.940740E-8
9.939400E+3	-9.328190E-6	2.980250E-8
9.950500E+3	-8.851350E-6	1.490120E-6
9.972700E+3	-7.540020E-6	2.205390E-6
9.983900E+3	-7.689060E-6	1.698740E-6
1.000290E+4	-9.417590E-6	1.132500E-6
1.001400E+4	-9.656010E-6	7.152590E-7
1.003360E+4	-9.238780E-6	3.874320E-7
1.004470E+4	-8.285100E-6	8.046660E-7
1.006440E+4	-7.301600E-6	-2.384200E-7
1.007570E+4	-7.003570E-6	-1.490130E-7
1.009540E+4	-7.987080E-6	1.251700E-6
1.010870E+4	-8.195700E-6	1.311310E-6
1.011880E+4	-7.867870E-6	2.115980E-6
1.014240E+4	-7.152590E-6	2.115980E-6
1.015220E+4	-7.122780E-6	1.281510E-6
1.016200E+4	-7.003570E-6	1.043090E-6
1.018570E+4	-7.569820E-6	1.400720E-6
1.019490E+4	-7.748660E-6	1.430520E-6
1.021610E+4	-6.794960E-6	2.056370E-6
1.022570E+4	-6.973770E-6	2.264990E-6
1.024950E+4	-5.573060E-6	1.221900E-6
1.025860E+4	-4.887610E-6	7.450620E-7
1.027140E+4	-4.977020E-6	7.152590E-7
1.029190E+4	-5.543260E-6	1.490130E-7
1.030210E+4	-5.245240E-6	-1.192100E-7
1.032230E+4	-4.082950E-6	3.576300E-7
1.033290E+4	-4.380970E-6	2.384200E-7
1.035550E+4	-4.887610E-6	-6.854570E-7
1.036540E+4	-4.500180E-6	-4.470370E-7
1.037660E+4	-4.261760E-6	-7.748640E-7
1.039840E+4	-3.933940E-6	-6.854570E-7
1.040980E+4	-4.321370E-6	-7.748640E-7
1.042980E+4	-4.857810E-6	-3.576300E-7
1.044130E+4	-4.112750E-6	-5.364450E-7
1.045070E+4	-3.367680E-6	-5.960500E-7
1.047510E+4	-3.933940E-6	-2.086170E-7
1.048450E+4	-4.828010E-6	8.940740E-8
1.050820E+4	-5.751880E-6	2.980250E-7
1.051790E+4	-5.453850E-6	5.960500E-7
1.052770E+4	-4.828010E-6	8.046660E-7
1.055130E+4	-3.784910E-6	7.748640E-7
1.056060E+4	-3.695500E-6	5.960510E-8
1.058190E+4	-5.006820E-6	8.940730E-7
1.059140E+4	-5.304840E-6	1.370910E-6
1.061530E+4	-3.993540E-6	1.579530E-6
1.062450E+4	-3.099460E-6	1.609330E-6
1.063550E+4	-3.606100E-6	1.698740E-6
1.065790E+4	-4.947210E-6	1.162300E-6
1.066820E+4	-5.573060E-6	9.536820E-7
1.069140E+4	-5.632670E-6	2.980250E-7
1.070090E+4	-5.304840E-6	-8.940740E-8
1.071210E+4	-4.678990E-6	-1.102690E-6
1.073150E+4	-3.755110E-6	-2.831240E-6
1.075200E+4	-3.397480E-6	-2.771630E-6
1.076260E+4	-3.099460E-6	-2.533210E-6
1.077350E+4	-3.516690E-6	-2.205390E-6
1.079390E+4	-4.440580E-6	-1.847750E-6
1.080420E+4	-4.470380E-6	-1.162300E-6
1.082670E+4	-5.006820E-6	-1.400720E-6
1.083780E+4	-5.304840E-6	-1.639140E-6
1.085790E+4	-3.457080E-6	-1.400720E-6
1.086840E+4	-2.533210E-6	-6.556550E-7
1.088880E+4	-2.235190E-6	7.450620E-7
1.089880E+4	-2.264990E-6	1.162300E-6
1.090830E+4	-1.788150E-6	1.370910E-6
1.093210E+4	-8.642710E-7	1.043090E-6
1.094430E+4	-1.102690E-6	-8.940740E-8
1.095510E+4	-1.460320E-6	-5.662480E-7
1.097480E+4	-1.847750E-6	3.278270E-7
1.099580E+4	-1.043090E-6	1.221900E-6
1.100530E+4	-1.043090E-6	1.221900E-6
1.101640E+4	-8.344690E-7	4.768410E-7
1.103800E+4	-1.400720E-6	1.639140E-6
1.104900E+4	-1.728540E-6	1.698740E-6
1.107120E+4	-2.086170E-7	4.768410E-7
1.108150E+4	-2.086170E-7	2.980250E-7
1.109240E+4	2.384200E-7	9.238760E-7
1.111240E+4	6.854570E-7	1.639140E-6
1.112290E+4	5.662480E-7	2.115980E-6
1.114550E+4	-2.056370E-6	1.490120E-6
1.115690E+4	-2.384200E-6	1.162300E-6
1.116940E+4	-2.324600E-6	7.748640E-7
1.119040E+4	-1.639140E-6	1.579530E-6
1.120020E+4	-1.400720E-6	7.450620E-7
1.122150E+4	-3.039850E-6	-4.768410E-7
1.123080E+4	-3.516690E-6	-3.278270E-7
1.125200E+4	-1.996770E-6	-2.980250E-8
1.126420E+4	-1.430520E-6	-2.682230E-7
1.128560E+4	-2.801430E-6	-2.086170E-7
1.129480E+4	-3.844530E-6	5.662480E-7
1.131610E+4	-4.023340E-6	1.728540E-6
1.132550E+4	-3.695500E-6	1.728540E-6
1.134640E+4	-2.086180E-6	-3.278270E-7
1.135560E+4	-1.490120E-6	-1.162300E-6
1.136680E+4	-4.172340E-7	-1.788150E-6
1.138930E+4	-4.768410E-7	-1.281510E-6
1.140050E+4	-6.854570E-7	-8.046660E-7
1.142020E+4	-9.834840E-7	-6.258520E-7
1.143140E+4	-9.536820E-7	-8.642710E-7
1.145120E+4	-1.281510E-6	3.278270E-7
1.146240E+4	-1.519930E-6	1.072890E-6
1.147180E+4	-1.549730E-6	1.281510E-6
1.149570E+4	-2.473610E-6	1.072890E-6
1.150540E+4	-2.384200E-6	1.251700E-6
1.152850E+4	-9.536820E-7	7.748640E-7
1.153870E+4	-6.258520E-7	9.536820E-7
1.155900E+4	-1.311310E-6	1.519930E-6
1.156890E+4	-1.519930E-6	1.072890E-6
1.158980E+4	-6.258520E-7	5.960510E-8
1.159930E+4	-8.642710E-7	2.980250E-8
1.162060E+4	-6.854570E-7	4.172340E-7
1.162990E+4	-2.086170E-7	1.221900E-6
1.165130E+4	3.576300E-7	1.728540E-6
1.166060E+4	1.490130E-7	1.430520E-6
1.167180E+4	-9.238760E-7	7.152590E-7
1.169740E+4	-1.877550E-6	-5.066430E-7
1.170670E+4	-1.728540E-6	-1.490130E-7
1.171790E+4	-1.072890E-6	5.960500E-7
1.173770E+4	-1.668940E-6	8.940730E-7
1.174890E+4	-1.698740E-6	8.344690E-7
1.176860E+4	-2.652420E-6	7.450620E-7
1.177970E+4	-2.712030E-6	1.072890E-6
1.180140E+4	-2.652420E-6	1.907360E-6
1.181270E+4	-2.145780E-6	2.443800E-6
1.183230E+4	-2.592820E-6	2.145780E-6
1.184350E+4	-3.218670E-6	2.533210E-6
1.186340E+4	-3.010050E-6	1.579530E-6
1.187440E+4	-2.056370E-6	1.072890E-6
1.188680E+4	-9.834840E-7	7.748640E-7
1.190790E+4	4.768410E-7	2.384200E-7
1.191730E+4	1.370910E-6	-2.086170E-7
1.193880E+4	-5.960500E-7	1.490120E-6
1.194800E+4	-1.072890E-6	1.549730E-6
1.197230E+4	-1.072890E-6	1.549730E-6
1.198150E+4	-2.443800E-6	-6.258520E-7
1.199250E+4	-3.188860E-6	-1.072890E-6
1.201490E+4	-3.814730E-6	-1.758340E-6
1.202500E+4	-3.963740E-6	-1.251700E-6
1.204530E+4	-2.831240E-6	-1.192100E-7
1.205600E+4	-6.556550E-7	2.086170E-7
1.207880E+4	5.066430E-7	2.384200E-7
1.208880E+4	1.281510E-6	1.192100E-7
1.210000E+4	1.132500E-6	-8.940740E-8
1.211980E+4	1.281510E-6	-2.384200E-7
1.213070E+4	7.450620E-7	-4.768410E-7
1.215090E+4	-1.072890E-6	-8.046660E-7
1.216140E+4	-1.072890E-6	-9.238760E-7
1.218410E+4	-2.503410E-6	-1.668940E-6
1.219530E+4	-2.503410E-6	-1.907360E-6
1.221550E+4	-2.175580E-6	-1.609330E-6
1.222620E+4	-1.162300E-6	-9.536820E-7
1.223850E+4	-5.662480E-7	-1.043090E-6
1.225980E+4	-1.162300E-6	-8.344690E-7
1.227230E+4	-1.430520E-6	-6.854570E-7
1.228170E+4	-1.579530E-6	-6.258520E-7
1.230600E+4	-1.937170E-6	2.980250E-7
1.231540E+4	-1.788150E-6	2.384200E-7
1.233950E+4	-1.043090E-6	-7.450620E-7
1.234870E+4	-7.450620E-7	-6.258520E-7
1.236990E+4	-3.278270E-7	-5.662480E-7
1.237920E+4	-2.682230E-7	-6.556550E-7
1.240050E+4	5.960510E-8	-6.258520E-7
1.240980E+4	-2.086170E-7	-3.278270E-7
1.242370E+4	-1.788150E-7	-5.364450E-7
1.244360E+4	-2.205390E-6	-2.086170E-7
1.245660E+4	-2.294790E-6	-2.980250E-8
1.247720E+4	-1.668940E-6	1.370910E-6
1.248770E+4	-1.579530E-6	6.258520E-7
1.249850E+4	-1.579530E-6	8.046660E-7
1.251870E+4	-9.834840E-7	5.960500E-7
1.253830E+4	-9.536820E-7	2.682230E-7
1.254960E+4	-1.072890E-6	9.238760E-7
1.256240E+4	-7.748640E-7	8.046660E-7
1.258240E+4	-2.980250E-8	8.642710E-7
1.259310E+4	-2.682230E-7	6.556550E-7
1.261360E+4	-1.192100E-7	8.940730E-7
1.262380E+4	-3.576300E-7	1.460320E-6
1.264480E+4	2.086170E-7	2.175580E-6
1.265440E+4	-5.364450E-7	2.414000E-6
1.267500E+4	-1.072890E-6	2.652420E-6
1.268520E+4	-9.536820E-7	3.546490E-6
1.270600E+4	-1.341110E-6	3.576290E-6
1.271560E+4	-1.162300E-6	3.576290E-6
1.272580E+4	-6.854570E-7	3.248470E-6
1.274630E+4	-1.102690E-6	2.145780E-6
1.276770E+4	-1.817950E-6	1.430520E-6
1.277700E+4	-2.175580E-6	1.460320E-6
1.278810E+4	-2.443800E-6	1.817950E-6
1.281100E+4	-2.205390E-6	8.642710E-7
1.282230E+4	-1.817950E-6	7.748640E-7
1.284180E+4	-1.639140E-6	7.152590E-7
1.285270E+4	-9.834840E-7	1.043090E-6
1.287560E+4	6.258520E-7	-4.768410E-7
1.288670E+4	7.152590E-7	-1.013290E-6
1.289690E+4	1.490130E-7	-1.013290E-6
1.291920E+4	4.470370E-7	-9.536820E-7
1.293020E+4	4.470370E-7	-9.834840E-7
1.293930E+4	-4.768410E-7	-1.162300E-6
1.296320E+4	-1.728540E-6	-1.162300E-6
1.297820E+4	-2.443800E-6	-7.748640E-7
1.298810E+4	-3.039850E-6	-4.470370E-7
1.300780E+4	-3.159060E-6	-3.576300E-7
1.301570E+4	-2.712030E-6	-5.066430E-7
1.303140E+4	-2.622620E-6	-8.642710E-7
1.303650E+4	-2.324600E-6	-5.662480E-7
1.304630E+4	-1.192100E-6	8.046660E-7
1.304820E+4	-1.102690E-6	1.639140E-6
1.305120E+4	-1.102690E-6	5.662480E-7
1.304970E+4	-1.072890E-6	4.470370E-7
1.304430E+4	-1.072890E-6	0.000000E+0
1.303820E+4	-6.258520E-7	-4.172340E-7
1.302470E+4	-6.258520E-7	4.470370E-7
1.301460E+4	-5.662480E-7	9.536820E-7
1.300150E+4	-7.450620E-7	5.066430E-7
1.297610E+4	-5.364450E-7	1.788150E-7
1.296300E+4	-6.258520E-7	-1.788150E-7
1.293380E+4	-1.221900E-6	-1.251700E-6
1.292020E+4	-1.221900E-6	-1.043090E-6
1.288700E+4	-2.235190E-6	-1.341110E-6
1.287340E+4	-2.115980E-6	-8.642710E-7
1.286020E+4	-2.026570E-6	1.490130E-7
1.283010E+4	-2.294790E-6	6.556550E-7
1.281820E+4	-2.294790E-6	7.450620E-7
1.279510E+4	-1.758340E-6	0.000000E+0
1.278490E+4	-8.940730E-7	-2.086170E-7
1.276380E+4	-1.251700E-6	-5.066430E-7
1.275430E+4	-1.370910E-6	-5.662480E-7
1.274120E+4	-1.579530E-6	-2.384200E-7
1.272330E+4	-9.238760E-7	6.556550E-7
1.271310E+4	-9.834840E-7	1.490120E-6
1.269270E+4	-7.748640E-7	2.264990E-6
1.268190E+4	-1.251700E-6	2.264990E-6
1.267260E+4	-1.221900E-6	1.877550E-6
1.265180E+4	-8.344690E-7	4.470370E-7
1.263200E+4	-8.940730E-7	-3.874320E-7
1.262120E+4	-1.162300E-6	-4.768410E-7
1.260890E+4	-1.102690E-6	-6.854570E-7
1.258790E+4	-2.115980E-6	-1.460320E-6
1.257530E+4	-2.533210E-6	-1.132500E-6
1.256600E+4	-2.682220E-6	-8.940730E-7
1.254190E+4	-1.877550E-6	-7.748640E-7
1.253260E+4	-2.115980E-6	-8.046660E-7
1.250850E+4	-1.490120E-6	-1.102690E-6
1.249930E+4	-1.430520E-6	-1.072890E-6
1.248960E+4	-1.072890E-6	-6.258520E-7
1.246930E+4	-1.490120E-6	8.642710E-7
1.245900E+4	-9.536820E-7	2.145780E-6
1.243890E+4	-2.980250E-7	2.712030E-6
1.242830E+4	-6.556550E-7	2.443800E-6
1.240870E+4	-2.086170E-7	3.576300E-7
1.239770E+4	2.682230E-7	1.013290E-6
1.237570E+4	4.768410E-7	8.940740E-8
1.236550E+4	-1.192100E-7	2.384200E-7
1.235480E+4	-3.874320E-7	4.768410E-7
1.233190E+4	-1.609330E-6	4.470370E-7
1.232150E+4	-1.728540E-6	4.768410E-7
1.230240E+4	-1.162300E-6	1.013290E-6
1.229140E+4	-8.344690E-7	6.556550E-7
1.227930E+4	-2.384200E-7	7.748640E-7
1.225810E+4	1.490120E-6	6.258520E-7
1.224900E+4	1.192100E-6	5.066430E-7
1.222530E+4	2.682230E-7	2.086170E-7
1.221610E+4	-2.682230E-7	0.000000E+0
1.219530E+4	-2.086180E-6	1.460320E-6
1.218620E+4	-2.205390E-6	1.788150E-6
1.216510E+4	-9.238760E-7	2.086170E-7
1.215590E+4	-3.874320E-7	-8.642710E-7
1.213490E+4	4.470370E-7	-7.748640E-7
1.212540E+4	-2.384200E-7	-7.748640E-7
1.211240E+4	0.000000E+0	-2.086170E-7
1.209250E+4	1.251700E-6	1.341110E-6
1.208150E+4	1.221900E-6	1.281510E-6
1.205930E+4	1.788150E-6	1.609330E-6
1.204900E+4	2.294790E-6	1.311310E-6
1.202880E+4	2.473610E-6	5.960500E-7
1.201800E+4	2.712030E-6	5.662480E-7
1.200760E+4	2.592820E-6	8.642710E-7
1.198550E+4	1.490120E-6	1.162300E-6
1.197440E+4	8.642710E-7	1.758340E-6
1.195490E+4	-7.748640E-7	1.877550E-6
1.194420E+4	-1.192100E-6	2.115980E-6
1.192400E+4	-1.996770E-6	6.258520E-7
1.191380E+4	-1.579530E-6	-3.874320E-7
1.189320E+4	-1.013290E-6	-1.490130E-7
1.188350E+4	0.000000E+0	2.980250E-8
1.186250E+4	7.450620E-7	-8.642710E-7
1.185010E+4	1.519930E-6	2.086170E-7
1.183000E+4	1.162300E-6	1.341110E-6
1.182020E+4	1.162300E-6	1.043090E-6
1.180830E+4	5.066430E-7	1.490120E-6
1.178730E+4	-1.788150E-7	1.072890E-6
1.177820E+4	-6.854570E-7	9.238760E-7
1.176440E+4	-5.662480E-7	8.046660E-7
1.174490E+4	-1.400720E-6	9.238760E-7
1.173190E+4	-1.400720E-6	1.072890E-6
1.171160E+4	-1.251700E-6	-4.172340E-7
1.170110E+4	-1.668940E-6	0.000000E+0
1.169040E+4	-1.579530E-6	5.960500E-7
1.166830E+4	-2.145780E-6	4.470370E-7
1.165710E+4	-2.384200E-6	2.980250E-7
1.163770E+4	-2.384200E-6	1.490130E-7
1.162680E+4	-2.473610E-6	-8.940740E-8
1.160690E+4	-2.890840E-6	1.788150E-7
1.159670E+4	-2.741830E-6	-1.490130E-7
1.157490E+4	-1.460320E-6	-1.460320E-6
1.156390E+4	-1.102690E-6	-1.907360E-6
1.155180E+4	-1.519930E-6	-1.788150E-6
1.153130E+4	-1.579530E-6	-1.072890E-6
1.152170E+4	-1.460320E-6	-4.172340E-7
1.150050E+4	-1.817950E-6	0.000000E+0
1.148820E+4	-1.311310E-6	-5.960510E-8
1.147900E+4	-8.046660E-7	8.940740E-8
1.145790E+4	-1.192100E-7	6.854570E-7
1.144840E+4	-7.450620E-7	8.046660E-7
1.142790E+4	-9.238760E-7	7.450620E-7
1.141500E+4	-5.364450E-7	8.642710E-7
1.139460E+4	-3.874320E-7	2.264990E-6
1.138420E+4	8.940740E-8	2.563010E-6
1.136420E+4	2.980250E-7	3.635900E-6
1.135340E+4	-8.940740E-8	2.831240E-6
1.133390E+4	-6.556550E-7	1.281510E-6
1.132380E+4	-5.066430E-7	5.066430E-7
1.130390E+4	-1.162300E-6	0.000000E+0
1.129300E+4	-1.311310E-6	-5.960500E-7
1.127350E+4	-2.086170E-7	-1.221900E-6
1.126240E+4	6.556550E-7	-1.102690E-6
1.125260E+4	5.066430E-7	-1.013290E-6
1.122910E+4	-8.940740E-8	5.066430E-7
1.121950E+4	-1.490130E-7	1.341110E-6
1.119650E+4	-1.251700E-6	5.364450E-7
1.118620E+4	-1.996770E-6	3.874320E-7
1.117710E+4	-2.473610E-6	2.384200E-7
1.115310E+4	-2.086180E-6	5.066430E-7
1.114400E+4	-2.920640E-6	8.642710E-7
1.113170E+4	-2.890840E-6	6.556550E-7
1.111100E+4	-2.980250E-6	1.788150E-7
1.110100E+4	-2.473610E-6	2.384200E-7
1.108080E+4	-9.536820E-7	5.066430E-7
1.106840E+4	-1.192100E-6	1.490130E-7
1.104740E+4	-1.192100E-6	-1.043090E-6
1.103760E+4	-8.344690E-7	-2.056370E-6
1.101680E+4	-1.162300E-6	-1.907360E-6
1.100660E+4	-1.639140E-6	-1.311310E-6
1.099340E+4	-1.251700E-6	-8.940730E-7
1.097120E+4	-8.642710E-7	-2.980250E-8
1.096110E+4	-1.668940E-6	1.490130E-7
1.095040E+4	-2.205390E-6	4.172340E-7
1.092760E+4	-3.188860E-6	1.937170E-6
1.091720E+4	-1.579530E-6	2.056370E-6
1.089700E+4	-5.662480E-7	2.205390E-6
1.088690E+4	-1.132500E-6	1.966970E-6
1.086640E+4	-2.086180E-6	1.817950E-6
1.085680E+4	-2.235190E-6	1.549730E-6
1.083580E+4	-1.788150E-6	2.682220E-6
1.082660E+4	-6.258520E-7	2.622620E-6
1.080550E+4	-3.576300E-7	2.771630E-6
1.079340E+4	-3.576300E-7	2.712030E-6
1.078380E+4	-5.364450E-7	2.592820E-6
1.076340E+4	-1.609330E-6	1.132500E-6
1.075330E+4	-1.609330E-6	1.072890E-6
1.073320E+4	-1.311310E-6	1.549730E-6
1.072260E+4	-1.907360E-6	1.966970E-6
1.070290E+4	-2.026570E-6	1.668940E-6
1.069160E+4	-2.145780E-6	6.854570E-7
1.067200E+4	-2.086180E-6	-5.960500E-7
1.066080E+4	-1.668940E-6	-9.834840E-7
1.063900E+4	-2.890840E-6	-3.576300E-7
1.062810E+4	-4.351170E-6	0.000000E+0
1.060860E+4	-5.036620E-6	6.854570E-7
1.059750E+4	-5.692270E-6	1.311310E-6
1.057810E+4	-6.228710E-6	1.668940E-6
1.056690E+4	-5.900890E-6	1.072890E-6
1.055770E+4	-5.513460E-6	7.748640E-7
1.053440E+4	-4.410770E-6	8.046660E-7
1.052450E+4	-4.112750E-6	2.086170E-7
1.050200E+4	-4.291560E-6	3.278270E-7
1.049130E+4	-4.619390E-6	-1.192100E-7
1.048210E+4	-4.828010E-6	-8.046660E-7
1.045820E+4	-4.470380E-6	7.450620E-7
1.044890E+4	-4.708800E-6	2.980250E-8
1.042550E+4	-5.394250E-6	-8.046660E-7
1.041550E+4	-5.602870E-6	-7.152590E-7
1.040340E+4	-5.602870E-6	-1.132500E-6
1.038230E+4	-5.573060E-6	-1.758340E-6
1.037310E+4	-5.394250E-6	-2.354400E-6
1.035190E+4	-4.559780E-6	-2.324600E-6
1.034260E+4	-4.977020E-6	-1.937170E-6
1.033140E+4	-5.394250E-6	-1.639140E-6
1.030950E+4	-5.036620E-6	-1.370910E-6
1.029870E+4	-4.708800E-6	-1.192100E-6
1.027610E+4	-4.261760E-6	5.960510E-8
1.026520E+4	-4.440580E-6	3.874320E-7
1.025490E+4	-4.351170E-6	1.013290E-6
1.023290E+4	-4.768400E-6	1.549730E-6
1.022200E+4	-5.364450E-6	1.609330E-6
1.020220E+4	-6.020100E-6	1.013290E-6
1.018930E+4	-6.884370E-6	1.370910E-6
1.017980E+4	-7.152590E-6	1.758340E-6
1.015650E+4	-7.987080E-6	1.996770E-6
1.014640E+4	-7.718860E-6	1.460320E-6
1.012590E+4	-7.063180E-6	6.556550E-7
1.011620E+4	-7.033380E-6	1.192100E-7
1.009510E+4	-6.645950E-6	3.278270E-7
1.008590E+4	-7.301600E-6	3.576300E-7
1.006470E+4	-7.510210E-6	-5.960510E-8
1.005560E+4	-7.867870E-6	8.940740E-8
1.003450E+4	-6.705550E-6	1.579530E-6
1.002260E+4	-6.735350E-6	2.175580E-6
1.001240E+4	-7.301600E-6	2.414000E-6
9.992200E+3	-8.136090E-6	1.996770E-6
9.979700E+3	-8.851350E-6	1.996770E-6
9.958600E+3	-1.004340E-5	-2.086170E-7
9.948800E+3	-1.040110E-5	-9.238760E-7
9.937500E+3	-1.046070E-5	-1.490120E-6
9.915300E+3	-1.040110E-5	-6.556550E-7
9.904100E+3	-1.043090E-5	-9.536820E-7
9.884400E+3	-9.924230E-6	-3.874320E-7
9.874200E+3	-1.013280E-5	-2.980250E-8
9.854700E+3	-1.049050E-5	-2.384200E-7
9.843600E+3	-1.055010E-5	-6.854570E-7
9.823900E+3	-9.685810E-6	-3.576300E-7
9.813200E+3	-9.954030E-6	-1.192100E-7
9.790300E+3	-1.171240E-5	2.980250E-7
9.779900E+3	-1.177200E-5	3.576300E-7
9.770800E+3	-1.201040E-5	1.788150E-7
9.749800E+3	-1.308330E-5	7.450620E-7
9.728800E+3	-1.329190E-5	1.817950E-6
9.719400E+3	-1.388790E-5	1.758340E-6
9.709400E+3	-1.412640E-5	1.370910E-6
9.689200E+3	-1.481180E-5	2.980250E-8
9.676800E+3	-1.499060E-5	-2.086170E-7
9.665700E+3	-1.487140E-5	5.960500E-7
9.643900E+3	-1.510980E-5	-1.192100E-7
9.633000E+3	-1.585500E-5	-8.642710E-7
9.610600E+3	-1.725570E-5	-5.960500E-7
9.600500E+3	-1.847760E-5	2.980250E-8
9.580300E+3	-1.981870E-5	3.874320E-7
9.569800E+3	-2.023590E-5	-4.470370E-7
9.550200E+3	-2.199420E-5	-1.013290E-6
9.539200E+3	-2.244130E-5	-6.258520E-7
9.519800E+3	-2.339490E-5	4.470370E-7
9.508600E+3	-2.461680E-5	1.072890E-6
9.489200E+3	-2.619640E-5	5.364450E-7
9.478100E+3	-2.610700E-5	2.980250E-8
9.458600E+3	-2.557050E-5	-6.556550E-7
9.447800E+3	-2.583870E-5	-9.536820E-7
9.438700E+3	-2.664340E-5	-1.281510E-6
9.417500E+3	-2.902760E-5	-1.817950E-6
9.408200E+3	-3.018990E-5	-1.311310E-6
9.387100E+3	-3.173970E-5	1.788150E-7
9.377400E+3	-3.251460E-5	1.609330E-6
9.356600E+3	-3.510740E-5	2.771630E-6
9.346400E+3	-3.623990E-5	1.996770E-6
9.326100E+3	-3.874330E-5	7.152590E-7
9.316400E+3	-3.960750E-5	-2.384200E-7
9.292900E+3	-4.187250E-5	-1.400720E-6
9.283100E+3	-4.282620E-5	-1.698740E-6
9.262800E+3	-4.512090E-5	-2.473610E-6
9.252500E+3	-4.646210E-5	-1.937170E-6
9.239500E+3	-4.765410E-5	-9.834840E-7
9.220200E+3	-5.072380E-5	7.152590E-7
9.207300E+3	-5.325700E-5	8.642710E-7
9.196700E+3	-5.549220E-5	8.940740E-8
9.174700E+3	-5.891940E-5	-6.556550E-7
9.163600E+3	-6.118460E-5	-2.682230E-7
9.142000E+3	-6.550600E-5	-8.940740E-8
9.130700E+3	-6.741330E-5	3.278270E-7
9.111200E+3	-7.084060E-5	-2.384200E-7
9.100000E+3	-7.340360E-5	-7.748640E-7
9.080400E+3	-7.915540E-5	1.281510E-6
9.069300E+3	-8.156940E-5	1.490120E-6
9.049500E+3	-8.690400E-5	1.043090E-6
9.038800E+3	-9.140420E-5	5.960500E-7
9.026800E+3	-9.417580E-5	-8.940740E-8
9.016900E+3	-9.694740E-5	-5.960510E-8
8.993500E+3	-1.029970E-4	5.662480E-7
8.984300E+3	-1.058880E-4	8.642710E-7
8.960200E+3	-1.139940E-4	1.788150E-7
8.950800E+3	-1.176600E-4	-1.788150E-7
8.939500E+3	-1.232630E-4	1.251700E-6
8.917800E+3	-1.299090E-4	2.384200E-7
8.906800E+3	-1.344690E-4	4.172340E-7
8.887300E+3	-1.420090E-4	1.788150E-7
8.876200E+3	-1.462710E-4	-2.980250E-8
8.856700E+3	-1.546450E-4	-1.192100E-6
8.843600E+3	-1.587280E-4	-8.642710E-7
8.833100E+3	-1.633180E-4	-5.960510E-8
8.811200E+3	-1.729140E-4	1.013290E-6
8.800000E+3	-1.771160E-4	1.370910E-6
8.780400E+3	-1.856100E-4	1.430520E-6
8.769700E+3	-1.896330E-4	1.370910E-6
8.747900E+3	-1.981270E-4	1.788150E-7
8.736700E+3	-2.028950E-4	5.960500E-7
8.717200E+3	-2.104650E-4	-1.490130E-7
8.706100E+3	-2.144580E-4	-3.874320E-7
8.686300E+3	-2.221180E-4	-1.788150E-7
8.675800E+3	-2.251570E-4	-9.238760E-7
8.666700E+3	-2.281970E-4	-9.834840E-7
8.642500E+3	-2.382110E-4	-8.344690E-7
8.633300E+3	-2.411020E-4	-1.251700E-6
8.612300E+3	-2.477490E-4	-1.311310E-6
8.603300E+3	-2.511460E-4	-1.400720E-6
8.582200E+3	-2.588350E-4	-1.639140E-6
8.573000E+3	-2.632760E-4	-9.238760E-7
8.552100E+3	-2.690870E-4	-1.102690E-6
8.542400E+3	-2.729020E-4	-7.152590E-7
8.522000E+3	-2.813950E-4	2.980250E-7
8.511800E+3	-2.851210E-4	8.046660E-7
8.491600E+3	-2.905450E-4	-1.102690E-6
8.480900E+3	-2.948660E-4	2.980250E-8
8.470500E+3	-2.976970E-4	2.980250E-7
8.448600E+3	-3.033300E-4	7.748640E-7
8.437400E+3	-3.053860E-4	4.768410E-7
8.417800E+3	-3.110490E-4	1.043090E-6
8.407000E+3	-3.122410E-4	2.682230E-7
8.386800E+3	-3.138500E-4	-1.281510E-6
8.376500E+3	-3.137610E-4	-1.966970E-6
8.355900E+3	-3.148630E-4	-5.960500E-7
8.346000E+3	-3.135820E-4	-2.115980E-6
8.325000E+3	-3.113770E-4	-2.712030E-6
8.315700E+3	-3.094990E-4	-3.308070E-6
8.294700E+3	-3.070850E-4	-1.668940E-6
8.285600E+3	-3.042540E-4	-2.741830E-6
8.264500E+3	-3.021080E-4	-1.937170E-6
8.252600E+3	-3.004090E-4	-2.712030E-6
8.242700E+3	-2.985620E-4	-2.473610E-6
8.219300E+3	-2.941810E-4	-1.370910E-6
8.209900E+3	-2.917370E-4	-8.344690E-7
8.197000E+3	-2.898890E-4	2.682230E-7
8.176800E+3	-2.833620E-4	-7.450620E-7
8.166100E+3	-2.809780E-4	-2.086170E-7
8.143500E+3	-2.748690E-4	-1.698740E-6
8.132500E+3	-2.711430E-4	-1.847750E-6
8.119600E+3	-2.671200E-4	-2.831240E-6
8.110500E+3	-2.630370E-4	-3.576290E-6
8.084400E+3	-2.492090E-4	-3.129260E-6
8.074200E+3	-2.403860E-4	-3.159060E-6
8.054700E+3	-2.251570E-4	-1.311310E-6
8.044100E+3	-2.161570E-4	-1.072890E-6
8.034900E+3	-2.023590E-4	-5.364450E-7
8.007800E+3	-1.778020E-4	-8.046660E-7
7.998400E+3	-1.650160E-4	-6.556550E-7
7.977100E+3	-1.401020E-4	1.162300E-6
7.967800E+3	-1.263930E-4	5.960500E-7
7.946500E+3	-9.462280E-5	-8.940740E-8
7.934400E+3	-7.852960E-5	-5.066430E-7
7.924600E+3	-6.598280E-5	-2.980250E-8
7.904300E+3	-3.811740E-5	-3.874320E-7
7.894200E+3	-2.416980E-5	-3.278270E-7
7.874200E+3	1.847750E-6	-2.682230E-7
7.863600E+3	1.513960E-5	7.152590E-7
7.844000E+3	4.038240E-5	2.026570E-6
7.831200E+3	5.444910E-5	1.996770E-6
7.810900E+3	7.593680E-5	1.937170E-6
7.800100E+3	8.529470E-5	1.966970E-6
7.789500E+3	9.521890E-5	1.907360E-6
7.766500E+3	1.109250E-4	3.248470E-6
7.756000E+3	1.176600E-4	3.337870E-6
7.733800E+3	1.301180E-4	2.831240E-6
7.722700E+3	1.353630E-4	2.652420E-6
7.713600E+3	1.397140E-4	2.503410E-6
7.689900E+3	1.467480E-4	1.847750E-6
7.680200E+3	1.491620E-4	1.192100E-6
7.659200E+3	1.522610E-4	5.662480E-7
7.650100E+3	1.531250E-4	5.662480E-7
7.629000E+3	1.563440E-4	-2.384200E-7
7.619900E+3	1.567310E-4	-6.258520E-7
7.598800E+3	1.567310E-4	-5.960500E-7
7.589600E+3	1.558670E-4	-1.490130E-7
7.568600E+3	1.544660E-4	1.221900E-6
7.558900E+3	1.546450E-4	1.996770E-6
7.545800E+3	1.545560E-4	2.980250E-6
7.526100E+3	1.529760E-4	2.861040E-6
7.514900E+3	1.528570E-4	2.115980E-6
7.495600E+3	1.528570E-4	1.519930E-6
7.484400E+3	1.524100E-4	1.758340E-6
7.464900E+3	1.502640E-4	2.115980E-6
7.453700E+3	1.491320E-4	1.192100E-6
7.434300E+3	1.471650E-4	8.344690E-7
7.423300E+3	1.461520E-4	1.132500E-6
7.401900E+3	1.444530E-4	1.788150E-7
7.390600E+3	1.442140E-4	5.960510E-8
7.381500E+3	1.442140E-4	2.980250E-7
7.358200E+3	1.431410E-4	7.748640E-7
7.348100E+3	1.424560E-4	-1.192100E-7
7.324600E+3	1.394460E-4	-1.549730E-6
7.314700E+3	1.380150E-4	-1.877550E-6
7.305600E+3	1.372700E-4	-1.430520E-6
7.281200E+3	1.356910E-4	-6.258520E-7
7.272300E+3	1.343500E-4	5.960510E-8
7.251000E+3	1.322640E-4	8.940730E-7
7.241700E+3	1.323830E-4	6.556550E-7
7.221000E+3	1.319950E-4	-1.192100E-7
7.211200E+3	1.318460E-4	-6.556550E-7
7.198000E+3	1.307740E-4	-1.072890E-6
7.178400E+3	1.278830E-4	-4.470370E-7
7.167200E+3	1.261540E-4	-2.384200E-7
7.147900E+3	1.239190E-4	-1.341110E-6
7.136500E+3	1.230850E-4	-1.668940E-6
7.115100E+3	1.208190E-4	-9.834840E-7
7.104000E+3	1.209380E-4	-4.470370E-7
7.084600E+3	1.204020E-4	5.066430E-7
7.073300E+3	1.202530E-4	6.556550E-7
7.053800E+3	1.181960E-4	1.937170E-6
7.042700E+3	1.168850E-4	2.473610E-6
7.023200E+3	1.164980E-4	2.652420E-6
7.012300E+3	1.166170E-4	2.205390E-6
7.003300E+3	1.151570E-4	2.175580E-6
6.979300E+3	1.142630E-4	1.549730E-6
6.970100E+3	1.144710E-4	1.311310E-6
6.949000E+3	1.136070E-4	2.682230E-7
6.940000E+3	1.121760E-4	-2.980250E-8
6.918700E+3	1.113720E-4	-8.940740E-8
6.909700E+3	1.112530E-4	2.980250E-8
6.896800E+3	1.106560E-4	1.132500E-6
6.876300E+3	1.088680E-4	1.281510E-6
6.863200E+3	1.086600E-4	-8.940740E-8
6.852100E+3	1.082130E-4	3.874320E-7
6.830700E+3	1.081530E-4	9.536820E-7
6.819300E+3	1.077950E-4	8.940730E-7
6.799900E+3	1.069010E-4	1.043090E-6
6.788600E+3	1.068720E-4	1.192100E-6
6.769000E+3	1.060670E-4	1.847750E-6
6.758200E+3	1.063650E-4	1.758340E-6
6.738300E+3	1.057990E-4	1.341110E-6
6.728000E+3	1.047850E-4	7.450620E-7
6.716100E+3	1.033250E-4	1.013290E-6
6.694900E+3	1.024010E-4	1.311310E-6
6.682900E+3	1.018950E-4	1.847750E-6
6.662300E+3	1.012990E-4	2.980250E-6
6.652800E+3	1.010900E-4	3.039850E-6
6.640700E+3	1.009410E-4	3.308070E-6
6.619300E+3	1.008520E-4	3.159060E-6
6.610100E+3	1.017160E-4	3.069650E-6
6.585900E+3	1.026100E-4	2.264990E-6
6.576500E+3	1.025200E-4	2.622620E-6
6.555600E+3	1.018950E-4	2.443800E-6
6.546400E+3	1.008220E-4	1.937170E-6
6.525200E+3	9.900380E-5	1.400720E-6
6.515800E+3	9.900380E-5	1.370910E-6
6.501700E+3	9.921240E-5	1.549730E-6
6.482400E+3	9.936140E-5	1.609330E-6
6.471100E+3	9.939120E-5	1.370910E-6
6.449800E+3	9.995750E-5	1.192100E-6
6.438600E+3	9.945080E-5	1.192100E-6
6.419100E+3	9.656000E-5	1.847750E-6
6.407800E+3	9.599370E-5	1.192100E-6
6.388300E+3	9.602350E-5	9.536820E-7
6.377100E+3	9.599370E-5	6.854570E-7
6.357400E+3	9.560630E-5	8.642710E-7
6.347200E+3	9.554670E-5	7.450620E-7
6.337700E+3	9.617260E-5	9.536820E-7
6.313700E+3	9.518910E-5	9.536820E-7
6.304400E+3	9.459300E-5	1.311310E-6
6.283100E+3	9.268570E-5	1.490120E-6
6.274100E+3	9.250690E-5	1.847750E-6
6.274100E+3	9.250690E-5	1.847750E-6
6.243700E+3	9.134460E-5	1.937170E-6
6.232500E+3	9.110620E-5	1.847750E-6
6.210300E+3	9.030150E-5	3.576290E-6
6.199800E+3	9.086770E-5	4.619390E-6
6.176700E+3	9.059950E-5	4.768400E-6
6.166900E+3	9.048030E-5	3.695500E-6
6.146200E+3	8.937760E-5	3.039850E-6
6.136100E+3	8.848360E-5	2.264990E-6
6.116100E+3	8.675500E-5	1.281510E-6
6.105400E+3	8.651660E-5	1.043090E-6
6.086100E+3	8.633780E-5	5.662480E-7
6.074900E+3	8.663580E-5	-3.278270E-7
6.055700E+3	8.651660E-5	-3.278270E-7
6.044400E+3	8.615900E-5	-5.364450E-7
6.024900E+3	8.490730E-5	-5.960510E-8
6.013800E+3	8.371520E-5	6.854570E-7
5.994100E+3	8.338740E-5	5.364450E-7
5.983300E+3	8.311910E-5	4.470370E-7
5.974300E+3	8.228470E-5	1.072890E-6
5.950400E+3	8.028790E-5	8.940730E-7
5.941200E+3	7.972170E-5	6.854570E-7
5.920200E+3	7.918520E-5	1.788150E-6
5.911200E+3	7.876800E-5	2.503410E-6
5.890000E+3	7.832100E-5	2.056370E-6
5.880900E+3	7.823160E-5	1.490120E-6
5.859700E+3	7.760570E-5	4.172340E-7
5.850100E+3	7.697990E-5	5.960510E-8
5.829500E+3	7.510230E-5	1.281510E-6
5.819300E+3	7.474470E-5	1.043090E-6
5.798900E+3	7.477450E-5	1.698740E-6
5.788300E+3	7.525130E-5	1.996770E-6
5.768600E+3	7.545990E-5	8.642710E-7
5.758600E+3	7.507250E-5	6.854570E-7
5.738200E+3	7.271810E-5	1.132500E-6
5.727600E+3	7.137700E-5	1.579530E-6
5.707600E+3	6.929090E-5	2.890840E-6
5.707600E+3	6.929090E-5	2.890840E-6
5.686300E+3	6.845640E-5	1.579530E-6
5.665800E+3	6.592320E-5	8.940740E-8
5.646100E+3	6.383700E-5	-9.834840E-7
5.634800E+3	6.368800E-5	-1.162300E-6
5.625600E+3	6.365820E-5	-2.086170E-7
5.602300E+3	6.347940E-5	1.996770E-6
5.592500E+3	6.291320E-5	2.145780E-6
5.592500E+3	6.291320E-5	2.145780E-6
5.559300E+3	5.945590E-5	7.152590E-7
5.547300E+3	5.918760E-5	1.162300E-6
5.526000E+3	5.942610E-5	2.294790E-6
5.517000E+3	5.877040E-5	1.668940E-6
5.496100E+3	5.686310E-5	1.102690E-6
5.486700E+3	5.593920E-5	1.251700E-6
5.475400E+3	5.421070E-5	7.748640E-7
5.454000E+3	5.266090E-5	1.758340E-6
5.442800E+3	5.331660E-5	2.205390E-6
5.420700E+3	5.349540E-5	1.996770E-6
5.410300E+3	5.203510E-5	2.264990E-6
5.397200E+3	5.158810E-5	1.937170E-6
5.377900E+3	5.084300E-5	-8.940740E-8
5.364800E+3	5.099200E-5	-7.748640E-7
5.354100E+3	5.033640E-5	-7.152590E-7
5.331100E+3	4.902510E-5	-5.662480E-7
5.320800E+3	4.830980E-5	1.192100E-7
5.311600E+3	4.732630E-5	1.341110E-6
5.287600E+3	4.678990E-5	1.162300E-6
5.278500E+3	4.676010E-5	1.639140E-6
5.257300E+3	4.696870E-5	2.264990E-6
5.248200E+3	4.652170E-5	3.188860E-6
5.227100E+3	4.458450E-5	3.665700E-6
5.206600E+3	4.231950E-5	2.056370E-6
5.197100E+3	4.208110E-5	1.132500E-6
5.185000E+3	4.106780E-5	9.834840E-7
5.163600E+3	4.026320E-5	4.768410E-7
5.154500E+3	3.930950E-5	8.344690E-7
5.143200E+3	3.847500E-5	1.788150E-6
5.121300E+3	3.761080E-5	9.536820E-7
5.110600E+3	3.761080E-5	1.192100E-7
5.090800E+3	3.704450E-5	0.000000E+0
5.079500E+3	3.638890E-5	-8.940740E-8
5.060100E+3	3.618030E-5	-5.960500E-7
5.048800E+3	3.632930E-5	-1.370910E-6
5.029600E+3	3.436230E-5	-1.907360E-6
5.018400E+3	3.343840E-5	-2.145780E-6
4.999000E+3	3.197810E-5	-1.937170E-6
4.988100E+3	3.284240E-5	-2.294790E-6
4.968100E+3	3.260400E-5	-1.430520E-6
4.957800E+3	3.272320E-5	-5.066430E-7
4.937200E+3	3.173970E-5	0.000000E+0
4.927200E+3	3.141190E-5	-1.490130E-7
4.906000E+3	3.141190E-5	-1.490130E-7
4.896600E+3	2.890840E-5	-6.854570E-7
4.875200E+3	2.837190E-5	-9.834840E-7
4.866100E+3	2.792490E-5	-7.748640E-7
4.845200E+3	2.720960E-5	-5.066430E-7
4.836000E+3	2.673280E-5	-5.066430E-7
4.814700E+3	2.655400E-5	-2.384200E-7
4.802700E+3	2.661360E-5	-3.278270E-7
4.792300E+3	2.673280E-5	-8.046660E-7
4.772500E+3	2.604730E-5	2.086170E-7
4.762600E+3	2.539170E-5	2.384200E-7
4.742400E+3	2.431880E-5	1.013290E-6
4.732100E+3	2.339490E-5	1.281510E-6
4.712200E+3	2.202400E-5	1.758340E-6
4.701200E+3	2.232210E-5	2.592820E-6
4.681800E+3	2.163660E-5	1.847750E-6
4.670600E+3	2.118960E-5	8.642710E-7
4.648200E+3	2.029550E-5	5.960500E-7
4.636800E+3	2.002730E-5	2.980250E-7
4.618000E+3	1.984850E-5	-7.748640E-7
4.605900E+3	1.916300E-5	-1.788150E-6
4.593600E+3	1.782190E-5	-2.264990E-6
4.573300E+3	1.797090E-5	-2.443800E-6
4.560700E+3	1.829870E-5	-2.801430E-6
4.541100E+3	1.782190E-5	-1.937170E-6
4.530700E+3	1.770270E-5	-1.639140E-6
4.510500E+3	1.746430E-5	-1.341110E-6
4.500400E+3	1.737490E-5	-1.400720E-6
4.491000E+3	1.680860E-5	-1.311310E-6
4.470000E+3	1.540790E-5	-4.768410E-7
4.460000E+3	1.552710E-5	-2.682230E-7
4.436400E+3	1.552710E-5	9.536820E-7
4.427100E+3	1.549730E-5	7.152590E-7
4.415700E+3	1.496080E-5	5.066430E-7
4.393900E+3	1.347070E-5	4.768410E-7
4.383100E+3	1.397730E-5	4.470370E-7
4.363500E+3	1.546750E-5	5.066430E-7
4.352300E+3	1.576550E-5	2.980250E-7
4.332900E+3	1.475220E-5	-4.768410E-7
4.319900E+3	1.430520E-5	-6.258520E-7
4.300000E+3	1.376870E-5	-9.238760E-7
4.289000E+3	1.361970E-5	-6.556550E-7
4.269400E+3	1.406680E-5	-7.152590E-7
4.258100E+3	1.332170E-5	-9.834840E-7
4.238500E+3	1.317270E-5	-1.728540E-6
4.227100E+3	1.221900E-5	-2.145780E-6
4.214600E+3	1.189120E-5	-2.324600E-6
4.194300E+3	1.284490E-5	-1.043090E-6
4.184300E+3	1.338130E-5	-2.682230E-7
4.163500E+3	1.364950E-5	1.490120E-6
4.154000E+3	1.397730E-5	1.758340E-6
4.130800E+3	1.361970E-5	2.682230E-7
4.120700E+3	1.281510E-5	3.576300E-7
4.111700E+3	1.326210E-5	1.102690E-6
4.090600E+3	1.361970E-5	1.221900E-6
4.078600E+3	1.347070E-5	5.066430E-7
4.057400E+3	1.212960E-5	8.344690E-7
4.048300E+3	1.093750E-5	7.450620E-7
4.037100E+3	1.090770E-5	2.980250E-8
4.015200E+3	1.019250E-5	-6.258520E-7
4.004700E+3	1.046070E-5	-1.132500E-6
3.984800E+3	1.132490E-5	-2.205390E-6
3.973700E+3	1.016270E-5	-1.817950E-6
3.954200E+3	9.864630E-6	-9.834840E-7
3.942900E+3	1.052030E-5	-1.341110E-6
3.923300E+3	1.120570E-5	-1.847750E-6
3.910100E+3	1.037130E-5	-1.490120E-6
3.890300E+3	8.553320E-6	-4.172340E-7
3.878900E+3	7.778460E-6	-8.940740E-8
3.859200E+3	7.182390E-6	2.980250E-8
3.847800E+3	6.675750E-6	7.450620E-7
3.828400E+3	5.215440E-6	1.609330E-6
3.817200E+3	5.930690E-6	1.281510E-6
3.797600E+3	7.003570E-6	1.847750E-6
3.786700E+3	6.973770E-6	1.519930E-6
3.777600E+3	6.705550E-6	7.152590E-7
3.753400E+3	7.838070E-6	1.102690E-6
3.744200E+3	7.927480E-6	1.579530E-6
3.722700E+3	7.778460E-6	1.579530E-6
3.713600E+3	6.705550E-6	1.519930E-6
3.692200E+3	5.811480E-6	5.066430E-7
3.683100E+3	5.632670E-6	-5.960510E-8
3.662100E+3	5.275040E-6	-1.162300E-6
3.652600E+3	4.768400E-6	-1.460320E-6
3.639600E+3	5.394250E-6	-2.205390E-6
3.620000E+3	6.049900E-6	-7.748640E-7
3.606200E+3	5.662470E-6	1.013290E-6
3.595800E+3	5.781680E-6	1.758340E-6
3.573800E+3	4.440580E-6	2.473610E-6
3.562500E+3	4.440580E-6	2.026570E-6
3.542700E+3	3.874330E-6	1.460320E-6
3.531900E+3	4.261760E-6	1.430520E-6
3.511800E+3	4.172350E-6	1.728540E-6
3.501600E+3	4.977020E-6	1.162300E-6
3.479200E+3	4.261760E-6	1.013290E-6
3.468300E+3	3.993540E-6	5.364450E-7
3.448600E+3	2.592820E-6	-2.980250E-8
3.438200E+3	1.966970E-6	8.642710E-7
3.429200E+3	1.847750E-6	1.192100E-6
3.405200E+3	3.695500E-6	1.549730E-6
3.396100E+3	4.082950E-6	1.698740E-6
3.385600E+3	4.142550E-6	1.907360E-6
3.362800E+3	5.692270E-6	1.221900E-6
3.352900E+3	6.079700E-6	9.536820E-7
3.329200E+3	5.155830E-6	8.940740E-8
3.320000E+3	4.321370E-6	2.682230E-7
3.305900E+3	4.142550E-6	0.000000E+0
3.286400E+3	3.665700E-6	8.940740E-8
3.275100E+3	3.099460E-6	4.470370E-7
3.255700E+3	3.933940E-6	8.046660E-7
3.244400E+3	3.755110E-6	7.450620E-7
3.224800E+3	3.665700E-6	1.311310E-6
3.213900E+3	2.861040E-6	3.278270E-7
3.193800E+3	2.741830E-6	-1.519930E-6
3.183400E+3	3.576290E-6	-1.519930E-6
3.161400E+3	3.099460E-6	-7.450620E-7
3.150300E+3	3.039850E-6	0.000000E+0
3.130500E+3	3.874330E-6	-5.066430E-7
3.119900E+3	3.963740E-6	-1.788150E-7
3.107800E+3	4.053140E-6	1.490130E-7
3.086700E+3	3.814730E-6	-5.662480E-7
3.077500E+3	3.576290E-6	-4.172340E-7
3.067200E+3	3.159060E-6	2.384200E-7
3.044000E+3	3.427280E-6	-1.281510E-6
3.034300E+3	3.039850E-6	-2.056370E-6
3.013700E+3	2.294790E-6	-2.026570E-6
3.003600E+3	2.235190E-6	-1.370910E-6
2.983200E+3	3.695500E-6	-1.341110E-6
2.972500E+3	4.440580E-6	-6.854570E-7
2.952700E+3	3.606100E-6	6.556550E-7
2.941500E+3	3.695500E-6	1.162300E-6
2.922100E+3	3.844530E-6	4.172340E-7
2.908900E+3	3.576290E-6	2.086170E-7
2.895700E+3	3.218670E-6	3.576300E-7
2.876100E+3	2.592820E-6	-2.384200E-7
2.864700E+3	1.758340E-6	-4.470370E-7
2.845400E+3	1.370910E-6	-1.609330E-6
2.834300E+3	1.490120E-6	-1.490120E-6
2.814600E+3	1.639140E-6	-9.238760E-7
2.801500E+3	1.639140E-6	-1.370910E-6
2.792000E+3	2.682220E-6	-9.536820E-7
2.768900E+3	2.652420E-6	8.940740E-8
2.758600E+3	2.771630E-6	-2.384200E-7
2.738200E+3	2.801430E-6	-2.682230E-7
2.728400E+3	3.129260E-6	-2.682230E-7
2.707400E+3	2.890840E-6	3.278270E-7
2.698100E+3	2.443800E-6	8.046660E-7
2.676600E+3	1.460320E-6	7.748640E-7
2.667600E+3	1.996770E-6	8.642710E-7
2.646100E+3	3.486890E-6	3.576300E-7
2.637000E+3	2.771630E-6	-4.172340E-7
2.625800E+3	2.294790E-6	-1.102690E-6
2.603700E+3	1.937170E-6	-2.652420E-6
2.593100E+3	1.877550E-6	-2.205390E-6
2.570100E+3	2.920640E-6	-1.221900E-6
2.559200E+3	2.473610E-6	-8.940730E-7
2.539500E+3	7.748640E-7	-2.384200E-7
2.528300E+3	1.579530E-6	-5.960510E-8
2.515400E+3	1.877550E-6	5.364450E-7
2.495700E+3	5.662480E-7	1.162300E-6
2.484800E+3	4.768410E-7	8.046660E-7
2.462800E+3	4.470370E-7	5.960500E-7
2.451500E+3	3.874320E-7	9.536820E-7
2.442300E+3	-3.576300E-7	1.043090E-6
2.418900E+3	-1.788150E-7	2.175580E-6
2.408800E+3	5.066430E-7	2.592820E-6
2.388000E+3	1.877550E-6	3.188860E-6
2.378500E+3	1.609330E-6	2.324600E-6
2.356900E+3	5.066430E-7	1.579530E-6
2.347800E+3	2.384200E-7	1.430520E-6
2.326400E+3	1.013290E-6	2.473610E-6
2.314200E+3	1.728540E-6	1.847750E-6
2.304500E+3	1.877550E-6	1.281510E-6
2.283700E+3	2.235190E-6	-7.152590E-7
2.273400E+3	1.758340E-6	-6.556550E-7
2.253200E+3	9.536820E-7	-1.400720E-6
2.242300E+3	1.102690E-6	-9.238760E-7
2.219500E+3	1.192100E-6	-9.834840E-7
2.209300E+3	1.221900E-6	-5.066430E-7
2.195000E+3	1.817950E-6	1.788150E-7
2.173200E+3	2.890840E-6	5.960510E-8
2.161900E+3	2.503410E-6	1.490130E-7
2.151800E+3	2.414000E-6	6.258520E-7
2.129200E+3	2.235190E-6	1.162300E-6
2.118400E+3	2.026570E-6	1.698740E-6
2.096400E+3	2.235190E-6	1.996770E-6
2.085100E+3	2.741830E-6	1.847750E-6
2.075800E+3	3.248470E-6	1.877550E-6
2.052300E+3	2.294790E-6	1.311310E-6
2.052300E+3	2.294790E-6	1.311310E-6
2.019300E+3	2.175580E-6	3.039850E-6
2.008300E+3	2.741830E-6	3.844530E-6
1.998800E+3	2.473610E-6	3.814730E-6
1.976900E+3	1.639140E-6	1.162300E-6
1.964500E+3	1.072890E-6	4.172340E-7
1.952900E+3	1.132500E-6	-6.556550E-7
1.930300E+3	1.341110E-6	-1.937170E-6
1.919500E+3	1.877550E-6	-1.996770E-6
1.899100E+3	2.264990E-6	-5.364450E-7
1.886300E+3	1.698740E-6	-6.854570E-7
1.865500E+3	2.145780E-6	-2.980250E-8
1.855100E+3	2.831240E-6	8.940740E-8
1.844100E+3	3.248470E-6	2.980250E-7
1.822600E+3	2.175580E-6	5.960500E-7
1.811400E+3	8.940730E-7	6.556550E-7
1.790300E+3	-5.960510E-8	3.576300E-7
1.779500E+3	3.576300E-7	8.344690E-7
1.766900E+3	5.662480E-7	9.238760E-7
1.748000E+3	2.443800E-6	7.450620E-7
1.734500E+3	2.324600E-6	8.046660E-7
1.725800E+3	1.698740E-6	1.370910E-6
1.702700E+3	9.536820E-7	4.768410E-7
1.693400E+3	1.221900E-6	3.278270E-7
1.671300E+3	2.622620E-6	3.874320E-7
1.661200E+3	2.712030E-6	3.576300E-7
1.641500E+3	9.238760E-7	4.172340E-7
1.631900E+3	7.152590E-7	3.576300E-7
1.622700E+3	5.960500E-7	2.980250E-8
1.602600E+3	6.258520E-7	-4.172340E-7
1.592900E+3	8.642710E-7	-1.132500E-6
1.573100E+3	8.940740E-8	-7.748640E-7
1.562700E+3	0.000000E+0	-1.162300E-6
1.543300E+3	-7.748640E-7	-1.490120E-6
1.532400E+3	-1.013290E-6	-1.847750E-6
1.513400E+3	-5.066430E-7	-1.817950E-6
1.513400E+3	-5.066430E-7	-1.817950E-6
1.483600E+3	2.682230E-7	-5.662480E-7
1.470000E+3	6.556550E-7	-2.682230E-7
1.470000E+3	6.556550E-7	-2.682230E-7
1.437800E+3	4.768410E-7	-2.533210E-6
1.426800E+3	4.470370E-7	-2.324600E-6
1.426800E+3	4.470370E-7	-2.324600E-6
1.397000E+3	1.549730E-6	-1.758340E-6
1.377300E+3	2.414000E-6	7.450620E-7
1.367500E+3	1.907360E-6	1.847750E-6
1.355900E+3	1.847750E-6	1.877550E-6
1.333200E+3	1.877550E-6	1.728540E-6
1.323800E+3	1.996770E-6	1.281510E-6
1.303900E+3	1.549730E-6	-2.384200E-7
1.295200E+3	1.490120E-6	-6.854570E-7
1.295200E+3	1.490120E-6	-6.854570E-7
1.263800E+3	1.072890E-6	-3.218670E-6
1.255200E+3	1.221900E-6	-2.980250E-6
1.236000E+3	1.162300E-6	-2.920640E-6
1.227200E+3	1.370910E-6	-3.129260E-6
1.208800E+3	2.205390E-6	-1.758340E-6
1.199500E+3	1.907360E-6	-1.192100E-6
1.182000E+3	3.576300E-7	2.980250E-8
1.172300E+3	-3.278270E-7	-1.490130E-7
1.152900E+3	-2.682230E-7	-1.132500E-6
1.144200E+3	4.172340E-7	-9.238760E-7
1.126900E+3	1.579530E-6	-1.221900E-6
1.117800E+3	1.430520E-6	-1.311310E-6
1.106600E+3	1.221900E-6	-1.370910E-6
1.090500E+3	9.536820E-7	-1.162300E-6
1.080900E+3	1.609330E-6	-7.450620E-7
1.064700E+3	1.311310E-6	-1.072890E-6
1.055400E+3	1.370910E-6	-1.043090E-6
1.045700E+3	8.940730E-7	-1.251700E-6
1.025700E+3	-3.874320E-7	-5.960510E-8
1.017900E+3	-6.854570E-7	-3.278270E-7
1.000300E+3	-1.370910E-6	1.162300E-6
9.901000E+2	-1.251700E-6	1.043090E-6
9.827000E+2	-1.460320E-6	8.940730E-7
9.625000E+2	-5.960500E-7	-1.192100E-7
9.552000E+2	3.576300E-7	-1.490130E-7
9.552000E+2	3.576300E-7	-1.490130E-7
9.273000E+2	3.278270E-7	-1.817950E-6
9.192000E+2	6.258520E-7	-2.026570E-6
9.022000E+2	2.354400E-6	-6.258520E-7
8.919000E+2	2.414000E-6	5.960510E-8
8.742000E+2	2.264990E-6	6.556550E-7
8.638000E+2	2.533210E-6	1.311310E-6
8.542000E+2	2.831240E-6	2.205390E-6
8.381000E+2	4.112750E-6	2.473610E-6
8.285000E+2	4.172350E-6	1.549730E-6
8.131000E+2	2.771630E-6	1.430520E-6
8.034000E+2	2.473610E-6	1.281510E-6
7.873000E+2	6.258520E-7	3.874320E-7
7.777000E+2	-5.960510E-8	3.874320E-7
7.615000E+2	1.490130E-7	1.251700E-6
7.498000E+2	-2.086170E-7	6.556550E-7
7.334000E+2	-1.102690E-6	1.221900E-6
7.245000E+2	-1.013290E-6	1.043090E-6
7.079000E+2	-9.834840E-7	4.470370E-7
6.995000E+2	-1.192100E-7	3.576300E-7
6.923000E+2	1.043090E-6	8.940740E-8
6.746000E+2	1.519930E-6	8.642710E-7
6.674000E+2	1.072890E-6	-3.278270E-7
6.474000E+2	1.817950E-6	-1.996770E-6
6.402000E+2	2.175580E-6	-1.907360E-6
6.230000E+2	1.758340E-6	-2.235190E-6
6.154000E+2	6.258520E-7	-2.324600E-6
6.154000E+2	6.258520E-7	-2.324600E-6
5.905000E+2	-8.940740E-8	-8.046660E-7
5.819000E+2	-5.960510E-8	-8.344690E-7
5.644000E+2	6.556550E-7	-7.748640E-7
5.550000E+2	1.132500E-6	-2.384200E-7
5.381000E+2	2.026570E-6	-9.834840E-7
5.292000E+2	2.622620E-6	-8.940730E-7
5.189000E+2	2.682220E-6	-5.662480E-7
5.036000E+2	1.937170E-6	-4.172340E-7
4.948000E+2	1.281510E-6	-7.748640E-7
4.783000E+2	3.874320E-7	-4.470370E-7
4.684000E+2	9.536820E-7	-2.682230E-7
4.478000E+2	1.013290E-6	-5.066430E-7
4.113000E+2	0.000000E+0	1.788150E-7
3.855000E+2	6.556550E-7	-2.384200E-7
3.412000E+2	6.854570E-7	1.788150E-7
3.124000E+2	5.960510E-8	1.341110E-6
2.872000E+2	-2.384200E-7	8.940730E-7
2.375000E+2	-8.940740E-8	-3.278270E-7
2.102000E+2	-5.960510E-8	-1.192100E-7
1.575000E+2	5.662480E-7	2.384200E-7
1.295000E+2	-5.960500E-7	3.576300E-7
6.920000E+1	-9.536820E-7	6.854570E-7
4.040000E+1	-2.294790E-6	1.192100E-6
1.360000E+1	-2.145780E-6	7.748640E-7
-4.220000E+1	1.311310E-6	-1.490130E-7
-9.590000E+1	1.341110E-6	-5.066430E-7
-1.233000E+2	1.668940E-6	-1.072890E-6
-1.565000E+2	1.877550E-6	-1.072890E-6
-2.085000E+2	2.712030E-6	-7.450620E-7
-2.332000E+2	3.039850E-6	-6.258520E-7
-2.654000E+2	2.324600E-6	-6.258520E-7
-3.138000E+2	6.854570E-7	-1.758340E-6
-3.425000E+2	-1.192100E-7	-2.026570E-6
