Sample Name, Varga_5_4_35.65G
Freq displayed, 3.568, GHz, Power, 15, dBm, 35.65 Ghz, adjusted black knob, disconnected voltmeter
SR850: f = 25 Hz; phase = -84 deg; output = 5 V; sens. = 500 uV; tc = 300 ms; 12dB/oct
Field	X	Y
Oe	V	V
*
-6.743000E+2	7.271800E-6	-7.450620E-7
-6.743000E+2	7.271800E-6	-7.450620E-7
-6.742000E+2	7.420810E-6	-6.258520E-7
-6.738000E+2	8.523520E-6	-2.026570E-6
-6.676000E+2	8.970560E-6	-2.384200E-6
-6.499000E+2	1.010300E-5	-6.556550E-7
-6.377000E+2	9.685810E-6	8.940740E-8
-6.249000E+2	9.149370E-6	2.384200E-7
-5.939000E+2	8.404310E-6	1.698740E-6
-5.780000E+2	8.761940E-6	2.026570E-6
-5.432000E+2	1.010300E-5	3.576300E-7
-5.271000E+2	1.099710E-5	2.384200E-7
-5.089000E+2	1.218920E-5	2.086170E-7
-4.790000E+2	1.341110E-5	1.281510E-6
-4.622000E+2	1.436480E-5	1.877550E-6
-4.365000E+2	1.651060E-5	1.728540E-6
-4.246000E+2	1.683840E-5	8.046660E-7
-4.018000E+2	1.722590E-5	-7.152590E-7
-3.922000E+2	1.758350E-5	-6.258520E-7
-3.826000E+2	1.838810E-5	-1.430520E-6
-3.612000E+2	1.844780E-5	-2.384200E-6
-3.532000E+2	1.859680E-5	-2.056370E-6
-3.346000E+2	2.124920E-5	-5.066430E-7
-3.258000E+2	2.175580E-5	-2.086170E-7
-3.137000E+2	2.315650E-5	-7.748640E-7
-2.923000E+2	2.527250E-5	-1.698740E-6
-2.815000E+2	2.545130E-5	-1.639140E-6
-2.620000E+2	2.676260E-5	-1.728540E-6
-2.507000E+2	2.783550E-5	-1.490120E-6
-2.317000E+2	3.051780E-5	-1.251700E-6
-2.206000E+2	3.176950E-5	-2.384200E-6
-2.009000E+2	3.296160E-5	-3.337870E-6
-1.895000E+2	3.477950E-5	-3.576290E-6
-1.701000E+2	3.713390E-5	-9.536820E-7
-1.559000E+2	3.865380E-5	-5.066430E-7
-1.467000E+2	4.002480E-5	-1.192100E-7
-1.264000E+2	4.255790E-5	-8.046660E-7
-1.167000E+2	4.401830E-5	-3.278270E-7
-9.330000E+1	4.765410E-5	-1.460320E-6
-8.380000E+1	4.878660E-5	-1.490120E-6
-7.410000E+1	4.938270E-5	-9.536820E-7
-5.070000E+1	4.896540E-5	8.046660E-7
-4.170000E+1	4.753490E-5	1.311310E-6
-1.770000E+1	3.892210E-5	3.486890E-6
-8.700000E+0	3.269340E-5	3.933940E-6
1.250000E+1	1.525890E-5	3.099460E-6
2.140000E+1	6.198910E-6	1.877550E-6
4.260000E+1	-1.376870E-5	-5.960510E-8
5.170000E+1	-2.339490E-5	-1.877550E-6
6.460000E+1	-2.950440E-5	-2.622620E-6
8.440000E+1	-3.841540E-5	-2.890840E-6
9.700000E+1	-4.065060E-5	-2.384200E-6
1.081000E+2	-4.202150E-5	-1.937170E-6
1.273000E+2	-4.339240E-5	-3.874320E-7
1.384000E+2	-4.318380E-5	0.000000E+0
1.578000E+2	-4.446530E-5	-2.980250E-8
1.684000E+2	-4.527000E-5	3.278270E-7
1.883000E+2	-4.565740E-5	9.238760E-7
1.984000E+2	-4.482290E-5	8.940730E-7
2.189000E+2	-4.291560E-5	1.519930E-6
2.316000E+2	-4.151490E-5	1.758340E-6
2.406000E+2	-3.999490E-5	9.834840E-7
2.641000E+2	-3.695510E-5	2.980250E-7
2.734000E+2	-3.474970E-5	-1.311310E-6
2.972000E+2	-3.185890E-5	-2.652420E-6
3.064000E+2	-3.063700E-5	-1.251700E-6
3.269000E+2	-2.855070E-5	-5.960510E-8
3.365000E+2	-2.771630E-5	1.043090E-6
3.464000E+2	-2.661360E-5	1.549730E-6
3.669000E+2	-2.360360E-5	1.788150E-7
3.882000E+2	-2.172600E-5	-9.536820E-7
3.974000E+2	-2.098100E-5	-1.847750E-6
4.084000E+2	-2.026570E-5	-2.414000E-6
4.280000E+2	-1.966960E-5	1.490130E-7
4.394000E+2	-1.904380E-5	1.788150E-6
4.618000E+2	-1.665960E-5	2.354400E-6
4.720000E+2	-1.555690E-5	2.294790E-6
4.828000E+2	-1.460320E-5	1.072890E-6
5.058000E+2	-1.290450E-5	-5.960500E-7
5.163000E+2	-1.126530E-5	-7.748640E-7
5.384000E+2	-1.129510E-5	5.960500E-7
5.496000E+2	-1.123550E-5	1.192100E-6
5.693000E+2	-1.013280E-5	8.940740E-8
5.800000E+2	-1.019250E-5	3.576300E-7
5.891000E+2	-9.924230E-6	8.344690E-7
6.135000E+2	-8.404310E-6	1.847750E-6
6.227000E+2	-8.344710E-6	1.549730E-6
6.441000E+2	-8.255300E-6	2.205390E-6
6.533000E+2	-8.016880E-6	2.026570E-6
6.748000E+2	-6.318120E-6	1.341110E-6
6.841000E+2	-5.573060E-6	5.662480E-7
7.086000E+2	-4.500180E-6	5.960510E-8
7.178000E+2	-4.589590E-6	5.960510E-8
7.306000E+2	-5.036620E-6	-2.980250E-8
7.518000E+2	-3.784910E-6	5.960510E-8
7.642000E+2	-3.814730E-6	3.278270E-7
7.754000E+2	-3.904130E-6	2.384200E-7
7.983000E+2	-4.261760E-6	-4.768410E-7
8.086000E+2	-4.261760E-6	-2.682230E-7
8.323000E+2	-4.291560E-6	-2.682230E-7
8.430000E+2	-4.768400E-6	-4.172340E-7
8.542000E+2	-5.513460E-6	-8.940730E-7
8.768000E+2	-5.871090E-6	-1.192100E-7
8.884000E+2	-5.781680E-6	0.000000E+0
9.087000E+2	-5.334640E-6	1.013290E-6
9.202000E+2	-5.275040E-6	1.728540E-6
9.412000E+2	-6.705550E-6	2.652420E-6
9.523000E+2	-7.540020E-6	1.996770E-6
9.734000E+2	-7.182390E-6	1.281510E-6
9.839000E+2	-6.377730E-6	1.490120E-6
9.932000E+2	-5.841280E-6	1.579530E-6
1.018400E+3	-6.318120E-6	1.370910E-6
1.027800E+3	-6.884370E-6	2.324600E-6
1.052600E+3	-7.241990E-6	2.354400E-6
1.062200E+3	-6.854560E-6	1.877550E-6
1.074800E+3	-7.241990E-6	1.370910E-6
1.096500E+3	-6.884370E-6	-5.960500E-7
1.106200E+3	-6.437330E-6	-3.278270E-7
1.127400E+3	-5.036620E-6	1.132500E-6
1.137500E+3	-4.529980E-6	1.430520E-6
1.158300E+3	-4.500180E-6	1.490120E-6
1.168900E+3	-4.202160E-6	1.043090E-6
1.192200E+3	-2.354400E-6	1.490130E-7
1.201900E+3	-1.609330E-6	5.960510E-8
1.222900E+3	-3.337870E-6	1.013290E-6
1.233500E+3	-4.142550E-6	1.728540E-6
1.244900E+3	-4.917410E-6	1.937170E-6
1.265400E+3	-3.844530E-6	1.162300E-6
1.276300E+3	-3.874330E-6	2.056370E-6
1.298900E+3	-4.470380E-6	2.414000E-6
1.310400E+3	-5.692270E-6	2.533210E-6
1.330300E+3	-7.778460E-6	1.788150E-6
1.341300E+3	-8.583130E-6	1.609330E-6
1.361700E+3	-7.987080E-6	2.354400E-6
1.372200E+3	-7.241990E-6	2.115980E-6
1.392800E+3	-6.496940E-6	2.384200E-6
1.402600E+3	-6.258520E-6	1.728540E-6
1.423400E+3	-5.066420E-6	1.192100E-6
1.432500E+3	-4.261760E-6	9.238760E-7
1.444500E+3	-4.798200E-6	3.278270E-7
1.465600E+3	-5.811480E-6	-1.102690E-6
1.477500E+3	-5.841280E-6	-2.026570E-6
1.487800E+3	-5.573060E-6	-3.129260E-6
1.510400E+3	-5.811480E-6	-1.549730E-6
1.520000E+3	-5.543260E-6	-1.102690E-6
1.540300E+3	-5.841280E-6	-1.490120E-6
1.550600E+3	-5.453850E-6	-2.264990E-6
1.570600E+3	-6.318120E-6	-2.264990E-6
1.581300E+3	-6.705550E-6	-1.937170E-6
1.600800E+3	-6.556540E-6	-6.854570E-7
1.612000E+3	-6.258520E-6	-5.960500E-7
1.631400E+3	-6.973770E-6	-6.258520E-7
1.642600E+3	-6.198910E-6	-6.258520E-7
1.655100E+3	-6.824760E-6	-9.834840E-7
1.675100E+3	-7.599620E-6	-1.430520E-6
1.685400E+3	-7.867870E-6	-5.960500E-7
1.705900E+3	-7.957280E-6	-1.192100E-7
1.718800E+3	-7.331400E-6	-2.384200E-7
1.738600E+3	-6.318120E-6	-3.576300E-7
1.749100E+3	-6.139310E-6	-6.854570E-7
1.761000E+3	-7.092980E-6	-1.877550E-6
1.785000E+3	-7.778460E-6	-2.533210E-6
1.794100E+3	-8.076490E-6	-2.801430E-6
1.804300E+3	-7.987080E-6	-2.473610E-6
1.824200E+3	-7.241990E-6	-3.576300E-7
1.845400E+3	-7.003570E-6	8.344690E-7
1.854300E+3	-7.301600E-6	-2.682230E-7
1.865500E+3	-7.540020E-6	-1.609330E-6
1.887300E+3	-6.794960E-6	-3.725300E-6
1.897800E+3	-6.914170E-6	-3.188860E-6
1.917400E+3	-6.973770E-6	-2.354400E-6
1.928300E+3	-6.556540E-6	-1.937170E-6
1.941200E+3	-6.765160E-6	-1.996770E-6
1.960500E+3	-6.377730E-6	-3.576300E-7
1.973500E+3	-7.063180E-6	2.980250E-7
1.983400E+3	-7.629450E-6	8.642710E-7
2.006700E+3	-7.361200E-6	1.817950E-6
2.016300E+3	-6.586340E-6	8.642710E-7
2.039100E+3	-6.020100E-6	-8.046660E-7
2.049600E+3	-5.811480E-6	-1.162300E-6
2.058600E+3	-6.049900E-6	-7.450620E-7
2.082700E+3	-8.195700E-6	5.066430E-7
2.091800E+3	-9.387790E-6	9.536820E-7
2.115400E+3	-8.344710E-6	5.364450E-7
2.125000E+3	-7.540020E-6	5.662480E-7
2.134500E+3	-7.540020E-6	8.046660E-7
2.157800E+3	-8.195700E-6	6.556550E-7
2.166800E+3	-8.612930E-6	2.980250E-8
2.187700E+3	-8.672530E-6	-7.450620E-7
2.199900E+3	-8.642730E-6	-6.556550E-7
2.220700E+3	-6.586340E-6	-6.556550E-7
2.230300E+3	-6.318120E-6	-3.278270E-7
2.241500E+3	-6.258520E-6	5.960510E-8
2.260000E+3	-6.914170E-6	-3.576300E-7
2.271200E+3	-7.122780E-6	-3.278270E-7
2.290600E+3	-8.285100E-6	-8.940740E-8
2.301800E+3	-8.791740E-6	7.748640E-7
2.321100E+3	-9.328190E-6	8.940740E-8
2.332000E+3	-9.208980E-6	2.980250E-8
2.354600E+3	-9.268580E-6	2.980250E-8
2.364800E+3	-9.179170E-6	-2.086170E-7
2.384000E+3	-9.089770E-6	-1.728540E-6
2.395200E+3	-8.851350E-6	-1.430520E-6
2.407200E+3	-8.583130E-6	-2.056370E-6
2.428400E+3	-7.867870E-6	-1.192100E-6
2.437400E+3	-7.361200E-6	-5.066430E-7
2.461100E+3	-7.391010E-6	4.172340E-7
2.470400E+3	-8.136090E-6	1.072890E-6
2.482400E+3	-8.344710E-6	1.311310E-6
2.503700E+3	-8.434120E-6	2.622620E-6
2.515500E+3	-7.927480E-6	2.861040E-6
2.525700E+3	-8.195700E-6	3.010050E-6
2.548600E+3	-9.983840E-6	3.099460E-6
2.558000E+3	-1.052030E-5	2.771630E-6
2.569100E+3	-1.016270E-5	2.443800E-6
2.590900E+3	-1.019250E-5	1.490120E-6
2.602100E+3	-1.081830E-5	9.238760E-7
2.621500E+3	-1.072890E-5	8.642710E-7
2.632400E+3	-1.037130E-5	-2.980250E-7
2.652200E+3	-9.775220E-6	-5.662480E-7
2.662400E+3	-9.834820E-6	-5.960510E-8
2.681600E+3	-1.040110E-5	8.642710E-7
2.692400E+3	-9.685810E-6	5.960510E-8
2.712200E+3	-7.659260E-6	-3.278270E-7
2.722300E+3	-7.301600E-6	-1.490130E-7
2.743500E+3	-8.344710E-6	-5.960510E-8
2.752400E+3	-9.626210E-6	-8.940740E-8
2.773100E+3	-1.138450E-5	1.192100E-7
2.782400E+3	-1.227860E-5	-1.192100E-7
2.803600E+3	-1.287470E-5	-8.940730E-7
2.812600E+3	-1.284490E-5	-1.370910E-6
2.833700E+3	-1.195080E-5	-2.920640E-6
2.842600E+3	-1.144420E-5	-2.115980E-6
2.866700E+3	-9.805020E-6	-7.450620E-7
2.875700E+3	-9.685810E-6	-8.344690E-7
2.896600E+3	-9.656010E-6	-1.341110E-6
2.906000E+3	-9.685810E-6	-1.072890E-6
2.926300E+3	-9.685810E-6	-1.072890E-6
2.935500E+3	-9.149370E-6	-9.238760E-7
2.946700E+3	-9.477200E-6	-1.072890E-6
2.965800E+3	-9.656010E-6	1.013290E-6
2.977000E+3	-9.596410E-6	1.609330E-6
2.996400E+3	-1.066930E-5	1.698740E-6
3.007600E+3	-1.135470E-5	1.162300E-6
3.030000E+3	-1.150380E-5	4.470370E-7
3.040900E+3	-1.153360E-5	-2.980250E-7
3.052900E+3	-1.192100E-5	-5.066430E-7
3.073600E+3	-1.266600E-5	-6.854570E-7
3.085900E+3	-1.275550E-5	-4.172340E-7
3.094800E+3	-1.198060E-5	-1.192100E-7
3.118800E+3	-1.084810E-5	-5.960510E-8
3.127800E+3	-1.072890E-5	-4.470370E-7
3.151100E+3	-1.189120E-5	7.748640E-7
3.160800E+3	-1.218920E-5	4.470370E-7
3.170400E+3	-1.320250E-5	-5.960510E-8
3.193900E+3	-1.367930E-5	-1.043090E-6
3.202800E+3	-1.356010E-5	-9.536820E-7
3.226900E+3	-1.442440E-5	-4.172340E-7
3.236000E+3	-1.412640E-5	8.642710E-7
3.248800E+3	-1.439460E-5	8.344690E-7
3.268800E+3	-1.361970E-5	-3.278270E-7
3.279500E+3	-1.272560E-5	-5.960510E-8
3.302000E+3	-1.284490E-5	-7.748640E-7
3.311800E+3	-1.338130E-5	-1.221900E-6
3.332100E+3	-1.269580E-5	-6.556550E-7
3.342300E+3	-1.242760E-5	-8.940730E-7
3.353100E+3	-1.257660E-5	-1.370910E-6
3.374700E+3	-1.266600E-5	-9.834840E-7
3.386000E+3	-1.215940E-5	-1.251700E-6
3.398300E+3	-1.183160E-5	-1.281510E-6
3.418500E+3	-1.192100E-5	-8.940730E-7
3.428500E+3	-1.218920E-5	-5.066430E-7
3.449000E+3	-1.338130E-5	-6.556550E-7
3.458500E+3	-1.326210E-5	-1.370910E-6
3.481600E+3	-1.287470E-5	-1.430520E-6
3.491900E+3	-1.344090E-5	-1.013290E-6
3.512100E+3	-1.251700E-5	-1.072890E-6
3.521900E+3	-1.236800E-5	-5.066430E-7
3.542800E+3	-1.308330E-5	4.470370E-7
3.551800E+3	-1.350050E-5	5.066430E-7
3.564000E+3	-1.364950E-5	8.940730E-7
3.585200E+3	-1.287470E-5	1.251700E-6
3.597200E+3	-1.332170E-5	1.281510E-6
3.607600E+3	-1.326210E-5	8.046660E-7
3.630400E+3	-1.278530E-5	4.172340E-7
3.641100E+3	-1.221900E-5	-6.556550E-7
3.651600E+3	-1.144420E-5	-1.370910E-6
3.673400E+3	-1.159320E-5	-4.768410E-7
3.684700E+3	-1.308330E-5	-7.748640E-7
3.706000E+3	-1.367930E-5	-6.854570E-7
3.717200E+3	-1.427540E-5	-5.066430E-7
3.729800E+3	-1.493100E-5	-9.238760E-7
3.749300E+3	-1.516940E-5	-1.907360E-6
3.762100E+3	-1.537810E-5	-1.758340E-6
3.771400E+3	-1.597420E-5	-2.056370E-6
3.794500E+3	-1.579530E-5	-2.563010E-6
3.804800E+3	-1.612320E-5	-2.443800E-6
3.828100E+3	-1.689800E-5	-2.324600E-6
3.838100E+3	-1.773250E-5	-1.519930E-6
3.847500E+3	-1.817950E-5	-6.258520E-7
3.871400E+3	-1.880540E-5	8.046660E-7
3.880500E+3	-1.913320E-5	8.046660E-7
3.901900E+3	-1.770270E-5	-5.960500E-7
3.913900E+3	-1.853720E-5	-8.940730E-7
3.934900E+3	-1.943120E-5	-9.536820E-7
3.943900E+3	-1.901400E-5	-9.834840E-7
3.965000E+3	-1.758350E-5	-6.854570E-7
3.974100E+3	-1.657020E-5	2.980250E-8
3.995200E+3	-1.728550E-5	5.066430E-7
4.004600E+3	-1.785170E-5	7.748640E-7
4.025200E+3	-1.782190E-5	-2.384200E-7
4.035200E+3	-1.764310E-5	-1.609330E-6
4.055400E+3	-1.764310E-5	-2.682220E-6
4.064800E+3	-1.764310E-5	-2.264990E-6
4.078800E+3	-1.785170E-5	-1.788150E-6
4.088500E+3	-1.817950E-5	-1.460320E-6
4.111300E+3	-1.782190E-5	-1.311310E-6
4.121700E+3	-1.794110E-5	-1.907360E-6
4.142000E+3	-1.907360E-5	-1.817950E-6
4.151900E+3	-1.865640E-5	-2.384200E-6
4.172600E+3	-1.859680E-5	-3.486890E-6
4.182000E+3	-1.913320E-5	-3.069650E-6
4.203200E+3	-1.955040E-5	-3.039850E-6
4.215500E+3	-1.961000E-5	-2.920640E-6
4.224700E+3	-1.996770E-5	-2.294790E-6
4.248700E+3	-1.966960E-5	6.258520E-7
4.257500E+3	-1.978890E-5	1.519930E-6
4.278500E+3	-1.966960E-5	1.728540E-6
4.287400E+3	-1.904380E-5	6.258520E-7
4.311300E+3	-1.984850E-5	6.258520E-7
4.320400E+3	-2.124920E-5	8.642710E-7
4.341800E+3	-2.217300E-5	6.258520E-7
4.351000E+3	-2.241150E-5	-5.960510E-8
4.362100E+3	-2.235190E-5	-3.278270E-7
4.381700E+3	-2.181540E-5	3.576300E-7
4.393100E+3	-2.121940E-5	4.768410E-7
4.414900E+3	-2.196440E-5	8.642710E-7
4.425700E+3	-2.276910E-5	5.960510E-8
4.448100E+3	-2.235190E-5	-8.940740E-8
4.458100E+3	-2.205380E-5	0.000000E+0
4.469200E+3	-2.172600E-5	-3.576300E-7
4.491500E+3	-2.190480E-5	-1.788150E-7
4.502400E+3	-2.229230E-5	-5.960500E-7
4.514500E+3	-2.259030E-5	-5.364450E-7
4.535100E+3	-2.357380E-5	-9.238760E-7
4.544400E+3	-2.390160E-5	-1.341110E-6
4.565500E+3	-2.452740E-5	-8.940730E-7
4.574500E+3	-2.458700E-5	-1.341110E-6
4.598000E+3	-2.455720E-5	-6.556550E-7
4.607600E+3	-2.440820E-5	1.490130E-7
4.617200E+3	-2.497450E-5	4.768410E-7
4.640400E+3	-2.658380E-5	-9.238760E-7
4.652300E+3	-2.738850E-5	-9.536820E-7
4.673400E+3	-2.783550E-5	-2.056370E-6
4.682400E+3	-2.688180E-5	-2.801430E-6
4.703500E+3	-2.673280E-5	-2.622620E-6
4.712500E+3	-2.813350E-5	-2.533210E-6
4.725400E+3	-2.947460E-5	-2.384200E-6
4.745800E+3	-3.030910E-5	-1.758340E-6
4.758000E+3	-3.024950E-5	-1.579530E-6
4.769200E+3	-3.078600E-5	-6.854570E-7
4.791200E+3	-3.176950E-5	7.450620E-7
4.802400E+3	-3.096480E-5	1.430520E-6
4.811900E+3	-3.042830E-5	1.549730E-6
4.834900E+3	-2.995150E-5	1.192100E-6
4.845200E+3	-2.926600E-5	1.072890E-6
4.867200E+3	-2.992160E-5	1.013290E-6
4.878200E+3	-3.063700E-5	8.940730E-7
4.890400E+3	-3.105430E-5	9.238760E-7
4.912600E+3	-3.212710E-5	1.013290E-6
4.923500E+3	-3.194830E-5	1.221900E-6
4.943400E+3	-2.977260E-5	1.251700E-6
4.953800E+3	-2.959380E-5	6.258520E-7
4.963000E+3	-2.968320E-5	2.086170E-7
4.987100E+3	-3.096480E-5	1.162300E-6
4.996200E+3	-3.144170E-5	1.043090E-6
5.017600E+3	-3.203770E-5	5.662480E-7
5.026700E+3	-3.224630E-5	-2.682230E-7
5.048000E+3	-3.278280E-5	-6.556550E-7
5.057300E+3	-3.317020E-5	-1.132500E-6
5.078200E+3	-3.466030E-5	6.556550E-7
5.087900E+3	-3.397490E-5	1.013290E-6
5.108200E+3	-3.299140E-5	7.748640E-7
5.118500E+3	-3.278280E-5	1.132500E-6
5.141200E+3	-3.346820E-5	1.370910E-6
5.150800E+3	-3.397490E-5	9.238760E-7
5.161900E+3	-3.474970E-5	8.642710E-7
5.181300E+3	-3.418350E-5	2.324600E-6
5.192300E+3	-3.299140E-5	2.592820E-6
5.212000E+3	-3.176950E-5	2.682220E-6
5.222600E+3	-3.090520E-5	2.324600E-6
5.242900E+3	-3.007070E-5	6.258520E-7
5.253100E+3	-3.016010E-5	2.086170E-7
5.273600E+3	-3.099460E-5	-8.344690E-7
5.283000E+3	-3.066680E-5	-1.043090E-6
5.306100E+3	-2.896800E-5	-1.549730E-6
5.316400E+3	-2.899780E-5	-1.460320E-6
5.336800E+3	-2.893820E-5	-3.010050E-6
5.346600E+3	-2.908720E-5	-3.278270E-6
5.367700E+3	-2.634540E-5	-3.695500E-6
5.377000E+3	-2.428900E-5	-2.890840E-6
5.389200E+3	-2.190480E-5	-2.384200E-6
5.410300E+3	-1.743450E-5	-1.937170E-6
5.422200E+3	-1.710660E-5	-1.758340E-6
5.432600E+3	-1.600400E-5	-1.430520E-6
5.455500E+3	-1.469260E-5	-6.556550E-7
5.466100E+3	-1.379850E-5	-2.682230E-7
5.485700E+3	-1.040110E-5	8.940740E-8
5.496800E+3	-9.357990E-6	-2.384200E-7
5.516100E+3	-6.586340E-6	2.384200E-7
5.526300E+3	-3.725300E-6	5.960500E-7
5.539900E+3	-6.854570E-7	4.470370E-7
5.561700E+3	3.755110E-6	5.960510E-8
5.573000E+3	6.347920E-6	-5.960500E-7
5.592400E+3	1.305350E-5	-9.238760E-7
5.603300E+3	1.564630E-5	-1.758340E-6
5.623000E+3	2.059350E-5	-2.354400E-6
5.633400E+3	2.288830E-5	-2.026570E-6
5.642500E+3	2.583870E-5	-1.847750E-6
5.666300E+3	3.230600E-5	-1.758340E-6
5.675400E+3	3.647830E-5	-2.115980E-6
5.696500E+3	4.372020E-5	-1.937170E-6
5.705600E+3	4.693890E-5	-1.579530E-6
5.726800E+3	5.322720E-5	-3.278270E-7
5.736000E+3	5.692270E-5	8.642710E-7
5.757100E+3	6.339000E-5	2.145780E-6
5.766900E+3	6.699610E-5	1.788150E-6
5.790600E+3	7.638380E-5	9.238760E-7
5.799700E+3	8.079460E-5	4.768410E-7
5.811000E+3	8.431120E-5	4.768410E-7
5.830400E+3	9.086770E-5	-2.086170E-7
5.851200E+3	9.927200E-5	-1.192100E-7
5.861200E+3	1.041600E-4	1.490130E-7
5.872300E+3	1.074680E-4	1.072890E-6
5.891800E+3	1.134280E-4	1.162300E-6
5.902500E+3	1.171530E-4	8.046660E-7
5.922700E+3	1.252600E-4	6.556550E-7
5.932800E+3	1.298200E-4	3.874320E-7
5.954900E+3	1.364360E-4	1.937170E-6
5.965800E+3	1.399530E-4	2.056370E-6
5.985400E+3	1.475820E-4	1.579530E-6
5.995800E+3	1.518440E-4	2.264990E-6
6.015800E+3	1.594730E-4	3.397480E-6
6.025700E+3	1.623940E-4	3.725300E-6
6.046300E+3	1.683840E-4	2.592820E-6
6.055900E+3	1.704110E-4	3.159060E-6
6.077100E+3	1.754470E-4	1.817950E-6
6.086300E+3	1.782490E-4	1.460320E-6
6.107600E+3	1.829280E-4	2.414000E-6
6.116700E+3	1.846860E-4	2.592820E-6
6.138000E+3	1.879940E-4	3.248470E-6
6.147100E+3	1.904380E-4	2.920640E-6
6.158300E+3	1.917490E-4	2.026570E-6
6.180100E+3	1.955040E-4	2.026570E-6
6.190700E+3	1.969940E-4	2.115980E-6
6.213100E+3	1.990210E-4	3.039850E-6
6.223100E+3	2.000340E-4	2.503410E-6
6.234200E+3	2.014650E-4	1.192100E-6
6.255800E+3	2.043260E-4	6.556550E-7
6.267000E+3	2.064120E-4	2.384200E-7
6.276700E+3	2.076930E-4	7.152590E-7
6.300500E+3	2.113590E-4	4.470370E-7
6.310000E+3	2.123130E-4	1.311310E-6
6.330300E+3	2.125810E-4	8.344690E-7
6.340300E+3	2.121340E-4	8.940730E-7
6.361000E+3	2.132960E-4	4.172340E-7
6.370400E+3	2.139520E-4	1.132500E-6
6.394600E+3	2.154420E-4	1.758340E-6
6.403700E+3	2.166640E-4	1.698740E-6
6.416000E+3	2.165450E-4	2.473610E-6
6.437100E+3	2.171110E-4	3.606100E-6
6.446500E+3	2.178260E-4	4.172350E-6
6.466800E+3	2.185120E-4	2.712030E-6
6.478900E+3	2.179750E-4	2.175580E-6
6.499900E+3	2.211340E-4	-3.576300E-7
6.509200E+3	2.225650E-4	-4.172340E-7
6.530200E+3	2.245320E-4	4.172340E-7
6.539900E+3	2.245910E-4	8.046660E-7
6.560600E+3	2.235780E-4	1.370910E-6
6.571000E+3	2.240550E-4	8.642710E-7
6.584300E+3	2.250980E-4	4.470370E-7
6.603900E+3	2.261710E-4	-2.384200E-7
6.615300E+3	2.269160E-4	-8.940740E-8
6.624600E+3	2.259620E-4	1.639140E-6
6.648000E+3	2.272140E-4	2.264990E-6
6.658200E+3	2.275420E-4	3.129260E-6
6.678600E+3	2.299260E-4	2.831240E-6
6.688200E+3	2.300750E-4	2.712030E-6
6.712100E+3	2.332640E-4	1.579530E-6
6.721400E+3	2.343960E-4	1.549730E-6
6.731300E+3	2.361840E-4	6.258520E-7
6.754500E+3	2.362140E-4	6.854570E-7
6.763700E+3	2.360350E-4	5.066430E-7
6.784300E+3	2.381210E-4	2.056370E-6
6.794000E+3	2.387470E-4	2.861040E-6
6.814500E+3	2.413400E-4	2.741830E-6
6.824800E+3	2.433370E-4	1.817950E-6
6.844700E+3	2.454240E-4	2.056370E-6
6.854500E+3	2.459310E-4	2.741830E-6
6.874900E+3	2.482250E-4	4.589590E-6
6.885300E+3	2.508180E-4	3.308070E-6
6.905400E+3	2.533510E-4	2.861040E-6
6.916200E+3	2.538280E-4	3.576290E-6
6.929600E+3	2.557060E-4	2.801430E-6
6.949700E+3	2.564510E-4	1.519930E-6
6.962600E+3	2.587460E-4	3.576300E-7
6.981900E+3	2.616960E-4	1.013290E-6
6.995100E+3	2.627990E-4	1.668940E-6
7.004900E+3	2.636330E-4	2.443800E-6
7.025700E+3	2.673880E-4	2.950440E-6
7.035000E+3	2.684610E-4	2.741830E-6
7.056200E+3	2.728720E-4	4.768410E-7
7.065300E+3	2.753750E-4	4.470370E-7
7.086600E+3	2.795770E-4	2.682230E-7
7.095800E+3	2.803820E-4	2.384200E-7
7.117000E+3	2.846140E-4	8.940740E-8
7.129000E+3	2.855080E-4	1.609330E-6
7.139400E+3	2.871470E-4	1.788150E-6
7.162500E+3	2.902170E-4	1.639140E-6
7.172100E+3	2.920940E-4	6.556550E-7
7.192800E+3	2.956710E-4	-5.960510E-8
7.202900E+3	2.981740E-4	-6.854570E-7
7.223100E+3	3.022570E-4	2.980250E-7
7.233600E+3	3.046410E-4	9.238760E-7
7.256200E+3	3.094390E-4	1.937170E-6
7.266100E+3	3.125090E-4	1.788150E-6
7.277300E+3	3.134330E-4	2.741830E-6
7.296800E+3	3.173070E-4	1.370910E-6
7.307600E+3	3.189760E-4	2.294790E-6
7.329100E+3	3.243110E-4	3.039850E-6
7.340300E+3	3.267250E-4	2.414000E-6
7.359600E+3	3.328640E-4	1.281510E-6
7.370600E+3	3.357250E-4	1.758340E-6
7.382800E+3	3.378710E-4	1.281510E-6
7.403500E+3	3.426690E-4	8.940740E-8
7.413200E+3	3.444870E-4	1.072890E-6
7.437400E+3	3.520270E-4	1.490120E-6
7.446900E+3	3.542920E-4	2.473610E-6
7.468300E+3	3.596860E-4	2.592820E-6
7.477600E+3	3.611760E-4	3.516690E-6
7.498500E+3	3.688650E-4	2.145780E-6
7.507800E+3	3.716070E-4	3.576290E-6
7.529000E+3	3.781640E-4	2.473610E-6
7.538100E+3	3.801600E-4	2.086180E-6
7.548600E+3	3.848690E-4	1.490120E-6
7.571200E+3	3.922300E-4	1.579530E-6
7.581100E+3	3.963730E-4	1.132500E-6
7.604300E+3	4.011410E-4	3.278270E-7
7.614500E+3	4.038830E-4	2.980250E-7
7.627700E+3	4.078470E-4	-8.940740E-8
7.647100E+3	4.141650E-4	2.086170E-7
7.658400E+3	4.180390E-4	-5.066430E-7
7.677800E+3	4.255490E-4	-2.980250E-8
7.689100E+3	4.298410E-4	-8.046660E-7
7.708600E+3	4.364570E-4	0.000000E+0
7.719400E+3	4.393480E-4	-2.086170E-7
7.739500E+3	4.457850E-4	1.192100E-6
7.749800E+3	4.498080E-4	1.490120E-6
7.770200E+3	4.578550E-4	8.046660E-7
7.780000E+3	4.618480E-4	5.662480E-7
7.800000E+3	4.702830E-4	9.536820E-7
7.810300E+3	4.732330E-4	1.728540E-6
7.830700E+3	4.809220E-4	9.834840E-7
7.840600E+3	4.829190E-4	2.264990E-6
7.850300E+3	4.860480E-4	2.563010E-6
7.873900E+3	4.927850E-4	1.251700E-6
7.883000E+3	4.951100E-4	2.414000E-6
7.907300E+3	5.012190E-4	-5.662480E-7
7.916500E+3	5.026500E-4	3.576300E-7
7.927700E+3	5.061960E-4	-2.980250E-7
7.947100E+3	5.104880E-4	4.768410E-7
7.960200E+3	5.109940E-4	2.622620E-6
7.970800E+3	5.128720E-4	2.771630E-6
7.992800E+3	5.184750E-4	8.046660E-7
8.006200E+3	5.201440E-4	1.579530E-6
8.028700E+3	5.215740E-4	3.457080E-6
8.039000E+3	5.230640E-4	2.414000E-6
8.050000E+3	5.236600E-4	1.013290E-6
8.070100E+3	5.221700E-4	1.490130E-7
8.080600E+3	5.205610E-4	5.960510E-8
8.092700E+3	5.181470E-4	-3.874320E-7
8.118600E+3	5.124840E-4	-4.261760E-6
8.129100E+3	5.081040E-4	-3.695500E-6
8.141100E+3	5.022320E-4	-1.788150E-6
8.165000E+3	4.904010E-4	-1.579530E-6
8.174300E+3	4.841110E-4	-6.854570E-7
8.184500E+3	4.760640E-4	3.576300E-7
8.207700E+3	4.612520E-4	1.221900E-6
8.217400E+3	4.529670E-4	1.758340E-6
8.230500E+3	4.413150E-4	2.056370E-6
8.253600E+3	4.199460E-4	9.238760E-7
8.263400E+3	4.079060E-4	1.877550E-6
8.287100E+3	3.808160E-4	2.086170E-7
8.296200E+3	3.683590E-4	7.450620E-7
8.307300E+3	3.531590E-4	5.960500E-7
8.332200E+3	3.227010E-4	2.384200E-7
8.342400E+3	3.082470E-4	-6.258520E-7
8.353300E+3	2.931080E-4	-3.278270E-7
8.373100E+3	2.583280E-4	-1.370910E-6
8.386200E+3	2.425620E-4	-1.609330E-6
8.398800E+3	2.249790E-4	-1.132500E-6
8.419100E+3	1.890970E-4	-1.490130E-7
8.429400E+3	1.716330E-4	1.072890E-6
8.451800E+3	1.327400E-4	0.000000E+0
8.465100E+3	1.127430E-4	8.940740E-8
8.478200E+3	9.363940E-5	-7.450620E-7
8.498800E+3	5.778690E-5	-1.102690E-6
8.508500E+3	4.050160E-5	-1.788150E-7
8.529700E+3	7.331400E-6	1.460320E-6
8.542100E+3	-1.320250E-5	1.668940E-6
8.551300E+3	-2.959380E-5	1.996770E-6
8.575300E+3	-6.455230E-5	2.384200E-6
8.587600E+3	-8.305950E-5	2.473610E-6
8.596900E+3	-9.790110E-5	2.592820E-6
8.620900E+3	-1.287470E-4	1.728540E-6
8.630100E+3	-1.422470E-4	1.877550E-6
8.640900E+3	-1.575960E-4	3.427280E-6
8.663500E+3	-1.849840E-4	3.725300E-6
8.674500E+3	-1.987530E-4	4.589590E-6
8.696700E+3	-2.250680E-4	4.410770E-6
8.706900E+3	-2.393140E-4	4.649190E-6
8.720000E+3	-2.517420E-4	4.410770E-6
8.730000E+3	-2.633050E-4	4.529980E-6
8.752600E+3	-2.875050E-4	5.602870E-6
8.766300E+3	-2.981440E-4	5.722080E-6
8.785400E+3	-3.159660E-4	5.275040E-6
8.796700E+3	-3.244900E-4	5.036620E-6
8.816500E+3	-3.417150E-4	4.708800E-6
8.830400E+3	-3.509540E-4	6.735350E-6
8.839600E+3	-3.577190E-4	6.765160E-6
8.860900E+3	-3.716370E-4	6.586340E-6
8.870100E+3	-3.782530E-4	6.675750E-6
8.891100E+3	-3.902630E-4	9.089770E-6
8.900200E+3	-3.963430E-4	9.089770E-6
8.921500E+3	-4.062670E-4	9.298380E-6
8.930600E+3	-4.113630E-4	8.881150E-6
8.954900E+3	-4.218540E-4	1.069910E-5
8.964000E+3	-4.263840E-4	1.013280E-5
8.976900E+3	-4.292450E-4	9.119570E-6
8.988100E+3	-4.342520E-4	1.001360E-5
9.009800E+3	-4.420600E-4	7.957280E-6
9.030700E+3	-4.468580E-4	8.076490E-6
9.040600E+3	-4.494210E-4	9.447390E-6
9.051800E+3	-4.510600E-4	9.775220E-6
9.071400E+3	-4.542490E-4	9.596410E-6
9.082300E+3	-4.569610E-4	1.028190E-5
9.104000E+3	-4.571100E-4	9.715620E-6
9.115300E+3	-4.593450E-4	1.159320E-5
9.127900E+3	-4.583320E-4	1.117590E-5
9.148200E+3	-4.576170E-4	9.983840E-6
9.161300E+3	-4.580340E-4	1.052030E-5
9.170600E+3	-4.559480E-4	9.208980E-6
9.194900E+3	-4.543080E-4	1.212960E-5
9.204000E+3	-4.524610E-4	1.192100E-5
9.224800E+3	-4.493310E-4	1.239780E-5
9.234200E+3	-4.479310E-4	1.207000E-5
9.255600E+3	-4.450400E-4	1.248720E-5
9.264700E+3	-4.415830E-4	1.156340E-5
9.286100E+3	-4.380660E-4	1.198060E-5
9.295300E+3	-4.369340E-4	1.192100E-5
9.316600E+3	-4.306750E-4	1.144420E-5
9.328700E+3	-4.286190E-4	1.186140E-5
9.338900E+3	-4.276350E-4	1.248720E-5
9.362000E+3	-4.209300E-4	1.227860E-5
9.372500E+3	-4.180990E-4	1.341110E-5
9.383100E+3	-4.124660E-4	1.305350E-5
9.407300E+3	-4.044490E-4	1.239780E-5
9.418100E+3	-4.007830E-4	1.224880E-5
9.437700E+3	-3.948830E-4	1.257660E-5
9.449000E+3	-3.928860E-4	1.302370E-5
9.468800E+3	-3.843920E-4	1.105670E-5
9.481900E+3	-3.795340E-4	1.078850E-5
9.492600E+3	-3.756010E-4	1.072890E-5
9.513000E+3	-3.685670E-4	1.135470E-5
9.523100E+3	-3.632620E-4	1.117590E-5
9.545700E+3	-3.548280E-4	1.174220E-5
9.556500E+3	-3.501490E-4	1.060970E-5
9.565700E+3	-3.473480E-4	1.069910E-5
9.589700E+3	-3.391820E-4	9.357990E-6
9.602200E+3	-3.338470E-4	8.791740E-6
9.623400E+3	-3.271420E-4	8.732140E-6
9.632700E+3	-3.231190E-4	8.374510E-6
9.654000E+3	-3.156080E-4	8.493720E-6
9.663200E+3	-3.116150E-4	9.328190E-6
9.674200E+3	-3.066980E-4	9.089770E-6
9.696600E+3	-2.954920E-4	9.179170E-6
9.706800E+3	-2.917670E-4	9.596410E-6
9.730200E+3	-2.829750E-4	1.057990E-5
9.739700E+3	-2.777890E-4	1.034150E-5
9.750900E+3	-2.716800E-4	1.031170E-5
9.772700E+3	-2.611600E-4	7.957280E-6
9.783600E+3	-2.569870E-4	7.271800E-6
9.805900E+3	-2.450660E-4	5.304840E-6
9.816100E+3	-2.400880E-4	6.318120E-6
9.827200E+3	-2.337700E-4	6.079700E-6
9.847100E+3	-2.239650E-4	7.182390E-6
9.857700E+3	-2.183920E-4	7.003570E-6
9.879800E+3	-2.101670E-4	6.824760E-6
9.891100E+3	-2.062630E-4	5.573060E-6
9.910900E+3	-1.978590E-4	4.649190E-6
9.922000E+3	-1.937760E-4	3.546490E-6
9.942200E+3	-1.879340E-4	2.741830E-6
9.952600E+3	-1.833150E-4	2.592820E-6
9.961900E+3	-1.785170E-4	2.294790E-6
9.986000E+3	-1.709470E-4	3.665700E-6
9.995300E+3	-1.668640E-4	2.741830E-6
1.000590E+4	-1.630490E-4	2.831240E-6
1.002860E+4	-1.561050E-4	2.831240E-6
1.004960E+4	-1.508600E-4	3.308070E-6
1.005880E+4	-1.474930E-4	3.099460E-6
1.008010E+4	-1.419790E-4	2.592820E-6
1.008930E+4	-1.396550E-4	2.503410E-6
1.010030E+4	-1.380150E-4	2.950440E-6
1.012280E+4	-1.329190E-4	2.503410E-6
1.013310E+4	-1.309230E-4	2.443800E-6
1.015330E+4	-1.256480E-4	1.370910E-6
1.016420E+4	-1.233830E-4	9.536820E-7
1.018410E+4	-1.178690E-4	1.549730E-6
1.019520E+4	-1.159310E-4	1.758340E-6
1.021460E+4	-1.138450E-4	2.950440E-6
1.022590E+4	-1.121470E-4	3.397480E-6
1.024540E+4	-1.065740E-4	1.907360E-6
1.025660E+4	-1.043380E-4	2.235190E-6
1.027640E+4	-1.014180E-4	4.023340E-6
1.028720E+4	-9.945080E-5	3.874330E-6
1.029630E+4	-9.778190E-5	3.993540E-6
1.032020E+4	-9.626200E-5	4.559780E-6
1.032960E+4	-9.504010E-5	5.275040E-6
1.035320E+4	-9.143400E-5	3.904130E-6
1.036330E+4	-8.887100E-5	2.712030E-6
1.037570E+4	-8.726170E-5	2.175580E-6
1.039670E+4	-8.690400E-5	1.490120E-6
1.040650E+4	-8.621860E-5	1.937170E-6
1.042730E+4	-8.419200E-5	2.205390E-6
1.043770E+4	-8.323840E-5	2.264990E-6
1.045800E+4	-7.978130E-5	1.311310E-6
1.046880E+4	-7.811240E-5	1.102690E-6
1.048840E+4	-7.656260E-5	1.400720E-6
1.049870E+4	-7.617520E-5	1.490120E-6
1.051910E+4	-7.507250E-5	7.748640E-7
1.053080E+4	-7.399960E-5	3.576300E-7
1.055020E+4	-7.084060E-5	2.086170E-7
1.056140E+4	-6.905240E-5	5.662480E-7
1.057070E+4	-6.750270E-5	8.344690E-7
1.059400E+4	-6.598280E-5	1.013290E-6
1.060360E+4	-6.496950E-5	1.788150E-6
1.062660E+4	-6.347940E-5	1.490120E-6
1.063710E+4	-6.231710E-5	9.238760E-7
1.064640E+4	-6.178070E-5	8.940730E-7
1.067060E+4	-6.088640E-5	1.221900E-6
1.067990E+4	-6.017110E-5	1.370910E-6
1.070380E+4	-5.915780E-5	1.341110E-6
1.071360E+4	-5.921740E-5	1.430520E-6
1.073480E+4	-5.814460E-5	1.907360E-6
1.074420E+4	-5.814460E-5	1.907360E-6
1.075660E+4	-5.623720E-5	2.324600E-6
1.077770E+4	-5.507490E-5	2.026570E-6
1.078980E+4	-5.474710E-5	2.771630E-6
1.080030E+4	-5.432990E-5	2.652420E-6
1.082320E+4	-5.137940E-5	2.384200E-6
1.083400E+4	-5.006810E-5	3.159060E-6
1.085390E+4	-4.911450E-5	2.503410E-6
1.086510E+4	-4.813100E-5	2.175580E-6
1.088440E+4	-4.637260E-5	1.490120E-6
1.089520E+4	-4.634280E-5	2.115980E-6
1.091570E+4	-4.574680E-5	2.086180E-6
1.092690E+4	-4.580640E-5	1.579530E-6
1.094570E+4	-4.580640E-5	8.046660E-7
1.095700E+4	-4.601500E-5	7.748640E-7
1.097760E+4	-4.488250E-5	1.966970E-6
1.098780E+4	-4.449510E-5	2.235190E-6
1.099680E+4	-4.360100E-5	2.443800E-6
1.102120E+4	-4.199170E-5	1.728540E-6
1.103040E+4	-4.127640E-5	1.490120E-6
1.105170E+4	-4.056120E-5	1.132500E-6
1.106100E+4	-4.035260E-5	1.728540E-6
1.108200E+4	-4.023340E-5	3.844530E-6
1.109120E+4	-3.975650E-5	4.559780E-6
1.111260E+4	-3.933930E-5	4.321370E-6
1.112190E+4	-3.924990E-5	2.563010E-6
1.114640E+4	-3.835580E-5	1.996770E-6
1.115590E+4	-3.784920E-5	3.159060E-6
1.117700E+4	-3.770020E-5	2.861040E-6
1.118690E+4	-3.761080E-5	2.622620E-6
1.120760E+4	-3.707430E-5	2.205390E-6
1.121710E+4	-3.659750E-5	2.473610E-6
1.123110E+4	-3.612060E-5	3.010050E-6
1.125100E+4	-3.686570E-5	1.907360E-6
1.126230E+4	-3.707430E-5	1.639140E-6
1.127180E+4	-3.612060E-5	2.473610E-6
1.129520E+4	-3.546500E-5	6.556550E-7
1.130550E+4	-3.457090E-5	1.370910E-6
1.132620E+4	-3.445170E-5	3.576290E-6
1.133580E+4	-3.445170E-5	4.440580E-6
1.135680E+4	-3.245500E-5	3.844530E-6
1.136910E+4	-3.233580E-5	3.665700E-6
1.138960E+4	-3.176950E-5	3.457080E-6
1.139960E+4	-3.153110E-5	1.847750E-6
1.142070E+4	-3.018990E-5	1.490120E-6
1.143030E+4	-2.953420E-5	1.132500E-6
1.144050E+4	-2.938520E-5	8.940730E-7
1.146100E+4	-2.920640E-5	5.662480E-7
1.148250E+4	-2.989180E-5	1.043090E-6
1.149180E+4	-3.087540E-5	1.490130E-7
1.150290E+4	-3.159070E-5	-7.152590E-7
1.152270E+4	-3.099460E-5	-1.192100E-7
1.153390E+4	-3.010050E-5	0.000000E+0
1.155580E+4	-2.759710E-5	6.556550E-7
1.156660E+4	-2.726920E-5	7.748640E-7
1.158620E+4	-2.664340E-5	7.450620E-7
1.159730E+4	-2.565990E-5	9.834840E-7
1.161700E+4	-2.488510E-5	1.162300E-6
1.162820E+4	-2.482550E-5	1.639140E-6
1.163770E+4	-2.452740E-5	1.847750E-6
1.166120E+4	-2.291810E-5	1.847750E-6
1.167150E+4	-2.282870E-5	1.341110E-6
1.169510E+4	-2.449760E-5	1.341110E-6
1.170510E+4	-2.399100E-5	1.907360E-6
1.172520E+4	-2.321610E-5	2.324600E-6
1.173570E+4	-2.241150E-5	2.324600E-6
1.175650E+4	-2.238170E-5	1.281510E-6
1.176660E+4	-2.300750E-5	1.221900E-6
1.178770E+4	-2.303730E-5	1.192100E-6
1.179730E+4	-2.360360E-5	1.668940E-6
1.181870E+4	-2.360360E-5	1.668940E-6
1.182790E+4	-2.357380E-5	4.619390E-6
1.183870E+4	-2.244130E-5	5.722080E-6
1.186170E+4	-2.053390E-5	5.364450E-6
1.187170E+4	-1.898420E-5	4.589590E-6
1.189540E+4	-1.937160E-5	2.592820E-6
1.190570E+4	-2.008690E-5	1.728540E-6
1.191900E+4	-2.050410E-5	1.996770E-6
1.193870E+4	-2.151740E-5	1.341110E-6
1.195180E+4	-2.121940E-5	7.450620E-7
1.196260E+4	-2.124920E-5	8.940730E-7
1.198280E+4	-2.068290E-5	2.115980E-6
1.199320E+4	-2.086170E-5	1.907360E-6
1.201560E+4	-1.961000E-5	2.443800E-6
1.202670E+4	-1.809010E-5	1.937170E-6
1.203900E+4	-1.752390E-5	2.264990E-6
1.205970E+4	-1.740470E-5	2.741830E-6
1.206940E+4	-1.749410E-5	2.473610E-6
1.209070E+4	-1.779210E-5	1.877550E-6
1.210000E+4	-1.770270E-5	1.728540E-6
1.212150E+4	-1.797090E-5	1.907360E-6
1.213080E+4	-1.838810E-5	2.086180E-6
1.215260E+4	-1.856700E-5	3.010050E-6
1.216210E+4	-1.889480E-5	3.993540E-6
1.218650E+4	-1.928220E-5	3.159060E-6
1.219580E+4	-1.856700E-5	3.069650E-6
1.219580E+4	-1.856700E-5	3.069650E-6
1.222930E+4	-1.975910E-5	1.460320E-6
1.224200E+4	-1.981870E-5	1.221900E-6
1.225330E+4	-2.011670E-5	1.847750E-6
1.227290E+4	-1.898420E-5	2.831240E-6
1.228620E+4	-1.794110E-5	2.294790E-6
1.229630E+4	-1.704700E-5	1.668940E-6
1.231890E+4	-1.639140E-5	1.937170E-6
1.232980E+4	-1.573570E-5	1.519930E-6
1.234990E+4	-1.561650E-5	1.341110E-6
1.236030E+4	-1.612320E-5	1.639140E-6
1.238100E+4	-1.654040E-5	1.788150E-7
1.239090E+4	-1.752390E-5	-6.854570E-7
1.241400E+4	-1.794110E-5	-6.854570E-7
1.242480E+4	-1.689800E-5	-5.960500E-7
1.244550E+4	-1.519920E-5	2.682230E-7
1.245560E+4	-1.460320E-5	0.000000E+0
1.246520E+4	-1.436480E-5	6.556550E-7
1.248620E+4	-1.367930E-5	4.768410E-7
1.249920E+4	-1.361970E-5	4.768410E-7
1.252000E+4	-1.427540E-5	-1.788150E-7
1.252950E+4	-1.388790E-5	8.940740E-8
1.255390E+4	-1.415620E-5	8.046660E-7
1.256370E+4	-1.484160E-5	1.341110E-6
1.257510E+4	-1.627220E-5	1.639140E-6
1.259710E+4	-1.561650E-5	1.072890E-6
1.260810E+4	-1.546750E-5	8.940730E-7
1.262130E+4	-1.606360E-5	1.221900E-6
1.264090E+4	-1.585500E-5	5.662480E-7
1.265180E+4	-1.552710E-5	2.086170E-7
1.267450E+4	-1.540790E-5	-7.450620E-7
1.268540E+4	-1.573570E-5	-9.238760E-7
1.269470E+4	-1.561650E-5	-1.072890E-6
1.271880E+4	-1.582510E-5	-9.536820E-7
1.272820E+4	-1.540790E-5	-2.384200E-7
1.274960E+4	-1.358990E-5	5.960500E-7
1.275890E+4	-1.350050E-5	9.238760E-7
1.278030E+4	-1.358990E-5	7.450620E-7
1.278970E+4	-1.305350E-5	8.642710E-7
1.281110E+4	-1.135470E-5	3.576290E-6
1.282080E+4	-1.168260E-5	4.351170E-6
1.284190E+4	-1.105670E-5	5.215440E-6
1.285430E+4	-1.046070E-5	4.887610E-6
1.286530E+4	-9.924230E-6	4.172350E-6
1.288770E+4	-1.007320E-5	2.056370E-6
1.289800E+4	-1.034150E-5	4.768410E-7
1.291840E+4	-1.135470E-5	7.152590E-7
1.292920E+4	-1.245740E-5	1.460320E-6
1.294920E+4	-1.227860E-5	1.937170E-6
1.296050E+4	-1.162300E-5	1.639140E-6
1.298030E+4	-1.102690E-5	1.162300E-6
1.299360E+4	-1.066930E-5	1.549730E-6
1.300450E+4	-1.001360E-5	1.698740E-6
1.302470E+4	-9.536800E-6	9.536820E-7
1.303500E+4	-9.268580E-6	3.576300E-7
1.305570E+4	-9.417590E-6	6.556550E-7
1.306860E+4	-9.417590E-6	1.460320E-6
1.308860E+4	-8.851350E-6	2.235190E-6
1.309900E+4	-8.940750E-6	2.414000E-6
1.310840E+4	-9.328190E-6	1.847750E-6
1.313240E+4	-8.851350E-6	8.940730E-7
1.314180E+4	-8.851350E-6	3.874320E-7
1.316320E+4	-8.970560E-6	-1.519930E-6
1.317550E+4	-9.119570E-6	-1.460320E-6
1.318550E+4	-1.057990E-5	-1.370910E-6
1.320930E+4	-1.239780E-5	-1.668940E-6
1.321940E+4	-1.287470E-5	-1.370910E-6
1.324300E+4	-1.254680E-5	-7.450620E-7
1.325260E+4	-1.254680E-5	-6.258520E-7
1.326390E+4	-1.257660E-5	5.960510E-8
1.328380E+4	-1.066930E-5	-2.980250E-8
1.329510E+4	-1.034150E-5	-4.470370E-7
1.331500E+4	-9.268580E-6	-4.172340E-7
1.332830E+4	-9.387790E-6	-3.278270E-7
1.334770E+4	-9.656010E-6	-4.768410E-7
1.336030E+4	-1.004340E-5	-3.278270E-7
1.337090E+4	-1.090770E-5	-1.788150E-7
1.338900E+4	-1.084810E-5	-5.662480E-7
1.339700E+4	-1.069910E-5	-2.682230E-7
1.340740E+4	-1.031170E-5	-2.682230E-7
1.341200E+4	-1.022230E-5	3.874320E-7
1.341390E+4	-1.007320E-5	1.788150E-7
1.341700E+4	-1.034150E-5	-9.238760E-7
1.341530E+4	-9.119570E-6	8.940740E-8
1.340860E+4	-8.076490E-6	1.043090E-6
1.340330E+4	-7.718860E-6	2.086180E-6
1.339430E+4	-7.838070E-6	2.056370E-6
1.337680E+4	-7.689060E-6	8.642710E-7
1.336460E+4	-8.404310E-6	8.642710E-7
1.336460E+4	-8.404310E-6	8.642710E-7
1.332230E+4	-9.983840E-6	3.010050E-6
1.329400E+4	-1.174220E-5	1.907360E-6
1.327840E+4	-1.156340E-5	2.145780E-6
1.326430E+4	-1.120570E-5	2.503410E-6
1.323250E+4	-1.174220E-5	2.622620E-6
1.321870E+4	-1.189120E-5	1.281510E-6
1.318950E+4	-1.126530E-5	1.788150E-7
1.317740E+4	-1.138450E-5	0.000000E+0
1.316370E+4	-1.156340E-5	-3.278270E-7
1.315280E+4	-1.186140E-5	-5.364450E-7
1.312960E+4	-1.192100E-5	-7.450620E-7
1.312090E+4	-1.174220E-5	-8.940740E-8
1.309940E+4	-1.257660E-5	1.311310E-6
1.309120E+4	-1.204020E-5	1.549730E-6
1.308110E+4	-1.093750E-5	1.460320E-6
1.306020E+4	-1.081830E-5	1.192100E-6
1.305020E+4	-1.037130E-5	2.175580E-6
1.302720E+4	-9.000360E-6	1.698740E-6
1.301760E+4	-9.596410E-6	1.639140E-6
1.300610E+4	-1.028190E-5	1.698740E-6
1.298340E+4	-1.010300E-5	-1.192100E-7
1.297210E+4	-1.013280E-5	-7.748640E-7
1.295210E+4	-1.049050E-5	-1.072890E-6
1.294110E+4	-1.019250E-5	-1.400720E-6
1.292100E+4	-1.037130E-5	-4.768410E-7
1.291040E+4	-1.055010E-5	-9.238760E-7
1.289030E+4	-1.171240E-5	-9.536820E-7
1.288040E+4	-1.165280E-5	-8.642710E-7
1.286070E+4	-1.218920E-5	-5.364450E-7
1.284730E+4	-1.263620E-5	-1.072890E-6
1.283810E+4	-1.266600E-5	-1.043090E-6
1.281700E+4	-1.269580E-5	2.980250E-7
1.279650E+4	-1.215940E-5	9.238760E-7
1.278690E+4	-1.090770E-5	9.536820E-7
1.277720E+4	-1.096730E-5	1.609330E-6
1.275370E+4	-1.204020E-5	5.066430E-7
1.274450E+4	-1.189120E-5	-3.278270E-7
1.272350E+4	-1.123550E-5	-4.172340E-7
1.271400E+4	-1.144420E-5	5.662480E-7
1.270280E+4	-1.186140E-5	1.549730E-6
1.268100E+4	-1.212960E-5	-7.450620E-7
1.266990E+4	-1.242760E-5	-1.341110E-6
1.264780E+4	-1.356010E-5	-1.043090E-6
1.263760E+4	-1.385810E-5	-1.043090E-6
1.261750E+4	-1.525890E-5	-1.639140E-6
1.260690E+4	-1.513960E-5	-2.026570E-6
1.258740E+4	-1.496080E-5	-7.748640E-7
1.257630E+4	-1.442440E-5	-6.556550E-7
1.255690E+4	-1.326210E-5	3.278270E-7
1.254570E+4	-1.218920E-5	4.470370E-7
1.253640E+4	-1.144420E-5	5.960500E-7
1.251530E+4	-1.096730E-5	2.264990E-6
1.250300E+4	-1.147400E-5	2.622620E-6
1.248240E+4	-1.254680E-5	3.457080E-6
1.247270E+4	-1.275550E-5	3.904130E-6
1.245200E+4	-1.364950E-5	3.576290E-6
1.244270E+4	-1.436480E-5	3.010050E-6
1.242170E+4	-1.600400E-5	2.563010E-6
1.241260E+4	-1.642120E-5	2.086180E-6
1.239150E+4	-1.627220E-5	1.490120E-6
1.238240E+4	-1.567610E-5	1.549730E-6
1.236140E+4	-1.475220E-5	2.682230E-7
1.235180E+4	-1.463300E-5	3.874320E-7
1.233120E+4	-1.528870E-5	-2.086170E-7
1.233120E+4	-1.528870E-5	-2.086170E-7
1.230080E+4	-1.773250E-5	-8.642710E-7
1.229110E+4	-1.749410E-5	7.152590E-7
1.227030E+4	-1.665960E-5	1.907360E-6
1.225940E+4	-1.707680E-5	2.414000E-6
1.224010E+4	-1.826890E-5	2.414000E-6
1.222990E+4	-1.916300E-5	2.741830E-6
1.221630E+4	-2.032530E-5	2.592820E-6
1.219640E+4	-2.151740E-5	3.129260E-6
1.218600E+4	-2.145780E-5	2.771630E-6
1.216550E+4	-2.086170E-5	2.533210E-6
1.215560E+4	-1.990810E-5	1.788150E-6
1.213480E+4	-1.946100E-5	7.152590E-7
1.212530E+4	-1.996770E-5	3.874320E-7
1.210500E+4	-1.937160E-5	7.152590E-7
1.209510E+4	-1.817950E-5	3.874320E-7
1.207430E+4	-1.853720E-5	6.854570E-7
1.206480E+4	-1.877560E-5	1.192100E-6
1.204360E+4	-1.856700E-5	1.877550E-6
1.203440E+4	-1.785170E-5	1.847750E-6
1.202390E+4	-1.776230E-5	2.414000E-6
1.200120E+4	-1.820930E-5	2.115980E-6
1.199130E+4	-1.880540E-5	2.563010E-6
1.196790E+4	-2.056370E-5	2.950440E-6
1.195780E+4	-2.059350E-5	2.801430E-6
1.194450E+4	-2.056370E-5	2.801430E-6
1.192510E+4	-1.975910E-5	1.430520E-6
1.191210E+4	-1.922260E-5	1.460320E-6
1.190120E+4	-1.919280E-5	1.937170E-6
1.187930E+4	-2.032530E-5	2.294790E-6
1.186820E+4	-2.080210E-5	2.771630E-6
1.184670E+4	-2.005710E-5	2.563010E-6
1.183570E+4	-1.934180E-5	1.549730E-6
1.182570E+4	-1.889480E-5	4.768410E-7
1.180540E+4	-1.931200E-5	1.698740E-6
1.178590E+4	-2.050410E-5	2.771630E-6
1.177470E+4	-2.110020E-5	1.698740E-6
1.176230E+4	-2.288830E-5	1.251700E-6
1.174190E+4	-2.428900E-5	5.066430E-7
1.172910E+4	-2.384200E-5	3.278270E-7
1.172010E+4	-2.390160E-5	-3.278270E-7
1.169600E+4	-2.428900E-5	-1.102690E-6
1.168690E+4	-2.414000E-5	-1.102690E-6
1.166570E+4	-2.419960E-5	-7.450620E-7
1.165650E+4	-2.446780E-5	-5.066430E-7
1.163570E+4	-2.473600E-5	4.172340E-7
1.162610E+4	-2.473600E-5	-4.172340E-7
1.161590E+4	-2.509370E-5	-9.238760E-7
1.159350E+4	-2.458700E-5	-4.172340E-7
1.158230E+4	-2.402080E-5	6.556550E-7
1.156000E+4	-2.428900E-5	8.940740E-8
1.154970E+4	-2.518310E-5	4.172340E-7
1.152960E+4	-2.646460E-5	-2.384200E-7
1.151870E+4	-2.738850E-5	5.960510E-8
1.149910E+4	-2.837190E-5	3.874320E-7
1.148800E+4	-2.837190E-5	3.874320E-7
1.147810E+4	-2.837190E-5	3.278270E-7
1.145730E+4	-2.875940E-5	7.748640E-7
1.144790E+4	-2.956400E-5	1.192100E-6
1.142470E+4	-3.081580E-5	2.592820E-6
1.141460E+4	-3.007070E-5	2.533210E-6
1.139220E+4	-2.995150E-5	2.264990E-6
1.138150E+4	-3.010050E-5	1.639140E-6
1.137230E+4	-3.016010E-5	1.072890E-6
1.134840E+4	-2.920640E-5	1.192100E-7
1.133910E+4	-2.819310E-5	-3.278270E-7
1.132690E+4	-2.816330E-5	-9.834840E-7
1.130590E+4	-2.971300E-5	7.450620E-7
1.129650E+4	-3.132250E-5	1.281510E-6
1.127290E+4	-3.129270E-5	7.152590E-7
1.126380E+4	-3.242520E-5	1.192100E-7
1.125290E+4	-3.397490E-5	-5.364450E-7
1.123050E+4	-3.430270E-5	1.341110E-6
1.121950E+4	-3.427290E-5	1.311310E-6
1.120010E+4	-3.400470E-5	1.788150E-7
1.118880E+4	-3.516700E-5	1.490130E-7
1.116710E+4	-3.713390E-5	8.046660E-7
1.115620E+4	-3.761080E-5	1.639140E-6
1.113670E+4	-3.671670E-5	5.960510E-8
1.112560E+4	-3.650810E-5	-5.960510E-8
1.111600E+4	-3.618030E-5	-3.874320E-7
1.109330E+4	-3.722330E-5	-1.251700E-6
1.108270E+4	-3.811740E-5	-5.364450E-7
1.106070E+4	-3.975650E-5	5.960510E-8
1.104950E+4	-4.023340E-5	8.046660E-7
1.104030E+4	-4.035260E-5	1.072890E-6
1.101630E+4	-4.035260E-5	1.877550E-6
1.100640E+4	-4.124660E-5	1.579530E-6
1.098350E+4	-4.184270E-5	1.579530E-6
1.097300E+4	-4.136590E-5	1.698740E-6
1.096390E+4	-4.154470E-5	2.086180E-6
1.094290E+4	-4.261760E-5	2.622620E-6
1.093340E+4	-4.255790E-5	2.861040E-6
1.090970E+4	-4.401830E-5	2.115980E-6
1.090070E+4	-4.419710E-5	2.235190E-6
1.088970E+4	-4.521040E-5	2.503410E-6
1.086750E+4	-4.613420E-5	1.996770E-6
1.085630E+4	-4.738590E-5	2.801430E-6
1.083690E+4	-4.795220E-5	3.427280E-6
1.082680E+4	-4.902510E-5	2.920640E-6
1.080400E+4	-5.191590E-5	2.980250E-6
1.079300E+4	-5.257150E-5	2.533210E-6
1.077350E+4	-5.197550E-5	1.877550E-6
1.076230E+4	-5.224370E-5	1.013290E-6
1.074280E+4	-5.206490E-5	-5.960510E-8
1.073230E+4	-5.263110E-5	-1.788150E-7
1.071280E+4	-5.409140E-5	5.066430E-7
1.070140E+4	-5.465770E-5	6.556550E-7
1.068170E+4	-5.707170E-5	9.238760E-7
1.067030E+4	-5.748890E-5	9.834840E-7
1.065800E+4	-5.823400E-5	1.192100E-6
1.063680E+4	-5.954530E-5	1.192100E-6
1.062760E+4	-5.996250E-5	1.251700E-6
1.060700E+4	-6.234690E-5	2.592820E-6
1.059770E+4	-6.303240E-5	2.503410E-6
1.057680E+4	-6.282380E-5	2.980250E-6
1.056770E+4	-6.333040E-5	3.039850E-6
1.054660E+4	-6.622120E-5	9.536820E-7
1.053740E+4	-6.735370E-5	3.874320E-7
1.051630E+4	-6.657890E-5	2.980250E-8
1.050700E+4	-6.753250E-5	4.470370E-7
1.048610E+4	-6.932070E-5	6.258520E-7
1.047630E+4	-7.128760E-5	3.278270E-7
1.046500E+4	-7.331420E-5	4.768410E-7
1.044350E+4	-7.724810E-5	5.066430E-7
1.043230E+4	-7.808260E-5	3.278270E-7
1.041050E+4	-7.966210E-5	7.450620E-7
1.040000E+4	-8.109260E-5	1.281510E-6
1.038950E+4	-8.311910E-5	9.536820E-7
1.036680E+4	-8.499670E-5	4.470370E-7
1.035640E+4	-8.603980E-5	1.043090E-6
1.033430E+4	-8.821530E-5	2.563010E-6
1.032320E+4	-8.931800E-5	2.563010E-6
1.031090E+4	-9.089750E-5	2.414000E-6
1.029020E+4	-9.319230E-5	2.145780E-6
1.028050E+4	-9.408640E-5	1.877550E-6
1.025970E+4	-9.706660E-5	2.056370E-6
1.024750E+4	-9.888460E-5	2.384200E-6
1.022720E+4	-1.034150E-4	1.877550E-6
1.021730E+4	-1.052320E-4	1.758340E-6
1.020770E+4	-1.076460E-4	1.937170E-6
1.018710E+4	-1.092860E-4	1.311310E-6
1.017710E+4	-1.098520E-4	1.251700E-6
1.015380E+4	-1.143820E-4	5.960500E-7
1.014450E+4	-1.176900E-4	8.940730E-7
1.013150E+4	-1.201340E-4	1.788150E-6
1.011150E+4	-1.238300E-4	2.712030E-6
1.010060E+4	-1.257070E-4	3.814730E-6
1.008110E+4	-1.288660E-4	3.278270E-6
1.006990E+4	-1.309520E-4	3.188860E-6
1.005070E+4	-1.351540E-4	2.294790E-6
1.003940E+4	-1.376880E-4	1.609330E-6
1.002010E+4	-1.435290E-4	2.473610E-6
1.000900E+4	-1.462410E-4	2.414000E-6
9.989300E+3	-1.512780E-4	3.695500E-6
9.978800E+3	-1.541090E-4	3.814730E-6
9.958600E+3	-1.616790E-4	3.278270E-6
9.945700E+3	-1.663570E-4	3.784910E-6
9.936600E+3	-1.686220E-4	3.069650E-6
9.915400E+3	-1.748210E-4	2.443800E-6
9.906300E+3	-1.777720E-4	2.503410E-6
9.885200E+3	-1.860270E-4	2.920640E-6
9.875900E+3	-1.905570E-4	3.129260E-6
9.855100E+3	-2.001240E-4	3.159060E-6
9.845500E+3	-2.045940E-4	3.129260E-6
9.824800E+3	-2.126410E-4	4.023340E-6
9.814500E+3	-2.166640E-4	4.708800E-6
9.794100E+3	-2.228030E-4	3.159060E-6
9.783500E+3	-2.275420E-4	3.218670E-6
9.760600E+3	-2.373170E-4	2.473610E-6
9.750600E+3	-2.426220E-4	2.175580E-6
9.739400E+3	-2.496260E-4	2.592820E-6
9.717900E+3	-2.611600E-4	3.010050E-6
9.706700E+3	-2.673580E-4	3.218670E-6
9.684900E+3	-2.774320E-4	2.324600E-6
9.674200E+3	-2.833920E-4	2.235190E-6
9.660700E+3	-2.891440E-4	2.980250E-6
9.642000E+3	-2.987700E-4	2.622620E-6
9.628000E+3	-3.035980E-4	3.874330E-6
9.618900E+3	-3.071150E-4	3.844530E-6
9.618900E+3	-3.071150E-4	3.844530E-6
9.578100E+3	-3.259200E-4	4.738600E-6
9.567500E+3	-3.300630E-4	4.589590E-6
9.558500E+3	-3.345330E-4	5.453850E-6
9.537400E+3	-3.416260E-4	5.334640E-6
9.517600E+3	-3.490170E-4	5.096230E-6
9.507100E+3	-3.544410E-4	5.602870E-6
9.495000E+3	-3.576300E-4	5.096230E-6
9.473800E+3	-3.665110E-4	5.930690E-6
9.461800E+3	-3.699080E-4	6.079700E-6
9.451700E+3	-3.733060E-4	7.361200E-6
9.431800E+3	-3.801900E-4	8.255300E-6
9.421300E+3	-3.857040E-4	8.821550E-6
9.399000E+3	-3.941380E-4	6.616140E-6
9.389100E+3	-3.975950E-4	6.258520E-6
9.368800E+3	-4.037640E-4	6.556540E-6
9.358300E+3	-4.092180E-4	7.778460E-6
9.338300E+3	-4.146710E-4	6.377730E-6
9.327300E+3	-4.192310E-4	7.391010E-6
9.316900E+3	-4.234030E-4	7.540020E-6
9.294600E+3	-4.296020E-4	7.063180E-6
9.283600E+3	-4.327320E-4	7.778460E-6
9.263900E+3	-4.391990E-4	8.106290E-6
9.253400E+3	-4.428640E-4	7.778460E-6
9.231500E+3	-4.461130E-4	6.914170E-6
9.220500E+3	-4.480500E-4	6.288320E-6
9.201000E+3	-4.517750E-4	6.556540E-6
9.190300E+3	-4.532950E-4	5.513460E-6
9.170200E+3	-4.588980E-4	6.437330E-6
9.159900E+3	-4.616100E-4	7.003570E-6
9.147900E+3	-4.619680E-4	5.006820E-6
9.126600E+3	-4.664080E-4	7.838070E-6
9.114400E+3	-4.660800E-4	7.629450E-6
9.104800E+3	-4.662290E-4	6.705550E-6
9.104800E+3	-4.662290E-4	6.705550E-6
9.071100E+3	-4.692990E-4	5.573060E-6
9.059800E+3	-4.695970E-4	5.304840E-6
9.038300E+3	-4.679880E-4	4.440580E-6
9.027100E+3	-4.667060E-4	4.828010E-6
9.004800E+3	-4.641430E-4	5.513460E-6
8.994300E+3	-4.622660E-4	5.871090E-6
8.981100E+3	-4.617890E-4	7.361200E-6
8.961600E+3	-4.547260E-4	4.738600E-6
8.950300E+3	-4.525200E-4	4.291560E-6
8.930900E+3	-4.476920E-4	5.215440E-6
8.919900E+3	-4.448610E-4	4.887610E-6
8.900200E+3	-4.363080E-4	2.324600E-6
8.889800E+3	-4.306750E-4	5.066430E-7
8.869700E+3	-4.228370E-4	1.728540E-6
8.859800E+3	-4.171450E-4	2.622620E-6
8.859800E+3	-4.171450E-4	2.622620E-6
8.826500E+3	-3.995620E-4	4.142550E-6
8.817400E+3	-3.927070E-4	4.619390E-6
8.793300E+3	-3.784020E-4	5.662470E-6
8.784100E+3	-3.705640E-4	5.692270E-6
8.759900E+3	-3.544410E-4	4.887610E-6
8.750700E+3	-3.449640E-4	3.010050E-6
8.741300E+3	-3.379600E-4	3.457080E-6
8.720600E+3	-3.203770E-4	3.695500E-6
8.707700E+3	-3.092900E-4	3.278270E-6
8.694600E+3	-2.973400E-4	2.264990E-6
8.672100E+3	-2.717390E-4	1.907360E-6
8.659900E+3	-2.562420E-4	3.010050E-6
8.646100E+3	-2.447980E-4	3.010050E-6
8.635900E+3	-2.322800E-4	3.725300E-6
8.613600E+3	-2.072460E-4	2.592820E-6
8.600300E+3	-1.910340E-4	1.907360E-6
8.587400E+3	-1.744940E-4	6.258520E-7
8.567700E+3	-1.446610E-4	1.490130E-7
8.554600E+3	-1.272870E-4	2.980250E-8
8.544800E+3	-1.111330E-4	5.960510E-8
8.522500E+3	-7.799310E-5	-5.364450E-7
8.508900E+3	-5.802540E-5	-6.258520E-7
8.496600E+3	-4.288580E-5	-2.682230E-7
8.475800E+3	-7.212190E-6	-1.162300E-6
8.463300E+3	1.093750E-5	-1.043090E-6
8.454300E+3	2.810370E-5	-8.344690E-7
8.432900E+3	6.702590E-5	-8.940730E-7
8.420900E+3	8.717230E-5	-6.854570E-7
8.410600E+3	1.054110E-4	-1.788150E-7
8.387500E+3	1.411150E-4	9.834840E-7
8.377000E+3	1.584300E-4	1.400720E-6
8.357500E+3	1.925240E-4	9.536820E-7
8.346500E+3	2.093620E-4	8.642710E-7
8.327400E+3	2.433070E-4	8.642710E-7
8.316200E+3	2.612790E-4	1.519930E-6
8.296900E+3	2.949550E-4	2.980250E-6
8.283700E+3	3.128370E-4	2.503410E-6
8.273200E+3	3.266350E-4	3.755110E-6
8.252700E+3	3.556630E-4	4.559780E-6
8.233100E+3	3.800110E-4	6.139310E-6
8.221700E+3	3.937800E-4	5.513460E-6
8.212400E+3	4.101710E-4	5.543260E-6
8.188900E+3	4.321060E-4	5.275040E-6
8.178600E+3	4.457250E-4	4.529980E-6
8.156300E+3	4.630110E-4	4.529980E-6
8.145400E+3	4.739480E-4	4.380970E-6
8.133300E+3	4.805640E-4	5.692270E-6
8.112600E+3	4.944240E-4	5.006820E-6
8.103200E+3	5.011600E-4	5.245240E-6
8.080100E+3	5.129910E-4	6.109510E-6
8.070000E+3	5.154350E-4	7.092980E-6
8.060800E+3	5.195770E-4	6.258520E-6
8.040100E+3	5.235710E-4	6.169110E-6
8.030200E+3	5.262230E-4	5.662470E-6
8.009700E+3	5.303060E-4	4.798200E-6
7.999200E+3	5.307830E-4	4.529980E-6
7.978900E+3	5.305450E-4	7.957280E-6
7.967900E+3	5.304550E-4	7.897670E-6
7.945500E+3	5.289650E-4	7.212190E-6
7.935300E+3	5.293230E-4	6.318120E-6
7.915000E+3	5.260450E-4	8.076490E-6
7.904300E+3	5.257460E-4	6.526740E-6
7.884500E+3	5.210080E-4	5.394250E-6
7.873400E+3	5.177890E-4	6.705550E-6
7.853800E+3	5.142730E-4	6.437330E-6
7.842500E+3	5.126040E-4	6.109510E-6
7.832900E+3	5.086100E-4	5.126030E-6
7.809900E+3	5.015770E-4	5.334640E-6
7.799500E+3	4.973450E-4	6.437330E-6
7.779200E+3	4.917420E-4	5.364450E-6
7.769300E+3	4.874190E-4	6.377730E-6
7.748300E+3	4.811010E-4	6.496940E-6
7.739000E+3	4.743950E-4	7.659260E-6
7.726800E+3	4.723980E-4	7.033380E-6
7.705600E+3	4.662000E-4	6.318120E-6
7.696300E+3	4.616700E-4	6.228710E-6
7.675600E+3	4.521030E-4	6.079700E-6
7.665700E+3	4.495400E-4	4.828010E-6
7.645500E+3	4.423280E-4	5.871090E-6
7.635100E+3	4.390500E-4	6.407530E-6
7.612200E+3	4.316290E-4	7.480410E-6
7.599800E+3	4.268310E-4	8.225500E-6
7.588600E+3	4.240890E-4	6.645950E-6
7.569200E+3	4.149690E-4	5.424050E-6
7.558100E+3	4.113630E-4	6.020100E-6
7.538600E+3	4.056410E-4	6.735350E-6
7.527800E+3	4.035550E-4	5.692270E-6
7.507800E+3	3.998300E-4	3.248470E-6
7.497600E+3	3.962240E-4	3.725300E-6
7.475600E+3	3.888030E-4	4.023340E-6
7.464700E+3	3.856140E-4	4.142550E-6
7.444800E+3	3.781640E-4	4.589590E-6
7.434400E+3	3.742300E-4	4.678990E-6
7.425200E+3	3.719050E-4	3.904130E-6
7.404100E+3	3.669280E-4	3.576290E-6
7.394600E+3	3.633520E-4	4.559780E-6
7.373800E+3	3.584050E-4	5.662470E-6
7.364600E+3	3.570930E-4	4.351170E-6
7.340200E+3	3.501490E-4	5.066420E-6
7.331000E+3	3.472880E-4	4.857810E-6
7.310000E+3	3.417150E-4	4.738600E-6
7.300400E+3	3.389440E-4	4.649190E-6
7.280000E+3	3.337280E-4	5.036620E-6
7.269800E+3	3.312550E-4	4.678990E-6
7.249800E+3	3.260690E-4	3.397480E-6
7.239100E+3	3.235360E-4	3.039850E-6
7.219500E+3	3.192440E-4	4.112750E-6
7.208400E+3	3.167710E-4	3.993540E-6
7.195500E+3	3.159060E-4	3.188860E-6
7.175800E+3	3.132840E-4	3.039850E-6
7.165000E+3	3.101250E-4	3.755110E-6
7.144800E+3	3.064890E-4	4.559780E-6
7.134600E+3	3.048200E-4	4.619390E-6
7.114300E+3	2.998130E-4	5.662470E-6
7.104600E+3	2.983530E-4	5.573060E-6
7.084700E+3	2.949550E-4	5.394250E-6
7.074400E+3	2.925410E-4	6.347920E-6
7.053700E+3	2.900080E-4	5.930690E-6
7.043800E+3	2.878330E-4	5.424050E-6
7.022600E+3	2.853590E-4	2.712030E-6
7.013300E+3	2.831840E-4	3.874330E-6
6.991800E+3	2.797260E-4	5.632670E-6
6.982700E+3	2.772830E-4	5.781680E-6
6.971900E+3	2.760310E-4	4.351170E-6
6.949500E+3	2.718590E-4	3.546490E-6
6.939600E+3	2.698920E-4	3.874330E-6
6.916500E+3	2.661960E-4	5.126030E-6
6.906200E+3	2.656000E-4	4.172350E-6
6.886200E+3	2.617560E-4	3.606100E-6
6.875400E+3	2.609810E-4	1.847750E-6
6.855900E+3	2.587750E-4	2.950440E-6
6.845800E+3	2.583280E-4	3.129260E-6
6.825500E+3	2.559440E-4	4.142550E-6
6.814700E+3	2.544540E-4	4.410770E-6
6.795100E+3	2.533510E-4	4.082950E-6
6.783900E+3	2.521590E-4	3.516690E-6
6.774000E+3	2.504610E-4	3.278270E-6
6.753300E+3	2.495070E-4	3.039850E-6
6.744000E+3	2.491790E-4	3.397480E-6
6.722800E+3	2.477490E-4	1.698740E-6
6.710700E+3	2.471230E-4	1.430520E-6
6.690200E+3	2.439330E-4	2.592820E-6
6.680300E+3	2.431280E-4	2.831240E-6
6.659000E+3	2.404760E-4	2.294790E-6
6.649700E+3	2.386880E-4	1.817950E-6
6.628200E+3	2.366020E-4	2.145780E-6
6.619000E+3	2.357370E-4	2.861040E-6
6.597700E+3	2.350220E-4	2.473610E-6
6.588500E+3	2.350820E-4	2.354400E-6
6.567500E+3	2.334130E-4	4.440580E-6
6.558100E+3	2.329950E-4	4.261760E-6
6.537600E+3	2.319520E-4	4.440580E-6
6.527600E+3	2.307310E-4	4.351170E-6
6.507400E+3	2.280180E-4	4.887610E-6
6.496900E+3	2.284060E-4	4.202160E-6
6.486300E+3	2.282570E-4	3.963740E-6
6.464300E+3	2.280480E-4	3.784910E-6
6.453000E+3	2.280780E-4	2.563010E-6
6.431500E+3	2.262010E-4	1.877550E-6
6.420200E+3	2.250680E-4	2.115980E-6
6.407300E+3	2.240550E-4	3.248470E-6
6.386700E+3	2.219690E-4	5.632670E-6
6.374200E+3	2.220580E-4	5.453850E-6
6.354200E+3	2.212240E-4	5.573060E-6
6.343800E+3	2.210750E-4	5.543260E-6
6.323500E+3	2.199420E-4	3.725300E-6
6.313600E+3	2.197040E-4	2.890840E-6
6.304100E+3	2.191080E-4	3.129260E-6
6.280500E+3	2.174980E-4	2.861040E-6
6.271400E+3	2.161570E-4	3.933940E-6
6.250300E+3	2.155610E-4	5.096230E-6
6.241000E+3	2.139520E-4	4.828010E-6
6.220100E+3	2.114190E-4	3.278270E-6
6.210100E+3	2.107630E-4	2.831240E-6
6.189700E+3	2.094220E-4	4.231960E-6
6.180200E+3	2.091830E-4	4.202160E-6
6.168800E+3	2.070970E-4	4.380970E-6
6.146500E+3	2.047430E-4	3.278270E-6
6.135200E+3	2.029850E-4	2.563010E-6
6.113500E+3	1.986630E-4	2.414000E-6
6.102500E+3	1.969350E-4	1.728540E-6
6.089600E+3	1.950570E-4	2.115980E-6
6.070200E+3	1.910930E-4	2.026570E-6
6.059200E+3	1.887690E-4	2.771630E-6
6.039200E+3	1.841200E-4	2.503410E-6
6.028700E+3	1.815270E-4	2.980250E-6
6.008200E+3	1.779510E-4	2.563010E-6
5.998300E+3	1.751790E-4	3.308070E-6
5.975400E+3	1.680560E-4	5.304840E-6
5.964800E+3	1.632880E-4	4.857810E-6
5.952800E+3	1.599500E-4	4.857810E-6
5.931600E+3	1.533040E-4	4.351170E-6
5.922300E+3	1.502640E-4	4.023340E-6
5.901200E+3	1.447510E-4	3.278270E-6
5.892100E+3	1.409660E-4	2.741830E-6
5.881200E+3	1.353630E-4	1.162300E-6
5.859000E+3	1.283890E-4	9.536820E-7
5.848800E+3	1.238000E-4	1.162300E-6
5.825500E+3	1.167060E-4	1.490120E-6
5.816100E+3	1.111330E-4	9.238760E-7
5.802000E+3	1.062460E-4	4.172340E-7
5.782500E+3	9.658980E-5	5.960510E-8
5.769400E+3	9.378840E-5	4.172340E-7
5.749700E+3	8.723190E-5	2.026570E-6
5.738600E+3	8.246350E-5	1.400720E-6
5.719000E+3	7.441690E-5	3.874320E-7
5.707800E+3	7.039360E-5	-5.066430E-7
5.698200E+3	6.505890E-5	2.086170E-7
5.675000E+3	5.802540E-5	2.384200E-7
5.664600E+3	5.555180E-5	5.960500E-7
5.644000E+3	4.819060E-5	3.874320E-7
5.634200E+3	4.443550E-5	8.046660E-7
5.613200E+3	3.719350E-5	5.960500E-7
5.604000E+3	3.322980E-5	4.768410E-7
5.582700E+3	2.738850E-5	8.046660E-7
5.573600E+3	2.416980E-5	1.072890E-6
5.552400E+3	1.713650E-5	1.490130E-7
5.540300E+3	1.335150E-5	-2.384200E-7
5.530400E+3	1.066930E-5	-8.046660E-7
5.510100E+3	6.198910E-6	-1.043090E-6
5.499700E+3	4.142550E-6	-8.940730E-7
5.479900E+3	2.086170E-7	-6.258520E-7
5.468900E+3	-2.622620E-6	-1.460320E-6
5.449400E+3	-6.735350E-6	-2.503410E-6
5.438200E+3	-8.881150E-6	-1.966970E-6
5.419000E+3	-1.230840E-5	-1.400720E-6
5.407700E+3	-1.457340E-5	-1.728540E-6
5.386400E+3	-1.594440E-5	-8.344690E-7
5.375300E+3	-1.680860E-5	3.576300E-7
5.365200E+3	-1.767290E-5	1.221900E-6
5.342800E+3	-2.047430E-5	1.370910E-6
5.331800E+3	-2.142800E-5	8.940740E-8
5.311500E+3	-2.545130E-5	-1.579530E-6
5.301100E+3	-2.634540E-5	-2.175580E-6
5.280300E+3	-2.786530E-5	-2.324600E-6
5.270500E+3	-2.893820E-5	-2.175580E-6
5.249500E+3	-3.030910E-5	-1.639140E-6
5.240100E+3	-3.027930E-5	-2.473610E-6
5.216800E+3	-3.060720E-5	-2.115980E-6
5.206900E+3	-3.087540E-5	-7.748640E-7
5.197600E+3	-3.206750E-5	-5.960500E-7
5.173900E+3	-3.200790E-5	-1.013290E-6
5.164900E+3	-3.147150E-5	-1.877550E-6
5.143500E+3	-3.173970E-5	-3.218670E-6
5.134300E+3	-3.239540E-5	-2.086180E-6
5.113200E+3	-3.302120E-5	-1.311310E-6
5.103500E+3	-3.317020E-5	-2.354400E-6
5.090200E+3	-3.400470E-5	-3.427280E-6
5.070600E+3	-3.489880E-5	-3.308070E-6
5.056600E+3	-3.537560E-5	-2.741830E-6
5.037300E+3	-3.591200E-5	-1.937170E-6
5.026100E+3	-3.573320E-5	-1.192100E-6
5.016400E+3	-3.540540E-5	-1.311310E-6
4.993700E+3	-3.513720E-5	-9.238760E-7
4.983100E+3	-3.495840E-5	-1.430520E-6
4.962900E+3	-3.546500E-5	-1.370910E-6
4.952900E+3	-3.549480E-5	-7.748640E-7
4.932000E+3	-3.412390E-5	-2.056370E-6
4.922400E+3	-3.314040E-5	-2.026570E-6
4.901100E+3	-3.170990E-5	-9.238760E-7
4.888700E+3	-3.182910E-5	-5.960500E-7
4.879500E+3	-3.102450E-5	-5.066430E-7
4.858500E+3	-3.224630E-5	-1.490120E-6
4.848800E+3	-3.349800E-5	-1.162300E-6
4.828500E+3	-3.302120E-5	-1.281510E-6
4.818200E+3	-3.206750E-5	-7.748640E-7
4.798200E+3	-3.057740E-5	-3.874320E-7
4.787300E+3	-3.004090E-5	2.980250E-8
4.767800E+3	-2.783550E-5	8.940740E-8
4.756700E+3	-2.694140E-5	-1.788150E-7
4.737200E+3	-2.574930E-5	-1.102690E-6
4.725800E+3	-2.589830E-5	-1.221900E-6
4.704200E+3	-2.729900E-5	-1.877550E-6
4.693100E+3	-2.789510E-5	-1.460320E-6
4.682800E+3	-2.786530E-5	-9.238760E-7
4.660600E+3	-2.789510E-5	-4.768410E-7
4.649500E+3	-2.777590E-5	-7.450620E-7
4.629600E+3	-2.592810E-5	-8.046660E-7
4.619000E+3	-2.557050E-5	-1.281510E-6
4.596900E+3	-2.589830E-5	-1.341110E-6
4.585700E+3	-2.500430E-5	-2.026570E-6
4.573500E+3	-2.467640E-5	-1.728540E-6
4.552900E+3	-2.530230E-5	-2.622620E-6
4.543100E+3	-2.461680E-5	-3.308070E-6
4.522000E+3	-2.500430E-5	-1.460320E-6
4.512800E+3	-2.411020E-5	-1.847750E-6
4.491500E+3	-2.264990E-5	-1.281510E-6
4.482400E+3	-2.202400E-5	-8.344690E-7
4.461100E+3	-2.092130E-5	-4.768410E-7
4.452000E+3	-1.975910E-5	-5.662480E-7
4.440800E+3	-2.023590E-5	-8.344690E-7
4.418700E+3	-2.226250E-5	-8.940730E-7
4.407500E+3	-2.256050E-5	-1.043090E-6
4.385700E+3	-2.309690E-5	5.960510E-8
4.374800E+3	-2.369300E-5	-6.258520E-7
4.361700E+3	-2.369300E-5	-1.460320E-6
4.342000E+3	-2.345450E-5	-2.056370E-6
4.330800E+3	-2.247110E-5	-2.235190E-6
4.308900E+3	-2.181540E-5	-1.430520E-6
4.295800E+3	-2.157700E-5	-7.748640E-7
4.284800E+3	-2.041470E-5	-4.470370E-7
4.272700E+3	-2.008690E-5	-6.854570E-7
4.247300E+3	-2.181540E-5	-6.258520E-7
4.236300E+3	-2.157700E-5	-3.278270E-7
4.216500E+3	-2.095110E-5	-8.940740E-8
4.206200E+3	-2.068290E-5	-6.854570E-7
4.194300E+3	-2.008690E-5	-2.384200E-7
4.184100E+3	-2.077230E-5	8.940740E-8
4.160800E+3	-1.975910E-5	1.788150E-7
4.148600E+3	-1.955040E-5	-2.384200E-7
4.137300E+3	-1.993790E-5	2.682230E-7
4.112200E+3	-1.922260E-5	4.172340E-7
4.102900E+3	-1.856700E-5	7.450620E-7
4.088800E+3	-1.740470E-5	2.086170E-7
4.069500E+3	-1.764310E-5	-1.370910E-6
4.056400E+3	-1.794110E-5	-1.221900E-6
4.043500E+3	-1.713650E-5	-9.834840E-7
4.030900E+3	-1.713650E-5	-3.874320E-7
4.006500E+3	-1.922260E-5	1.639140E-6
3.995300E+3	-2.062330E-5	1.847750E-6
3.982600E+3	-2.118960E-5	1.043090E-6
3.962600E+3	-1.835830E-5	-1.192100E-7
3.949000E+3	-1.719610E-5	-1.072890E-6
3.937000E+3	-1.707680E-5	-1.311310E-6
3.915800E+3	-1.740470E-5	-2.473610E-6
3.903600E+3	-1.737490E-5	-2.294790E-6
3.894400E+3	-1.737490E-5	-2.712030E-6
3.870200E+3	-1.692780E-5	-2.890840E-6
3.861100E+3	-1.627220E-5	-1.251700E-6
3.861100E+3	-1.627220E-5	-1.251700E-6
3.834700E+3	-1.472240E-5	1.460320E-6
3.812900E+3	-1.555690E-5	1.996770E-6
3.799700E+3	-1.582510E-5	1.370910E-6
3.786500E+3	-1.573570E-5	1.072890E-6
3.767100E+3	-1.522900E-5	5.066430E-7
3.753900E+3	-1.463300E-5	0.000000E+0
3.743200E+3	-1.382830E-5	-1.788150E-7
3.721000E+3	-1.284490E-5	8.046660E-7
3.709700E+3	-1.272560E-5	5.662480E-7
3.697300E+3	-1.335150E-5	-2.086170E-7
3.673800E+3	-1.519920E-5	-1.251700E-6
3.663600E+3	-1.558670E-5	-2.384200E-6
3.641300E+3	-1.484160E-5	-5.960500E-7
3.630400E+3	-1.513960E-5	0.000000E+0
3.621400E+3	-1.600400E-5	2.086170E-7
3.597500E+3	-1.624240E-5	-1.072890E-6
3.585300E+3	-1.576550E-5	-1.549730E-6
3.573300E+3	-1.502040E-5	-1.817950E-6
3.552100E+3	-1.493100E-5	-6.854570E-7
3.540200E+3	-1.463300E-5	-1.072890E-6
3.530100E+3	-1.394750E-5	-1.788150E-6
3.506800E+3	-1.403700E-5	-6.854570E-7
3.497500E+3	-1.415620E-5	8.940740E-8
3.473600E+3	-1.308330E-5	2.086170E-7
3.464500E+3	-1.320250E-5	1.490130E-7
3.450700E+3	-1.427540E-5	9.536820E-7
3.440100E+3	-1.487140E-5	1.132500E-6
3.418200E+3	-1.510980E-5	4.470370E-7
3.406900E+3	-1.493100E-5	5.066430E-7
3.385500E+3	-1.370910E-5	-7.450620E-7
3.374100E+3	-1.305350E-5	-7.450620E-7
3.364200E+3	-1.302370E-5	-8.344690E-7
3.341500E+3	-1.227860E-5	1.162300E-6
3.331000E+3	-1.195080E-5	2.056370E-6
3.309100E+3	-1.278530E-5	2.056370E-6
3.297900E+3	-1.335150E-5	1.609330E-6
3.285700E+3	-1.388790E-5	5.960500E-7
3.273500E+3	-1.302370E-5	2.384200E-7
3.252300E+3	-1.278530E-5	1.192100E-7
3.242900E+3	-1.314290E-5	-5.960510E-8
3.222200E+3	-1.344090E-5	1.788150E-7
3.209300E+3	-1.269580E-5	-5.364450E-7
3.188600E+3	-1.260640E-5	0.000000E+0
3.178300E+3	-1.236800E-5	-6.854570E-7
3.167200E+3	-1.254680E-5	-1.788150E-6
3.145300E+3	-1.177200E-5	-1.072890E-6
3.134000E+3	-1.144420E-5	-5.960500E-7
3.112400E+3	-1.001360E-5	1.519930E-6
3.101300E+3	-1.025210E-5	2.443800E-6
3.091000E+3	-9.208980E-6	2.980250E-6
3.068900E+3	-9.596410E-6	2.056370E-6
3.057800E+3	-1.031170E-5	1.758340E-6
3.038100E+3	-1.189120E-5	1.072890E-6
3.027600E+3	-1.233820E-5	7.748640E-7
3.007200E+3	-1.195080E-5	1.430520E-6
2.997200E+3	-1.195080E-5	5.960500E-7
2.976400E+3	-1.233820E-5	0.000000E+0
2.966900E+3	-1.195080E-5	-7.748640E-7
2.945600E+3	-1.138450E-5	-1.400720E-6
2.936400E+3	-1.022230E-5	-1.519930E-6
2.915100E+3	-1.081830E-5	0.000000E+0
2.906100E+3	-1.093750E-5	9.536820E-7
2.884600E+3	-1.022230E-5	1.072890E-6
2.875300E+3	-9.924230E-6	9.536820E-7
2.854300E+3	-9.477200E-6	-4.470370E-7
2.844500E+3	-9.357990E-6	-7.152590E-7
2.823800E+3	-1.031170E-5	-3.278270E-7
2.813700E+3	-1.049050E-5	-2.384200E-7
2.793100E+3	-9.894430E-6	-2.980250E-7
2.783300E+3	-9.477200E-6	1.788150E-7
2.771800E+3	-9.447390E-6	4.172340E-7
2.749100E+3	-1.034150E-5	-1.788150E-7
2.737700E+3	-9.954030E-6	-2.682230E-7
2.717900E+3	-9.328190E-6	7.152590E-7
2.707300E+3	-8.910950E-6	1.460320E-6
2.687100E+3	-9.089770E-6	-3.576300E-7
2.677000E+3	-8.970560E-6	-1.430520E-6
2.657700E+3	-9.357990E-6	-4.768410E-7
2.646900E+3	-9.626210E-6	-5.364450E-7
2.626700E+3	-1.007320E-5	-3.874320E-7
2.616500E+3	-9.745420E-6	-8.046660E-7
2.592800E+3	-9.507000E-6	-3.278270E-7
2.582700E+3	-9.417590E-6	3.576300E-7
2.570600E+3	-9.238780E-6	5.066430E-7
2.549100E+3	-9.417590E-6	8.940740E-8
2.539900E+3	-9.387790E-6	-1.013290E-6
2.518400E+3	-9.566600E-6	-1.668940E-6
2.509200E+3	-9.000360E-6	-1.609330E-6
2.497800E+3	-8.434120E-6	-1.251700E-6
2.476000E+3	-8.463920E-6	-8.940740E-8
2.465100E+3	-9.119570E-6	3.278270E-7
2.442600E+3	-8.821550E-6	5.662480E-7
2.432500E+3	-9.208980E-6	1.788150E-7
2.419200E+3	-9.566600E-6	-1.192100E-7
2.396900E+3	-9.298380E-6	5.960500E-7
2.386500E+3	-8.791740E-6	2.980250E-7
2.375300E+3	-8.344710E-6	-1.192100E-7
2.355200E+3	-6.884370E-6	-2.414000E-6
2.341700E+3	-6.079700E-6	-2.652420E-6
2.321600E+3	-5.185630E-6	-1.013290E-6
2.311400E+3	-4.857810E-6	-8.940730E-7
2.311400E+3	-4.857810E-6	-8.940730E-7
2.281200E+3	-5.543260E-6	-2.026570E-6
2.261000E+3	-6.318120E-6	-2.026570E-6
2.247700E+3	-5.453850E-6	-2.205390E-6
2.238400E+3	-4.738600E-6	-2.294790E-6
2.217100E+3	-6.109510E-6	-6.258520E-7
2.207400E+3	-7.212190E-6	-6.854570E-7
2.186500E+3	-8.374510E-6	-2.384200E-7
2.176400E+3	-8.255300E-6	2.980250E-8
2.156100E+3	-8.434120E-6	-3.576300E-7
2.145400E+3	-8.821550E-6	-5.066430E-7
2.122700E+3	-9.000360E-6	-6.854570E-7
2.112900E+3	-9.089770E-6	-9.238760E-7
2.092500E+3	-8.910950E-6	-2.026570E-6
2.082100E+3	-8.523520E-6	-1.668940E-6
2.061800E+3	-8.732140E-6	-1.192100E-7
2.050700E+3	-9.179170E-6	6.258520E-7
2.030800E+3	-6.943970E-6	2.980250E-8
2.019200E+3	-6.049900E-6	-4.768410E-7
1.999600E+3	-6.049900E-6	-4.768410E-7
1.987400E+3	-6.020100E-6	2.086170E-7
1.967300E+3	-7.122780E-6	-2.086170E-7
1.956700E+3	-7.569820E-6	0.000000E+0
1.946700E+3	-7.718860E-6	-5.960510E-8
1.925800E+3	-8.016880E-6	-5.960510E-8
1.913500E+3	-8.076490E-6	8.940740E-8
1.892800E+3	-6.943970E-6	8.344690E-7
1.883900E+3	-6.794960E-6	8.642710E-7
1.861200E+3	-6.675750E-6	8.642710E-7
1.851800E+3	-6.616140E-6	3.576300E-7
1.842700E+3	-7.599620E-6	8.046660E-7
1.820200E+3	-9.059960E-6	2.115980E-6
1.811800E+3	-7.987080E-6	1.728540E-6
1.799900E+3	-7.599620E-6	1.877550E-6
1.780800E+3	-7.778460E-6	1.490120E-6
1.769300E+3	-7.152590E-6	1.132500E-6
1.758800E+3	-6.854560E-6	4.768410E-7
1.738700E+3	-6.467130E-6	-2.980250E-7
1.728700E+3	-6.049900E-6	-1.788150E-7
1.707700E+3	-5.960490E-6	9.238760E-7
1.697500E+3	-5.453850E-6	9.238760E-7
1.679200E+3	-5.245240E-6	5.960500E-7
1.668600E+3	-5.126030E-6	2.086170E-7
1.650900E+3	-5.275040E-6	2.384200E-7
1.640400E+3	-6.496940E-6	5.960510E-8
1.627600E+3	-7.540020E-6	-5.066430E-7
1.608100E+3	-7.152590E-6	-1.400720E-6
1.598400E+3	-7.450610E-6	-1.311310E-6
1.578100E+3	-7.540020E-6	-1.013290E-6
1.568800E+3	-6.824760E-6	-1.221900E-6
1.548600E+3	-6.020100E-6	1.490130E-7
1.538600E+3	-5.483660E-6	-6.556550E-7
1.517900E+3	-5.155830E-6	-2.414000E-6
1.508500E+3	-5.155830E-6	-2.145780E-6
1.498600E+3	-5.483660E-6	-1.728540E-6
1.475200E+3	-5.036620E-6	-1.311310E-6
1.465800E+3	-5.036620E-6	-9.834840E-7
1.444800E+3	-5.781680E-6	-3.576300E-7
1.435300E+3	-6.169110E-6	3.874320E-7
1.415000E+3	-5.573060E-6	4.768410E-7
1.405000E+3	-5.662470E-6	1.162300E-6
1.385300E+3	-6.169110E-6	2.145780E-6
1.374700E+3	-5.841280E-6	1.996770E-6
1.355800E+3	-5.394250E-6	9.536820E-7
1.345000E+3	-6.318120E-6	5.662480E-7
1.326400E+3	-7.241990E-6	7.748640E-7
1.315600E+3	-6.735350E-6	1.281510E-6
1.297300E+3	-4.351170E-6	8.642710E-7
1.284900E+3	-2.324600E-6	7.152590E-7
1.266900E+3	-2.563010E-6	-1.072890E-6
1.256500E+3	-2.801430E-6	-8.642710E-7
1.239000E+3	-2.563010E-6	-1.758340E-6
1.228700E+3	-2.056370E-6	-2.086180E-6
1.220400E+3	-2.145780E-6	-2.473610E-6
1.201500E+3	-5.126030E-6	-2.503410E-6
1.184200E+3	-6.884370E-6	-1.192100E-6
1.175000E+3	-7.778460E-6	-1.251700E-6
1.157400E+3	-7.689060E-6	-1.162300E-6
1.149000E+3	-6.973770E-6	-1.013290E-6
1.141000E+3	-5.751880E-6	-3.576300E-7
1.123300E+3	-4.023340E-6	8.046660E-7
1.115000E+3	-3.278270E-6	8.046660E-7
1.095200E+3	-2.801430E-6	1.639140E-6
1.087700E+3	-3.457080E-6	2.145780E-6
1.070000E+3	-3.546490E-6	3.039850E-6
1.062100E+3	-3.099460E-6	3.039850E-6
1.045000E+3	-3.576290E-6	1.788150E-6
1.036500E+3	-4.053140E-6	1.132500E-6
1.019800E+3	-5.275040E-6	-6.556550E-7
1.010800E+3	-5.334640E-6	-9.834840E-7
1.002000E+3	-5.811480E-6	-1.728540E-6
9.839000E+2	-7.122780E-6	-2.384200E-6
9.744000E+2	-6.884370E-6	-2.354400E-6
9.568000E+2	-4.678990E-6	-2.384200E-6
9.471000E+2	-5.304840E-6	-8.046660E-7
9.391000E+2	-6.973770E-6	2.384200E-7
9.190000E+2	-7.212190E-6	4.768410E-7
9.112000E+2	-6.586340E-6	-4.768410E-7
9.013000E+2	-6.675750E-6	-8.046660E-7
8.831000E+2	-6.288320E-6	-7.450620E-7
8.756000E+2	-6.228710E-6	-5.662480E-7
8.578000E+2	-6.467130E-6	-1.460320E-6
8.497000E+2	-7.182390E-6	-1.609330E-6
8.296000E+2	-8.493720E-6	-1.102690E-6
8.197000E+2	-7.778460E-6	-6.258520E-7
8.114000E+2	-7.152590E-6	-8.940740E-8
7.944000E+2	-5.662470E-6	5.960510E-8
7.854000E+2	-5.185630E-6	-1.788150E-7
7.663000E+2	-6.407530E-6	4.470370E-7
7.583000E+2	-6.318120E-6	7.152590E-7
7.412000E+2	-6.377730E-6	1.043090E-6
7.327000E+2	-5.692270E-6	1.162300E-6
7.162000E+2	-6.854560E-6	1.788150E-7
7.073000E+2	-6.675750E-6	-1.043090E-6
6.914000E+2	-7.689060E-6	-3.576290E-6
6.821000E+2	-7.718860E-6	-3.516690E-6
6.741000E+2	-7.659260E-6	-2.384200E-6
6.558000E+2	-8.553320E-6	-9.834840E-7
6.471000E+2	-9.477200E-6	-6.258520E-7
6.298000E+2	-9.805020E-6	-3.874320E-7
6.205000E+2	-1.010300E-5	-2.682230E-7
6.134000E+2	-9.864630E-6	-4.172340E-7
5.939000E+2	-9.507000E-6	-2.682230E-7
5.870000E+2	-9.268580E-6	2.384200E-7
5.698000E+2	-9.268580E-6	1.877550E-6
5.630000E+2	-9.566600E-6	2.086180E-6
5.461000E+2	-9.268580E-6	3.039850E-6
5.390000E+2	-9.536800E-6	3.427280E-6
5.225000E+2	-1.010300E-5	3.188860E-6
5.150000E+2	-1.117590E-5	2.950440E-6
5.046000E+2	-1.239780E-5	3.010050E-6
4.897000E+2	-1.317270E-5	1.132500E-6
4.802000E+2	-1.347070E-5	1.370910E-6
4.540000E+2	-1.361970E-5	1.430520E-6
4.368000E+2	-1.457340E-5	1.221900E-6
3.970000E+2	-1.704700E-5	1.311310E-6
3.766000E+2	-1.877560E-5	7.450620E-7
3.252000E+2	-2.115980E-5	1.490120E-6
3.016000E+2	-2.223260E-5	1.698740E-6
2.777000E+2	-2.405060E-5	1.341110E-6
2.190000E+2	-2.828250E-5	1.430520E-6
1.935000E+2	-3.048790E-5	1.013290E-6
1.385000E+2	-3.585240E-5	1.490130E-7
1.119000E+2	-3.939890E-5	0.000000E+0
7.540000E+1	-4.217050E-5	4.768410E-7
2.090000E+1	-3.832600E-5	-5.066430E-7
-6.100000E+0	-2.828250E-5	-2.384200E-7
-6.030000E+1	-3.874320E-7	-5.960500E-7
-8.870000E+1	1.037130E-5	-6.556550E-7
-1.416000E+2	2.455720E-5	-9.238760E-7
-1.692000E+2	2.989180E-5	-5.066430E-7
-2.276000E+2	3.582260E-5	7.450620E-7
-2.540000E+2	3.680610E-5	-2.384200E-7
-2.844000E+2	3.579280E-5	0.000000E+0
-3.323000E+2	3.275300E-5	1.490120E-6
-3.610000E+2	3.084560E-5	2.354400E-6
