Sample Name, Varga_5_4_Klyst36G
Freq displayed, 3.568, GHz, Power, 14, mV
SR850: f = 25 Hz; phase = 0 deg; output = 5 V; sens. = 500 uV; tc = 300 ms; 12dB/oct
Field	X	Y
Oe	V	V
*
-6.635000E+2	-8.046660E-7	-2.473610E-6
-6.625000E+2	-1.192100E-6	-3.188860E-6
-6.636000E+2	-8.344690E-7	-3.308070E-6
-6.626000E+2	-5.662480E-7	-2.115980E-6
-6.627000E+2	0.000000E+0	-1.579530E-6
-6.599000E+2	1.281510E-6	-1.490120E-6
-6.582000E+2	1.996770E-6	-1.341110E-6
-6.516000E+2	2.294790E-6	-1.698740E-6
-6.488000E+2	2.443800E-6	-2.145780E-6
-6.434000E+2	2.473610E-6	-2.682220E-6
-6.333000E+2	3.159060E-6	-2.563010E-6
-6.240000E+2	2.294790E-6	-2.443800E-6
-6.077000E+2	4.768410E-7	-9.834840E-7
-5.966000E+2	6.556550E-7	-1.072890E-6
-5.752000E+2	0.000000E+0	-8.642710E-7
-5.621000E+2	-8.940740E-8	-1.043090E-6
-5.382000E+2	-1.519930E-6	-2.741830E-6
-5.219000E+2	-1.490120E-6	-2.324600E-6
-5.091000E+2	-1.490120E-6	-2.175580E-6
-4.834000E+2	0.000000E+0	-2.741830E-6
-4.714000E+2	9.536820E-7	-3.010050E-6
-4.463000E+2	5.364450E-7	-3.904130E-6
-4.320000E+2	8.046660E-7	-3.993540E-6
-4.095000E+2	1.907360E-6	-2.384200E-6
-3.991000E+2	1.579530E-6	-2.801430E-6
-3.781000E+2	0.000000E+0	-2.592820E-6
-3.690000E+2	-1.013290E-6	-3.159060E-6
-3.595000E+2	-1.758340E-6	-3.933940E-6
-3.377000E+2	-1.847750E-6	-5.155830E-6
-3.281000E+2	-1.937170E-6	-4.619390E-6
-3.063000E+2	-1.341110E-6	-3.755110E-6
-2.969000E+2	-1.311310E-6	-4.589590E-6
-2.842000E+2	-4.172340E-7	-5.871090E-6
-2.647000E+2	-2.086170E-7	-5.692270E-6
-2.519000E+2	-8.940740E-8	-5.304840E-6
-2.406000E+2	5.960500E-7	-5.483660E-6
-2.191000E+2	1.460320E-6	-5.930690E-6
-2.078000E+2	9.238760E-7	-6.407530E-6
-1.883000E+2	5.960510E-8	-8.016880E-6
-1.771000E+2	2.980250E-8	-8.612930E-6
-1.578000E+2	1.013290E-6	-1.013280E-5
-1.446000E+2	1.519930E-6	-1.129510E-5
-1.347000E+2	1.430520E-6	-1.189120E-5
-1.144000E+2	1.162300E-6	-1.168260E-5
-1.050000E+2	1.341110E-6	-1.108650E-5
-8.130000E+1	7.450620E-7	-1.078850E-5
-7.210000E+1	3.576300E-7	-1.093750E-5
-5.190000E+1	1.013290E-6	-1.046070E-5
-4.210000E+1	1.043090E-6	-9.954030E-6
-2.110000E+1	-8.940740E-8	-9.357990E-6
-1.180000E+1	-2.682230E-7	-7.540020E-6
1.000000E+0	1.490130E-7	-4.559780E-6
2.140000E+1	-5.066430E-7	2.980250E-8
3.370000E+1	-9.536820E-7	1.460320E-6
5.450000E+1	-1.728540E-6	4.708800E-6
6.420000E+1	-9.536820E-7	6.407530E-6
8.470000E+1	-5.960500E-7	8.881150E-6
9.480000E+1	-5.066430E-7	9.357990E-6
1.059000E+2	-8.046660E-7	9.298380E-6
1.273000E+2	-2.294790E-6	1.037130E-5
1.387000E+2	-2.682220E-6	9.834820E-6
1.579000E+2	-3.546490E-6	7.838070E-6
1.691000E+2	-3.635900E-6	7.092980E-6
1.885000E+2	-3.874330E-6	7.897670E-6
1.992000E+2	-3.516690E-6	8.374510E-6
2.190000E+2	-1.639140E-6	7.897670E-6
2.292000E+2	-9.536820E-7	7.897670E-6
2.382000E+2	-3.278270E-7	7.957280E-6
2.620000E+2	3.576300E-7	5.543260E-6
2.711000E+2	-5.066430E-7	5.006820E-6
2.922000E+2	-1.251700E-6	4.231960E-6
3.011000E+2	-8.940730E-7	4.291560E-6
3.223000E+2	-1.162300E-6	3.665700E-6
3.317000E+2	-2.026570E-6	4.142550E-6
3.527000E+2	-1.609330E-6	4.440580E-6
3.618000E+2	-1.132500E-6	4.202160E-6
3.731000E+2	-1.132500E-6	4.291560E-6
3.956000E+2	-1.370910E-6	4.678990E-6
4.168000E+2	-1.400720E-6	5.185630E-6
4.265000E+2	-8.344690E-7	5.453850E-6
4.378000E+2	-6.258520E-7	5.960490E-6
4.565000E+2	-4.768410E-7	4.798200E-6
4.678000E+2	-6.258520E-7	3.993540E-6
4.873000E+2	-6.854570E-7	2.980250E-6
4.986000E+2	-1.162300E-6	2.712030E-6
5.182000E+2	-1.579530E-6	3.248470E-6
5.293000E+2	-8.344690E-7	3.099460E-6
5.519000E+2	1.192100E-7	2.622620E-6
5.628000E+2	8.940740E-8	2.115980E-6
5.719000E+2	3.576300E-7	2.741830E-6
5.959000E+2	-2.086170E-7	2.175580E-6
6.052000E+2	-8.940740E-8	1.877550E-6
6.290000E+2	-1.251700E-6	2.622620E-6
6.392000E+2	-1.549730E-6	3.188860E-6
6.514000E+2	-1.102690E-6	3.099460E-6
6.733000E+2	-1.341110E-6	1.579530E-6
6.825000E+2	-8.344690E-7	8.046660E-7
7.044000E+2	-2.682230E-7	1.907360E-6
7.139000E+2	-6.258520E-7	2.563010E-6
7.388000E+2	-1.192100E-6	2.980250E-6
7.481000E+2	-1.102690E-6	2.026570E-6
7.592000E+2	-7.450620E-7	1.609330E-6
7.825000E+2	-1.251700E-6	2.682230E-7
7.928000E+2	-5.662480E-7	-1.132500E-6
8.167000E+2	3.576300E-7	-2.890840E-6
8.264000E+2	-8.940740E-8	-3.695500E-6
8.411000E+2	-6.258520E-7	-4.172350E-6
8.613000E+2	-5.960510E-8	-4.559780E-6
8.749000E+2	8.642710E-7	-5.185630E-6
8.860000E+2	2.264990E-6	-6.020100E-6
9.082000E+2	2.980250E-6	-6.318120E-6
9.198000E+2	3.099460E-6	-5.483660E-6
9.398000E+2	1.609330E-6	-5.334640E-6
9.510000E+2	1.043090E-6	-3.993540E-6
9.715000E+2	2.086180E-6	-3.367680E-6
9.823000E+2	1.758340E-6	-4.053140E-6
9.946000E+2	1.847750E-6	-4.470380E-6
1.016500E+3	1.609330E-6	-4.678990E-6
1.026000E+3	1.192100E-6	-4.321370E-6
1.050500E+3	6.556550E-7	-4.738600E-6
1.060600E+3	4.470370E-7	-5.990300E-6
1.070700E+3	0.000000E+0	-6.616140E-6
1.095400E+3	3.278270E-7	-6.288320E-6
1.104800E+3	1.013290E-6	-6.049900E-6
1.130100E+3	1.311310E-6	-5.275040E-6
1.139400E+3	1.460320E-6	-4.917410E-6
1.150300E+3	1.609330E-6	-4.321370E-6
1.174000E+3	1.758340E-6	-4.231960E-6
1.185300E+3	1.400720E-6	-3.933940E-6
1.205400E+3	5.662480E-7	-3.606100E-6
1.216900E+3	3.278270E-7	-3.516690E-6
1.236700E+3	-3.874320E-7	-3.218670E-6
1.250000E+3	3.278270E-7	-2.473610E-6
1.260900E+3	2.980250E-7	-1.728540E-6
1.281300E+3	5.662480E-7	-8.940730E-7
1.294400E+3	5.364450E-7	-1.192100E-6
1.313900E+3	1.579530E-6	-2.145780E-6
1.324900E+3	9.834840E-7	-1.400720E-6
1.334000E+3	1.370910E-6	-4.470370E-7
1.359500E+3	2.115980E-6	-9.834840E-7
1.370200E+3	1.996770E-6	-1.728540E-6
1.390200E+3	1.341110E-6	-2.861040E-6
1.400300E+3	1.132500E-6	-3.904130E-6
1.420600E+3	1.400720E-6	-5.394250E-6
1.430200E+3	1.609330E-6	-5.841280E-6
1.451200E+3	1.639140E-6	-5.960490E-6
1.460200E+3	3.576300E-7	-5.036620E-6
1.481300E+3	-1.311310E-6	-3.248470E-6
1.490200E+3	-5.662480E-7	-2.533210E-6
1.502600E+3	2.980250E-8	-2.712030E-6
1.523000E+3	4.172340E-7	-2.712030E-6
1.533100E+3	1.072890E-6	-3.129260E-6
1.553100E+3	1.877550E-6	-4.291560E-6
1.563600E+3	1.668940E-6	-4.261760E-6
1.583100E+3	7.748640E-7	-3.397480E-6
1.594200E+3	1.192100E-7	-3.188860E-6
1.613500E+3	-3.874320E-7	-2.264990E-6
1.624700E+3	6.556550E-7	-1.579530E-6
1.644100E+3	8.046660E-7	-1.102690E-6
1.655300E+3	1.192100E-6	-8.940730E-7
1.674600E+3	1.639140E-6	-8.344690E-7
1.685500E+3	7.450620E-7	-1.341110E-6
1.697500E+3	-8.940740E-8	-1.728540E-6
1.718200E+3	-1.788150E-7	-2.086180E-6
1.730400E+3	2.384200E-7	-2.950440E-6
1.739500E+3	4.768410E-7	-3.784910E-6
1.763700E+3	5.662480E-7	-5.126030E-6
1.772700E+3	-4.768410E-7	-4.231960E-6
1.796600E+3	-1.728540E-6	-3.784910E-6
1.805500E+3	-2.563010E-6	-4.023340E-6
1.816100E+3	-3.010050E-6	-4.053140E-6
1.835700E+3	-1.579530E-6	-3.129260E-6
1.857000E+3	-4.172340E-7	-1.281510E-6
1.866100E+3	1.311310E-6	-1.311310E-6
1.879100E+3	2.235190E-6	-1.847750E-6
1.898900E+3	1.877550E-6	-2.920640E-6
1.909700E+3	1.728540E-6	-3.188860E-6
1.920000E+3	1.430520E-6	-2.712030E-6
1.941700E+3	1.192100E-6	-1.400720E-6
1.952700E+3	1.877550E-6	-1.192100E-6
1.972200E+3	1.221900E-6	-1.102690E-6
1.982700E+3	2.264990E-6	-8.940730E-7
2.004400E+3	2.264990E-6	-6.854570E-7
2.015600E+3	1.281510E-6	-6.556550E-7
2.035100E+3	-3.576300E-7	2.682230E-7
2.049000E+3	-2.980250E-7	-2.682230E-7
2.058100E+3	-5.662480E-7	-1.043090E-6
2.079300E+3	5.960510E-8	-6.854570E-7
2.088200E+3	6.556550E-7	-1.132500E-6
2.109300E+3	2.145780E-6	-2.592820E-6
2.118500E+3	2.622620E-6	-3.099460E-6
2.142300E+3	2.473610E-6	-3.308070E-6
2.151300E+3	2.801430E-6	-3.933940E-6
2.162200E+3	2.473610E-6	-3.576290E-6
2.184400E+3	1.788150E-7	-1.132500E-6
2.194500E+3	-5.960500E-7	-5.066430E-7
2.214500E+3	-3.278270E-7	-1.937170E-6
2.225200E+3	3.278270E-7	-2.622620E-6
2.244600E+3	5.066430E-7	-1.996770E-6
2.255700E+3	5.662480E-7	-1.490120E-6
2.265800E+3	5.662480E-7	-1.102690E-6
2.288000E+3	1.758340E-6	-1.460320E-6
2.307800E+3	1.192100E-6	-2.652420E-6
2.318600E+3	8.046660E-7	-2.592820E-6
2.329000E+3	2.980250E-7	-3.039850E-6
2.349200E+3	1.490130E-7	-3.904130E-6
2.358900E+3	-2.682230E-7	-4.619390E-6
2.379700E+3	-5.066430E-7	-4.380970E-6
2.388800E+3	7.152590E-7	-3.993540E-6
2.409800E+3	1.907360E-6	-1.877550E-6
2.418800E+3	8.642710E-7	-1.162300E-6
2.442300E+3	1.192100E-6	-1.400720E-6
2.451700E+3	1.043090E-6	-1.192100E-6
2.472700E+3	1.698740E-6	-5.066430E-7
2.481700E+3	2.115980E-6	-2.980250E-8
2.492000E+3	1.609330E-6	-1.788150E-7
2.514700E+3	2.682230E-7	-1.877550E-6
2.524200E+3	3.874320E-7	-2.801430E-6
2.547700E+3	1.102690E-6	-2.682220E-6
2.556700E+3	1.460320E-6	-2.056370E-6
2.567800E+3	1.132500E-6	-1.758340E-6
2.586900E+3	6.258520E-7	-1.430520E-6
2.598000E+3	3.278270E-7	-9.834840E-7
2.619200E+3	4.470370E-7	6.258520E-7
2.630000E+3	5.662480E-7	7.152590E-7
2.649300E+3	0.000000E+0	1.788150E-7
2.660400E+3	8.940740E-8	-7.450620E-7
2.679800E+3	6.258520E-7	-2.086170E-7
2.691000E+3	7.152590E-7	-8.940740E-8
2.710500E+3	1.043090E-6	9.238760E-7
2.721500E+3	6.258520E-7	1.460320E-6
2.741200E+3	-1.311310E-6	1.490120E-6
2.754100E+3	-2.086180E-6	1.490120E-6
2.763600E+3	-2.533210E-6	1.221900E-6
2.784600E+3	-1.907360E-6	1.192100E-6
2.793600E+3	-2.354400E-6	1.341110E-6
2.814700E+3	-1.996770E-6	9.536820E-7
2.823700E+3	-1.549730E-6	2.086170E-7
2.845000E+3	-9.536820E-7	-8.642710E-7
2.854300E+3	-4.768410E-7	-9.536820E-7
2.875500E+3	-1.013290E-6	6.556550E-7
2.885200E+3	-1.192100E-6	1.460320E-6
2.905700E+3	-1.102690E-6	2.324600E-6
2.915800E+3	-1.251700E-6	1.698740E-6
2.935700E+3	-1.043090E-6	1.192100E-6
2.946400E+3	-6.854570E-7	1.430520E-6
2.956800E+3	2.980250E-8	1.758340E-6
2.978400E+3	-4.172340E-7	8.940730E-7
2.989500E+3	-2.682230E-7	-8.940740E-8
3.009000E+3	-2.980250E-8	-4.768410E-7
3.019800E+3	-5.364450E-7	-5.066430E-7
3.039800E+3	-5.662480E-7	-1.788150E-7
3.050000E+3	-3.874320E-7	-3.278270E-7
3.070500E+3	-1.221900E-6	-1.192100E-7
3.083400E+3	-1.609330E-6	-3.278270E-7
3.103100E+3	-1.251700E-6	8.940740E-8
3.113500E+3	-1.162300E-6	8.940740E-8
3.133700E+3	-8.940730E-7	7.152590E-7
3.143600E+3	-1.192100E-6	3.278270E-7
3.164200E+3	-1.072890E-6	8.940730E-7
3.173600E+3	-1.400720E-6	1.490120E-6
3.194600E+3	-4.470370E-7	1.758340E-6
3.203500E+3	5.960510E-8	1.758340E-6
3.216000E+3	3.278270E-7	2.384200E-6
3.236700E+3	-1.788150E-6	1.639140E-6
3.246500E+3	-2.622620E-6	1.430520E-6
3.269800E+3	-3.755110E-6	1.788150E-6
3.278800E+3	-4.023340E-6	1.460320E-6
3.290000E+3	-3.576290E-6	9.834840E-7
3.311600E+3	-1.460320E-6	1.072890E-6
3.322000E+3	-5.960510E-8	1.907360E-6
3.332700E+3	7.450620E-7	2.115980E-6
3.355400E+3	8.046660E-7	1.311310E-6
3.365800E+3	9.238760E-7	8.046660E-7
3.387800E+3	1.788150E-7	2.384200E-7
3.398900E+3	-5.364450E-7	3.576300E-7
3.411200E+3	-9.834840E-7	7.748640E-7
3.431900E+3	1.162300E-6	1.221900E-6
3.441500E+3	2.056370E-6	1.192100E-6
3.464400E+3	1.400720E-6	1.341110E-6
3.474700E+3	1.430520E-6	1.698740E-6
3.494800E+3	2.145780E-6	1.937170E-6
3.504800E+3	2.473610E-6	1.788150E-6
3.525400E+3	2.056370E-6	1.609330E-6
3.534700E+3	1.996770E-6	1.370910E-6
3.555900E+3	2.592820E-6	5.960500E-7
3.565000E+3	2.622620E-6	4.172340E-7
3.575400E+3	1.698740E-6	1.639140E-6
3.598000E+3	8.940730E-7	3.099460E-6
3.607800E+3	3.576300E-7	3.099460E-6
3.628200E+3	-3.576300E-7	3.814730E-6
3.638500E+3	-4.172340E-7	3.427280E-6
3.658600E+3	-6.556550E-7	2.205390E-6
3.669600E+3	-7.152590E-7	2.056370E-6
3.689100E+3	-4.470370E-7	1.579530E-6
3.700400E+3	-1.192100E-7	8.642710E-7
3.719600E+3	4.470370E-7	1.192100E-6
3.730800E+3	9.238760E-7	1.013290E-6
3.749900E+3	1.192100E-6	8.940740E-8
3.761100E+3	8.940730E-7	-2.682230E-7
3.780500E+3	9.834840E-7	-5.960510E-8
3.791200E+3	1.072890E-6	1.788150E-7
3.811200E+3	1.221900E-6	1.609330E-6
3.821400E+3	9.238760E-7	2.473610E-6
3.833300E+3	8.642710E-7	3.099460E-6
3.854500E+3	2.980250E-7	3.457080E-6
3.863500E+3	0.000000E+0	3.308070E-6
3.884700E+3	-1.192100E-7	2.712030E-6
3.893800E+3	-1.788150E-7	2.414000E-6
3.915000E+3	7.152590E-7	1.639140E-6
3.927200E+3	1.013290E-6	1.370910E-6
3.937800E+3	1.162300E-6	1.609330E-6
3.957500E+3	1.788150E-7	2.205390E-6
3.978800E+3	-8.046660E-7	8.344690E-7
3.988000E+3	-1.668940E-6	1.072890E-6
3.999200E+3	-2.324600E-6	1.192100E-6
4.018400E+3	-8.046660E-7	1.907360E-6
4.031500E+3	-1.043090E-6	2.056370E-6
4.050800E+3	-1.370910E-6	4.172340E-7
4.062100E+3	-1.102690E-6	2.384200E-7
4.081700E+3	-4.768410E-7	2.980250E-7
4.092800E+3	2.980250E-8	5.960500E-7
4.112100E+3	4.172340E-7	2.414000E-6
4.123200E+3	-1.490130E-7	3.010050E-6
4.142900E+3	-1.162300E-6	4.112750E-6
4.153400E+3	-1.400720E-6	4.172350E-6
4.165500E+3	-1.519930E-6	4.112750E-6
4.186500E+3	-2.205390E-6	4.142550E-6
4.195700E+3	-1.341110E-6	3.784910E-6
4.217000E+3	-3.874320E-7	3.874330E-6
4.226100E+3	-6.854570E-7	3.218670E-6
4.247400E+3	-1.460320E-6	2.890840E-6
4.256500E+3	-1.966970E-6	3.427280E-6
4.277600E+3	-2.145780E-6	2.920640E-6
4.287300E+3	-1.937170E-6	2.592820E-6
4.311100E+3	-2.384200E-6	2.712030E-6
4.320200E+3	-1.877550E-6	2.473610E-6
4.331400E+3	-1.221900E-6	2.622620E-6
4.353400E+3	-3.874320E-7	3.308070E-6
4.363600E+3	-2.980250E-7	3.099460E-6
4.383400E+3	-1.013290E-6	4.082950E-6
4.394300E+3	-1.192100E-6	4.023340E-6
4.416400E+3	-1.877550E-6	3.814730E-6
4.426500E+3	-3.218670E-6	3.695500E-6
4.439500E+3	-3.486890E-6	3.576290E-6
4.449500E+3	-3.069650E-6	3.635900E-6
4.471700E+3	-1.788150E-6	3.218670E-6
4.482400E+3	-1.102690E-6	3.159060E-6
4.505200E+3	-9.238760E-7	2.324600E-6
4.515800E+3	-8.940730E-7	2.056370E-6
4.524900E+3	-1.400720E-6	2.473610E-6
4.549000E+3	-8.344690E-7	4.261760E-6
4.558100E+3	2.086170E-7	4.410770E-6
4.581700E+3	5.960510E-8	3.576290E-6
4.591400E+3	-2.980250E-8	3.069650E-6
4.603500E+3	1.788150E-7	2.920640E-6
4.624700E+3	9.536820E-7	2.801430E-6
4.636700E+3	3.278270E-7	3.337870E-6
4.646400E+3	-2.682230E-7	3.963740E-6
4.669800E+3	-1.519930E-6	3.188860E-6
4.679000E+3	-1.370910E-6	2.443800E-6
4.703000E+3	-6.258520E-7	1.311310E-6
4.712300E+3	-9.238760E-7	1.490120E-6
4.733000E+3	-1.043090E-6	8.642710E-7
4.742900E+3	-4.470370E-7	1.221900E-6
4.763400E+3	-1.043090E-6	2.324600E-6
4.772900E+3	-1.609330E-6	2.622620E-6
4.786900E+3	-1.639140E-6	3.308070E-6
4.806300E+3	-3.874320E-7	5.006820E-6
4.819400E+3	4.768410E-7	5.602870E-6
4.830000E+3	7.152590E-7	5.692270E-6
4.850100E+3	1.221900E-6	6.288320E-6
4.860100E+3	2.026570E-6	6.079700E-6
4.880800E+3	1.519930E-6	5.900890E-6
4.893300E+3	4.768410E-7	6.347920E-6
4.913300E+3	4.768410E-7	5.334640E-6
4.923700E+3	9.834840E-7	3.516690E-6
4.935600E+3	1.549730E-6	2.950440E-6
4.956900E+3	1.847750E-6	2.920640E-6
4.969000E+3	1.996770E-6	3.457080E-6
4.978400E+3	1.162300E-6	3.129260E-6
5.002400E+3	-6.854570E-7	3.039850E-6
5.012100E+3	-1.132500E-6	3.576290E-6
5.035800E+3	-1.668940E-6	4.082950E-6
5.044800E+3	-1.817950E-6	3.904130E-6
5.066100E+3	-2.294790E-6	3.337870E-6
5.075500E+3	-2.056370E-6	3.129260E-6
5.096200E+3	-1.609330E-6	3.397480E-6
5.106200E+3	-1.788150E-6	3.516690E-6
5.117300E+3	-2.503410E-6	3.844530E-6
5.136800E+3	-8.046660E-7	4.678990E-6
5.147600E+3	4.470370E-7	4.768400E-6
5.169200E+3	1.102690E-6	4.082950E-6
5.180400E+3	7.152590E-7	3.844530E-6
5.201700E+3	-1.490130E-7	3.039850E-6
5.212900E+3	-1.847750E-6	3.308070E-6
5.223000E+3	-2.086180E-6	3.844530E-6
5.245400E+3	-1.251700E-6	4.261760E-6
5.256200E+3	-1.609330E-6	4.053140E-6
5.276300E+3	-1.192100E-6	2.741830E-6
5.286500E+3	-9.834840E-7	1.877550E-6
5.295700E+3	-5.066430E-7	9.834840E-7
5.319900E+3	-4.768410E-7	6.556550E-7
5.328900E+3	5.960510E-8	1.281510E-6
5.352600E+3	1.817950E-6	3.278270E-7
5.361900E+3	1.609330E-6	6.258520E-7
5.383100E+3	1.281510E-6	1.043090E-6
5.392200E+3	9.238760E-7	6.258520E-7
5.405500E+3	1.132500E-6	-5.960510E-8
5.425700E+3	2.980250E-8	-1.490120E-6
5.438300E+3	5.960500E-7	-1.370910E-6
5.459000E+3	8.046660E-7	-1.847750E-6
5.469100E+3	1.072890E-6	-2.294790E-6
5.482300E+3	9.834840E-7	-2.712030E-6
5.501800E+3	7.152590E-7	-2.861040E-6
5.513100E+3	8.940740E-8	-2.920640E-6
5.532600E+3	-1.758340E-6	-4.112750E-6
5.543900E+3	-1.579530E-6	-4.857810E-6
5.553000E+3	5.960510E-8	-6.139310E-6
5.577100E+3	2.503410E-6	-8.970560E-6
5.586200E+3	2.294790E-6	-9.745420E-6
5.606900E+3	1.788150E-6	-1.078850E-5
5.616200E+3	9.536820E-7	-1.114610E-5
5.637400E+3	4.470370E-7	-1.132490E-5
5.646500E+3	5.662480E-7	-1.171240E-5
5.667700E+3	1.519930E-6	-1.356010E-5
5.676800E+3	2.563010E-6	-1.481180E-5
5.697900E+3	2.950440E-6	-1.740470E-5
5.707200E+3	3.308070E-6	-1.797090E-5
5.728100E+3	2.771630E-6	-1.800070E-5
5.737800E+3	2.831240E-6	-1.829870E-5
5.761300E+3	2.741830E-6	-2.029550E-5
5.770400E+3	2.414000E-6	-2.089150E-5
5.781600E+3	2.533210E-6	-2.115980E-5
5.803900E+3	3.755110E-6	-2.342470E-5
5.815200E+3	3.576290E-6	-2.387180E-5
5.834500E+3	3.814730E-6	-2.565990E-5
5.845600E+3	3.695500E-6	-2.679240E-5
5.864900E+3	2.741830E-6	-3.057740E-5
5.875700E+3	2.622620E-6	-3.257420E-5
5.895600E+3	2.682220E-6	-3.537560E-5
5.906000E+3	3.129260E-6	-3.525640E-5
5.915100E+3	3.248470E-6	-3.474970E-5
5.939200E+3	4.977020E-6	-3.707430E-5
5.948200E+3	5.155830E-6	-3.796840E-5
5.969500E+3	5.453850E-6	-3.981610E-5
5.978500E+3	5.304840E-6	-4.005460E-5
5.999600E+3	3.784910E-6	-4.112740E-5
6.008900E+3	3.516690E-6	-4.240890E-5
6.029600E+3	2.771630E-6	-4.297520E-5
6.038700E+3	3.039850E-6	-4.348180E-5
6.063000E+3	4.351170E-6	-4.410770E-5
6.072200E+3	4.857810E-6	-4.500170E-5
6.083300E+3	4.977020E-6	-4.598520E-5
6.103000E+3	6.288320E-6	-4.729650E-5
6.114300E+3	6.675750E-6	-4.792240E-5
6.136000E+3	7.212190E-6	-4.756470E-5
6.147100E+3	6.496940E-6	-4.798200E-5
6.166400E+3	4.559780E-6	-4.929330E-5
6.177600E+3	3.665700E-6	-4.985950E-5
6.196900E+3	3.278270E-6	-5.021710E-5
6.208200E+3	3.308070E-6	-5.075360E-5
6.227600E+3	3.725300E-6	-5.245230E-5
6.238500E+3	3.397480E-6	-5.275030E-5
6.247500E+3	3.665700E-6	-5.278010E-5
6.271300E+3	5.573060E-6	-5.286960E-5
6.280700E+3	6.437330E-6	-5.382320E-5
6.301900E+3	7.659260E-6	-5.364440E-5
6.311000E+3	8.106290E-6	-5.394240E-5
6.332400E+3	6.377730E-6	-5.462790E-5
6.341500E+3	6.616140E-6	-5.519410E-5
6.365600E+3	6.437330E-6	-5.510470E-5
6.374800E+3	6.228710E-6	-5.489610E-5
6.387200E+3	6.556540E-6	-5.418090E-5
6.408300E+3	7.540020E-6	-5.385300E-5
6.418000E+3	7.897670E-6	-5.352520E-5
6.441700E+3	7.063180E-6	-5.447890E-5
6.450700E+3	6.914170E-6	-5.504510E-5
6.461600E+3	6.973770E-6	-5.507490E-5
6.483700E+3	7.271800E-6	-5.620740E-5
6.494800E+3	6.973770E-6	-5.710150E-5
6.513600E+3	5.155830E-6	-5.769750E-5
6.524400E+3	4.440580E-6	-5.766770E-5
6.546900E+3	4.559780E-6	-5.704190E-5
6.558100E+3	5.245240E-6	-5.698230E-5
6.571000E+3	5.573060E-6	-5.710150E-5
6.580200E+3	5.304840E-6	-5.733990E-5
6.605500E+3	6.645950E-6	-5.912800E-5
6.616700E+3	6.914170E-6	-5.966450E-5
6.636400E+3	7.778460E-6	-5.960490E-5
6.646900E+3	7.510210E-6	-5.990290E-5
6.667100E+3	6.198910E-6	-6.008170E-5
6.677200E+3	6.496940E-6	-5.969430E-5
6.697800E+3	6.645950E-6	-6.005190E-5
6.707200E+3	6.765160E-6	-5.954530E-5
6.728400E+3	6.496940E-6	-5.918760E-5
6.737500E+3	5.662470E-6	-5.978370E-5
6.749800E+3	5.543260E-6	-6.076720E-5
6.771000E+3	5.662470E-6	-6.046910E-5
6.780600E+3	6.377730E-6	-6.148270E-5
6.804300E+3	8.285100E-6	-6.261510E-5
6.814200E+3	7.927480E-6	-6.276420E-5
6.825400E+3	7.480410E-6	-6.255550E-5
6.844900E+3	7.987080E-6	-6.371780E-5
6.855100E+3	7.301600E-6	-6.476090E-5
6.877400E+3	7.003570E-6	-6.562520E-5
6.888700E+3	6.914170E-6	-6.505890E-5
6.910400E+3	6.288320E-6	-6.458210E-5
6.921600E+3	6.437330E-6	-6.565500E-5
6.931800E+3	6.824760E-6	-6.637020E-5
6.952600E+3	6.914170E-6	-6.735370E-5
6.965100E+3	7.450610E-6	-6.821800E-5
6.985300E+3	8.314910E-6	-6.976770E-5
6.995600E+3	8.374510E-6	-7.042340E-5
7.016000E+3	8.940750E-6	-7.215190E-5
7.025800E+3	9.030160E-6	-7.224130E-5
7.046600E+3	8.821550E-6	-7.247970E-5
7.055800E+3	8.076490E-6	-7.304600E-5
7.076900E+3	7.391010E-6	-7.477450E-5
7.086000E+3	7.212190E-6	-7.584740E-5
7.096600E+3	6.794960E-6	-7.519170E-5
7.119300E+3	6.169110E-6	-7.510230E-5
7.129300E+3	5.900890E-6	-7.563880E-5
7.142500E+3	7.271800E-6	-7.593680E-5
7.164800E+3	8.910950E-6	-7.811240E-5
7.175100E+3	8.910950E-6	-7.909580E-5
7.195400E+3	9.417590E-6	-8.046670E-5
7.206000E+3	9.805020E-6	-8.100320E-5
7.225600E+3	8.761940E-6	-8.225490E-5
7.236800E+3	8.076490E-6	-8.189720E-5
7.256200E+3	7.420810E-6	-8.267210E-5
7.267400E+3	7.182390E-6	-8.377480E-5
7.287000E+3	7.122780E-6	-8.547350E-5
7.298100E+3	7.718860E-6	-8.601000E-5
7.317900E+3	9.238780E-6	-8.788750E-5
7.328800E+3	9.149370E-6	-8.785770E-5
7.349100E+3	8.344710E-6	-8.976510E-5
7.359500E+3	7.897670E-6	-9.024190E-5
7.379900E+3	7.480410E-6	-9.325190E-5
7.392700E+3	8.374510E-6	-9.432480E-5
7.401700E+3	8.881150E-6	-9.521890E-5
7.422900E+3	9.626210E-6	-9.715600E-5
7.432100E+3	9.656010E-6	-9.846730E-5
7.453300E+3	1.001360E-5	-1.001960E-4
7.462800E+3	1.093750E-5	-1.018650E-4
7.483600E+3	1.052030E-5	-1.034740E-4
7.493700E+3	1.049050E-5	-1.048150E-4
7.517100E+3	1.147400E-5	-1.077660E-4
7.526300E+3	1.201040E-5	-1.093150E-4
7.539400E+3	1.311310E-5	-1.102390E-4
7.559700E+3	1.326210E-5	-1.118490E-4
7.572300E+3	1.370910E-5	-1.136370E-4
7.583600E+3	1.326210E-5	-1.147390E-4
7.606000E+3	1.341110E-5	-1.169150E-4
7.617200E+3	1.317270E-5	-1.174510E-4
7.636700E+3	1.284490E-5	-1.190910E-4
7.650000E+3	1.329190E-5	-1.212070E-4
7.659900E+3	1.308330E-5	-1.234120E-4
7.682500E+3	1.290450E-5	-1.272870E-4
7.693300E+3	1.236800E-5	-1.282400E-4
7.713400E+3	1.266600E-5	-1.307140E-4
7.723600E+3	1.299390E-5	-1.314290E-4
7.735600E+3	1.341110E-5	-1.329190E-4
7.756900E+3	1.338130E-5	-1.365550E-4
7.766000E+3	1.332170E-5	-1.386410E-4
7.790200E+3	1.281510E-5	-1.408170E-4
7.799200E+3	1.287470E-5	-1.418600E-4
7.809200E+3	1.308330E-5	-1.443040E-4
7.832400E+3	1.323230E-5	-1.453470E-4
7.842600E+3	1.469260E-5	-1.466280E-4
7.862700E+3	1.528870E-5	-1.473440E-4
7.873400E+3	1.540790E-5	-1.482380E-4
7.893000E+3	1.588480E-5	-1.507110E-4
7.903000E+3	1.540790E-5	-1.522010E-4
7.923400E+3	1.510980E-5	-1.548840E-4
7.934200E+3	1.415620E-5	-1.554800E-4
7.953900E+3	1.496080E-5	-1.569100E-4
7.967900E+3	1.615300E-5	-1.581020E-4
7.978100E+3	1.597420E-5	-1.575660E-4
8.000300E+3	1.633180E-5	-1.572980E-4
8.011200E+3	1.609340E-5	-1.573270E-4
8.031000E+3	1.767290E-5	-1.573570E-4
8.041500E+3	1.835830E-5	-1.567610E-4
8.061900E+3	1.844780E-5	-1.557480E-4
8.071900E+3	1.668940E-5	-1.544370E-4
8.093100E+3	1.561650E-5	-1.524100E-4
8.102600E+3	1.600400E-5	-1.515160E-4
8.124100E+3	1.636160E-5	-1.495790E-4
8.133300E+3	1.597420E-5	-1.470460E-4
8.154600E+3	1.588480E-5	-1.414430E-4
8.163700E+3	1.567610E-5	-1.388800E-4
8.184800E+3	1.296410E-5	-1.331280E-4
8.194100E+3	1.227860E-5	-1.301180E-4
8.205400E+3	1.087790E-5	-1.259160E-4
8.230100E+3	9.596410E-6	-1.159310E-4
8.239600E+3	9.447390E-6	-1.111930E-4
8.260300E+3	8.076490E-6	-1.008220E-4
8.270400E+3	6.943970E-6	-9.554670E-5
8.290900E+3	6.467130E-6	-8.556290E-5
8.301600E+3	6.735350E-6	-8.013890E-5
8.312400E+3	5.811480E-6	-7.396980E-5
8.332900E+3	5.781680E-6	-6.443310E-5
8.343200E+3	5.394250E-6	-5.951550E-5
8.365700E+3	5.215440E-6	-4.726670E-5
8.376700E+3	4.172350E-6	-4.142550E-5
8.385900E+3	3.576290E-6	-3.409410E-5
8.409900E+3	2.205390E-6	-2.205380E-5
8.419400E+3	6.556550E-7	-1.388790E-5
8.442700E+3	-3.576300E-7	-3.308070E-6
8.452800E+3	-8.940730E-7	4.082950E-6
8.464800E+3	-1.162300E-6	9.834820E-6
8.486100E+3	-3.218670E-6	2.327570E-5
8.498300E+3	-4.440580E-6	2.858050E-5
8.509000E+3	-5.245240E-6	3.397490E-5
8.531700E+3	-6.854560E-6	4.553820E-5
8.541600E+3	-7.927480E-6	5.021710E-5
8.565300E+3	-7.480410E-6	6.088640E-5
8.574500E+3	-6.824760E-6	6.505890E-5
8.585700E+3	-6.228710E-6	6.914190E-5
8.607900E+3	-5.245240E-6	7.635400E-5
8.618500E+3	-5.871090E-6	8.070520E-5
8.641300E+3	-8.225500E-6	8.767890E-5
8.652000E+3	-9.387790E-6	9.152340E-5
8.662400E+3	-9.894430E-6	9.548710E-5
8.681500E+3	-1.055010E-5	1.022520E-4
8.692400E+3	-1.055010E-5	1.046360E-4
8.712300E+3	-1.150380E-5	1.098820E-4
8.722700E+3	-1.162300E-5	1.121760E-4
8.743100E+3	-1.192100E-5	1.171830E-4
8.753000E+3	-1.230840E-5	1.195670E-4
8.776700E+3	-1.296410E-5	1.238000E-4
8.786500E+3	-1.373890E-5	1.262140E-4
8.795700E+3	-1.370910E-5	1.280620E-4
8.820100E+3	-1.388790E-5	1.305350E-4
8.829400E+3	-1.323230E-5	1.317570E-4
8.850500E+3	-1.397730E-5	1.347370E-4
8.862600E+3	-1.397730E-5	1.358400E-4
8.873300E+3	-1.448400E-5	1.384030E-4
8.896100E+3	-1.230840E-5	1.409660E-4
8.906000E+3	-1.275550E-5	1.413530E-4
8.926300E+3	-1.341110E-5	1.419490E-4
8.936600E+3	-1.326210E-5	1.420980E-4
8.956400E+3	-1.305350E-5	1.428730E-4
8.967100E+3	-1.221900E-5	1.429630E-4
8.986600E+3	-1.287470E-5	1.431410E-4
8.997800E+3	-1.281510E-5	1.424560E-4
9.017700E+3	-1.364950E-5	1.423960E-4
9.029000E+3	-1.391770E-5	1.417710E-4
9.048700E+3	-1.427540E-5	1.419790E-4
9.059800E+3	-1.329190E-5	1.412640E-4
9.079800E+3	-1.361970E-5	1.406080E-4
9.090500E+3	-1.338130E-5	1.401910E-4
9.111000E+3	-1.463300E-5	1.399230E-4
9.121200E+3	-1.490120E-5	1.394760E-4
9.133300E+3	-1.403700E-5	1.384630E-4
9.154700E+3	-1.242760E-5	1.368530E-4
9.166900E+3	-1.302370E-5	1.363470E-4
9.176600E+3	-1.335150E-5	1.362570E-4
9.200300E+3	-1.266600E-5	1.349760E-4
9.209400E+3	-1.275550E-5	1.343200E-4
9.233500E+3	-1.260640E-5	1.322040E-4
9.242700E+3	-1.230840E-5	1.303860E-4
9.264100E+3	-1.129510E-5	1.276140E-4
9.273400E+3	-1.102690E-5	1.265710E-4
9.284400E+3	-1.129510E-5	1.254090E-4
9.306800E+3	-1.087790E-5	1.245150E-4
9.317100E+3	-9.059960E-6	1.233830E-4
9.340500E+3	-9.357990E-6	1.200140E-4
9.351000E+3	-1.001360E-5	1.175710E-4
9.370900E+3	-1.007320E-5	1.152760E-4
9.381800E+3	-1.040110E-5	1.147690E-4
9.394600E+3	-1.004340E-5	1.138750E-4
9.414200E+3	-9.357990E-6	1.114310E-4
9.425400E+3	-9.000360E-6	1.096430E-4
9.445300E+3	-9.656010E-6	1.071990E-4
9.455900E+3	-9.894430E-6	1.056500E-4
9.476300E+3	-1.066930E-5	1.041600E-4
9.486400E+3	-1.046070E-5	1.027590E-4
9.506300E+3	-1.025210E-5	9.983820E-5
9.517000E+3	-9.745420E-6	9.834810E-5
9.537400E+3	-9.238780E-6	9.545730E-5
9.547500E+3	-9.179170E-6	9.456320E-5
9.568300E+3	-1.025210E-5	9.185120E-5
9.577900E+3	-1.132490E-5	9.128500E-5
9.599100E+3	-1.034150E-5	8.925840E-5
9.608300E+3	-9.566600E-6	8.800670E-5
9.629700E+3	-8.136090E-6	8.487750E-5
9.638800E+3	-7.808270E-6	8.392380E-5
9.649800E+3	-7.212190E-6	8.273170E-5
9.672300E+3	-6.794960E-6	8.139060E-5
9.682600E+3	-7.420810E-6	8.094360E-5
9.706100E+3	-7.867870E-6	7.945350E-5
9.715700E+3	-7.659260E-6	7.754610E-5
9.727000E+3	-7.629450E-6	7.525130E-5
9.746800E+3	-8.523520E-6	7.289690E-5
9.758000E+3	-8.463920E-6	7.146640E-5
9.777700E+3	-5.841280E-6	6.863520E-5
9.788600E+3	-4.947210E-6	6.720470E-5
9.808800E+3	-3.337870E-6	6.505890E-5
9.819100E+3	-3.427280E-6	6.350920E-5
9.839700E+3	-3.904130E-6	6.037970E-5
9.849400E+3	-3.457080E-6	5.912800E-5
9.870500E+3	-2.145780E-6	5.745910E-5
9.879800E+3	-2.443800E-6	5.736970E-5
9.901200E+3	-2.175580E-6	5.510470E-5
9.910300E+3	-1.996770E-6	5.343580E-5
9.934000E+3	-2.086180E-6	5.114100E-5
9.943400E+3	-2.801430E-6	4.962110E-5
9.953400E+3	-3.367680E-6	4.729650E-5
9.973800E+3	-4.053140E-6	4.619380E-5
9.995000E+3	-3.516690E-6	4.401830E-5
1.000440E+4	-3.695500E-6	4.225990E-5
1.001820E+4	-4.202160E-6	4.154470E-5
1.003800E+4	-4.053140E-6	3.847500E-5
1.004930E+4	-4.112750E-6	3.764060E-5
1.006850E+4	-4.351170E-6	3.695510E-5
1.007930E+4	-4.321370E-6	3.668690E-5
1.009900E+4	-4.500180E-6	3.570340E-5
1.011020E+4	-3.963740E-6	3.525640E-5
1.012960E+4	-3.367680E-6	3.451130E-5
1.014100E+4	-2.592820E-6	3.367690E-5
1.016040E+4	-2.652420E-6	3.150130E-5
1.017460E+4	-3.397480E-6	3.111390E-5
1.018400E+4	-3.904130E-6	3.090520E-5
1.020510E+4	-3.039850E-6	2.974280E-5
1.021750E+4	-2.235190E-6	2.977260E-5
1.023840E+4	-2.235190E-6	2.932560E-5
1.024800E+4	-1.311310E-6	2.858050E-5
1.026040E+4	-1.519930E-6	2.744810E-5
1.028170E+4	-1.311310E-6	2.548110E-5
1.029120E+4	-1.192100E-6	2.515330E-5
1.031220E+4	-2.652420E-6	2.473600E-5
1.032190E+4	-2.622620E-6	2.497450E-5
1.034230E+4	-3.248470E-6	2.333530E-5
1.035260E+4	-3.308070E-6	2.351410E-5
1.037270E+4	-4.410770E-6	2.256050E-5
1.038360E+4	-4.500180E-6	2.250090E-5
1.040340E+4	-4.053140E-6	2.196440E-5
1.041630E+4	-4.500180E-6	2.214320E-5
1.042760E+4	-4.470380E-6	2.187500E-5
1.044770E+4	-2.861040E-6	2.175580E-5
1.045860E+4	-2.175580E-6	2.113000E-5
1.048090E+4	-2.384200E-6	1.904380E-5
1.049220E+4	-2.801430E-6	1.809010E-5
1.050150E+4	-2.890840E-6	1.734510E-5
1.052520E+4	-2.980250E-6	1.749410E-5
1.053530E+4	-2.831240E-6	1.740470E-5
1.055810E+4	-1.430520E-6	1.615300E-5
1.056890E+4	-1.311310E-6	1.606360E-5
1.058100E+4	-2.175580E-6	1.597420E-5
1.060240E+4	-3.069650E-6	1.570590E-5
1.061490E+4	-1.728540E-6	1.561650E-5
1.063630E+4	5.066430E-7	1.451380E-5
1.064560E+4	4.172340E-7	1.341110E-5
1.066700E+4	1.192100E-7	1.317270E-5
1.067610E+4	-3.874320E-7	1.338130E-5
1.067610E+4	-3.874320E-7	1.338130E-5
1.070640E+4	-1.251700E-6	1.466280E-5
1.072760E+4	-1.668940E-6	1.424560E-5
1.073680E+4	-1.400720E-6	1.394750E-5
1.075810E+4	-1.758340E-6	1.299390E-5
1.076750E+4	-2.026570E-6	1.299390E-5
1.077880E+4	-1.966970E-6	1.308330E-5
1.079850E+4	-2.384200E-6	1.230840E-5
1.080980E+4	-2.294790E-6	1.135470E-5
1.083160E+4	-3.159060E-6	1.081830E-5
1.084290E+4	-2.980250E-6	1.162300E-5
1.085280E+4	-1.639140E-6	1.326210E-5
1.087650E+4	-5.960510E-8	1.397730E-5
1.088610E+4	5.960510E-8	1.329190E-5
1.090920E+4	-4.768410E-7	1.335150E-5
1.091960E+4	-3.278270E-7	1.207000E-5
1.094010E+4	-2.086170E-7	1.010300E-5
1.095000E+4	-2.682230E-7	9.805020E-6
1.097100E+4	6.258520E-7	9.596410E-6
1.098050E+4	6.854570E-7	1.001360E-5
1.099280E+4	2.682230E-7	1.069910E-5
1.101430E+4	3.576300E-7	1.031170E-5
1.102380E+4	6.854570E-7	9.745420E-6
1.104810E+4	-5.960500E-7	1.049050E-5
1.105740E+4	-1.430520E-6	1.066930E-5
1.107860E+4	-1.907360E-6	1.120570E-5
1.108790E+4	-2.384200E-6	1.144420E-5
1.109900E+4	-2.741830E-6	1.207000E-5
1.111870E+4	-3.337870E-6	1.129510E-5
1.113000E+4	-3.367680E-6	1.057990E-5
1.114970E+4	-2.592820E-6	9.715620E-6
1.116100E+4	-2.354400E-6	9.834820E-6
1.118100E+4	-2.086180E-6	8.374510E-6
1.120100E+4	-1.639140E-6	8.821550E-6
1.121210E+4	-1.162300E-6	9.059960E-6
1.122230E+4	-3.874320E-7	9.119570E-6
1.124480E+4	6.258520E-7	9.059960E-6
1.125570E+4	1.639140E-6	9.149370E-6
1.126790E+4	1.549730E-6	8.881150E-6
1.128890E+4	1.281510E-6	8.016880E-6
1.129830E+4	6.556550E-7	7.778460E-6
1.131940E+4	-2.980250E-7	8.016880E-6
1.132860E+4	2.980250E-8	7.748660E-6
1.135000E+4	-1.490130E-7	7.450610E-6
1.135930E+4	-6.258520E-7	7.301600E-6
1.138070E+4	-9.536820E-7	6.854560E-6
1.139020E+4	-1.519930E-6	7.957280E-6
1.141430E+4	-1.966970E-6	7.391010E-6
1.142350E+4	-2.086180E-6	6.794960E-6
1.144470E+4	-2.473610E-6	6.020100E-6
1.145400E+4	-3.129260E-6	6.258520E-6
1.146550E+4	-3.397480E-6	6.794960E-6
1.148530E+4	-1.341110E-6	6.347920E-6
1.149670E+4	-1.460320E-6	5.722080E-6
1.151650E+4	-1.996770E-6	5.453850E-6
1.152760E+4	-2.145780E-6	5.990300E-6
1.154950E+4	-1.728540E-6	5.573060E-6
1.156080E+4	-1.817950E-6	5.036620E-6
1.158050E+4	-1.400720E-6	4.380970E-6
1.159170E+4	-1.519930E-6	4.559780E-6
1.161170E+4	-7.450620E-7	5.751880E-6
1.162260E+4	-3.874320E-7	6.139310E-6
1.164290E+4	7.748640E-7	7.361200E-6
1.165330E+4	7.748640E-7	7.897670E-6
1.167400E+4	-1.311310E-6	7.897670E-6
1.168400E+4	-2.115980E-6	7.391010E-6
1.169370E+4	-2.175580E-6	6.437330E-6
1.171760E+4	-2.443800E-6	4.410770E-6
1.172970E+4	-3.069650E-6	4.082950E-6
1.175090E+4	-3.218670E-6	4.202160E-6
1.176010E+4	-2.533210E-6	3.814730E-6
1.178150E+4	-1.162300E-6	4.291560E-6
1.179070E+4	-8.642710E-7	4.440580E-6
1.180170E+4	-9.536820E-7	7.033380E-6
1.182430E+4	-1.102690E-6	7.838070E-6
1.183550E+4	-1.013290E-6	7.748660E-6
1.185480E+4	-4.470370E-7	7.092980E-6
1.186560E+4	-8.940740E-8	7.569820E-6
1.188860E+4	-7.152590E-7	6.824760E-6
1.189960E+4	-1.341110E-6	6.228710E-6
1.190990E+4	-1.907360E-6	6.705550E-6
1.193230E+4	-1.907360E-6	6.765160E-6
1.194330E+4	-2.205390E-6	6.228710E-6
1.195570E+4	-2.503410E-6	5.841280E-6
1.197650E+4	-1.281510E-6	4.798200E-6
1.198930E+4	-1.400720E-6	5.036620E-6
1.200980E+4	-1.013290E-6	5.066420E-6
1.202020E+4	-1.102690E-6	4.738600E-6
1.202950E+4	-1.430520E-6	3.963740E-6
1.205360E+4	-1.460320E-6	1.728540E-6
1.206320E+4	-1.251700E-6	2.205390E-6
1.208700E+4	-2.533210E-6	1.996770E-6
1.209630E+4	-2.473610E-6	1.877550E-6
1.210750E+4	-2.026570E-6	1.847750E-6
1.213010E+4	-1.251700E-6	4.112750E-6
1.214030E+4	-8.642710E-7	4.708800E-6
1.215370E+4	-3.874320E-7	4.470380E-6
1.217620E+4	-5.662480E-7	5.483660E-6
1.218680E+4	-6.258520E-7	5.960490E-6
1.220700E+4	-1.758340E-6	6.496940E-6
1.221990E+4	-1.192100E-6	7.212190E-6
1.223120E+4	-3.576300E-7	7.718860E-6
1.225380E+4	0.000000E+0	6.884370E-6
1.226500E+4	-2.980250E-8	6.705550E-6
1.227440E+4	-8.940740E-8	6.824760E-6
1.229810E+4	-9.834840E-7	6.139310E-6
1.230790E+4	-1.311310E-6	5.304840E-6
1.233090E+4	-1.013290E-6	5.424050E-6
1.234150E+4	-1.072890E-6	6.049900E-6
1.236200E+4	-1.132500E-6	6.765160E-6
1.237220E+4	-9.834840E-7	6.139310E-6
1.238440E+4	-1.251700E-6	5.364450E-6
1.240590E+4	-4.172340E-7	2.920640E-6
1.241520E+4	-4.768410E-7	2.503410E-6
1.243660E+4	-1.728540E-6	2.294790E-6
1.244600E+4	-2.414000E-6	1.817950E-6
1.246710E+4	-1.251700E-6	2.771630E-6
1.247940E+4	-3.576300E-7	3.457080E-6
1.250070E+4	-4.470370E-7	3.278270E-6
1.251000E+4	-1.788150E-7	3.337870E-6
1.252120E+4	2.384200E-7	4.321370E-6
1.254350E+4	1.251700E-6	4.589590E-6
1.255410E+4	1.341110E-6	4.321370E-6
1.257410E+4	6.258520E-7	4.529980E-6
1.258700E+4	5.960510E-8	4.380970E-6
1.259830E+4	-7.748640E-7	4.202160E-6
1.262030E+4	-2.086180E-6	3.546490E-6
1.263140E+4	-1.400720E-6	3.010050E-6
1.265100E+4	-3.874320E-7	2.264990E-6
1.266230E+4	2.086170E-7	2.115980E-6
1.267180E+4	6.854570E-7	2.563010E-6
1.269520E+4	7.152590E-7	3.129260E-6
1.270560E+4	4.470370E-7	3.725300E-6
1.272660E+4	-3.576300E-7	3.546490E-6
1.273650E+4	-1.072890E-6	3.814730E-6
1.275800E+4	-1.847750E-6	4.112750E-6
1.276750E+4	-2.056370E-6	4.649190E-6
1.278910E+4	-2.503410E-6	5.245240E-6
1.280140E+4	-2.473610E-6	4.768400E-6
1.282240E+4	-2.145780E-6	2.682220E-6
1.283200E+4	-2.592820E-6	1.490120E-6
1.284230E+4	-2.354400E-6	1.132500E-6
1.286590E+4	-1.758340E-6	2.056370E-6
1.287630E+4	-1.400720E-6	2.056370E-6
1.289660E+4	-1.192100E-6	1.609330E-6
1.290750E+4	-9.536820E-7	1.221900E-6
1.292710E+4	-6.854570E-7	9.238760E-7
1.294020E+4	-6.258520E-7	1.192100E-6
1.295150E+4	-5.960500E-7	1.311310E-6
1.297140E+4	-1.490120E-6	2.056370E-6
1.298220E+4	-2.324600E-6	1.758340E-6
1.300240E+4	-2.175580E-6	3.486890E-6
1.301270E+4	-2.235190E-6	3.397480E-6
1.303250E+4	-1.549730E-6	3.218670E-6
1.304320E+4	-1.519930E-6	2.533210E-6
1.306670E+4	-1.072890E-6	3.099460E-6
1.307720E+4	-4.768410E-7	3.516690E-6
1.309780E+4	-5.364450E-7	3.308070E-6
1.310780E+4	-7.152590E-7	3.188860E-6
1.312890E+4	0.000000E+0	2.563010E-6
1.313860E+4	3.576300E-7	2.443800E-6
1.314790E+4	1.341110E-6	3.129260E-6
1.317220E+4	5.662480E-7	3.278270E-6
1.318170E+4	-3.576300E-7	3.337870E-6
1.320270E+4	-5.364450E-7	1.311310E-6
1.321270E+4	-3.278270E-7	1.728540E-6
1.323340E+4	-8.344690E-7	2.414000E-6
1.324290E+4	-1.013290E-6	3.367680E-6
1.326410E+4	-1.251700E-6	4.768400E-6
1.327410E+4	-1.430520E-6	4.678990E-6
1.329500E+4	-1.162300E-6	3.278270E-6
1.330530E+4	-2.086180E-6	3.308070E-6
1.332570E+4	-2.414000E-6	2.920640E-6
1.333660E+4	-2.533210E-6	2.592820E-6
1.335940E+4	-7.748640E-7	2.414000E-6
1.337050E+4	-8.344690E-7	1.758340E-6
1.338080E+4	-2.980250E-8	1.549730E-6
1.340140E+4	1.192100E-7	3.099460E-6
1.341130E+4	6.556550E-7	3.665700E-6
1.343460E+4	3.278270E-7	3.695500E-6
1.344510E+4	4.768410E-7	4.112750E-6
1.345460E+4	2.086170E-7	4.231960E-6
1.347890E+4	-6.258520E-7	3.665700E-6
1.348820E+4	-6.258520E-7	3.874330E-6
1.350980E+4	-1.937170E-6	3.963740E-6
1.351930E+4	-3.069650E-6	3.546490E-6
1.354080E+4	-2.354400E-6	3.010050E-6
1.355040E+4	-2.533210E-6	2.890840E-6
1.357140E+4	-1.102690E-6	2.920640E-6
1.358150E+4	-9.238760E-7	2.354400E-6
1.360220E+4	-7.748640E-7	1.460320E-6
1.361260E+4	-3.278270E-7	1.758340E-6
1.363580E+4	3.576300E-7	1.698740E-6
1.364550E+4	2.682230E-7	7.748640E-7
1.365850E+4	2.384200E-7	1.490120E-6
1.367860E+4	7.152590E-7	2.264990E-6
1.368970E+4	2.980250E-7	2.145780E-6
1.370000E+4	2.980250E-7	2.354400E-6
1.372290E+4	-6.854570E-7	3.159060E-6
1.373380E+4	-8.344690E-7	3.129260E-6
1.375610E+4	-1.788150E-7	3.248470E-6
1.376740E+4	-1.788150E-7	2.563010E-6
1.378720E+4	-1.490130E-7	2.026570E-6
1.379830E+4	-1.370910E-6	3.486890E-6
1.381060E+4	-1.609330E-6	4.082950E-6
1.383140E+4	-3.129260E-6	3.635900E-6
1.384110E+4	-2.861040E-6	2.980250E-6
1.386230E+4	-2.235190E-6	3.069650E-6
1.387180E+4	-1.937170E-6	3.486890E-6
1.389330E+4	-5.066430E-7	3.397480E-6
1.390270E+4	-1.192100E-7	3.069650E-6
1.392410E+4	8.940740E-8	4.142550E-6
1.393340E+4	8.642710E-7	4.500180E-6
1.395460E+4	1.490120E-6	3.993540E-6
1.396440E+4	1.013290E-6	2.831240E-6
1.398520E+4	3.278270E-7	1.162300E-6
1.399550E+4	-2.384200E-7	3.576300E-7
1.401590E+4	2.980250E-8	4.768410E-7
1.402660E+4	0.000000E+0	5.662480E-7
1.404670E+4	-6.258520E-7	1.013290E-6
1.405970E+4	-6.854570E-7	1.370910E-6
1.407090E+4	-2.384200E-7	1.609330E-6
1.409080E+4	-2.086170E-7	3.010050E-6
1.410170E+4	5.960510E-8	2.622620E-6
1.412360E+4	1.609330E-6	3.039850E-6
1.413680E+4	2.563010E-6	3.367680E-6
1.414750E+4	2.950440E-6	3.904130E-6
1.417100E+4	2.235190E-6	4.589590E-6
1.418150E+4	1.639140E-6	4.410770E-6
1.419090E+4	1.221900E-6	4.142550E-6
1.421510E+4	1.579530E-6	2.175580E-6
1.422440E+4	1.966970E-6	1.549730E-6
1.424590E+4	1.311310E-6	1.937170E-6
1.425530E+4	2.980250E-7	1.609330E-6
1.427690E+4	-6.258520E-7	4.172340E-7
1.428660E+4	-1.192100E-7	9.536820E-7
1.431090E+4	5.960500E-7	1.192100E-6
1.432030E+4	4.172340E-7	1.668940E-6
1.434180E+4	5.960500E-7	1.788150E-6
1.435130E+4	-2.086170E-7	1.609330E-6
1.436250E+4	-8.642710E-7	1.430520E-6
1.438480E+4	-1.490120E-6	2.175580E-6
1.439570E+4	-1.281510E-6	1.490120E-6
1.441580E+4	-1.400720E-6	1.043090E-6
1.442710E+4	-1.192100E-6	1.430520E-6
1.444960E+4	-1.877550E-6	2.563010E-6
1.446030E+4	-2.950440E-6	3.099460E-6
1.448050E+4	-2.354400E-6	2.503410E-6
1.449150E+4	-1.102690E-6	2.414000E-6
1.450200E+4	-3.278270E-7	2.682220E-6
1.452170E+4	3.874320E-7	2.414000E-6
1.453250E+4	1.192100E-7	1.877550E-6
1.455380E+4	-1.370910E-6	1.311310E-6
1.456240E+4	-2.264990E-6	1.132500E-6
1.457640E+4	-2.771630E-6	2.384200E-7
1.458180E+4	-1.996770E-6	-1.192100E-7
1.458580E+4	-1.758340E-6	-5.960510E-8
1.459300E+4	-8.940730E-7	4.172340E-7
1.459300E+4	-9.238760E-7	1.072890E-6
1.459190E+4	-1.221900E-6	1.430520E-6
1.458840E+4	-1.370910E-6	5.662480E-7
1.457930E+4	-5.364450E-7	-1.519930E-6
1.457210E+4	-1.221900E-6	-1.281510E-6
1.455260E+4	-2.026570E-6	-1.072890E-6
1.454040E+4	-2.741830E-6	-5.960500E-7
1.451560E+4	-2.771630E-6	2.086170E-7
1.450120E+4	-2.831240E-6	1.490130E-7
1.448790E+4	-3.337870E-6	2.086170E-7
1.445780E+4	-2.622620E-6	5.364450E-7
1.444020E+4	-1.966970E-6	9.536820E-7
1.441090E+4	-2.741830E-6	2.294790E-6
1.439420E+4	-2.294790E-6	1.907360E-6
1.438100E+4	-1.221900E-6	1.877550E-6
1.435670E+4	-5.066430E-7	2.712030E-6
1.434540E+4	2.980250E-8	2.205390E-6
1.432340E+4	-6.556550E-7	1.579530E-6
1.431290E+4	-8.046660E-7	1.579530E-6
1.429380E+4	-8.344690E-7	1.728540E-6
1.428370E+4	-9.536820E-7	2.175580E-6
1.426320E+4	-1.072890E-6	1.847750E-6
1.425400E+4	-1.072890E-6	1.400720E-6
1.424090E+4	-1.370910E-6	1.132500E-6
1.422190E+4	-3.576300E-7	1.430520E-6
1.420890E+4	4.470370E-7	1.400720E-6
1.419910E+4	5.662480E-7	1.609330E-6
1.417810E+4	4.172340E-7	1.758340E-6
1.416860E+4	1.192100E-7	1.162300E-6
1.414710E+4	-1.251700E-6	2.086170E-7
1.413770E+4	-1.788150E-6	1.788150E-7
1.411380E+4	-8.940730E-7	9.238760E-7
1.410410E+4	-3.576300E-7	2.175580E-6
1.408290E+4	-1.788150E-7	3.188860E-6
1.407370E+4	-1.192100E-7	3.099460E-6
1.405260E+4	8.940730E-7	3.904130E-6
1.404330E+4	1.013290E-6	4.470380E-6
1.403050E+4	8.344690E-7	4.768400E-6
1.401010E+4	-8.642710E-7	4.142550E-6
1.400000E+4	-1.043090E-6	3.278270E-6
1.398000E+4	-6.854570E-7	2.563010E-6
1.396930E+4	-1.400720E-6	2.026570E-6
1.394960E+4	-2.175580E-6	1.937170E-6
1.393860E+4	-2.175580E-6	2.831240E-6
1.391900E+4	-1.877550E-6	4.828010E-6
1.390600E+4	-1.341110E-6	4.977020E-6
1.389530E+4	-8.940730E-7	3.755110E-6
1.387330E+4	-2.682230E-7	3.308070E-6
1.386220E+4	-8.940740E-8	3.963740E-6
1.384270E+4	2.980250E-8	2.443800E-6
1.383180E+4	1.490130E-7	1.013290E-6
1.381200E+4	-4.172340E-7	3.576300E-7
1.380160E+4	-1.013290E-6	2.086170E-7
1.378130E+4	-1.877550E-6	-5.960510E-8
1.377130E+4	-2.294790E-6	3.576300E-7
1.375060E+4	-2.056370E-6	1.609330E-6
1.374100E+4	-1.043090E-6	1.668940E-6
1.371990E+4	1.192100E-6	1.013290E-6
1.371060E+4	1.341110E-6	6.854570E-7
1.368710E+4	0.000000E+0	1.281510E-6
1.367720E+4	-5.960500E-7	1.758340E-6
1.366750E+4	-1.341110E-6	2.622620E-6
1.364700E+4	-2.563010E-6	4.142550E-6
1.363470E+4	-2.354400E-6	4.887610E-6
1.361360E+4	-2.175580E-6	4.440580E-6
1.360420E+4	-1.639140E-6	3.695500E-6
1.358350E+4	-8.344690E-7	1.430520E-6
1.357350E+4	-1.490120E-6	1.221900E-6
1.355310E+4	-5.066430E-7	1.043090E-6
1.354260E+4	0.000000E+0	-1.788150E-7
1.352250E+4	5.662480E-7	-6.556550E-7
1.351150E+4	1.192100E-6	-6.258520E-7
1.349190E+4	4.172340E-7	8.046660E-7
1.348080E+4	3.874320E-7	1.490120E-6
1.346830E+4	-1.192100E-7	1.937170E-6
1.344860E+4	-5.960500E-7	2.056370E-6
1.343560E+4	-5.364450E-7	2.771630E-6
1.342620E+4	-2.384200E-7	3.248470E-6
1.340310E+4	-2.384200E-7	2.145780E-6
1.339280E+4	-5.066430E-7	1.221900E-6
1.337210E+4	-1.221900E-6	8.642710E-7
1.336240E+4	-1.758340E-6	1.370910E-6
1.334140E+4	-9.536820E-7	2.831240E-6
1.333210E+4	-1.192100E-7	2.473610E-6
1.331890E+4	7.748640E-7	1.907360E-6
1.329850E+4	-1.192100E-7	4.470370E-7
1.328610E+4	-9.834840E-7	4.768410E-7
1.327490E+4	-1.311310E-6	6.854570E-7
1.325320E+4	-1.490120E-6	8.046660E-7
1.324250E+4	-2.175580E-6	1.162300E-6
1.322020E+4	-1.907360E-6	1.370910E-6
1.321030E+4	-9.536820E-7	2.235190E-6
1.319930E+4	-4.172340E-7	2.771630E-6
1.317770E+4	2.980250E-8	3.039850E-6
1.316660E+4	0.000000E+0	2.264990E-6
1.314420E+4	1.788150E-7	2.682220E-6
1.313380E+4	1.788150E-7	3.457080E-6
1.312040E+4	5.662480E-7	3.725300E-6
1.310000E+4	5.960510E-8	4.649190E-6
1.308700E+4	2.384200E-7	4.351170E-6
1.307760E+4	4.470370E-7	3.546490E-6
1.305420E+4	-2.384200E-7	2.503410E-6
1.304430E+4	-7.748640E-7	1.996770E-6
1.302170E+4	-1.639140E-6	3.099460E-6
1.301110E+4	-2.682220E-6	4.142550E-6
1.300190E+4	-2.592820E-6	5.126030E-6
1.297810E+4	-1.877550E-6	4.738600E-6
1.296880E+4	-1.043090E-6	3.874330E-6
1.295560E+4	-4.768410E-7	3.248470E-6
1.293540E+4	-2.026570E-6	2.503410E-6
1.292290E+4	-2.056370E-6	2.533210E-6
1.290190E+4	-1.370910E-6	3.010050E-6
1.289210E+4	-1.043090E-6	3.486890E-6
1.287890E+4	-6.854570E-7	3.665700E-6
1.285930E+4	5.066430E-7	4.738600E-6
1.284820E+4	8.344690E-7	4.321370E-6
1.282610E+4	-5.960510E-8	3.159060E-6
1.281560E+4	-8.046660E-7	3.039850E-6
1.280490E+4	-9.536820E-7	2.771630E-6
1.278310E+4	-6.854570E-7	3.039850E-6
1.277190E+4	-9.536820E-7	3.486890E-6
1.274960E+4	-2.384200E-7	4.112750E-6
1.273850E+4	-5.066430E-7	5.185630E-6
1.272630E+4	-9.536820E-7	5.304840E-6
1.270580E+4	-1.132500E-6	5.155830E-6
1.269310E+4	-8.940730E-7	5.215440E-6
1.268390E+4	-8.046660E-7	5.394250E-6
1.266010E+4	2.384200E-7	4.351170E-6
1.265090E+4	7.748640E-7	3.457080E-6
1.264080E+4	7.152590E-7	2.831240E-6
1.261460E+4	-7.450620E-7	3.874330E-6
1.260550E+4	-1.192100E-7	3.337870E-6
1.258470E+4	3.576300E-7	4.142550E-6
1.257560E+4	8.046660E-7	5.155830E-6
1.255440E+4	1.490120E-6	4.619390E-6
1.254520E+4	1.221900E-6	4.023340E-6
1.252420E+4	5.662480E-7	2.861040E-6
1.251460E+4	4.768410E-7	2.890840E-6
1.249410E+4	2.384200E-7	2.890840E-6
1.248400E+4	-3.874320E-7	3.308070E-6
1.247090E+4	-4.470370E-7	3.337870E-6
1.245150E+4	-6.854570E-7	2.682220E-6
1.244040E+4	-9.834840E-7	2.712030E-6
1.242090E+4	-1.996770E-6	3.606100E-6
1.240970E+4	-1.788150E-6	4.023340E-6
1.239010E+4	-1.490130E-7	3.606100E-6
1.237920E+4	-4.768410E-7	2.950440E-6
1.235910E+4	-2.980250E-6	2.443800E-6
1.234860E+4	-4.023340E-6	2.622620E-6
1.232520E+4	-3.427280E-6	4.410770E-6
1.231520E+4	-3.069650E-6	5.006820E-6
1.230610E+4	-2.145780E-6	5.513460E-6
1.228480E+4	-1.937170E-6	4.887610E-6
1.227270E+4	-1.430520E-6	4.798200E-6
1.225170E+4	-1.490120E-6	5.245240E-6
1.224240E+4	-2.235190E-6	5.096230E-6
1.222160E+4	-2.950440E-6	4.380970E-6
1.221260E+4	-3.010050E-6	4.768400E-6
1.219160E+4	-2.473610E-6	4.857810E-6
1.218240E+4	-1.519930E-6	4.440580E-6
1.216140E+4	-2.086170E-7	3.516690E-6
1.215180E+4	-2.980250E-8	3.725300E-6
1.213130E+4	5.960500E-7	4.172350E-6
1.212110E+4	1.132500E-6	3.963740E-6
1.210100E+4	4.768410E-7	5.275040E-6
1.209030E+4	-3.576300E-7	5.126030E-6
1.207060E+4	-1.132500E-6	3.844530E-6
1.205950E+4	-1.430520E-6	3.933940E-6
1.204660E+4	-1.460320E-6	3.695500E-6
1.202690E+4	-2.980250E-7	4.440580E-6
1.201610E+4	-6.854570E-7	4.351170E-6
1.199430E+4	-1.162300E-6	3.665700E-6
1.198300E+4	-6.556550E-7	4.053140E-6
1.197370E+4	2.682230E-7	4.559780E-6
1.195260E+4	5.364450E-7	5.215440E-6
1.193290E+4	-8.940740E-8	4.977020E-6
1.192240E+4	-1.192100E-7	5.692270E-6
1.191320E+4	-5.066430E-7	6.139310E-6
1.189220E+4	-8.940730E-7	5.692270E-6
1.187160E+4	-1.609330E-6	5.632670E-6
1.186210E+4	-1.639140E-6	5.334640E-6
1.185210E+4	-1.043090E-6	4.857810E-6
1.182880E+4	-1.221900E-6	3.904130E-6
1.181950E+4	-2.324600E-6	4.440580E-6
1.180560E+4	-3.010050E-6	4.321370E-6
1.178640E+4	-2.235190E-6	4.678990E-6
1.177290E+4	-1.907360E-6	4.321370E-6
1.176230E+4	-1.460320E-6	4.023340E-6
1.174050E+4	-1.251700E-6	4.708800E-6
1.172930E+4	-1.370910E-6	5.006820E-6
1.172930E+4	-1.370910E-6	5.006820E-6
1.169680E+4	-2.175580E-6	5.364450E-6
1.168680E+4	-8.344690E-7	5.543260E-6
1.166430E+4	1.490130E-7	6.288320E-6
1.165360E+4	2.384200E-7	6.139310E-6
1.163350E+4	7.152590E-7	6.347920E-6
1.162330E+4	1.013290E-6	5.692270E-6
1.160110E+4	4.470370E-7	5.811480E-6
1.159010E+4	1.788150E-7	5.543260E-6
1.157790E+4	-5.066430E-7	6.109510E-6
1.155690E+4	-8.940740E-8	6.377730E-6
1.154780E+4	-5.960500E-7	5.960490E-6
1.152690E+4	-2.384200E-7	5.990300E-6
1.151770E+4	-5.960510E-8	6.228710E-6
1.149690E+4	2.384200E-7	5.960490E-6
1.148720E+4	3.576300E-7	5.960490E-6
1.146670E+4	-2.086170E-7	5.811480E-6
1.145740E+4	-7.748640E-7	6.616140E-6
1.143630E+4	-9.536820E-7	6.824760E-6
1.142650E+4	-1.370910E-6	7.271800E-6
1.140590E+4	-1.430520E-6	7.510210E-6
1.139560E+4	-1.370910E-6	7.569820E-6
1.138160E+4	-1.400720E-6	7.927480E-6
1.136180E+4	-1.847750E-6	8.523520E-6
1.135140E+4	-2.235190E-6	8.881150E-6
1.132910E+4	-3.933940E-6	1.046070E-5
1.131780E+4	-3.844530E-6	1.043090E-5
1.130850E+4	-3.606100E-6	1.063950E-5
1.128500E+4	-5.185630E-6	9.834820E-6
1.127500E+4	-5.543260E-6	9.059960E-6
1.125430E+4	-4.678990E-6	7.629450E-6
1.124490E+4	-4.053140E-6	6.794960E-6
1.122370E+4	-2.801430E-6	7.003570E-6
1.121460E+4	-2.384200E-6	7.599620E-6
1.119340E+4	-1.966970E-6	7.569820E-6
1.118440E+4	-2.175580E-6	7.927480E-6
1.116330E+4	-1.192100E-6	8.642730E-6
1.115400E+4	-9.536820E-7	9.447390E-6
1.113330E+4	-7.748640E-7	9.298380E-6
1.112420E+4	-2.026570E-6	9.536800E-6
1.111050E+4	-2.384200E-6	9.894430E-6
1.109070E+4	-2.920640E-6	9.715620E-6
1.107780E+4	-2.145780E-6	9.775220E-6
1.106660E+4	-1.817950E-6	9.626210E-6
1.104490E+4	5.960510E-8	8.404310E-6
1.103350E+4	-5.960510E-8	7.659260E-6
1.101380E+4	-1.370910E-6	7.092980E-6
1.100260E+4	-3.069650E-6	7.748660E-6
1.098310E+4	-3.516690E-6	8.970560E-6
1.097230E+4	-3.427280E-6	9.536800E-6
1.095240E+4	-3.576290E-6	8.344710E-6
1.094210E+4	-3.486890E-6	8.255300E-6
1.092190E+4	-1.281510E-6	8.970560E-6
1.091210E+4	-3.874320E-7	9.894430E-6
1.089130E+4	-5.960500E-7	1.066930E-5
1.088190E+4	-8.344690E-7	1.019250E-5
1.086070E+4	-1.341110E-6	1.093750E-5
1.085150E+4	-1.400720E-6	1.159320E-5
1.083030E+4	-1.579530E-6	1.299390E-5
1.082120E+4	-1.639140E-6	1.344090E-5
1.080020E+4	-2.354400E-6	1.260640E-5
1.079120E+4	-2.950440E-6	1.221900E-5
1.077010E+4	-3.874330E-6	1.233820E-5
1.076110E+4	-4.202160E-6	1.290450E-5
1.074000E+4	-3.695500E-6	1.314290E-5
1.073060E+4	-3.308070E-6	1.296410E-5
1.070980E+4	-2.771630E-6	1.302370E-5
1.069720E+4	-2.235190E-6	1.296410E-5
1.068600E+4	-1.668940E-6	1.329190E-5
1.066720E+4	-1.639140E-6	1.436480E-5
1.065600E+4	-1.758340E-6	1.460320E-5
1.063350E+4	-3.486890E-6	1.499060E-5
1.062220E+4	-3.546490E-6	1.537810E-5
1.060270E+4	-4.202160E-6	1.630200E-5
1.059150E+4	-4.589590E-6	1.594440E-5
1.057190E+4	-3.159060E-6	1.665960E-5
1.056160E+4	-2.771630E-6	1.662980E-5
1.054210E+4	-3.039850E-6	1.639140E-5
1.053090E+4	-2.712030E-6	1.600400E-5
1.052170E+4	-2.533210E-6	1.558670E-5
1.049750E+4	-2.175580E-6	1.499060E-5
1.048830E+4	-2.056370E-6	1.552710E-5
1.046710E+4	-1.549730E-6	1.677880E-5
1.045820E+4	-1.162300E-6	1.803050E-5
1.044800E+4	-1.370910E-6	1.883520E-5
1.042470E+4	-2.175580E-6	2.098100E-5
1.041430E+4	-2.115980E-6	2.059350E-5
1.039430E+4	-1.817950E-6	2.101080E-5
1.038350E+4	-1.966970E-6	2.154720E-5
1.036430E+4	-2.801430E-6	2.318630E-5
1.035400E+4	-2.890840E-6	2.408040E-5
1.033100E+4	-2.354400E-6	2.384200E-5
1.032030E+4	-2.563010E-6	2.366320E-5
1.030730E+4	-2.801430E-6	2.330550E-5
1.028780E+4	-1.817950E-6	2.506390E-5
1.027650E+4	-1.490120E-6	2.530230E-5
1.025490E+4	-1.251700E-6	2.539170E-5
1.024370E+4	-1.460320E-6	2.557050E-5
1.023380E+4	-1.847750E-6	2.637520E-5
1.021110E+4	-3.337870E-6	2.732880E-5
1.020050E+4	-3.218670E-6	2.849110E-5
1.017880E+4	-1.907360E-6	2.965340E-5
1.016770E+4	-1.758340E-6	2.968320E-5
1.015870E+4	-1.162300E-6	2.968320E-5
1.013450E+4	-6.556550E-7	3.054760E-5
1.012540E+4	-2.056370E-6	3.054760E-5
1.010430E+4	-4.917410E-6	3.203770E-5
1.009220E+4	-5.692270E-6	3.287220E-5
1.008230E+4	-6.228710E-6	3.430270E-5
1.006190E+4	-6.586340E-6	3.653790E-5
1.005150E+4	-6.347920E-6	3.784920E-5
1.003150E+4	-5.841280E-6	3.957770E-5
1.002040E+4	-5.990300E-6	4.023340E-5
1.000080E+4	-5.543260E-6	4.169370E-5
9.989600E+3	-6.228710E-6	4.291560E-5
9.967800E+3	-6.765160E-6	4.425670E-5
9.957100E+3	-6.526740E-6	4.524020E-5
9.937400E+3	-5.245240E-6	4.768390E-5
9.926200E+3	-5.126030E-6	4.845880E-5
9.906900E+3	-4.678990E-6	5.006810E-5
9.895700E+3	-4.619390E-6	5.090260E-5
9.886200E+3	-4.738600E-6	5.227350E-5
9.863200E+3	-5.245240E-6	5.450870E-5
9.852900E+3	-5.275040E-6	5.534310E-5
9.832600E+3	-5.781680E-6	5.704190E-5
9.822900E+3	-6.496940E-6	5.820420E-5
9.802000E+3	-6.794960E-6	6.118460E-5
9.792800E+3	-7.301600E-6	6.362840E-5
9.769500E+3	-7.927480E-6	6.550600E-5
9.759500E+3	-7.957280E-6	6.762190E-5
9.747500E+3	-8.642730E-6	6.941010E-5
9.737100E+3	-9.000360E-6	7.093000E-5
9.714000E+3	-8.016880E-6	7.417840E-5
9.704300E+3	-8.732140E-6	7.483410E-5
9.683600E+3	-9.507000E-6	7.632420E-5
9.673400E+3	-1.004340E-5	7.748650E-5
9.653200E+3	-9.536800E-6	7.918520E-5
9.642500E+3	-1.007320E-5	8.094360E-5
9.622800E+3	-1.087790E-5	8.535430E-5
9.611600E+3	-1.052030E-5	8.773850E-5
9.592200E+3	-1.114610E-5	9.185120E-5
9.580800E+3	-1.093750E-5	9.298370E-5
9.561200E+3	-1.078850E-5	9.459300E-5
9.550000E+3	-1.022230E-5	9.566590E-5
9.528200E+3	-9.507000E-6	9.736470E-5
9.516800E+3	-8.761940E-6	9.772230E-5
9.507000E+3	-8.046690E-6	9.927200E-5
9.484000E+3	-9.089770E-6	1.036530E-4
9.473500E+3	-9.685810E-6	1.054710E-4
9.473500E+3	-9.685810E-6	1.054710E-4
9.440400E+3	-1.257660E-5	1.096130E-4
9.428400E+3	-1.227860E-5	1.106860E-4
9.407400E+3	-1.230840E-5	1.118780E-4
9.395300E+3	-1.218920E-5	1.122060E-4
9.385800E+3	-1.284490E-5	1.139350E-4
9.362000E+3	-1.132490E-5	1.175410E-4
9.352900E+3	-1.096730E-5	1.190910E-4
9.328600E+3	-1.084810E-5	1.227570E-4
9.319400E+3	-1.135470E-5	1.238300E-4
9.307100E+3	-1.165280E-5	1.254690E-4
9.285900E+3	-1.204020E-5	1.275550E-4
9.276400E+3	-1.218920E-5	1.284490E-4
9.255900E+3	-1.263620E-5	1.297010E-4
9.245800E+3	-1.356010E-5	1.320550E-4
9.232600E+3	-1.469260E-5	1.332470E-4
9.213200E+3	-1.481180E-5	1.360780E-4
9.199100E+3	-1.469260E-5	1.379560E-4
9.189200E+3	-1.439460E-5	1.405490E-4
9.166400E+3	-1.525890E-5	1.428730E-4
9.155700E+3	-1.502040E-5	1.435890E-4
9.135600E+3	-1.543770E-5	1.468970E-4
9.125400E+3	-1.522900E-5	1.479690E-4
9.105000E+3	-1.609340E-5	1.493700E-4
9.092200E+3	-1.645100E-5	1.505920E-4
9.072200E+3	-1.701720E-5	1.517840E-4
9.061800E+3	-1.579530E-5	1.522910E-4
9.041500E+3	-1.597420E-5	1.536020E-4
9.031700E+3	-1.585500E-5	1.530060E-4
9.019500E+3	-1.636160E-5	1.531850E-4
8.998300E+3	-1.722590E-5	1.533930E-4
8.986200E+3	-1.710660E-5	1.533930E-4
8.976400E+3	-1.800070E-5	1.541090E-4
8.952900E+3	-1.743450E-5	1.546450E-4
8.943800E+3	-1.773250E-5	1.555690E-4
8.922700E+3	-1.597420E-5	1.564330E-4
8.913200E+3	-1.564630E-5	1.577450E-4
8.902000E+3	-1.525890E-5	1.580720E-4
8.880600E+3	-1.594440E-5	1.563740E-4
8.869600E+3	-1.606360E-5	1.554800E-4
8.847300E+3	-1.496080E-5	1.536020E-4
8.836200E+3	-1.496080E-5	1.530950E-4
8.823500E+3	-1.436480E-5	1.516950E-4
8.803700E+3	-1.445420E-5	1.501150E-4
8.790600E+3	-1.442440E-5	1.494600E-4
8.781000E+3	-1.403700E-5	1.477010E-4
8.758000E+3	-1.382830E-5	1.460030E-4
8.747600E+3	-1.344090E-5	1.444230E-4
8.725500E+3	-1.537810E-5	1.408470E-4
8.714400E+3	-1.475220E-5	1.384630E-4
8.705200E+3	-1.433500E-5	1.359000E-4
8.681000E+3	-1.272560E-5	1.296410E-4
8.671900E+3	-1.314290E-5	1.275850E-4
8.650600E+3	-1.397730E-5	1.229650E-4
8.641700E+3	-1.457340E-5	1.212360E-4
8.620400E+3	-1.454360E-5	1.165280E-4
8.611400E+3	-1.430520E-5	1.133690E-4
8.590100E+3	-1.281510E-5	1.066330E-4
8.580900E+3	-1.165280E-5	1.035640E-4
8.560000E+3	-9.149370E-6	9.566590E-5
8.550400E+3	-8.285100E-6	9.164260E-5
8.529800E+3	-6.914170E-6	8.222510E-5
8.519700E+3	-6.586340E-6	7.805270E-5
8.499500E+3	-5.900890E-6	6.914190E-5
8.488800E+3	-6.288320E-6	6.467150E-5
8.468800E+3	-5.006820E-6	5.406160E-5
8.457600E+3	-4.649190E-6	4.908470E-5
8.438200E+3	-4.887610E-6	3.951810E-5
8.426900E+3	-5.185630E-6	3.328940E-5
8.414200E+3	-4.738600E-6	2.652420E-5
8.394200E+3	-3.397480E-6	1.469260E-5
8.383900E+3	-2.324600E-6	7.897670E-6
8.363600E+3	-1.072890E-6	-4.202160E-6
8.353800E+3	-9.834840E-7	-1.078850E-5
8.333000E+3	4.768410E-7	-2.470620E-5
8.323800E+3	1.847750E-6	-3.051780E-5
8.302600E+3	4.082950E-6	-4.324340E-5
8.293600E+3	4.887610E-6	-4.944230E-5
8.272400E+3	6.467130E-6	-6.187010E-5
8.263300E+3	6.824760E-6	-6.792000E-5
8.242000E+3	6.943970E-6	-7.984090E-5
8.232500E+3	7.927480E-6	-8.639740E-5
8.211800E+3	1.010300E-5	-9.781170E-5
8.201800E+3	1.075870E-5	-1.038320E-4
8.181500E+3	1.233820E-5	-1.131300E-4
8.171100E+3	1.281510E-5	-1.171530E-4
8.151200E+3	1.433500E-5	-1.263330E-4
8.140300E+3	1.451380E-5	-1.311310E-4
8.121000E+3	1.510980E-5	-1.400120E-4
8.109800E+3	1.475220E-5	-1.434400E-4
8.090900E+3	1.579530E-5	-1.511880E-4
8.080000E+3	1.594440E-5	-1.539600E-4
8.060500E+3	1.689800E-5	-1.589670E-4
8.049300E+3	1.752390E-5	-1.609330E-4
8.039500E+3	1.844780E-5	-1.620360E-4
8.018400E+3	2.008690E-5	-1.650760E-4
7.998900E+3	2.023590E-5	-1.679070E-4
7.987800E+3	2.014650E-5	-1.681460E-4
7.978600E+3	2.136840E-5	-1.685330E-4
7.957400E+3	2.032530E-5	-1.683840E-4
7.948300E+3	1.949080E-5	-1.686820E-4
7.927200E+3	1.740470E-5	-1.689200E-4
7.906500E+3	1.657020E-5	-1.682650E-4
7.897000E+3	1.600400E-5	-1.681750E-4
7.887000E+3	1.639140E-5	-1.678480E-4
7.866500E+3	1.680860E-5	-1.668340E-4
7.856000E+3	1.698740E-5	-1.660590E-4
7.832800E+3	1.758350E-5	-1.641520E-4
7.823000E+3	1.788150E-5	-1.637050E-4
7.802300E+3	1.734510E-5	-1.606950E-4
7.792200E+3	1.788150E-5	-1.600690E-4
7.772100E+3	1.704700E-5	-1.577450E-4
7.759600E+3	1.683840E-5	-1.568800E-4
7.748400E+3	1.636160E-5	-1.558670E-4
7.729100E+3	1.591460E-5	-1.530060E-4
7.717900E+3	1.606360E-5	-1.519630E-4
7.698300E+3	1.627220E-5	-1.499360E-4
7.687600E+3	1.716630E-5	-1.489530E-4
7.665600E+3	1.648080E-5	-1.450790E-4
7.654200E+3	1.499060E-5	-1.434400E-4
7.634600E+3	1.356010E-5	-1.394160E-4
7.623500E+3	1.299390E-5	-1.367940E-4
7.603600E+3	1.427540E-5	-1.346180E-4
7.593100E+3	1.403700E-5	-1.332170E-4
7.572900E+3	1.376870E-5	-1.306840E-4
7.562900E+3	1.421580E-5	-1.288070E-4
7.562900E+3	1.421580E-5	-1.288070E-4
7.529700E+3	1.633180E-5	-1.251110E-4
7.517600E+3	1.633180E-5	-1.236810E-4
7.506800E+3	1.627220E-5	-1.226970E-4
7.506800E+3	1.627220E-5	-1.226970E-4
7.475900E+3	1.475220E-5	-1.210280E-4
7.456600E+3	1.323230E-5	-1.195670E-4
7.446100E+3	1.209980E-5	-1.178390E-4
7.423500E+3	1.251700E-5	-1.153350E-4
7.412400E+3	1.284490E-5	-1.142630E-4
7.392900E+3	1.454360E-5	-1.122960E-4
7.392900E+3	1.454360E-5	-1.122960E-4
7.369000E+3	1.379850E-5	-1.084510E-4
7.349200E+3	1.245740E-5	-1.054710E-4
7.336200E+3	1.230840E-5	-1.050830E-4
7.326800E+3	1.186140E-5	-1.041300E-4
7.303500E+3	1.242760E-5	-1.022520E-4
7.293300E+3	1.281510E-5	-1.018050E-4
7.272700E+3	1.236800E-5	-1.001360E-4
7.263000E+3	1.218920E-5	-1.001060E-4
7.241800E+3	1.186140E-5	-9.805010E-5
7.232600E+3	1.159320E-5	-9.656000E-5
7.211300E+3	1.043090E-5	-9.483150E-5
7.202300E+3	1.034150E-5	-9.450360E-5
7.181200E+3	1.049050E-5	-9.220890E-5
7.172000E+3	1.105670E-5	-9.101680E-5
7.159100E+3	1.105670E-5	-9.053990E-5
7.138700E+3	1.153360E-5	-8.964590E-5
7.128100E+3	1.114610E-5	-8.916900E-5
7.108200E+3	9.745420E-6	-8.723190E-5
7.095400E+3	9.715620E-6	-8.654640E-5
7.074900E+3	9.656010E-6	-8.592060E-5
7.064500E+3	9.328190E-6	-8.511590E-5
7.044400E+3	9.179170E-6	-8.368540E-5
7.033600E+3	9.357990E-6	-8.240390E-5
7.014100E+3	9.834820E-6	-7.981110E-5
7.002900E+3	9.805020E-6	-7.957270E-5
6.993000E+3	9.179170E-6	-7.930440E-5
6.970400E+3	8.821550E-6	-7.891700E-5
6.959600E+3	8.821550E-6	-7.891700E-5
6.939500E+3	9.447390E-6	-7.721830E-5
6.929200E+3	9.507000E-6	-7.674140E-5
6.908700E+3	7.927480E-6	-7.525130E-5
6.899000E+3	7.689060E-6	-7.522150E-5
6.877800E+3	8.910950E-6	-7.590700E-5
6.868700E+3	9.447390E-6	-7.599640E-5
6.847300E+3	9.059960E-6	-7.551960E-5
6.838200E+3	9.238780E-6	-7.531090E-5
6.816700E+3	8.970560E-6	-7.265850E-5
6.807500E+3	9.089770E-6	-7.277770E-5
6.786200E+3	9.179170E-6	-7.301620E-5
6.776700E+3	9.864630E-6	-7.265850E-5
6.765400E+3	1.078850E-5	-7.161540E-5
6.743800E+3	1.153360E-5	-6.881400E-5
6.732800E+3	1.111630E-5	-6.809880E-5
6.713400E+3	1.046070E-5	-6.783060E-5
6.702200E+3	9.924230E-6	-6.696630E-5
6.682800E+3	9.745420E-6	-6.675770E-5
6.671500E+3	8.910950E-6	-6.651920E-5
6.651900E+3	8.791740E-6	-6.550600E-5
6.640900E+3	7.897670E-6	-6.562520E-5
6.621000E+3	7.987080E-6	-6.678750E-5
6.610600E+3	8.195700E-6	-6.654910E-5
6.588500E+3	8.702340E-6	-6.544640E-5
6.577400E+3	8.165890E-6	-6.526760E-5
6.568300E+3	8.344710E-6	-6.496950E-5
6.544500E+3	8.732140E-6	-6.440330E-5
6.534900E+3	1.019250E-5	-6.479070E-5
6.511700E+3	9.745420E-6	-6.327080E-5
6.501300E+3	9.000360E-6	-6.288340E-5
6.480700E+3	8.761940E-6	-6.225750E-5
6.470900E+3	9.208980E-6	-6.195950E-5
6.458800E+3	8.970560E-6	-6.124420E-5
6.437600E+3	8.493720E-6	-6.091620E-5
6.425600E+3	8.016880E-6	-6.103560E-5
6.414600E+3	7.659260E-6	-6.097580E-5
6.392300E+3	7.659260E-6	-6.118460E-5
6.382200E+3	7.748660E-6	-6.100560E-5
6.371000E+3	8.046690E-6	-6.055860E-5
6.349500E+3	7.987080E-6	-6.091620E-5
6.338100E+3	7.540020E-6	-6.100560E-5
6.316300E+3	7.540020E-6	-6.070760E-5
6.305200E+3	7.927480E-6	-5.942610E-5
6.292200E+3	8.165890E-6	-5.859160E-5
6.272700E+3	7.957280E-6	-5.900880E-5
6.258700E+3	8.046690E-6	-5.936650E-5
6.249300E+3	7.987080E-6	-6.002210E-5
6.225900E+3	8.791740E-6	-6.118460E-5
6.216100E+3	8.761940E-6	-6.082680E-5
6.195100E+3	8.523520E-6	-5.996250E-5
6.185900E+3	8.434120E-6	-5.933670E-5
6.164700E+3	8.851350E-6	-5.891940E-5
6.155600E+3	8.374510E-6	-5.808500E-5
6.131700E+3	7.391010E-6	-5.802540E-5
6.122200E+3	7.480410E-6	-5.719090E-5
6.110000E+3	7.599620E-6	-5.728030E-5
6.088600E+3	6.496940E-6	-5.677370E-5
6.076700E+3	6.258520E-6	-5.501530E-5
6.066500E+3	6.109510E-6	-5.370400E-5
6.046300E+3	7.420810E-6	-5.233310E-5
6.035700E+3	8.314910E-6	-5.129000E-5
6.016000E+3	8.434120E-6	-5.075360E-5
6.004900E+3	7.510210E-6	-5.000850E-5
5.985600E+3	7.361200E-6	-4.830980E-5
5.974300E+3	7.122780E-6	-4.774360E-5
5.954800E+3	5.930690E-6	-4.708790E-5
5.943600E+3	5.453850E-6	-4.667070E-5
5.924100E+3	5.036620E-6	-4.443550E-5
5.910800E+3	5.215440E-6	-4.386930E-5
5.891300E+3	4.678990E-6	-4.303480E-5
5.880100E+3	3.993540E-6	-4.294540E-5
5.870800E+3	4.678990E-6	-4.249830E-5
5.849400E+3	4.410770E-6	-3.993530E-5
5.829800E+3	4.321370E-6	-3.805780E-5
5.819400E+3	4.380970E-6	-3.621010E-5
5.807400E+3	5.126030E-6	-3.448150E-5
5.786200E+3	5.424050E-6	-3.159070E-5
5.777100E+3	5.275040E-6	-3.048790E-5
5.763900E+3	5.334640E-6	-2.971300E-5
5.743800E+3	5.334640E-6	-2.780570E-5
5.734100E+3	4.470380E-6	-2.646460E-5
5.710300E+3	3.546490E-6	-2.372280E-5
5.700300E+3	4.172350E-6	-2.285850E-5
5.689000E+3	4.142550E-6	-2.187500E-5
5.667500E+3	3.904130E-6	-2.059350E-5
5.656200E+3	2.980250E-6	-1.966960E-5
5.634400E+3	2.712030E-6	-1.880540E-5
5.623800E+3	2.205390E-6	-1.797090E-5
5.604600E+3	-1.788150E-7	-1.636160E-5
5.593500E+3	-8.940730E-7	-1.594440E-5
5.574400E+3	-1.788150E-7	-1.373890E-5
5.563200E+3	1.490130E-7	-1.233820E-5
5.553800E+3	1.788150E-7	-1.138450E-5
5.530600E+3	-7.748640E-7	-1.066930E-5
5.520300E+3	-5.662480E-7	-1.022230E-5
5.496900E+3	1.013290E-6	-1.004340E-5
5.496900E+3	1.013290E-6	-1.004340E-5
5.477400E+3	5.662480E-7	-8.672530E-6
5.453500E+3	-3.874320E-7	-6.020100E-6
5.444400E+3	-4.768410E-7	-5.453850E-6
5.423000E+3	-6.556550E-7	-4.798200E-6
5.413800E+3	-7.152590E-7	-5.036620E-6
5.392900E+3	-7.152590E-7	-3.218670E-6
5.383300E+3	-1.460320E-6	-2.056370E-6
5.362900E+3	-9.238760E-7	-5.662480E-7
5.352700E+3	2.980250E-8	-2.682230E-7
5.332800E+3	9.834840E-7	3.874320E-7
5.321900E+3	9.536820E-7	7.450620E-7
5.302300E+3	8.344690E-7	2.205390E-6
5.290900E+3	1.162300E-6	2.503410E-6
5.280900E+3	9.834840E-7	2.592820E-6
5.258300E+3	-2.384200E-7	1.579530E-6
5.247500E+3	-5.066430E-7	1.221900E-6
5.227200E+3	-2.026570E-6	1.132500E-6
5.217000E+3	-2.026570E-6	1.788150E-6
5.196600E+3	-9.834840E-7	1.847750E-6
5.187100E+3	-8.940730E-7	2.115980E-6
5.166200E+3	-2.384200E-6	2.920640E-6
5.157000E+3	-2.473610E-6	4.589590E-6
5.133600E+3	-2.145780E-6	5.841280E-6
5.123700E+3	-1.817950E-6	5.900890E-6
5.114200E+3	-1.847750E-6	5.841280E-6
5.093400E+3	-1.758340E-6	4.798200E-6
5.083300E+3	-5.364450E-7	4.351170E-6
5.062900E+3	2.384200E-7	5.513460E-6
5.052100E+3	5.662480E-7	5.513460E-6
5.029400E+3	5.662480E-7	6.794960E-6
5.019600E+3	3.874320E-7	6.973770E-6
5.006400E+3	3.278270E-7	6.914170E-6
4.986900E+3	1.192100E-7	7.003570E-6
4.975700E+3	-2.682230E-7	6.407530E-6
4.956100E+3	-9.536820E-7	5.126030E-6
4.944700E+3	-1.013290E-6	4.112750E-6
4.925000E+3	5.662480E-7	3.635900E-6
4.911600E+3	1.192100E-6	3.844530E-6
4.892000E+3	1.937170E-6	3.725300E-6
4.880500E+3	1.341110E-6	4.023340E-6
4.861100E+3	1.668940E-6	5.096230E-6
4.849800E+3	1.251700E-6	5.930690E-6
4.840600E+3	6.556550E-7	6.526740E-6
4.817100E+3	-8.344690E-7	6.347920E-6
4.807200E+3	-1.609330E-6	6.675750E-6
4.786300E+3	-1.221900E-6	6.228710E-6
4.777000E+3	-8.940730E-7	4.470380E-6
4.755800E+3	-5.960510E-8	2.473610E-6
4.746700E+3	2.980250E-8	2.175580E-6
4.736200E+3	-2.086170E-7	2.443800E-6
4.713400E+3	-1.311310E-6	2.682220E-6
4.703700E+3	-1.400720E-6	2.712030E-6
4.683100E+3	-1.102690E-6	2.145780E-6
4.672700E+3	-1.281510E-6	1.847750E-6
4.652700E+3	-5.960500E-7	1.490120E-6
4.640100E+3	-1.460320E-6	2.205390E-6
4.619300E+3	-2.294790E-6	3.904130E-6
4.609100E+3	-2.920640E-6	4.142550E-6
4.598000E+3	-3.337870E-6	4.678990E-6
4.576400E+3	-2.324600E-6	3.993540E-6
4.564900E+3	-2.086180E-6	3.904130E-6
4.545500E+3	-5.364450E-7	4.291560E-6
4.534300E+3	2.980250E-8	3.933940E-6
4.512800E+3	5.960500E-7	3.159060E-6
4.501400E+3	5.066430E-7	3.486890E-6
4.491300E+3	2.980250E-8	4.291560E-6
4.470300E+3	-1.311310E-6	4.291560E-6
4.461000E+3	-1.937170E-6	4.082950E-6
4.437400E+3	-2.205390E-6	3.039850E-6
4.427200E+3	-1.788150E-6	3.516690E-6
4.406400E+3	-1.490120E-6	4.023340E-6
4.406400E+3	-1.490120E-6	4.023340E-6
4.383900E+3	-1.221900E-6	3.904130E-6
4.360000E+3	-2.056370E-6	4.708800E-6
4.350900E+3	-2.294790E-6	4.470380E-6
4.339800E+3	-2.145780E-6	4.589590E-6
4.317600E+3	-1.937170E-6	3.635900E-6
4.307300E+3	-1.579530E-6	2.890840E-6
4.284300E+3	-1.192100E-6	3.427280E-6
4.274700E+3	-1.609330E-6	3.665700E-6
4.254000E+3	-4.768410E-7	3.337870E-6
4.243900E+3	-2.086170E-7	3.516690E-6
4.223600E+3	5.960500E-7	3.337870E-6
4.211200E+3	4.470370E-7	3.546490E-6
4.199900E+3	1.490130E-7	3.337870E-6
4.180300E+3	-1.788150E-7	2.741830E-6
4.168900E+3	-8.642710E-7	2.890840E-6
4.149400E+3	-1.281510E-6	3.427280E-6
4.138400E+3	-1.341110E-6	3.725300E-6
4.116900E+3	-1.132500E-6	3.427280E-6
4.105600E+3	-6.258520E-7	3.725300E-6
4.093200E+3	-8.344690E-7	3.725300E-6
4.070200E+3	-1.102690E-6	2.354400E-6
4.059900E+3	-1.519930E-6	1.341110E-6
4.050700E+3	-2.235190E-6	6.854570E-7
4.029700E+3	-2.026570E-6	1.430520E-6
4.020100E+3	-1.460320E-6	1.490120E-6
3.996200E+3	6.258520E-7	7.748640E-7
3.987000E+3	1.192100E-6	6.854570E-7
3.965700E+3	2.086170E-7	8.046660E-7
3.956300E+3	2.384200E-7	1.609330E-6
3.943200E+3	5.960500E-7	2.354400E-6
3.923300E+3	8.046660E-7	2.771630E-6
3.912300E+3	3.874320E-7	2.592820E-6
3.892700E+3	-2.682230E-7	2.324600E-6
3.881400E+3	-5.662480E-7	2.056370E-6
3.862100E+3	-6.258520E-7	9.238760E-7
3.850800E+3	-5.960510E-8	9.536820E-7
3.829400E+3	-2.086180E-6	1.788150E-6
3.818200E+3	-2.652420E-6	1.698740E-6
3.808200E+3	-2.712030E-6	1.460320E-6
3.784900E+3	-1.639140E-6	1.966970E-6
3.775200E+3	-1.251700E-6	2.264990E-6
3.775200E+3	-1.251700E-6	2.264990E-6
3.741500E+3	-6.258520E-7	2.682220E-6
3.732400E+3	-3.874320E-7	2.354400E-6
3.710900E+3	-6.258520E-7	1.430520E-6
3.698700E+3	-5.066430E-7	1.430520E-6
3.677100E+3	2.384200E-7	-5.960500E-7
3.677100E+3	2.384200E-7	-5.960500E-7
3.646400E+3	-7.748640E-7	5.066430E-7
3.637100E+3	-1.460320E-6	7.748640E-7
3.625800E+3	-2.026570E-6	1.609330E-6
3.604000E+3	-2.205390E-6	3.308070E-6
3.593300E+3	-2.473610E-6	3.367680E-6
3.573700E+3	-2.861040E-6	3.457080E-6
3.562400E+3	-2.592820E-6	3.308070E-6
3.542900E+3	-1.132500E-6	2.175580E-6
3.531500E+3	-8.940740E-8	1.966970E-6
3.511900E+3	1.072890E-6	8.344690E-7
3.500600E+3	1.758340E-6	9.238760E-7
3.480900E+3	2.294790E-6	1.221900E-6
3.470100E+3	1.221900E-6	1.221900E-6
3.449900E+3	-8.940730E-7	5.960500E-7
3.439700E+3	-1.519930E-6	9.536820E-7
3.417500E+3	-2.145780E-6	1.609330E-6
3.406500E+3	-1.847750E-6	1.966970E-6
3.394400E+3	-1.162300E-6	1.639140E-6
3.373600E+3	3.278270E-7	1.102690E-6
3.360900E+3	3.576300E-7	1.639140E-6
3.351700E+3	3.576300E-7	2.503410E-6
3.327300E+3	-8.046660E-7	2.354400E-6
3.318100E+3	-8.642710E-7	2.115980E-6
3.296500E+3	-2.175580E-6	1.907360E-6
3.287300E+3	-2.712030E-6	1.847750E-6
3.265800E+3	-2.592820E-6	1.430520E-6
3.256800E+3	-2.682220E-6	1.281510E-6
3.235500E+3	-2.890840E-6	2.115980E-6
3.226000E+3	-3.218670E-6	2.622620E-6
3.205200E+3	-4.112750E-6	4.261760E-6
3.193000E+3	-3.516690E-6	4.261760E-6
3.182000E+3	-2.801430E-6	3.695500E-6
3.162400E+3	-2.175580E-6	3.129260E-6
3.151000E+3	-1.460320E-6	2.682220E-6
3.131500E+3	-2.384200E-7	1.579530E-6
3.120100E+3	8.940740E-8	4.768410E-7
3.100500E+3	9.536820E-7	2.980250E-8
3.089400E+3	8.642710E-7	5.960500E-7
3.067700E+3	3.278270E-7	2.503410E-6
3.056400E+3	-5.960500E-7	2.563010E-6
3.047100E+3	-1.668940E-6	1.966970E-6
3.023000E+3	-2.205390E-6	1.728540E-6
3.013700E+3	-1.639140E-6	1.132500E-6
2.990200E+3	-1.966970E-6	2.980250E-7
2.980200E+3	-1.847750E-6	1.132500E-6
2.970500E+3	-1.639140E-6	1.341110E-6
2.949700E+3	-4.768410E-7	4.470370E-7
2.928200E+3	3.576300E-7	2.086170E-7
2.919000E+3	5.364450E-7	2.980250E-8
2.908300E+3	5.364450E-7	-2.384200E-7
2.888400E+3	-1.013290E-6	5.960500E-7
2.878200E+3	-1.907360E-6	8.940730E-7
2.857900E+3	-1.788150E-6	6.854570E-7
2.847300E+3	-1.192100E-6	-2.682230E-7
2.827400E+3	-1.192100E-7	-1.013290E-6
2.816200E+3	3.278270E-7	-1.400720E-6
2.794000E+3	8.046660E-7	-1.072890E-6
2.783900E+3	1.281510E-6	2.980250E-8
2.763700E+3	2.205390E-6	7.450620E-7
2.752800E+3	2.443800E-6	3.576300E-7
2.733200E+3	2.563010E-6	-2.682230E-7
2.721900E+3	2.503410E-6	-6.556550E-7
2.708900E+3	1.847750E-6	-1.043090E-6
2.688400E+3	3.576300E-7	-1.192100E-7
2.678700E+3	-2.980250E-8	2.384200E-7
2.658400E+3	-1.072890E-6	-3.278270E-7
2.648200E+3	-1.728540E-6	-3.278270E-7
2.627300E+3	-1.460320E-6	3.278270E-7
2.617600E+3	-6.556550E-7	6.258520E-7
2.596400E+3	-2.086170E-7	3.278270E-7
2.587100E+3	5.960510E-8	4.470370E-7
2.565600E+3	-5.364450E-7	4.768410E-7
2.556500E+3	-3.278270E-7	4.768410E-7
2.535100E+3	-7.450620E-7	2.980250E-8
2.522900E+3	-1.490120E-6	4.768410E-7
2.511800E+3	-1.579530E-6	8.046660E-7
2.492200E+3	-2.503410E-6	3.576300E-7
2.480900E+3	-2.264990E-6	2.384200E-7
2.459100E+3	-8.046660E-7	1.788150E-7
2.448100E+3	-3.576300E-7	-8.940740E-8
2.428500E+3	-1.728540E-6	-2.682230E-7
2.417200E+3	-1.966970E-6	-6.258520E-7
2.397500E+3	-3.874320E-7	-1.281510E-6
2.386100E+3	-4.768410E-7	-1.579530E-6
2.373500E+3	5.960510E-8	-1.758340E-6
2.353100E+3	-6.258520E-7	-7.748640E-7
2.340100E+3	-1.132500E-6	-6.258520E-7
2.331000E+3	-7.748640E-7	-5.662480E-7
2.309600E+3	-9.238760E-7	-1.341110E-6
2.289500E+3	-1.132500E-6	3.576300E-7
2.279100E+3	-2.503410E-6	1.013290E-6
2.269900E+3	-3.606100E-6	9.536820E-7
2.245700E+3	-3.427280E-6	6.258520E-7
2.236600E+3	-3.248470E-6	3.278270E-7
2.224200E+3	-3.248470E-6	-1.192100E-7
2.203200E+3	-2.294790E-6	-8.046660E-7
2.193300E+3	-1.847750E-6	-2.682230E-7
2.172700E+3	-1.728540E-6	5.960500E-7
2.162200E+3	-9.536820E-7	5.960500E-7
2.141900E+3	6.556550E-7	1.490130E-7
2.130800E+3	7.152590E-7	-3.278270E-7
2.111000E+3	8.940740E-8	1.192100E-7
2.099700E+3	-3.874320E-7	2.384200E-7
2.080100E+3	-1.758340E-6	-3.576300E-7
2.068600E+3	-2.115980E-6	-1.132500E-6
2.048900E+3	-2.264990E-6	-1.817950E-6
2.037700E+3	-1.490120E-6	-1.639140E-6
2.017700E+3	-1.102690E-6	-2.056370E-6
2.006800E+3	-1.043090E-6	-2.145780E-6
1.984500E+3	-3.576300E-7	-2.384200E-6
1.973800E+3	1.788150E-7	-2.086180E-6
1.963300E+3	9.536820E-7	-2.443800E-6
1.939000E+3	2.980250E-7	-1.400720E-6
1.928700E+3	-1.788150E-7	-6.556550E-7
1.907000E+3	-1.370910E-6	7.748640E-7
1.897100E+3	-1.639140E-6	1.430520E-6
1.875200E+3	-1.043090E-6	1.907360E-6
1.865800E+3	-5.066430E-7	1.370910E-6
1.843900E+3	1.788150E-7	1.490120E-6
1.831500E+3	1.788150E-7	1.937170E-6
1.821400E+3	-3.874320E-7	1.847750E-6
1.821400E+3	-3.874320E-7	1.847750E-6
1.779200E+3	-5.960510E-8	8.940740E-8
1.770200E+3	1.788150E-7	-5.960500E-7
1.759200E+3	-2.384200E-7	-9.536820E-7
1.739900E+3	-8.940740E-8	-9.536820E-7
1.728800E+3	5.662480E-7	-6.258520E-7
1.707300E+3	1.966970E-6	-1.490130E-7
1.696900E+3	2.592820E-6	-1.788150E-7
1.677800E+3	2.682220E-6	-2.980250E-7
1.667000E+3	2.712030E-6	-4.768410E-7
1.648200E+3	1.370910E-6	-6.854570E-7
1.637200E+3	1.281510E-6	-6.556550E-7
1.618600E+3	2.086170E-7	-9.238760E-7
1.607800E+3	-7.748640E-7	-1.460320E-6
1.589200E+3	-1.966970E-6	-2.622620E-6
1.578900E+3	-1.758340E-6	-2.175580E-6
1.567300E+3	-1.400720E-6	-2.056370E-6
1.547400E+3	-4.172340E-7	-1.102690E-6
1.538500E+3	-4.768410E-7	-7.748640E-7
1.518100E+3	-5.364450E-7	-1.251700E-6
1.509500E+3	-2.980250E-8	-2.235190E-6
1.486800E+3	1.072890E-6	-3.129260E-6
1.477800E+3	1.072890E-6	-3.099460E-6
1.468300E+3	4.768410E-7	-3.248470E-6
1.446100E+3	-8.344690E-7	-3.576290E-6
1.436400E+3	-7.450620E-7	-3.546490E-6
1.417500E+3	5.960510E-8	-3.188860E-6
1.407300E+3	-8.940740E-8	-3.069650E-6
1.397700E+3	1.788150E-7	-2.652420E-6
1.377000E+3	1.072890E-6	-2.145780E-6
1.366500E+3	8.642710E-7	-2.354400E-6
1.346700E+3	1.788150E-7	-2.682230E-7
1.336200E+3	-6.854570E-7	5.066430E-7
1.327300E+3	-1.251700E-6	1.072890E-6
1.306200E+3	-1.400720E-6	3.874320E-7
1.296600E+3	-9.238760E-7	-2.682230E-7
1.276600E+3	3.874320E-7	-1.937170E-6
1.266200E+3	4.172340E-7	-1.966970E-6
1.255300E+3	-1.788150E-7	-1.519930E-6
1.235800E+3	-8.642710E-7	-1.102690E-6
1.227800E+3	-1.370910E-6	-1.579530E-6
1.208300E+3	-1.251700E-6	-2.682230E-7
1.200100E+3	-1.192100E-6	-7.450620E-7
1.189800E+3	-1.788150E-6	-1.490120E-6
1.170100E+3	-2.324600E-6	-3.546490E-6
1.160600E+3	-2.861040E-6	-3.606100E-6
1.140000E+3	-1.668940E-6	-8.642710E-7
1.131400E+3	-1.579530E-6	1.192100E-7
1.113000E+3	-1.013290E-6	3.874320E-7
1.103800E+3	-8.940740E-8	7.450620E-7
1.093900E+3	2.980250E-7	7.152590E-7
1.074900E+3	-8.940730E-7	2.980250E-7
1.064700E+3	-9.536820E-7	-6.854570E-7
1.047800E+3	-9.536820E-7	-1.788150E-6
1.038000E+3	-1.013290E-6	-2.175580E-6
1.020900E+3	-8.940730E-7	-1.490120E-6
1.011600E+3	-5.960500E-7	-1.341110E-6
9.943000E+2	-1.788150E-7	-2.563010E-6
9.831000E+2	-5.066430E-7	-2.920640E-6
9.754000E+2	-7.748640E-7	-2.801430E-6
9.553000E+2	-5.960500E-7	-2.920640E-6
9.469000E+2	-9.536820E-7	-2.145780E-6
9.294000E+2	2.980250E-7	-1.341110E-6
9.216000E+2	2.980250E-7	-1.311310E-6
9.037000E+2	1.758340E-6	-2.861040E-6
8.964000E+2	2.056370E-6	-3.159060E-6
8.785000E+2	3.069650E-6	-2.831240E-6
8.711000E+2	2.741830E-6	-2.801430E-6
8.534000E+2	5.662480E-7	-3.129260E-6
8.435000E+2	-2.980250E-8	-2.384200E-6
8.350000E+2	-4.768410E-7	-2.175580E-6
8.186000E+2	-1.102690E-6	-5.960500E-7
8.095000E+2	-1.609330E-6	-3.576300E-7
7.935000E+2	-5.960500E-7	8.344690E-7
7.819000E+2	2.980250E-8	5.662480E-7
7.661000E+2	1.430520E-6	7.152590E-7
7.566000E+2	1.251700E-6	1.341110E-6
7.488000E+2	6.556550E-7	1.490120E-6
7.301000E+2	-2.384200E-7	9.536820E-7
7.214000E+2	-2.682230E-7	2.086170E-7
7.048000E+2	-4.172340E-7	-8.046660E-7
6.944000E+2	-1.758340E-6	-1.192100E-7
6.872000E+2	-2.145780E-6	8.940730E-7
6.679000E+2	-2.235190E-6	9.238760E-7
6.603000E+2	-1.668940E-6	4.768410E-7
6.433000E+2	-8.344690E-7	2.980250E-8
6.361000E+2	-8.940730E-7	-3.576300E-7
6.189000E+2	-1.609330E-6	-1.817950E-6
6.120000E+2	-1.162300E-6	-2.294790E-6
6.019000E+2	-5.066430E-7	-2.890840E-6
5.854000E+2	3.576300E-7	-3.784910E-6
5.775000E+2	1.221900E-6	-3.874330E-6
5.615000E+2	1.490120E-6	-2.384200E-6
5.530000E+2	1.132500E-6	-2.056370E-6
5.375000E+2	4.470370E-7	-1.341110E-6
5.286000E+2	-1.788150E-7	-6.556550E-7
5.135000E+2	-3.278270E-7	7.748640E-7
5.032000E+2	-4.768410E-7	1.132500E-6
4.877000E+2	-2.086170E-7	1.728540E-6
4.782000E+2	4.768410E-7	1.460320E-6
4.514000E+2	2.980250E-7	8.344690E-7
4.352000E+2	-4.470370E-7	6.258520E-7
4.174000E+2	-4.470370E-7	6.258520E-7
3.760000E+2	-6.258520E-7	1.043090E-6
3.546000E+2	-6.556550E-7	8.046660E-7
3.087000E+2	-1.162300E-6	-5.960510E-8
2.845000E+2	-1.609330E-6	7.748640E-7
2.274000E+2	-3.010050E-6	2.920640E-6
2.026000E+2	-3.606100E-6	3.755110E-6
1.494000E+2	-3.516690E-6	4.559780E-6
1.226000E+2	-3.784910E-6	5.006820E-6
6.870000E+1	-4.172350E-6	5.096230E-6
4.100000E+1	-3.904130E-6	5.304840E-6
-1.260000E+1	-2.205390E-6	2.473610E-6
-4.050000E+1	-1.430520E-6	7.748640E-7
-6.720000E+1	-8.046660E-7	-1.639140E-6
-1.262000E+2	-4.172340E-7	-4.768400E-6
-1.529000E+2	-1.490130E-7	-5.275040E-6
-2.037000E+2	2.980250E-7	-6.228710E-6
-2.290000E+2	8.642710E-7	-6.437330E-6
-2.780000E+2	1.728540E-6	-4.947210E-6
-3.013000E+2	1.758340E-6	-4.142550E-6
-3.476000E+2	2.592820E-6	-2.741830E-6
