Sample Name, Varga_handpulled_35.65G
Freq displayed, 3.568, GHz, Power, 17, dBm, 35.65 Ghz, adjusted black knob, disconnected voltmeter
SR850: f = 25 Hz; phase = -84 deg; output = 5 V; sens. = 1 mV; tc = 300 ms; 12dB/oct
Field	X	Y
Oe	V	V
*
-6.501000E+2	-3.576290E-6	4.768410E-7
-6.490000E+2	-3.576290E-6	3.576300E-7
-6.492000E+2	-3.516690E-6	1.788150E-7
-6.465000E+2	-3.337870E-6	-2.384200E-7
-6.300000E+2	-3.457080E-6	-1.370910E-6
-6.179000E+2	-3.814730E-6	-1.132500E-6
-5.916000E+2	-3.576290E-6	-3.576300E-7
-5.769000E+2	-3.755110E-6	5.960510E-8
-5.459000E+2	-3.814730E-6	7.152590E-7
-5.304000E+2	-4.649190E-6	1.192100E-6
-4.951000E+2	-4.172350E-6	4.172340E-7
-4.792000E+2	-4.231960E-6	2.980250E-7
-4.651000E+2	-3.933940E-6	2.384200E-7
-4.321000E+2	-4.231960E-6	-6.556550E-7
-4.199000E+2	-4.053140E-6	-5.364450E-7
-3.918000E+2	-4.887610E-6	-2.503410E-6
-3.811000E+2	-4.708800E-6	-2.086180E-6
-3.711000E+2	-4.470380E-6	-1.013290E-6
-3.486000E+2	-3.933940E-6	3.576300E-7
-3.403000E+2	-5.245240E-6	5.960500E-7
-3.214000E+2	-6.854560E-6	5.960500E-7
-3.108000E+2	-6.675750E-6	1.430520E-6
-3.005000E+2	-6.079700E-6	1.609330E-6
-2.826000E+2	-3.516690E-6	2.443800E-6
-2.717000E+2	-2.801430E-6	2.622620E-6
-2.527000E+2	-2.801430E-6	2.026570E-6
-2.424000E+2	-3.576290E-6	1.132500E-6
-2.197000E+2	-3.397480E-6	6.556550E-7
-2.082000E+2	-3.278270E-6	4.172340E-7
-1.884000E+2	-4.172350E-6	-1.251700E-6
-1.771000E+2	-3.993540E-6	-1.251700E-6
-1.678000E+2	-4.053140E-6	-7.152590E-7
-1.440000E+2	-4.589590E-6	-2.384200E-7
-1.344000E+2	-4.887610E-6	2.980250E-7
-1.137000E+2	-5.483660E-6	-4.172340E-7
-1.047000E+2	-4.828010E-6	-7.152590E-7
-8.390000E+1	-3.278270E-6	-1.013290E-6
-7.500000E+1	-3.337870E-6	-6.556550E-7
-5.400000E+1	-1.192100E-6	-1.192100E-7
-4.220000E+1	3.337870E-6	4.768410E-7
-3.240000E+1	5.722080E-6	1.251700E-6
-9.100000E+0	6.020100E-6	3.695500E-6
0.000000E+0	3.993540E-6	4.112750E-6
2.390000E+1	-1.251700E-6	2.861040E-6
3.300000E+1	-4.231960E-6	1.728540E-6
4.360000E+1	-7.748660E-6	7.748640E-7
6.300000E+1	-8.285100E-6	1.788150E-7
7.410000E+1	-8.046690E-6	-7.152590E-7
9.330000E+1	-5.602870E-6	-1.907360E-6
1.063000E+2	-3.874330E-6	-1.251700E-6
1.170000E+2	-2.324600E-6	-3.576300E-7
1.388000E+2	2.980250E-7	3.576300E-7
1.500000E+2	1.847750E-6	8.940730E-7
1.693000E+2	2.086180E-6	1.072890E-6
1.802000E+2	2.980250E-6	4.172340E-7
2.026000E+2	3.755110E-6	-5.364450E-7
2.132000E+2	3.218670E-6	5.960510E-8
2.220000E+2	1.847750E-6	-1.192100E-7
2.457000E+2	4.172340E-7	-5.960510E-8
2.548000E+2	5.364450E-7	3.576300E-7
2.758000E+2	2.384200E-6	7.748640E-7
2.847000E+2	2.563010E-6	1.430520E-6
3.058000E+2	2.443800E-6	1.788150E-7
3.147000E+2	2.026570E-6	0.000000E+0
3.359000E+2	3.278270E-6	-1.907360E-6
3.451000E+2	3.635900E-6	-2.145780E-6
3.696000E+2	3.397480E-6	-1.966970E-6
3.786000E+2	3.397480E-6	-2.443800E-6
3.899000E+2	3.278270E-6	-2.801430E-6
4.094000E+2	2.443800E-6	-2.801430E-6
4.208000E+2	2.622620E-6	-2.443800E-6
4.396000E+2	3.397480E-6	1.192100E-7
4.507000E+2	3.576290E-6	8.940730E-7
4.727000E+2	2.861040E-6	1.847750E-6
4.839000E+2	3.695500E-6	2.026570E-6
5.033000E+2	3.695500E-6	1.549730E-6
5.146000E+2	3.755110E-6	1.430520E-6
5.270000E+2	3.635900E-6	1.728540E-6
5.473000E+2	4.351170E-6	2.384200E-7
5.576000E+2	4.291560E-6	-2.384200E-7
5.783000E+2	3.874330E-6	-1.192100E-6
5.880000E+2	3.278270E-6	-1.788150E-7
6.093000E+2	2.145780E-6	1.370910E-6
6.187000E+2	2.324600E-6	1.311310E-6
6.425000E+2	3.278270E-6	6.556550E-7
6.525000E+2	3.755110E-6	8.940730E-7
6.623000E+2	4.828010E-6	1.192100E-6
6.867000E+2	4.410770E-6	5.960510E-8
6.960000E+2	4.410770E-6	-1.370910E-6
7.208000E+2	4.649190E-6	-1.490120E-6
7.303000E+2	5.245240E-6	-5.960500E-7
7.409000E+2	6.020100E-6	-3.576300E-7
7.612000E+2	7.033380E-6	7.152590E-7
7.723000E+2	6.675750E-6	7.748640E-7
7.951000E+2	5.304840E-6	-2.384200E-7
8.053000E+2	4.649190E-6	-1.311310E-6
8.166000E+2	3.457080E-6	-1.549730E-6
8.394000E+2	3.814730E-6	-1.013290E-6
8.506000E+2	4.053140E-6	-5.364450E-7
8.710000E+2	4.053140E-6	-8.344690E-7
8.820000E+2	4.291560E-6	-6.556550E-7
9.019000E+2	5.126030E-6	-7.152590E-7
9.132000E+2	4.470380E-6	-4.768410E-7
9.369000E+2	4.053140E-6	5.960500E-7
9.481000E+2	3.874330E-6	7.748640E-7
9.576000E+2	3.278270E-6	1.311310E-6
9.828000E+2	4.053140E-6	1.132500E-6
9.924000E+2	3.993540E-6	2.980250E-7
1.014600E+3	3.576290E-6	-1.013290E-6
1.024000E+3	3.278270E-6	2.980250E-7
1.048900E+3	3.457080E-6	2.324600E-6
1.058500E+3	3.695500E-6	2.920640E-6
1.071100E+3	3.814730E-6	2.384200E-6
1.082500E+3	4.172350E-6	1.132500E-6
1.105300E+3	5.126030E-6	7.152590E-7
1.116000E+3	5.543260E-6	7.152590E-7
1.136500E+3	6.377730E-6	-2.384200E-7
1.147800E+3	6.020100E-6	-1.013290E-6
1.167900E+3	5.543260E-6	-2.980250E-7
1.179400E+3	4.828010E-6	-1.788150E-7
1.199200E+3	4.768400E-6	-1.132500E-6
1.212500E+3	4.589590E-6	-7.152590E-7
1.232600E+3	5.781680E-6	8.940730E-7
1.243900E+3	5.841280E-6	1.311310E-6
1.263600E+3	5.543260E-6	1.132500E-6
1.275200E+3	6.198910E-6	1.013290E-6
1.294700E+3	6.318120E-6	1.788150E-7
1.306200E+3	5.722080E-6	2.980250E-7
1.326000E+3	4.529980E-6	1.251700E-6
1.336900E+3	4.112750E-6	4.172340E-7
1.349000E+3	4.291560E-6	-5.960500E-7
1.370000E+3	4.887610E-6	6.556550E-7
1.379200E+3	5.424050E-6	1.311310E-6
1.400300E+3	5.364450E-6	2.622620E-6
1.409300E+3	5.662470E-6	2.741830E-6
1.433300E+3	4.351170E-6	2.741830E-6
1.442100E+3	3.755110E-6	1.788150E-6
1.452900E+3	3.874330E-6	0.000000E+0
1.471800E+3	5.960490E-6	-6.556550E-7
1.482100E+3	6.616140E-6	-7.152590E-7
1.501800E+3	7.212190E-6	-1.430520E-6
1.515400E+3	6.079700E-6	-2.205390E-6
1.534900E+3	4.351170E-6	-2.682220E-6
1.547700E+3	4.947210E-6	-2.145780E-6
1.558800E+3	5.602870E-6	-1.013290E-6
1.578200E+3	6.437330E-6	1.966970E-6
1.591200E+3	5.841280E-6	2.324600E-6
1.610400E+3	5.602870E-6	1.788150E-6
1.621700E+3	5.245240E-6	9.536820E-7
1.630800E+3	5.006820E-6	5.960510E-8
1.654000E+3	4.708800E-6	-5.960500E-7
1.663900E+3	4.351170E-6	5.364450E-7
1.675700E+3	5.245240E-6	1.788150E-7
1.696900E+3	5.722080E-6	6.556550E-7
1.716900E+3	6.556540E-6	0.000000E+0
1.727200E+3	6.496940E-6	4.768410E-7
1.747500E+3	6.139310E-6	4.768410E-7
1.757300E+3	6.377730E-6	3.576300E-7
1.766800E+3	6.973770E-6	1.788150E-7
1.787200E+3	7.748660E-6	-1.430520E-6
1.799300E+3	7.689060E-6	-1.549730E-6
1.810500E+3	7.152590E-6	-2.026570E-6
1.832400E+3	6.794960E-6	-2.443800E-6
1.842800E+3	6.675750E-6	-1.966970E-6
1.865600E+3	7.152590E-6	1.549730E-6
1.876300E+3	7.212190E-6	9.536820E-7
1.895800E+3	7.748660E-6	1.609330E-6
1.907000E+3	6.854560E-6	1.966970E-6
1.925900E+3	5.722080E-6	3.039850E-6
1.936600E+3	5.543260E-6	3.039850E-6
1.955900E+3	6.794960E-6	2.861040E-6
1.967100E+3	7.391010E-6	3.457080E-6
1.986200E+3	7.689060E-6	2.324600E-6
1.997400E+3	8.344710E-6	2.324600E-6
2.006700E+3	7.927480E-6	2.026570E-6
2.029700E+3	7.867870E-6	1.311310E-6
2.042800E+3	8.285100E-6	1.132500E-6
2.062900E+3	7.927480E-6	1.132500E-6
2.072800E+3	7.033380E-6	7.152590E-7
2.084800E+3	6.258520E-6	7.748640E-7
2.105900E+3	4.410770E-6	0.000000E+0
2.114900E+3	4.351170E-6	1.788150E-7
2.136100E+3	5.185630E-6	4.172340E-7
2.145200E+3	6.079700E-6	2.980250E-7
2.169000E+3	6.914170E-6	1.192100E-7
2.177900E+3	6.139310E-6	2.980250E-7
2.188500E+3	5.006820E-6	0.000000E+0
2.210700E+3	4.708800E-6	-9.536820E-7
2.220500E+3	5.781680E-6	-5.960500E-7
2.233600E+3	6.556540E-6	0.000000E+0
2.252800E+3	7.748660E-6	-5.960510E-8
2.266900E+3	7.927480E-6	-2.384200E-7
2.286200E+3	8.940750E-6	-7.748640E-7
2.297500E+3	8.344710E-6	-7.152590E-7
2.309900E+3	7.808270E-6	-7.152590E-7
2.329900E+3	7.092980E-6	5.960510E-8
2.339900E+3	6.556540E-6	8.940730E-7
2.361900E+3	6.020100E-6	7.748640E-7
2.372900E+3	6.079700E-6	-6.556550E-7
2.381900E+3	6.377730E-6	-8.344690E-7
2.405700E+3	6.556540E-6	1.192100E-7
2.415000E+3	6.794960E-6	-8.344690E-7
2.436100E+3	8.344710E-6	-3.039850E-6
2.445100E+3	9.119570E-6	-3.516690E-6
2.466200E+3	1.114610E-5	-3.576290E-6
2.475100E+3	1.174220E-5	-3.576290E-6
2.496200E+3	1.049050E-5	-2.145780E-6
2.505500E+3	1.001360E-5	-1.668940E-6
2.526200E+3	7.689060E-6	-8.344690E-7
2.538200E+3	7.629450E-6	-4.172340E-7
2.548800E+3	7.689060E-6	-6.556550E-7
2.568000E+3	7.152590E-6	-7.748640E-7
2.579200E+3	7.748660E-6	5.960510E-8
2.600900E+3	9.179170E-6	5.960500E-7
2.611400E+3	9.298380E-6	6.556550E-7
2.624500E+3	9.059960E-6	5.960500E-7
2.643800E+3	9.715620E-6	5.960500E-7
2.657800E+3	1.049050E-5	-2.384200E-7
2.667100E+3	1.132490E-5	-5.960500E-7
2.690300E+3	1.162300E-5	1.192100E-7
2.700300E+3	1.102690E-5	4.172340E-7
2.722600E+3	1.084810E-5	1.251700E-6
2.733500E+3	1.049050E-5	1.609330E-6
2.753300E+3	1.156340E-5	1.311310E-6
2.763600E+3	1.198060E-5	8.940730E-7
2.783800E+3	1.186140E-5	-1.788150E-7
2.793600E+3	1.168260E-5	-4.172340E-7
2.814200E+3	1.180180E-5	-1.192100E-7
2.823500E+3	1.204020E-5	-1.192100E-7
2.833400E+3	1.269580E-5	-1.788150E-7
2.853500E+3	1.323230E-5	-2.384200E-7
2.874600E+3	1.335150E-5	-1.013290E-6
2.883600E+3	1.335150E-5	-1.490120E-6
2.894600E+3	1.269580E-5	-1.251700E-6
2.916600E+3	1.233820E-5	-2.384200E-7
2.926800E+3	1.162300E-5	8.940730E-7
2.939900E+3	1.162300E-5	5.364450E-7
2.959100E+3	1.072890E-5	-6.556550E-7
2.970300E+3	1.102690E-5	-2.384200E-7
2.989600E+3	1.209980E-5	1.192100E-7
3.000900E+3	1.257660E-5	7.748640E-7
3.022400E+3	1.341110E-5	7.152590E-7
3.033700E+3	1.394750E-5	2.980250E-7
3.043300E+3	1.353030E-5	5.960510E-8
3.067100E+3	1.347070E-5	1.788150E-7
3.076500E+3	1.269580E-5	1.430520E-6
3.099600E+3	1.215940E-5	6.556550E-7
3.099600E+3	1.215940E-5	6.556550E-7
3.129900E+3	1.198060E-5	9.536820E-7
3.139400E+3	1.251700E-5	3.576300E-7
3.149100E+3	1.281510E-5	0.000000E+0
3.172500E+3	1.394750E-5	6.556550E-7
3.181600E+3	1.382830E-5	5.960500E-7
3.205500E+3	1.400710E-5	2.384200E-7
3.214500E+3	1.370910E-5	-1.192100E-7
3.225100E+3	1.364950E-5	-1.251700E-6
3.247700E+3	1.335150E-5	-1.490120E-6
3.257500E+3	1.436480E-5	-4.172340E-7
3.277600E+3	1.555690E-5	8.344690E-7
3.287900E+3	1.567610E-5	1.251700E-6
3.307800E+3	1.633180E-5	8.344690E-7
3.318600E+3	1.645100E-5	4.768410E-7
3.328800E+3	1.615300E-5	-6.556550E-7
3.350600E+3	1.579530E-5	2.980250E-7
3.361600E+3	1.621260E-5	2.384200E-7
3.384000E+3	1.662980E-5	6.556550E-7
3.394800E+3	1.627220E-5	8.344690E-7
3.403800E+3	1.513960E-5	5.960500E-7
3.427600E+3	1.603380E-5	1.788150E-7
3.436900E+3	1.662980E-5	0.000000E+0
3.457900E+3	1.734510E-5	-1.668940E-6
3.466900E+3	1.728550E-5	-2.384200E-6
3.488100E+3	1.728550E-5	-2.563010E-6
3.497100E+3	1.776230E-5	-2.205390E-6
3.518000E+3	1.817950E-5	-2.801430E-6
3.529900E+3	1.883520E-5	-2.324600E-6
3.540200E+3	1.919280E-5	-1.549730E-6
3.559900E+3	1.829870E-5	3.576300E-7
3.572500E+3	1.770270E-5	1.430520E-6
3.592900E+3	1.776230E-5	1.311310E-6
3.605000E+3	1.794110E-5	1.251700E-6
3.616100E+3	1.859680E-5	1.370910E-6
3.635300E+3	2.002730E-5	1.847750E-6
3.646600E+3	2.110020E-5	1.609330E-6
3.665900E+3	2.151740E-5	1.549730E-6
3.677200E+3	2.223260E-5	2.741830E-6
3.698600E+3	2.276910E-5	2.324600E-6
3.709800E+3	2.324590E-5	1.549730E-6
3.719500E+3	2.282870E-5	1.132500E-6
3.742100E+3	2.217300E-5	1.251700E-6
3.752600E+3	2.193460E-5	1.013290E-6
3.775300E+3	2.259030E-5	0.000000E+0
3.785500E+3	2.378240E-5	1.192100E-7
3.794500E+3	2.419960E-5	1.788150E-7
3.818300E+3	2.437840E-5	-7.152590E-7
3.827300E+3	2.479560E-5	-2.384200E-7
3.851100E+3	2.533210E-5	-3.576300E-7
3.860600E+3	2.539170E-5	1.788150E-7
3.872900E+3	2.586850E-5	2.980250E-7
3.894300E+3	2.658380E-5	2.384200E-7
3.903400E+3	2.652420E-5	1.788150E-7
3.924500E+3	2.688180E-5	9.536820E-7
3.934000E+3	2.717980E-5	1.132500E-6
3.954400E+3	2.801430E-5	7.152590E-7
3.964700E+3	2.813350E-5	1.013290E-6
3.984700E+3	2.795470E-5	1.609330E-6
3.995300E+3	2.855070E-5	5.364450E-7
4.014800E+3	2.986200E-5	-2.384200E-7
4.026000E+3	2.950440E-5	-1.013290E-6
4.045300E+3	2.843150E-5	5.960510E-8
4.058300E+3	2.878920E-5	-1.192100E-7
4.069100E+3	2.932560E-5	-2.384200E-7
4.091000E+3	3.093500E-5	-4.172340E-7
4.102200E+3	3.135230E-5	-8.344690E-7
4.111400E+3	3.135230E-5	-1.907360E-6
4.135600E+3	3.194830E-5	-1.370910E-6
4.144800E+3	3.153110E-5	-4.172340E-7
4.168100E+3	3.212710E-5	-4.768410E-7
4.177800E+3	3.314040E-5	-1.370910E-6
4.189800E+3	3.331920E-5	-1.370910E-6
4.210900E+3	3.528620E-5	-4.768410E-7
4.222800E+3	3.552460E-5	-2.384200E-7
4.232700E+3	3.594180E-5	-1.788150E-7
4.256100E+3	3.618030E-5	6.556550E-7
4.265300E+3	3.570340E-5	1.788150E-6
4.289200E+3	3.659750E-5	8.940730E-7
4.298200E+3	3.737230E-5	1.192100E-6
4.308900E+3	3.790880E-5	4.172340E-7
4.331400E+3	3.856440E-5	-1.192100E-7
4.342300E+3	3.886250E-5	-1.072890E-6
4.355100E+3	3.981610E-5	-1.788150E-7
4.374400E+3	4.065060E-5	7.152590E-7
4.385300E+3	4.178310E-5	5.364450E-7
4.405200E+3	4.094860E-5	-4.768410E-7
4.415700E+3	4.071020E-5	1.788150E-7
4.435900E+3	4.327320E-5	2.980250E-7
4.445800E+3	4.434610E-5	-7.152590E-7
4.465600E+3	4.547860E-5	-1.728540E-6
4.476000E+3	4.571700E-5	-5.364450E-7
4.496200E+3	4.678990E-5	1.251700E-6
4.506000E+3	4.720710E-5	1.609330E-6
4.526500E+3	4.851840E-5	1.847750E-6
4.538700E+3	4.875680E-5	2.384200E-6
4.548400E+3	4.977010E-5	2.264990E-6
4.571800E+3	5.078340E-5	3.397480E-6
4.580800E+3	5.060460E-5	3.278270E-6
4.601900E+3	5.114100E-5	2.503410E-6
4.611400E+3	5.161790E-5	2.145780E-6
4.631900E+3	5.137940E-5	2.205390E-6
4.641900E+3	5.269070E-5	1.847750E-6
4.662000E+3	5.471730E-5	1.847750E-6
4.672400E+3	5.555180E-5	1.549730E-6
4.685500E+3	5.507490E-5	2.264990E-6
4.705000E+3	5.644580E-5	3.039850E-6
4.716300E+3	5.811480E-5	3.516690E-6
4.735700E+3	5.912800E-5	3.278270E-6
4.746700E+3	5.912800E-5	3.218670E-6
4.766500E+3	6.079700E-5	2.145780E-6
4.776800E+3	6.240650E-5	1.847750E-6
4.796900E+3	6.318140E-5	5.960510E-8
4.806800E+3	6.210850E-5	2.980250E-7
4.827600E+3	6.288340E-5	8.940730E-7
4.837000E+3	6.347940E-5	1.490120E-6
4.858100E+3	6.550600E-5	1.132500E-6
4.867200E+3	6.669810E-5	8.344690E-7
4.890900E+3	6.967830E-5	1.788150E-7
4.900600E+3	7.069160E-5	3.576300E-7
4.910500E+3	7.170490E-5	1.072890E-6
4.930900E+3	7.188370E-5	2.026570E-6
4.952000E+3	7.277770E-5	1.788150E-6
4.960900E+3	7.361220E-5	1.251700E-6
4.971700E+3	7.450630E-5	3.576300E-7
4.990900E+3	7.665200E-5	1.609330E-6
5.002100E+3	7.778450E-5	2.145780E-6
5.021500E+3	7.921500E-5	1.251700E-6
5.032800E+3	8.088400E-5	1.013290E-6
5.054500E+3	8.297010E-5	1.013290E-6
5.065500E+3	8.308930E-5	8.940730E-7
5.075700E+3	8.362580E-5	1.907360E-6
5.098100E+3	8.559270E-5	2.801430E-6
5.109000E+3	8.660600E-5	3.159060E-6
5.130500E+3	8.928820E-5	2.264990E-6
5.141700E+3	8.940740E-5	2.264990E-6
5.161100E+3	9.107640E-5	8.940730E-7
5.172100E+3	9.208960E-5	4.768410E-7
5.181200E+3	9.262610E-5	5.960500E-7
5.205500E+3	9.393740E-5	1.251700E-6
5.214500E+3	9.477190E-5	1.788150E-6
5.235600E+3	9.733490E-5	1.668940E-6
5.244700E+3	9.816930E-5	2.622620E-6
5.265800E+3	1.001360E-4	1.549730E-6
5.274700E+3	1.014480E-4	6.556550E-7
5.295900E+3	1.041890E-4	-7.152590E-7
5.305100E+3	1.047850E-4	-1.013290E-6
5.326000E+3	1.081830E-4	1.072890E-6
5.335500E+3	1.093150E-4	1.847750E-6
5.356100E+3	1.126530E-4	3.159060E-6
5.366100E+3	1.143820E-4	2.622620E-6
5.377200E+3	1.143820E-4	3.218670E-6
5.398700E+3	1.152760E-4	2.741830E-6
5.410000E+3	1.161700E-4	1.788150E-6
5.429200E+3	1.166470E-4	1.668940E-6
5.440400E+3	1.172430E-4	1.847750E-6
5.459900E+3	1.185540E-4	2.741830E-6
5.470800E+3	1.196870E-4	3.278270E-6
5.490900E+3	1.232630E-4	2.622620E-6
5.504000E+3	1.245150E-4	2.503410E-6
5.523600E+3	1.267200E-4	1.490120E-6
5.534700E+3	1.268400E-4	1.549730E-6
5.554400E+3	1.277930E-4	1.609330E-6
5.565000E+3	1.297010E-4	2.741830E-6
5.574100E+3	1.310720E-4	3.278270E-6
5.595100E+3	1.350650E-4	2.205390E-6
5.615500E+3	1.373900E-4	4.768410E-7
5.624900E+3	1.376280E-4	5.960500E-7
5.634800E+3	1.382840E-4	5.364450E-7
5.658200E+3	1.404290E-4	-2.384200E-7
5.667300E+3	1.419200E-4	-1.013290E-6
5.688300E+3	1.454360E-4	-2.682220E-6
5.697800E+3	1.472840E-4	-2.801430E-6
5.718200E+3	1.485950E-4	-1.072890E-6
5.728300E+3	1.506220E-4	-7.152590E-7
5.748400E+3	1.521720E-4	5.364450E-7
5.760800E+3	1.539000E-4	5.960510E-8
5.772000E+3	1.547350E-4	-4.768410E-7
5.791500E+3	1.565230E-4	1.192100E-7
5.802600E+3	1.567610E-4	1.788150E-7
5.822300E+3	1.583110E-4	1.430520E-6
5.833200E+3	1.588470E-4	1.370910E-6
5.853400E+3	1.594430E-4	-1.788150E-7
5.863700E+3	1.595030E-4	0.000000E+0
5.885900E+3	1.598010E-4	1.251700E-6
5.896900E+3	1.616490E-4	1.132500E-6
5.909100E+3	1.624830E-4	7.152590E-7
5.929700E+3	1.659400E-4	-5.364450E-7
5.942200E+3	1.661790E-4	-4.172340E-7
5.951800E+3	1.658210E-4	5.960500E-7
5.975300E+3	1.662380E-4	1.132500E-6
5.984400E+3	1.655830E-4	1.907360E-6
6.005500E+3	1.679670E-4	1.430520E-6
6.014800E+3	1.686820E-4	1.907360E-6
6.035500E+3	1.693380E-4	2.682220E-6
6.047600E+3	1.698150E-4	3.814730E-6
6.058600E+3	1.715430E-4	3.397480E-6
6.078200E+3	1.737480E-4	2.145780E-6
6.089500E+3	1.747620E-4	1.251700E-6
6.108900E+3	1.760130E-4	1.728540E-6
6.121900E+3	1.768480E-4	1.013290E-6
6.132400E+3	1.780400E-4	7.748640E-7
6.154400E+3	1.791720E-4	7.748640E-7
6.165500E+3	1.794710E-4	5.960500E-7
6.187000E+3	1.805430E-4	1.728540E-6
6.198300E+3	1.815570E-4	7.152590E-7
6.208000E+3	1.814370E-4	8.344690E-7
6.230800E+3	1.830470E-4	-7.748640E-7
6.241200E+3	1.828080E-4	-2.384200E-7
6.261300E+3	1.838810E-4	6.556550E-7
6.274300E+3	1.848350E-4	5.960510E-8
6.294600E+3	1.857890E-4	-1.788150E-7
6.304300E+3	1.860270E-4	4.768410E-7
6.325300E+3	1.848350E-4	9.536820E-7
6.334600E+3	1.850140E-4	1.311310E-6
6.344000E+3	1.861460E-4	9.536820E-7
6.368100E+3	1.882320E-4	1.013290E-6
6.377600E+3	1.879340E-4	1.013290E-6
6.388800E+3	1.883520E-4	1.251700E-6
6.410600E+3	1.894840E-4	1.728540E-6
6.421700E+3	1.899610E-4	1.251700E-6
6.441000E+3	1.905570E-4	1.132500E-6
6.452200E+3	1.903190E-4	1.430520E-6
6.471300E+3	1.912130E-4	2.503410E-6
6.482400E+3	1.918680E-4	2.264990E-6
6.501500E+3	1.917490E-4	6.556550E-7
6.512500E+3	1.906170E-4	1.192100E-7
6.532200E+3	1.896630E-4	-5.960500E-7
6.542600E+3	1.887090E-4	1.192100E-7
6.564800E+3	1.887690E-4	5.364450E-7
6.576200E+3	1.900800E-4	4.172340E-7
6.596100E+3	1.924050E-4	4.172340E-7
6.607000E+3	1.921070E-4	6.556550E-7
6.627300E+3	1.934780E-4	-2.384200E-7
6.637600E+3	1.937760E-4	-2.980250E-7
6.658000E+3	1.941330E-4	-1.490120E-6
6.667600E+3	1.941330E-4	-1.370910E-6
6.688600E+3	1.943720E-4	-1.847750E-6
6.697900E+3	1.937760E-4	-1.311310E-6
6.708200E+3	1.938950E-4	-9.536820E-7
6.731300E+3	1.934180E-4	-3.576300E-7
6.740900E+3	1.927030E-4	7.152590E-7
6.754000E+3	1.930010E-4	9.536820E-7
6.773800E+3	1.940740E-4	4.768410E-7
6.786700E+3	1.942520E-4	6.556550E-7
6.798000E+3	1.948490E-4	4.768410E-7
6.819600E+3	1.949080E-4	3.576300E-7
6.830700E+3	1.955640E-4	-5.960500E-7
6.852800E+3	1.958020E-4	4.172340E-7
6.863000E+3	1.972330E-4	2.384200E-7
6.873700E+3	1.983650E-4	0.000000E+0
6.896700E+3	1.999750E-4	9.536820E-7
6.907100E+3	2.003320E-4	2.980250E-7
6.927500E+3	1.994980E-4	5.960510E-8
6.937400E+3	1.996170E-4	9.536820E-7
6.958200E+3	2.002730E-4	2.980250E-7
6.970800E+3	2.008690E-4	1.192100E-7
6.979900E+3	2.014650E-4	3.576300E-7
7.003900E+3	2.047430E-4	-1.788150E-7
7.013100E+3	2.048020E-4	5.364450E-7
7.036500E+3	2.059350E-4	-1.192100E-7
7.046400E+3	2.059350E-4	-1.192100E-7
7.055900E+3	2.056370E-4	8.344690E-7
7.076600E+3	2.054580E-4	1.192100E-7
7.097800E+3	2.073650E-4	-9.536820E-7
7.106900E+3	2.066500E-4	1.192100E-7
7.117400E+3	2.076040E-4	-7.152590E-7
7.137200E+3	2.102860E-4	5.960510E-8
7.158500E+3	2.113590E-4	9.536820E-7
7.168000E+3	2.106440E-4	1.490120E-6
7.179200E+3	2.105250E-4	1.132500E-6
7.198700E+3	2.106440E-4	9.536820E-7
7.210100E+3	2.114190E-4	-2.980250E-7
7.229700E+3	2.130280E-4	-1.490120E-6
7.240600E+3	2.135050E-4	-2.980250E-7
7.260500E+3	2.148160E-4	5.960510E-8
7.273600E+3	2.152330E-4	2.384200E-7
7.292900E+3	2.167830E-4	2.980250E-7
7.304000E+3	2.182730E-4	-5.960510E-8
7.323800E+3	2.205980E-4	-7.152590E-7
7.334300E+3	2.215510E-4	-9.536820E-7
7.354500E+3	2.240550E-4	5.960510E-8
7.364600E+3	2.238760E-4	8.344690E-7
7.385300E+3	2.256640E-4	1.788150E-7
7.395000E+3	2.264390E-4	7.748640E-7
7.404900E+3	2.264390E-4	4.172340E-7
7.425400E+3	2.249490E-4	-1.192100E-7
7.437800E+3	2.241140E-4	4.768410E-7
7.462000E+3	2.241140E-4	4.172340E-7
7.471100E+3	2.235180E-4	2.980250E-7
7.483600E+3	2.220280E-4	8.344690E-7
7.504400E+3	2.210150E-4	1.192100E-7
7.514200E+3	2.214320E-4	-1.788150E-7
7.534600E+3	2.198820E-4	2.086180E-6
7.545000E+3	2.192860E-4	2.443800E-6
7.565000E+3	2.173190E-4	1.013290E-6
7.576000E+3	2.163060E-4	7.152590E-7
7.595600E+3	2.123130E-4	1.490120E-6
7.606900E+3	2.111210E-4	0.000000E+0
7.626400E+3	2.063520E-4	-6.556550E-7
7.637600E+3	2.042060E-4	-1.192100E-6
7.656900E+3	1.977690E-4	-5.960510E-8
7.668100E+3	1.927620E-4	-5.960510E-8
7.680300E+3	1.879340E-4	5.960510E-8
7.701000E+3	1.748810E-4	-1.788150E-6
7.713600E+3	1.678480E-4	-1.788150E-6
7.722800E+3	1.599800E-4	-7.152590E-7
7.746600E+3	1.398930E-4	-1.132500E-6
7.755900E+3	1.291050E-4	-4.172340E-7
7.777200E+3	1.047850E-4	4.172340E-7
7.786200E+3	9.155320E-5	5.960500E-7
7.807400E+3	6.187010E-5	5.960500E-7
7.816600E+3	4.249830E-5	1.251700E-6
7.837800E+3	2.861040E-6	1.490120E-6
7.849900E+3	-2.217300E-5	1.609330E-6
7.860300E+3	-4.309440E-5	1.430520E-6
7.880200E+3	-9.262610E-5	8.344690E-7
7.893900E+3	-1.223690E-4	1.609330E-6
7.913600E+3	-1.765500E-4	8.344690E-7
7.924700E+3	-2.051010E-4	5.960500E-7
7.934800E+3	-2.403860E-4	-1.192100E-7
7.957100E+3	-2.958200E-4	5.960510E-8
7.968100E+3	-3.331920E-4	1.311310E-6
7.990100E+3	-3.911870E-4	2.026570E-6
8.001400E+3	-4.274860E-4	2.801430E-6
8.013900E+3	-4.552620E-4	2.682220E-6
8.034100E+3	-5.136770E-4	3.695500E-6
8.047200E+3	-5.384720E-4	4.231960E-6
8.066500E+3	-5.806720E-4	2.682220E-6
8.077300E+3	-5.989710E-4	2.026570E-6
8.097400E+3	-6.321110E-4	4.529980E-6
8.107600E+3	-6.436740E-4	3.993540E-6
8.116900E+3	-6.582770E-4	4.231960E-6
8.141000E+3	-6.748480E-4	4.768400E-6
8.150600E+3	-6.790200E-4	3.516690E-6
8.171400E+3	-6.882590E-4	4.529980E-6
8.180600E+3	-6.932060E-4	7.033380E-6
8.202000E+3	-6.957090E-4	6.198910E-6
8.211400E+3	-6.969610E-4	6.377730E-6
8.232200E+3	-7.010740E-4	6.496940E-6
8.242200E+3	-7.010740E-4	7.212190E-6
8.253300E+3	-7.016700E-4	8.761940E-6
8.275000E+3	-6.974380E-4	6.258520E-6
8.286200E+3	-6.979150E-4	5.841280E-6
8.305600E+3	-6.960670E-4	5.245240E-6
8.316900E+3	-6.934440E-4	3.874330E-6
8.336400E+3	-6.921920E-4	6.139310E-6
8.347500E+3	-6.916560E-4	7.510210E-6
8.369200E+3	-6.858740E-4	6.377730E-6
8.380500E+3	-6.842050E-4	6.616140E-6
8.390000E+3	-6.818810E-4	8.523520E-6
8.414000E+3	-6.738340E-4	8.523520E-6
8.423400E+3	-6.679330E-4	7.808270E-6
8.446800E+3	-6.554160E-4	7.927480E-6
8.456800E+3	-6.468930E-4	6.377730E-6
8.477600E+3	-6.345550E-4	8.165890E-6
8.487100E+3	-6.263290E-4	7.867870E-6
8.497200E+3	-6.162560E-4	7.212190E-6
8.520900E+3	-5.977790E-4	7.331400E-6
8.530200E+3	-5.868710E-4	5.781680E-6
8.551300E+3	-5.659500E-4	5.960490E-6
8.561100E+3	-5.567710E-4	5.960490E-6
8.572400E+3	-5.464590E-4	6.437330E-6
8.593900E+3	-5.256570E-4	5.006820E-6
8.605000E+3	-5.169550E-4	7.152590E-6
8.624500E+3	-4.944240E-4	6.198910E-6
8.637700E+3	-4.838720E-4	5.722080E-6
8.657900E+3	-4.639640E-4	5.602870E-6
8.669000E+3	-4.541890E-4	5.483660E-6
8.688700E+3	-4.358910E-4	3.695500E-6
8.700000E+3	-4.277250E-4	5.126030E-6
8.709800E+3	-4.152670E-4	5.126030E-6
8.732800E+3	-3.967900E-4	4.589590E-6
8.743300E+3	-3.861210E-4	4.768400E-6
8.765300E+3	-3.657960E-4	4.112750E-6
8.776400E+3	-3.547090E-4	2.324600E-6
8.796300E+3	-3.380200E-4	2.920640E-6
8.807100E+3	-3.291390E-4	2.682220E-6
8.816200E+3	-3.191250E-4	1.907360E-6
8.837600E+3	-3.020190E-4	1.430520E-6
8.846900E+3	-2.942700E-4	2.563010E-6
8.871000E+3	-2.731700E-4	1.370910E-6
8.880100E+3	-2.636930E-4	1.192100E-6
8.901400E+3	-2.461090E-4	3.576290E-6
8.913400E+3	-2.365720E-4	3.039850E-6
8.924300E+3	-2.282870E-4	3.576290E-6
8.943400E+3	-2.113590E-4	3.457080E-6
8.953900E+3	-2.041470E-4	3.397480E-6
8.973600E+3	-1.883520E-4	2.861040E-6
8.984700E+3	-1.813780E-4	2.861040E-6
9.007100E+3	-1.659400E-4	3.993540E-6
9.018300E+3	-1.601590E-4	4.828010E-6
9.028300E+3	-1.525290E-4	4.231960E-6
9.051000E+3	-1.388800E-4	3.278270E-6
9.061900E+3	-1.324420E-4	2.324600E-6
9.082100E+3	-1.214150E-4	1.609330E-6
9.092400E+3	-1.143820E-4	2.264990E-6
9.115000E+3	-1.053220E-4	2.086180E-6
9.125900E+3	-1.006130E-4	1.847750E-6
9.138300E+3	-9.727520E-5	2.026570E-6
9.159200E+3	-8.940740E-5	2.920640E-6
9.171800E+3	-8.469870E-5	3.755110E-6
9.180900E+3	-7.981110E-5	4.112750E-6
9.202000E+3	-7.253930E-5	3.516690E-6
9.222500E+3	-6.783060E-5	2.622620E-6
9.232100E+3	-6.455230E-5	2.324600E-6
9.241900E+3	-6.198930E-5	2.324600E-6
9.262400E+3	-5.751870E-5	1.072890E-6
9.272800E+3	-5.519410E-5	1.251700E-6
9.292900E+3	-5.048540E-5	8.940730E-7
9.303700E+3	-4.762430E-5	1.192100E-6
9.323300E+3	-4.303480E-5	-4.172340E-7
9.336300E+3	-4.142550E-5	1.788150E-7
9.356600E+3	-3.784920E-5	9.536820E-7
9.369200E+3	-3.594180E-5	1.430520E-6
9.383500E+3	-3.373650E-5	9.536820E-7
9.403200E+3	-3.063700E-5	1.311310E-6
9.414500E+3	-2.878920E-5	1.549730E-6
9.424100E+3	-2.622620E-5	1.490120E-6
9.447500E+3	-2.211340E-5	1.788150E-6
9.457700E+3	-2.104060E-5	1.609330E-6
9.478700E+3	-1.865640E-5	2.026570E-6
9.488400E+3	-1.764310E-5	2.324600E-6
9.509600E+3	-1.740470E-5	2.682220E-6
9.518900E+3	-1.698740E-5	2.861040E-6
9.540100E+3	-1.466280E-5	2.741830E-6
9.549200E+3	-1.424560E-5	2.384200E-6
9.570200E+3	-1.329190E-5	2.682220E-6
9.582400E+3	-1.263620E-5	3.099460E-6
9.603700E+3	-1.120570E-5	1.966970E-6
9.612900E+3	-1.078850E-5	1.609330E-6
9.623500E+3	-9.954030E-6	1.788150E-6
9.646100E+3	-8.225500E-6	1.430520E-6
9.656100E+3	-6.854560E-6	1.192100E-6
9.676500E+3	-6.139310E-6	1.549730E-6
9.686900E+3	-5.602870E-6	1.847750E-6
9.707000E+3	-5.006820E-6	1.132500E-6
9.718000E+3	-4.768400E-6	1.192100E-7
9.737900E+3	-4.470380E-6	-5.364450E-7
9.749000E+3	-4.410770E-6	-7.748640E-7
9.758900E+3	-3.933940E-6	-1.549730E-6
9.781800E+3	-2.384200E-6	-2.503410E-6
9.792400E+3	-9.536820E-7	-2.741830E-6
9.812700E+3	1.370910E-6	-9.536820E-7
9.825700E+3	2.264990E-6	6.556550E-7
9.835000E+3	1.668940E-6	8.344690E-7
9.859300E+3	-1.192100E-6	2.980250E-7
9.868600E+3	-1.192100E-6	1.192100E-7
9.889900E+3	-3.576300E-7	1.192100E-7
9.899100E+3	0.000000E+0	1.013290E-6
9.910100E+3	5.960500E-7	1.609330E-6
9.932300E+3	9.536820E-7	8.940730E-7
9.942700E+3	1.132500E-6	5.960510E-8
9.962700E+3	6.556550E-7	0.000000E+0
9.973600E+3	3.576300E-7	3.576300E-7
9.993200E+3	4.768410E-7	0.000000E+0
1.000440E+4	1.013290E-6	-4.172340E-7
1.002390E+4	3.099460E-6	1.132500E-6
1.003500E+4	3.635900E-6	7.748640E-7
1.005460E+4	3.874330E-6	1.788150E-7
1.006570E+4	3.516690E-6	1.192100E-7
1.008750E+4	3.933940E-6	5.960510E-8
1.009880E+4	3.695500E-6	2.980250E-7
1.011870E+4	2.920640E-6	5.364450E-7
1.013000E+4	2.682220E-6	4.768410E-7
1.015000E+4	3.159060E-6	2.980250E-7
1.016090E+4	4.231960E-6	6.556550E-7
1.017010E+4	5.483660E-6	8.344690E-7
1.019420E+4	5.960490E-6	-1.430520E-6
1.020370E+4	5.722080E-6	-1.668940E-6
1.022480E+4	5.483660E-6	-1.311310E-6
1.023400E+4	5.662470E-6	-1.251700E-6
1.025520E+4	5.662470E-6	-9.536820E-7
1.026440E+4	4.947210E-6	-7.152590E-7
1.028840E+4	3.874330E-6	3.576300E-7
1.029770E+4	4.112750E-6	2.980250E-7
1.031010E+4	4.589590E-6	5.960510E-8
1.032130E+4	4.529980E-6	2.980250E-7
1.034320E+4	3.755110E-6	-1.490120E-6
1.035380E+4	3.039850E-6	-2.026570E-6
1.037670E+4	2.741830E-6	-1.013290E-6
1.038760E+4	3.039850E-6	-1.013290E-6
1.039800E+4	3.457080E-6	-1.013290E-6
1.042030E+4	3.576290E-6	4.172340E-7
1.043150E+4	4.708800E-6	3.576300E-7
1.045340E+4	5.543260E-6	5.960500E-7
1.046460E+4	5.900890E-6	-2.384200E-7
1.047720E+4	6.139310E-6	-1.370910E-6
1.049740E+4	5.424050E-6	-1.072890E-6
1.051050E+4	5.424050E-6	-1.788150E-7
1.051990E+4	5.424050E-6	2.384200E-7
1.054340E+4	3.516690E-6	1.013290E-6
1.055360E+4	3.099460E-6	1.132500E-6
1.057720E+4	3.516690E-6	1.251700E-6
1.058710E+4	2.622620E-6	1.311310E-6
1.059680E+4	2.086180E-6	1.251700E-6
1.062070E+4	2.861040E-6	8.940730E-7
1.062990E+4	4.172350E-6	5.960500E-7
1.065410E+4	5.483660E-6	1.013290E-6
1.066330E+4	5.006820E-6	2.980250E-7
1.067390E+4	4.887610E-6	-1.788150E-7
1.069410E+4	5.006820E-6	-2.384200E-7
1.070500E+4	4.768400E-6	-7.748640E-7
1.072760E+4	4.112750E-6	-1.788150E-7
1.073790E+4	4.947210E-6	4.768410E-7
1.074900E+4	5.960490E-6	3.576300E-7
1.077100E+4	5.900890E-6	-2.980250E-7
1.078250E+4	5.662470E-6	-2.980250E-7
1.080450E+4	5.424050E-6	2.980250E-7
1.081560E+4	5.424050E-6	5.960510E-8
1.082900E+4	5.006820E-6	5.960510E-8
1.084850E+4	3.099460E-6	7.152590E-7
1.086260E+4	2.980250E-6	8.940730E-7
1.087200E+4	2.622620E-6	1.251700E-6
1.089560E+4	3.099460E-6	2.563010E-6
1.090540E+4	2.861040E-6	1.907360E-6
1.092830E+4	3.278270E-6	9.536820E-7
1.093870E+4	3.993540E-6	7.152590E-7
1.094790E+4	5.006820E-6	4.768410E-7
1.097210E+4	5.245240E-6	4.768410E-7
1.098130E+4	5.364450E-6	5.364450E-7
1.100270E+4	4.947210E-6	5.364450E-7
1.101190E+4	4.768400E-6	4.172340E-7
1.103320E+4	4.351170E-6	-7.152590E-7
1.104260E+4	4.112750E-6	-1.251700E-6
1.106360E+4	3.993540E-6	-1.251700E-6
1.107340E+4	4.529980E-6	-9.536820E-7
1.109400E+4	4.828010E-6	0.000000E+0
1.110440E+4	4.887610E-6	4.172340E-7
1.111770E+4	5.662470E-6	1.132500E-6
1.113750E+4	6.139310E-6	2.563010E-6
1.115080E+4	6.318120E-6	2.264990E-6
1.116170E+4	6.079700E-6	1.847750E-6
1.118410E+4	5.245240E-6	4.172340E-7
1.119540E+4	4.589590E-6	-2.384200E-7
1.121800E+4	3.099460E-6	-2.384200E-7
1.122910E+4	3.695500E-6	2.384200E-7
1.124790E+4	4.649190E-6	1.788150E-7
1.125920E+4	4.887610E-6	3.576300E-7
1.126870E+4	4.768400E-6	1.311310E-6
1.129270E+4	5.543260E-6	2.264990E-6
1.130210E+4	4.828010E-6	2.622620E-6
1.132340E+4	4.887610E-6	7.748640E-7
1.133260E+4	4.172350E-6	4.768410E-7
1.135380E+4	3.159060E-6	4.172340E-7
1.136320E+4	2.622620E-6	5.364450E-7
1.138460E+4	3.337870E-6	1.788150E-7
1.139380E+4	4.112750E-6	5.364450E-7
1.141820E+4	4.112750E-6	2.026570E-6
1.142750E+4	4.887610E-6	1.966970E-6
1.144030E+4	4.589590E-6	1.370910E-6
1.146090E+4	5.364450E-6	7.152590E-7
1.147130E+4	6.377730E-6	4.172340E-7
1.148220E+4	6.198910E-6	5.960500E-7
1.150420E+4	5.841280E-6	8.940730E-7
1.151550E+4	5.424050E-6	1.132500E-6
1.153510E+4	5.185630E-6	2.563010E-6
1.154620E+4	4.649190E-6	2.384200E-6
1.156610E+4	5.126030E-6	2.861040E-6
1.156610E+4	5.126030E-6	2.861040E-6
1.159730E+4	4.947210E-6	2.086180E-6
1.160760E+4	4.351170E-6	1.668940E-6
1.163010E+4	5.126030E-6	1.192100E-6
1.164110E+4	6.139310E-6	1.132500E-6
1.166100E+4	6.079700E-6	1.311310E-6
1.167130E+4	5.722080E-6	1.370910E-6
1.168060E+4	4.708800E-6	1.609330E-6
1.170180E+4	4.231960E-6	1.788150E-6
1.172280E+4	4.589590E-6	1.609330E-6
1.173240E+4	4.172350E-6	1.430520E-6
1.174260E+4	4.828010E-6	1.311310E-6
1.176310E+4	5.662470E-6	2.443800E-6
1.177560E+4	5.781680E-6	2.741830E-6
1.179680E+4	4.947210E-6	3.218670E-6
1.180680E+4	4.708800E-6	3.695500E-6
1.182750E+4	4.947210E-6	2.205390E-6
1.183790E+4	4.947210E-6	7.152590E-7
1.185110E+4	4.291560E-6	-1.788150E-7
1.187090E+4	4.947210E-6	-9.536820E-7
1.188210E+4	5.543260E-6	-9.536820E-7
1.189470E+4	6.079700E-6	-7.152590E-7
1.191810E+4	4.708800E-6	-9.536820E-7
1.192850E+4	3.099460E-6	-4.768410E-7
1.194930E+4	1.490120E-6	7.152590E-7
1.196220E+4	1.966970E-6	7.152590E-7
1.198230E+4	3.099460E-6	7.748640E-7
1.199300E+4	4.053140E-6	1.132500E-6
1.199300E+4	4.053140E-6	1.132500E-6
1.202360E+4	3.695500E-6	9.536820E-7
1.203260E+4	4.053140E-6	4.768410E-7
1.205640E+4	4.529980E-6	-1.311310E-6
1.206380E+4	4.291560E-6	-1.013290E-6
1.207710E+4	3.993540E-6	8.344690E-7
1.208120E+4	3.874330E-6	1.132500E-6
1.208840E+4	3.576290E-6	8.344690E-7
1.208890E+4	3.218670E-6	4.768410E-7
1.208960E+4	3.278270E-6	-3.576300E-7
1.208560E+4	2.563010E-6	-4.172340E-7
1.208140E+4	2.920640E-6	-1.788150E-7
1.206940E+4	4.231960E-6	-9.536820E-7
1.205890E+4	3.874330E-6	-1.966970E-6
1.204990E+4	3.814730E-6	-2.682220E-6
1.202520E+4	6.318120E-6	-3.218670E-6
1.201300E+4	6.794960E-6	-2.801430E-6
1.198010E+4	5.364450E-6	-2.145780E-6
1.196630E+4	4.887610E-6	-1.966970E-6
1.193610E+4	4.947210E-6	-2.861040E-6
1.192280E+4	5.185630E-6	-2.384200E-6
1.189390E+4	4.589590E-6	-7.748640E-7
1.188150E+4	4.351170E-6	-1.192100E-7
1.186760E+4	4.768400E-6	7.152590E-7
1.184140E+4	4.887610E-6	1.013290E-6
1.182950E+4	4.947210E-6	1.430520E-6
1.180590E+4	5.245240E-6	8.344690E-7
1.179650E+4	5.483660E-6	7.152590E-7
1.177760E+4	6.377730E-6	-3.576300E-7
1.176840E+4	5.841280E-6	-2.384200E-7
1.175030E+4	4.887610E-6	-5.364450E-7
1.174020E+4	4.649190E-6	-8.344690E-7
1.173040E+4	4.947210E-6	-1.013290E-6
1.170900E+4	4.589590E-6	-1.013290E-6
1.169800E+4	4.231960E-6	-1.311310E-6
1.167610E+4	3.159060E-6	-1.192100E-7
1.167610E+4	3.159060E-6	-1.192100E-7
1.165480E+4	2.920640E-6	2.086180E-6
1.163050E+4	3.337870E-6	3.397480E-6
1.162100E+4	3.337870E-6	2.503410E-6
1.160860E+4	3.874330E-6	1.549730E-6
1.158730E+4	5.245240E-6	5.960500E-7
1.157790E+4	4.649190E-6	-4.768410E-7
1.155440E+4	3.099460E-6	5.960510E-8
1.154550E+4	3.218670E-6	1.192100E-7
1.153490E+4	3.576290E-6	7.748640E-7
1.151270E+4	5.245240E-6	1.847750E-6
1.150270E+4	5.245240E-6	1.609330E-6
1.147950E+4	5.245240E-6	8.940730E-7
1.147020E+4	5.424050E-6	1.072890E-6
1.145890E+4	5.662470E-6	1.370910E-6
1.143860E+4	6.198910E-6	9.536820E-7
1.141910E+4	4.351170E-6	4.172340E-7
1.140880E+4	4.470380E-6	5.960510E-8
1.139790E+4	5.126030E-6	-2.980250E-7
1.137780E+4	5.185630E-6	1.013290E-6
1.136740E+4	5.424050E-6	1.192100E-6
1.134710E+4	5.483660E-6	7.748640E-7
1.133420E+4	5.304840E-6	-2.384200E-7
1.131460E+4	5.364450E-6	-7.748640E-7
1.130410E+4	5.126030E-6	-1.072890E-6
1.129490E+4	5.722080E-6	-1.192100E-7
1.127080E+4	7.152590E-6	1.132500E-6
1.126160E+4	6.854560E-6	6.556550E-7
1.123770E+4	6.556540E-6	3.576300E-7
1.122550E+4	5.841280E-6	1.192100E-7
1.121610E+4	5.304840E-6	7.748640E-7
1.119530E+4	4.887610E-6	1.907360E-6
1.118550E+4	5.006820E-6	2.324600E-6
1.116530E+4	5.245240E-6	2.443800E-6
1.115500E+4	5.006820E-6	2.741830E-6
1.113500E+4	4.768400E-6	4.053140E-6
1.112420E+4	4.351170E-6	3.576290E-6
1.110200E+4	4.291560E-6	3.933940E-6
1.109190E+4	4.649190E-6	4.053140E-6
1.108080E+4	4.947210E-6	3.159060E-6
1.106100E+4	3.814730E-6	1.609330E-6
1.104110E+4	3.695500E-6	1.132500E-6
1.103000E+4	3.874330E-6	5.960500E-7
1.101700E+4	3.695500E-6	5.960500E-7
1.100780E+4	3.814730E-6	7.152590E-7
1.098420E+4	4.828010E-6	1.132500E-6
1.097440E+4	5.543260E-6	7.152590E-7
1.095080E+4	6.079700E-6	5.960500E-7
1.094130E+4	6.258520E-6	2.384200E-7
1.093130E+4	4.768400E-6	6.556550E-7
1.090790E+4	4.112750E-6	0.000000E+0
1.089600E+4	4.947210E-6	5.364450E-7
1.087490E+4	6.198910E-6	1.430520E-6
1.086580E+4	5.960490E-6	1.609330E-6
1.085340E+4	5.364450E-6	1.728540E-6
1.082960E+4	5.006820E-6	9.536820E-7
1.082060E+4	4.112750E-6	1.490120E-6
1.079930E+4	4.291560E-6	1.490120E-6
1.079020E+4	5.543260E-6	5.960500E-7
1.076940E+4	7.748660E-6	0.000000E+0
1.075990E+4	7.510210E-6	-5.960510E-8
1.074690E+4	6.318120E-6	-4.768410E-7
1.072740E+4	5.126030E-6	-1.192100E-6
1.071640E+4	4.589590E-6	-1.311310E-6
1.069700E+4	4.410770E-6	-1.251700E-6
1.068590E+4	4.351170E-6	-7.152590E-7
1.066640E+4	5.185630E-6	-7.152590E-7
1.065530E+4	5.126030E-6	-3.576300E-7
1.063560E+4	4.529980E-6	-1.192100E-7
1.062470E+4	4.768400E-6	-4.172340E-7
1.060450E+4	5.602870E-6	0.000000E+0
1.059420E+4	5.722080E-6	-1.192100E-7
1.057370E+4	5.006820E-6	7.748640E-7
1.056390E+4	4.828010E-6	7.152590E-7
1.055190E+4	5.126030E-6	-1.192100E-7
1.053070E+4	5.364450E-6	-2.384200E-7
1.051860E+4	5.662470E-6	-1.788150E-7
1.050870E+4	5.841280E-6	-3.576300E-7
1.048540E+4	4.708800E-6	-1.490120E-6
1.047530E+4	3.993540E-6	-8.344690E-7
1.045200E+4	5.304840E-6	-1.192100E-7
1.044260E+4	5.722080E-6	-7.152590E-7
1.043140E+4	5.722080E-6	-8.344690E-7
1.040970E+4	7.510210E-6	3.576300E-7
1.039880E+4	7.808270E-6	9.536820E-7
1.037660E+4	7.092980E-6	2.324600E-6
1.036650E+4	6.616140E-6	2.980250E-6
1.035330E+4	6.318120E-6	3.099460E-6
1.033410E+4	7.510210E-6	3.218670E-6
1.032300E+4	7.212190E-6	2.384200E-6
1.031360E+4	6.556540E-6	1.370910E-6
1.028960E+4	7.092980E-6	6.556550E-7
1.028030E+4	7.927480E-6	1.788150E-7
1.025700E+4	7.927480E-6	-4.172340E-7
1.024700E+4	7.748660E-6	-3.576300E-7
1.023750E+4	6.914170E-6	-4.768410E-7
1.021370E+4	6.258520E-6	-1.192100E-6
1.020160E+4	5.781680E-6	-1.728540E-6
1.018080E+4	5.126030E-6	-2.801430E-6
1.017150E+4	4.828010E-6	-2.324600E-6
1.015930E+4	4.589590E-6	-2.264990E-6
1.013840E+4	4.112750E-6	-1.370910E-6
1.012620E+4	3.993540E-6	-1.370910E-6
1.010560E+4	3.218670E-6	-1.192100E-7
1.009600E+4	2.622620E-6	-1.788150E-7
1.008290E+4	1.966970E-6	-4.172340E-7
1.006350E+4	1.311310E-6	-1.370910E-6
1.005230E+4	8.940730E-7	-1.847750E-6
1.003270E+4	1.251700E-6	-1.907360E-6
1.002160E+4	2.026570E-6	-2.205390E-6
9.999900E+3	1.430520E-6	-1.370910E-6
9.988800E+3	5.960500E-7	-2.384200E-7
9.978700E+3	3.576300E-7	0.000000E+0
9.958300E+3	8.940730E-7	-1.132500E-6
9.948500E+3	1.132500E-6	-1.251700E-6
9.927600E+3	1.609330E-6	-5.364450E-7
9.918500E+3	1.609330E-6	4.768410E-7
9.897400E+3	2.264990E-6	1.192100E-6
9.888400E+3	1.668940E-6	7.748640E-7
9.867100E+3	1.013290E-6	-4.172340E-7
9.858000E+3	5.960500E-7	-1.013290E-6
9.833900E+3	-2.980250E-7	-5.960500E-7
9.824700E+3	-7.152590E-7	6.556550E-7
9.812300E+3	-9.536820E-7	1.728540E-6
9.791400E+3	-2.443800E-6	1.907360E-6
9.779200E+3	-2.205390E-6	1.907360E-6
9.757900E+3	-2.086180E-6	1.430520E-6
9.748700E+3	-1.966970E-6	8.344690E-7
9.727500E+3	-3.278270E-6	-4.172340E-7
9.718000E+3	-3.576290E-6	-8.344690E-7
9.706700E+3	-3.874330E-6	-1.251700E-6
9.687300E+3	-3.814730E-6	-1.430520E-6
9.667200E+3	-2.741830E-6	-8.940730E-7
9.656700E+3	-2.682220E-6	-6.556550E-7
9.643700E+3	-3.337870E-6	-3.576300E-7
9.624300E+3	-5.304840E-6	9.536820E-7
9.613200E+3	-6.258520E-6	1.013290E-6
9.593700E+3	-8.046690E-6	6.556550E-7
9.582800E+3	-8.642730E-6	1.192100E-7
9.563100E+3	-1.013280E-5	4.172340E-7
9.552700E+3	-1.031170E-5	-1.788150E-7
9.532400E+3	-1.084810E-5	-5.364450E-7
9.522400E+3	-1.066930E-5	-6.556550E-7
9.501900E+3	-1.174220E-5	-2.980250E-7
9.492500E+3	-1.233820E-5	-8.940730E-7
9.471500E+3	-1.370910E-5	-2.622620E-6
9.462400E+3	-1.478200E-5	-2.145780E-6
9.441200E+3	-1.740470E-5	-1.192100E-6
9.432200E+3	-1.847760E-5	-1.430520E-6
9.421300E+3	-2.062330E-5	-1.192100E-6
9.399200E+3	-2.241150E-5	-6.556550E-7
9.389000E+3	-2.354400E-5	-5.960500E-7
9.369200E+3	-2.545130E-5	-3.576300E-7
9.358300E+3	-2.670300E-5	5.960500E-7
9.338800E+3	-2.932560E-5	8.344690E-7
9.325900E+3	-3.075620E-5	5.960510E-8
9.314800E+3	-3.218670E-5	-8.344690E-7
9.295200E+3	-3.594180E-5	-1.966970E-6
9.275500E+3	-4.041220E-5	-1.966970E-6
9.264500E+3	-4.321360E-5	-2.741830E-6
9.254500E+3	-4.529980E-5	-3.755110E-6
9.233900E+3	-5.084300E-5	-3.159060E-6
9.224300E+3	-5.280990E-5	-2.741830E-6
9.203400E+3	-5.716110E-5	-1.907360E-6
9.194200E+3	-5.883000E-5	-2.026570E-6
9.173100E+3	-6.377740E-5	3.576300E-7
9.160900E+3	-6.693650E-5	1.192100E-6
9.140100E+3	-7.450630E-5	2.563010E-6
9.127700E+3	-7.838060E-5	2.503410E-6
9.118700E+3	-8.165880E-5	1.788150E-6
9.097600E+3	-8.988430E-5	1.907360E-6
9.088300E+3	-9.554670E-5	1.966970E-6
9.064500E+3	-1.057990E-4	2.384200E-6
9.055500E+3	-1.118190E-4	1.728540E-6
9.044800E+3	-1.173020E-4	6.556550E-7
9.022400E+3	-1.270780E-4	1.192100E-7
9.011300E+3	-1.324420E-4	2.384200E-7
8.989300E+3	-1.441250E-4	-5.364450E-7
8.979000E+3	-1.510990E-4	-7.748640E-7
8.959200E+3	-1.629600E-4	-7.748640E-7
8.948300E+3	-1.696950E-4	1.788150E-7
8.938000E+3	-1.761330E-4	1.251700E-6
8.917600E+3	-1.909740E-4	2.443800E-6
8.907800E+3	-1.977690E-4	1.907360E-6
8.887000E+3	-2.126700E-4	2.682220E-6
8.877800E+3	-2.201210E-4	2.086180E-6
8.856700E+3	-2.351410E-4	9.536820E-7
8.847700E+3	-2.446790E-4	1.013290E-6
8.824000E+3	-2.626200E-4	2.324600E-6
8.814400E+3	-2.715610E-4	1.788150E-6
8.793200E+3	-2.910510E-4	2.443800E-6
8.784000E+3	-2.994560E-4	2.443800E-6
8.773500E+3	-3.079790E-4	3.159060E-6
8.750500E+3	-3.284230E-4	2.384200E-6
8.740900E+3	-3.372450E-4	2.264990E-6
8.720300E+3	-3.576300E-4	2.026570E-6
8.710000E+3	-3.689550E-4	3.635900E-6
8.689900E+3	-3.861210E-4	3.755110E-6
8.679100E+3	-3.969690E-4	4.529980E-6
8.659500E+3	-4.180090E-4	2.086180E-6
8.646700E+3	-4.270100E-4	1.132500E-6
8.635500E+3	-4.376790E-4	1.847750E-6
8.614200E+3	-4.578250E-4	1.192100E-6
8.603100E+3	-4.678390E-4	7.748640E-7
8.583700E+3	-4.872100E-4	8.344690E-7
8.572400E+3	-4.960930E-4	6.556550E-7
8.553100E+3	-5.152860E-4	-5.364450E-7
8.542100E+3	-5.295910E-4	9.536820E-7
8.520700E+3	-5.474130E-4	-5.960510E-8
8.509600E+3	-5.603470E-4	1.788150E-6
8.497100E+3	-5.698240E-4	2.443800E-6
8.487500E+3	-5.784670E-4	8.940730E-7
8.463900E+3	-6.024280E-4	1.788150E-6
8.454800E+3	-6.109510E-4	0.000000E+0
8.430600E+3	-6.347930E-4	2.622620E-6
8.421400E+3	-6.423630E-4	6.556550E-7
8.410900E+3	-6.520790E-4	6.556550E-7
8.387800E+3	-6.669200E-4	2.563010E-6
8.378000E+3	-6.755030E-4	4.053140E-6
8.357500E+3	-6.834310E-4	1.192100E-6
8.347400E+3	-6.881990E-4	4.768410E-7
8.327300E+3	-6.977950E-4	-3.576300E-7
8.316700E+3	-7.007760E-4	-4.172340E-7
8.297100E+3	-7.038150E-4	-3.218670E-6
8.285900E+3	-7.066760E-4	-2.741830E-6
8.263900E+3	-7.089410E-4	-3.337870E-6
8.253400E+3	-7.115640E-4	-1.847750E-6
8.242700E+3	-7.104910E-4	-2.324600E-6
8.222600E+3	-7.154380E-4	1.013290E-6
8.203100E+3	-7.146040E-4	-1.788150E-6
8.191900E+3	-7.162730E-4	-1.013290E-6
8.179000E+3	-7.174650E-4	-1.192100E-7
8.170000E+3	-7.177630E-4	-7.152590E-7
8.146200E+3	-7.160340E-4	-2.622620E-6
8.136800E+3	-7.152000E-4	-2.920640E-6
8.112900E+3	-7.128750E-4	-1.609330E-6
8.103700E+3	-7.073920E-4	-3.337870E-6
8.082600E+3	-6.955900E-4	-3.635900E-6
8.073700E+3	-6.873050E-4	-5.006820E-6
8.052600E+3	-6.668010E-4	-5.841280E-6
8.043400E+3	-6.549400E-4	-4.470380E-6
8.030400E+3	-6.365810E-4	-5.364450E-6
8.007000E+3	-5.980770E-4	-4.351170E-6
7.997800E+3	-5.761420E-4	-5.245240E-6
7.986500E+3	-5.529560E-4	-6.020100E-6
7.964700E+3	-5.009210E-4	-5.006820E-6
7.953900E+3	-4.730240E-4	-2.920640E-6
7.934500E+3	-4.165790E-4	-3.039850E-6
7.923300E+3	-3.895180E-4	-2.026570E-6
7.904000E+3	-3.268140E-4	-1.251700E-6
7.892700E+3	-2.937930E-4	-1.430520E-6
7.873400E+3	-2.369290E-4	6.556550E-7
7.862200E+3	-2.093320E-4	1.430520E-6
7.842500E+3	-1.482380E-4	2.145780E-6
7.831800E+3	-1.220110E-4	1.907360E-6
7.811600E+3	-7.337380E-5	3.635900E-6
7.801500E+3	-4.965090E-5	3.278270E-6
7.792300E+3	-1.865640E-5	3.099460E-6
7.768400E+3	2.211340E-5	2.861040E-6
7.759400E+3	4.613420E-5	1.966970E-6
7.735600E+3	8.058590E-5	7.152590E-7
7.726300E+3	1.004940E-4	5.960510E-8
7.714100E+3	1.139050E-4	0.000000E+0
7.692900E+3	1.397740E-4	-1.311310E-6
7.680700E+3	1.500260E-4	-9.536820E-7
7.669600E+3	1.592050E-4	-1.192100E-6
7.647800E+3	1.763710E-4	-4.768410E-7
7.637200E+3	1.832850E-4	-1.788150E-7
7.614700E+3	1.963390E-4	1.311310E-6
7.604900E+3	2.003920E-4	1.728540E-6
7.593700E+3	2.055770E-4	1.430520E-6
7.572500E+3	2.101670E-4	1.847750E-6
7.561200E+3	2.140410E-4	2.622620E-6
7.539200E+3	2.173790E-4	2.980250E-6
7.528500E+3	2.194650E-4	2.682220E-6
7.515300E+3	2.210150E-4	2.145780E-6
7.495700E+3	2.232800E-4	3.159060E-6
7.481500E+3	2.252470E-4	2.205390E-6
7.472100E+3	2.262010E-4	2.086180E-6
7.448800E+3	2.276310E-4	1.549730E-6
7.438700E+3	2.275120E-4	2.980250E-6
7.418400E+3	2.281680E-4	2.801430E-6
7.405700E+3	2.287640E-4	2.384200E-6
7.396700E+3	2.293600E-4	3.099460E-6
7.375500E+3	2.293000E-4	2.980250E-6
7.366500E+3	2.287640E-4	3.635900E-6
7.345500E+3	2.273330E-4	2.443800E-6
7.335800E+3	2.272730E-4	1.788150E-6
7.312200E+3	2.264990E-4	2.741830E-6
7.303000E+3	2.259030E-4	3.099460E-6
7.281800E+3	2.253660E-4	3.159060E-6
7.272500E+3	2.246510E-4	2.741830E-6
7.251600E+3	2.233400E-4	2.682220E-6
7.241800E+3	2.222670E-4	3.159060E-6
7.221200E+3	2.200020E-4	5.126030E-6
7.221200E+3	2.200020E-4	5.126030E-6
7.191100E+3	2.197630E-4	4.947210E-6
7.180200E+3	2.198230E-4	3.159060E-6
7.169900E+3	2.190480E-4	2.145780E-6
7.147900E+3	2.168430E-4	3.218670E-6
7.136900E+3	2.165450E-4	3.099460E-6
7.117300E+3	2.156510E-4	3.278270E-6
7.106800E+3	2.152330E-4	2.861040E-6
7.086500E+3	2.141010E-4	1.072890E-6
7.076400E+3	2.132070E-4	1.788150E-6
7.055700E+3	2.140410E-4	1.192100E-6
7.046100E+3	2.131470E-4	1.370910E-6
7.024900E+3	2.117170E-4	2.026570E-6
7.012600E+3	2.123130E-4	2.741830E-6
7.003400E+3	2.119550E-4	2.145780E-6
6.982300E+3	2.086170E-4	3.993540E-6
6.972600E+3	2.075440E-4	4.470380E-6
6.948800E+3	2.064710E-4	3.457080E-6
6.939800E+3	2.062330E-4	2.741830E-6
6.928700E+3	2.049810E-4	2.145780E-6
6.906800E+3	2.037890E-4	6.556550E-7
6.896500E+3	2.027760E-4	8.344690E-7
6.873600E+3	2.020610E-4	1.251700E-6
6.862900E+3	2.028950E-4	7.152590E-7
6.852400E+3	2.032530E-4	1.788150E-7
6.830500E+3	2.050410E-4	1.192100E-7
6.819300E+3	2.046240E-4	7.152590E-7
6.799900E+3	2.036700E-4	3.635900E-6
6.789000E+3	2.027760E-4	4.291560E-6
6.779900E+3	2.026570E-4	3.337870E-6
6.755700E+3	2.021200E-4	1.430520E-6
6.746400E+3	2.014050E-4	2.264990E-6
6.722300E+3	2.011670E-4	1.847750E-6
6.713200E+3	2.006900E-4	2.682220E-6
6.692600E+3	1.993780E-4	2.980250E-6
6.683300E+3	1.986040E-4	3.278270E-6
6.662100E+3	1.986040E-4	4.053140E-6
6.653000E+3	1.993190E-4	3.397480E-6
6.639900E+3	1.984840E-4	3.755110E-6
6.619700E+3	1.974120E-4	3.576290E-6
6.607100E+3	1.962190E-4	4.589590E-6
6.586400E+3	1.959210E-4	4.053140E-6
6.576400E+3	1.963980E-4	3.516690E-6
6.563100E+3	1.972920E-4	2.980250E-6
6.543600E+3	1.965770E-4	2.145780E-6
6.532400E+3	1.962790E-4	2.086180E-6
6.513100E+3	1.960410E-4	1.668940E-6
6.501800E+3	1.960410E-4	1.847750E-6
6.482600E+3	1.952060E-4	3.278270E-6
6.469400E+3	1.949680E-4	3.516690E-6
6.459400E+3	1.942520E-4	3.993540E-6
6.438800E+3	1.941930E-4	2.861040E-6
6.419300E+3	1.924050E-4	2.086180E-6
6.408000E+3	1.920470E-4	1.430520E-6
6.398800E+3	1.918680E-4	1.311310E-6
6.377500E+3	1.913910E-4	1.251700E-6
6.368400E+3	1.915700E-4	1.907360E-6
6.347100E+3	1.912720E-4	3.337870E-6
6.335200E+3	1.907360E-4	3.814730E-6
6.314000E+3	1.901990E-4	2.622620E-6
6.302000E+3	1.900800E-4	2.205390E-6
6.292700E+3	1.895440E-4	3.397480E-6
6.272200E+3	1.893650E-4	3.635900E-6
6.262300E+3	1.890070E-4	3.099460E-6
6.242000E+3	1.888880E-4	2.205390E-6
6.231400E+3	1.879340E-4	2.920640E-6
6.218200E+3	1.872790E-4	3.159060E-6
6.198700E+3	1.853120E-4	2.324600E-6
6.187300E+3	1.853710E-4	1.430520E-6
6.165000E+3	1.847750E-4	1.847750E-6
6.153800E+3	1.854310E-4	1.072890E-6
6.134200E+3	1.853120E-4	1.728540E-6
6.123900E+3	1.852520E-4	2.086180E-6
6.104500E+3	1.830470E-4	2.026570E-6
6.093300E+3	1.824510E-4	2.324600E-6
6.084100E+3	1.825700E-4	2.622620E-6
6.059800E+3	1.809010E-4	3.814730E-6
6.050600E+3	1.806630E-4	3.159060E-6
6.026800E+3	1.782190E-4	2.086180E-6
6.017300E+3	1.766690E-4	2.801430E-6
5.996100E+3	1.762520E-4	2.384200E-6
5.986900E+3	1.758350E-4	2.682220E-6
5.976300E+3	1.753580E-4	3.278270E-6
5.953400E+3	1.756560E-4	4.351170E-6
5.943700E+3	1.745830E-4	3.576290E-6
5.923300E+3	1.716030E-4	2.980250E-6
5.913100E+3	1.706490E-4	2.741830E-6
5.893000E+3	1.701130E-4	4.053140E-6
5.882100E+3	1.695760E-4	4.470380E-6
5.862600E+3	1.678480E-4	5.126030E-6
5.862600E+3	1.678480E-4	5.126030E-6
5.831900E+3	1.646290E-4	2.980250E-6
5.818800E+3	1.631980E-4	1.966970E-6
5.799000E+3	1.617680E-4	1.966970E-6
5.787900E+3	1.608740E-4	2.026570E-6
5.768500E+3	1.588470E-4	2.086180E-6
5.757400E+3	1.589070E-4	9.536820E-7
5.738000E+3	1.567610E-4	2.264990E-6
5.726800E+3	1.557480E-4	2.622620E-6
5.717400E+3	1.538410E-4	3.576290E-6
5.696900E+3	1.525890E-4	2.801430E-6
5.687100E+3	1.508010E-4	2.503410E-6
5.665900E+3	1.479990E-4	2.920640E-6
5.656700E+3	1.464500E-4	3.099460E-6
5.635300E+3	1.450790E-4	2.563010E-6
5.626100E+3	1.438870E-4	2.205390E-6
5.602300E+3	1.422770E-4	4.172340E-7
5.592900E+3	1.405490E-4	5.960500E-7
5.571700E+3	1.372700E-4	-5.364450E-7
5.562600E+3	1.368530E-4	-7.748640E-7
5.549200E+3	1.365550E-4	-8.344690E-7
5.529400E+3	1.363170E-4	-5.960510E-8
5.516800E+3	1.353030E-4	5.364450E-7
5.496100E+3	1.332770E-4	1.788150E-7
5.486100E+3	1.320850E-4	-4.172340E-7
5.465700E+3	1.313100E-4	0.000000E+0
5.455000E+3	1.304160E-4	1.192100E-7
5.435300E+3	1.279120E-4	1.192100E-6
5.424300E+3	1.264220E-4	4.172340E-7
5.414200E+3	1.247530E-4	1.788150E-7
5.394800E+3	1.223690E-4	-1.788150E-7
5.384300E+3	1.219520E-4	-9.536820E-7
5.361400E+3	1.184350E-4	-1.132500E-6
5.351000E+3	1.171830E-4	5.960500E-7
5.330400E+3	1.159310E-4	1.430520E-6
5.320600E+3	1.142030E-4	1.132500E-6
5.300400E+3	1.114610E-4	1.311310E-6
5.287000E+3	1.107460E-4	9.536820E-7
5.277900E+3	1.104480E-4	7.152590E-7
5.256400E+3	1.096130E-4	2.384200E-7
5.247000E+3	1.083020E-4	-7.152590E-7
5.226100E+3	1.055010E-4	-5.364450E-7
5.216300E+3	1.041300E-4	6.556550E-7
5.195900E+3	1.004940E-4	1.490120E-6
5.186700E+3	9.930180E-5	1.549730E-6
5.165700E+3	9.787130E-5	1.490120E-6
5.155900E+3	9.697720E-5	9.536820E-7
5.132300E+3	9.560630E-5	2.145780E-6
5.122200E+3	9.447380E-5	1.668940E-6
5.102000E+3	9.268570E-5	9.536820E-7
5.091400E+3	9.191080E-5	1.132500E-6
5.080800E+3	9.101680E-5	1.251700E-6
5.060600E+3	8.857300E-5	8.940730E-7
5.041300E+3	8.624840E-5	3.039850E-6
5.031100E+3	8.511590E-5	3.397480E-6
5.011300E+3	8.320850E-5	3.278270E-6
5.000200E+3	8.332780E-5	2.980250E-6
4.980700E+3	8.195690E-5	2.980250E-6
4.969300E+3	8.088400E-5	2.741830E-6
4.959800E+3	7.969190E-5	2.920640E-6
4.938600E+3	7.700970E-5	2.443800E-6
4.929500E+3	7.563880E-5	2.741830E-6
4.908000E+3	7.426790E-5	2.324600E-6
4.898800E+3	7.391020E-5	1.609330E-6
4.877300E+3	7.247970E-5	1.072890E-6
4.868100E+3	7.146640E-5	8.344690E-7
4.846900E+3	7.152600E-5	1.192100E-6
4.837200E+3	7.158560E-5	1.251700E-6
4.813500E+3	6.997630E-5	4.768410E-7
4.804500E+3	6.932070E-5	1.788150E-7
4.783400E+3	6.836700E-5	1.072890E-6
4.774100E+3	6.771130E-5	1.847750E-6
4.762800E+3	6.634040E-5	1.966970E-6
4.741300E+3	6.550600E-5	7.152590E-7
4.730300E+3	6.425430E-5	1.013290E-6
4.730300E+3	6.425430E-5	1.013290E-6
4.697900E+3	6.181050E-5	1.490120E-6
4.686800E+3	6.109520E-5	9.536820E-7
4.667000E+3	5.966450E-5	1.490120E-6
4.647300E+3	5.823400E-5	2.026570E-6
4.636200E+3	5.787630E-5	1.728540E-6
4.626100E+3	5.799560E-5	7.748640E-7
4.602700E+3	5.626700E-5	1.072890E-6
4.593100E+3	5.519410E-5	1.251700E-6
4.573200E+3	5.191590E-5	1.490120E-6
4.562900E+3	5.054500E-5	1.728540E-6
4.542500E+3	4.881640E-5	1.072890E-6
4.532700E+3	4.816080E-5	8.940730E-7
4.511700E+3	4.738590E-5	1.668940E-6
4.502500E+3	4.810120E-5	2.026570E-6
4.481200E+3	4.833960E-5	2.563010E-6
4.472100E+3	4.833960E-5	3.397480E-6
4.450900E+3	4.828000E-5	4.351170E-6
4.441800E+3	4.845880E-5	3.755110E-6
4.420700E+3	4.762430E-5	2.861040E-6
4.411300E+3	4.738590E-5	2.563010E-6
4.400000E+3	4.667070E-5	2.443800E-6
4.378200E+3	4.357120E-5	1.609330E-6
4.367400E+3	4.225990E-5	1.490120E-6
4.348200E+3	4.059100E-5	7.748640E-7
4.336900E+3	4.005460E-5	3.576300E-7
4.317400E+3	4.011420E-5	-1.788150E-7
4.306100E+3	4.047180E-5	-1.788150E-7
4.286500E+3	3.993530E-5	0.000000E+0
4.275500E+3	4.005460E-5	4.768410E-7
4.253900E+3	3.939890E-5	1.311310E-6
4.242600E+3	3.945850E-5	5.960500E-7
4.233200E+3	3.975650E-5	4.172340E-7
4.212100E+3	4.005460E-5	1.728540E-6
4.202800E+3	4.005460E-5	1.430520E-6
4.181600E+3	3.802800E-5	1.192100E-6
4.172600E+3	3.725310E-5	1.132500E-6
4.151300E+3	3.647830E-5	1.013290E-6
4.139400E+3	3.618030E-5	1.132500E-6
4.129100E+3	3.623990E-5	1.788150E-7
4.105800E+3	3.582260E-5	-5.364450E-7
4.096400E+3	3.504780E-5	0.000000E+0
4.072600E+3	3.230600E-5	9.536820E-7
4.062800E+3	3.170990E-5	1.311310E-6
4.052400E+3	3.230600E-5	1.490120E-6
4.029900E+3	3.218670E-5	8.940730E-7
4.018600E+3	3.272320E-5	-3.576300E-7
3.996300E+3	3.248480E-5	-6.556550E-7
3.985700E+3	3.045810E-5	-1.788150E-7
3.972500E+3	2.962360E-5	1.788150E-7
3.952900E+3	2.843150E-5	-2.980250E-7
3.939800E+3	2.694140E-5	-8.940730E-7
3.929300E+3	2.622620E-5	-1.013290E-6
3.907200E+3	2.604730E-5	-1.192100E-7
3.895900E+3	2.646460E-5	-5.960510E-8
3.886900E+3	2.652420E-5	-1.192100E-7
3.862500E+3	2.592810E-5	1.430520E-6
3.853500E+3	2.652420E-5	5.960510E-8
3.832300E+3	2.598770E-5	-7.748640E-7
3.823300E+3	2.449760E-5	-7.152590E-7
3.799200E+3	2.264990E-5	1.192100E-7
3.790100E+3	2.241150E-5	4.172340E-7
3.777800E+3	2.300750E-5	1.013290E-6
3.756900E+3	2.366320E-5	-4.768410E-7
3.747100E+3	2.419960E-5	-1.013290E-6
3.726600E+3	2.378240E-5	-1.668940E-6
3.716200E+3	2.336510E-5	-1.192100E-6
3.692900E+3	2.402080E-5	-4.172340E-7
3.683300E+3	2.449760E-5	-7.152590E-7
3.672000E+3	2.449760E-5	-4.768410E-7
3.650200E+3	2.431880E-5	-2.384200E-7
3.639000E+3	2.378240E-5	1.192100E-7
3.619300E+3	2.187500E-5	1.072890E-6
3.607900E+3	2.104060E-5	1.192100E-6
3.588400E+3	1.996770E-5	-4.768410E-7
3.575300E+3	1.913320E-5	-1.907360E-6
3.564800E+3	1.883520E-5	-2.205390E-6
3.542700E+3	1.841800E-5	6.556550E-7
3.531500E+3	1.865640E-5	1.549730E-6
3.511700E+3	1.919280E-5	7.748640E-7
3.501000E+3	1.841800E-5	-5.960510E-8
3.480700E+3	1.794110E-5	1.251700E-6
3.470500E+3	1.776230E-5	1.609330E-6
3.458300E+3	1.764310E-5	1.251700E-6
3.437300E+3	1.704700E-5	-5.364450E-7
3.427700E+3	1.776230E-5	-2.086180E-6
3.406900E+3	1.764310E-5	-1.072890E-6
3.397700E+3	1.782190E-5	-1.251700E-6
3.376400E+3	1.734510E-5	-8.344690E-7
3.364100E+3	1.764310E-5	-1.788150E-6
3.343200E+3	1.627220E-5	-1.013290E-6
3.333400E+3	1.525890E-5	-4.172340E-7
3.322900E+3	1.442440E-5	1.788150E-7
3.300400E+3	1.418600E-5	7.152590E-7
3.289000E+3	1.478200E-5	7.152590E-7
3.269500E+3	1.561650E-5	5.960500E-7
3.258100E+3	1.531850E-5	1.072890E-6
3.238600E+3	1.555690E-5	1.072890E-6
3.225400E+3	1.657020E-5	1.430520E-6
3.215200E+3	1.740470E-5	1.192100E-6
3.193000E+3	1.746430E-5	2.980250E-7
3.182000E+3	1.776230E-5	-1.788150E-7
3.162000E+3	1.782190E-5	7.748640E-7
3.151500E+3	1.746430E-5	9.536820E-7
3.131100E+3	1.746430E-5	5.364450E-7
3.121200E+3	1.645100E-5	1.788150E-7
3.100400E+3	1.466280E-5	-2.384200E-7
3.091100E+3	1.418600E-5	-1.370910E-6
3.069800E+3	1.358990E-5	-9.536820E-7
3.060800E+3	1.329190E-5	0.000000E+0
3.048200E+3	1.311310E-5	2.980250E-7
3.027400E+3	1.245740E-5	1.788150E-7
3.017500E+3	1.192100E-5	7.152590E-7
3.006300E+3	1.186140E-5	8.940730E-7
2.982100E+3	1.257660E-5	1.311310E-6
2.972000E+3	1.281510E-5	1.728540E-6
2.951800E+3	1.251700E-5	7.748640E-7
2.941100E+3	1.215940E-5	-4.768410E-7
2.921400E+3	1.186140E-5	-2.980250E-7
2.910300E+3	1.186140E-5	2.980250E-7
2.888000E+3	1.281510E-5	1.490120E-6
2.877500E+3	1.311310E-5	1.847750E-6
2.863600E+3	1.376870E-5	1.728540E-6
2.844900E+3	1.490120E-5	9.536820E-7
2.833700E+3	1.525890E-5	1.192100E-7
2.814400E+3	1.502040E-5	-1.251700E-6
2.803200E+3	1.436480E-5	-1.251700E-6
2.783700E+3	1.269580E-5	-1.370910E-6
2.773000E+3	1.198060E-5	-1.668940E-6
2.764000E+3	1.102690E-5	-2.264990E-6
2.739900E+3	1.072890E-5	-2.324600E-6
2.730800E+3	1.168260E-5	-2.145780E-6
2.706500E+3	1.174220E-5	-1.788150E-6
2.697500E+3	1.168260E-5	-1.847750E-6
2.685000E+3	1.138450E-5	-1.966970E-6
2.664000E+3	1.102690E-5	-2.861040E-6
2.651900E+3	1.114610E-5	-3.039850E-6
2.640800E+3	1.132490E-5	-2.741830E-6
2.618300E+3	9.894430E-6	-1.192100E-6
2.608000E+3	1.031170E-5	-6.556550E-7
2.584600E+3	1.096730E-5	-4.172340E-7
2.575200E+3	1.090770E-5	-1.192100E-7
2.554300E+3	1.078850E-5	1.668940E-6
2.544400E+3	1.025210E-5	2.086180E-6
2.533000E+3	9.775220E-6	1.728540E-6
2.511600E+3	9.656010E-6	-5.364450E-7
2.500200E+3	9.417590E-6	-4.172340E-7
2.480700E+3	8.821550E-6	1.192100E-7
2.469300E+3	8.583130E-6	7.152590E-7
2.460000E+3	7.450610E-6	1.132500E-6
2.435500E+3	6.020100E-6	2.980250E-7
2.426200E+3	6.854560E-6	-3.576300E-7
2.402600E+3	8.344710E-6	-1.549730E-6
2.392900E+3	8.344710E-6	-1.788150E-6
2.383100E+3	9.179170E-6	-1.013290E-6
2.359200E+3	1.055010E-5	4.172340E-7
2.350100E+3	1.078850E-5	1.788150E-7
2.328600E+3	9.357990E-6	-5.364450E-7
2.319200E+3	7.748660E-6	-7.152590E-7
2.295100E+3	6.973770E-6	-9.536820E-7
2.286000E+3	7.808270E-6	-1.251700E-6
2.264700E+3	7.927480E-6	-5.960510E-8
2.255400E+3	8.106290E-6	3.576300E-7
2.234400E+3	6.973770E-6	-7.152590E-7
2.224800E+3	6.973770E-6	-1.013290E-6
2.213500E+3	6.914170E-6	-1.072890E-6
2.192000E+3	6.437330E-6	5.960510E-8
2.180800E+3	6.735350E-6	7.152590E-7
2.161400E+3	7.748660E-6	2.503410E-6
2.150000E+3	8.165890E-6	2.563010E-6
2.130500E+3	1.019250E-5	1.311310E-6
2.119200E+3	9.596410E-6	1.788150E-7
2.099600E+3	7.987080E-6	-1.788150E-6
2.086300E+3	7.629450E-6	-1.549730E-6
2.076400E+3	7.391010E-6	-2.205390E-6
2.053300E+3	7.987080E-6	-2.443800E-6
2.042600E+3	8.463920E-6	-1.668940E-6
2.021900E+3	7.987080E-6	-7.152590E-7
2.011800E+3	7.867870E-6	-3.576300E-7
1.990800E+3	8.046690E-6	-3.576300E-7
1.981100E+3	7.391010E-6	-7.152590E-7
1.970600E+3	7.092980E-6	-1.490120E-6
1.945800E+3	7.689060E-6	-2.622620E-6
1.936000E+3	7.748660E-6	-2.801430E-6
1.910700E+3	6.973770E-6	-2.384200E-6
1.901000E+3	7.033380E-6	-1.370910E-6
1.878400E+3	6.198910E-6	-5.364450E-7
1.868700E+3	6.496940E-6	-5.364450E-7
1.846100E+3	6.318120E-6	-2.980250E-7
1.835900E+3	6.437330E-6	-2.980250E-7
1.823800E+3	6.794960E-6	-1.013290E-6
1.800700E+3	6.496940E-6	-2.384200E-6
1.788900E+3	6.377730E-6	-2.026570E-6
1.767900E+3	6.854560E-6	-4.172340E-7
1.755900E+3	7.391010E-6	-7.748640E-7
1.735100E+3	7.450610E-6	-3.576300E-7
1.723100E+3	7.271800E-6	6.556550E-7
1.702400E+3	6.139310E-6	1.311310E-6
1.688400E+3	5.781680E-6	5.960500E-7
1.668100E+3	5.841280E-6	1.370910E-6
1.656400E+3	5.543260E-6	1.788150E-6
1.643300E+3	4.649190E-6	1.132500E-6
1.633900E+3	3.874330E-6	4.172340E-7
1.609300E+3	4.649190E-6	-1.072890E-6
1.599900E+3	3.635900E-6	-1.430520E-6
1.576400E+3	4.529980E-6	-4.768410E-7
1.566400E+3	5.245240E-6	-2.384200E-7
1.557100E+3	5.364450E-6	-2.384200E-7
1.533600E+3	4.828010E-6	4.768410E-7
1.524200E+3	4.529980E-6	7.152590E-7
1.504500E+3	5.841280E-6	4.768410E-7
1.492800E+3	6.854560E-6	6.556550E-7
1.472800E+3	5.483660E-6	5.960500E-7
1.464000E+3	5.841280E-6	2.980250E-7
1.444700E+3	5.841280E-6	7.152590E-7
1.435500E+3	5.424050E-6	4.768410E-7
1.423200E+3	4.529980E-6	1.192100E-7
1.405600E+3	3.576290E-6	-5.960500E-7
1.395200E+3	3.278270E-6	-8.344690E-7
1.377700E+3	3.397480E-6	-1.251700E-6
1.367500E+3	3.814730E-6	-9.536820E-7
1.350100E+3	3.695500E-6	-8.344690E-7
1.338200E+3	4.410770E-6	-1.072890E-6
1.329400E+3	4.708800E-6	-6.556550E-7
1.310700E+3	4.589590E-6	5.960510E-8
1.302400E+3	4.887610E-6	1.192100E-7
1.283300E+3	4.529980E-6	1.013290E-6
1.275300E+3	4.887610E-6	1.192100E-6
1.255800E+3	4.410770E-6	1.788150E-7
1.245000E+3	3.695500E-6	-4.172340E-7
1.236200E+3	3.814730E-6	-9.536820E-7
1.214600E+3	4.768400E-6	-7.152590E-7
1.206400E+3	5.364450E-6	0.000000E+0
1.187100E+3	5.126030E-6	-2.384200E-7
1.178400E+3	4.768400E-6	-1.072890E-6
1.159700E+3	4.828010E-6	-1.549730E-6
1.150500E+3	4.053140E-6	-4.172340E-7
1.129200E+3	5.483660E-6	-1.013290E-6
1.120900E+3	5.185630E-6	-1.192100E-6
1.110500E+3	4.649190E-6	-9.536820E-7
1.091100E+3	3.993540E-6	2.384200E-7
1.081200E+3	3.695500E-6	9.536820E-7
1.063800E+3	3.695500E-6	1.192100E-7
1.053700E+3	3.755110E-6	-5.960500E-7
1.036600E+3	3.457080E-6	-1.609330E-6
1.026600E+3	2.741830E-6	-1.370910E-6
1.007900E+3	2.026570E-6	-1.311310E-6
9.981000E+2	2.324600E-6	-1.609330E-6
9.814000E+2	3.278270E-6	-1.490120E-6
9.715000E+2	3.397480E-6	-1.490120E-6
9.636000E+2	3.159060E-6	-1.490120E-6
9.457000E+2	2.920640E-6	-1.549730E-6
9.382000E+2	3.755110E-6	-1.847750E-6
9.203000E+2	4.112750E-6	-1.490120E-6
9.130000E+2	4.351170E-6	-8.940730E-7
8.930000E+2	5.126030E-6	-1.192100E-6
8.855000E+2	5.304840E-6	-7.152590E-7
8.773000E+2	5.006820E-6	-4.768410E-7
8.583000E+2	5.960490E-6	-1.549730E-6
8.508000E+2	5.364450E-6	-2.324600E-6
8.313000E+2	4.231960E-6	-2.324600E-6
8.238000E+2	3.516690E-6	-9.536820E-7
8.131000E+2	3.516690E-6	-1.192100E-6
7.975000E+2	3.099460E-6	-2.205390E-6
7.873000E+2	2.920640E-6	-2.622620E-6
7.781000E+2	3.278270E-6	-1.549730E-6
7.613000E+2	4.529980E-6	1.311310E-6
7.522000E+2	4.112750E-6	1.013290E-6
7.348000E+2	3.814730E-6	5.960510E-8
7.257000E+2	4.231960E-6	-3.576300E-7
7.183000E+2	4.351170E-6	-3.576300E-7
7.016000E+2	4.351170E-6	1.192100E-7
6.946000E+2	4.231960E-6	5.960510E-8
6.778000E+2	3.457080E-6	-7.152590E-7
6.685000E+2	3.755110E-6	-1.609330E-6
6.520000E+2	3.993540E-6	-1.311310E-6
6.451000E+2	3.635900E-6	-1.609330E-6
6.283000E+2	3.159060E-6	-6.556550E-7
6.216000E+2	3.516690E-6	1.192100E-7
6.132000E+2	4.231960E-6	4.768410E-7
5.957000E+2	3.457080E-6	-5.364450E-7
5.881000E+2	2.622620E-6	-5.364450E-7
5.724000E+2	3.635900E-6	0.000000E+0
5.642000E+2	4.589590E-6	4.768410E-7
5.491000E+2	4.649190E-6	7.748640E-7
5.406000E+2	4.410770E-6	7.152590E-7
5.304000E+2	3.993540E-6	4.768410E-7
5.157000E+2	4.708800E-6	-1.251700E-6
5.070000E+2	5.126030E-6	-1.966970E-6
4.909000E+2	5.364450E-6	-8.940730E-7
4.819000E+2	5.602870E-6	-7.152590E-7
4.633000E+2	4.708800E-6	-1.251700E-6
4.487000E+2	5.185630E-6	-1.072890E-6
4.313000E+2	5.781680E-6	-1.072890E-6
3.868000E+2	5.662470E-6	-6.556550E-7
3.668000E+2	5.006820E-6	-5.364450E-7
3.213000E+2	5.483660E-6	-1.549730E-6
2.912000E+2	5.304840E-6	-2.384200E-6
2.410000E+2	6.675750E-6	-2.622620E-6
2.152000E+2	6.854560E-6	-2.622620E-6
1.624000E+2	6.377730E-6	-2.205390E-6
1.349000E+2	5.722080E-6	-2.086180E-6
1.074000E+2	5.245240E-6	-1.490120E-6
5.270000E+1	2.443800E-6	-1.609330E-6
-1.200000E+0	-1.013290E-6	-1.370910E-6
-2.970000E+1	-4.172340E-7	-1.490120E-6
-6.330000E+1	-1.430520E-6	-1.549730E-6
-1.168000E+2	-2.503410E-6	-9.536820E-7
-1.501000E+2	-2.920640E-6	-5.960510E-8
-1.754000E+2	-3.635900E-6	7.152590E-7
-2.334000E+2	-2.741830E-6	1.370910E-6
-2.582000E+2	-2.503410E-6	1.430520E-6
-3.071000E+2	-2.980250E-6	2.980250E-7
-3.299000E+2	-2.980250E-6	-7.152590E-7
