Sample Name, Varga_5_4_AM_35.65G
Freq displayed, 3.568, GHz, Power, 12, dBm, 35.65 Ghz, AM, 50%, 1 kHz
SR850: f = 1000.03 Hz; phase = -15.772 deg; output = 5 V; sens. = 50 mV; tc = 300 ms; 12dB/oct
Field	X	Y
Oe	V	V
*
-7.251000E+2	1.663980E-2	1.525890E-5
-7.251000E+2	1.663790E-2	1.335150E-5
-7.233000E+2	1.663600E-2	1.525890E-5
-7.154000E+2	1.663600E-2	1.716630E-5
-6.930000E+2	1.663410E-2	1.716630E-5
-6.797000E+2	1.663220E-2	1.907360E-5
-6.617000E+2	1.663030E-2	1.716630E-5
-6.312000E+2	1.662650E-2	1.716630E-5
-6.109000E+2	1.662460E-2	1.716630E-5
-5.949000E+2	1.662080E-2	1.716630E-5
-5.638000E+2	1.661310E-2	1.525890E-5
-5.487000E+2	1.661120E-2	1.525890E-5
-5.202000E+2	1.660930E-2	1.335150E-5
-5.068000E+2	1.660930E-2	1.144420E-5
-4.915000E+2	1.660740E-2	1.144420E-5
-4.673000E+2	1.660360E-2	1.335150E-5
-4.571000E+2	1.660170E-2	1.335150E-5
-4.375000E+2	1.659790E-2	1.335150E-5
-4.275000E+2	1.659600E-2	1.144420E-5
-4.053000E+2	1.659020E-2	1.144420E-5
-3.952000E+2	1.658450E-2	1.144420E-5
-3.819000E+2	1.658070E-2	1.144420E-5
-3.611000E+2	1.657120E-2	1.144420E-5
-3.503000E+2	1.656930E-2	1.144420E-5
-3.274000E+2	1.655590E-2	1.335150E-5
-3.128000E+2	1.655210E-2	1.144420E-5
-3.013000E+2	1.654450E-2	1.144420E-5
-2.759000E+2	1.653110E-2	9.536800E-6
-2.645000E+2	1.652920E-2	9.536800E-6
-2.420000E+2	1.651970E-2	9.536800E-6
-2.311000E+2	1.651590E-2	9.536800E-6
-2.063000E+2	1.650440E-2	7.629450E-6
-1.951000E+2	1.649490E-2	7.629450E-6
-1.812000E+2	1.648720E-2	7.629450E-6
-1.590000E+2	1.646820E-2	5.722080E-6
-1.479000E+2	1.645860E-2	3.814730E-6
-1.369000E+2	1.644910E-2	3.814730E-6
-1.117000E+2	1.642240E-2	1.907360E-6
-1.005000E+2	1.641090E-2	1.907360E-6
-7.470000E+1	1.639000E-2	0.000000E+0
-6.370000E+1	1.638230E-2	0.000000E+0
-4.980000E+1	1.637280E-2	0.000000E+0
-2.740000E+1	1.635370E-2	0.000000E+0
-1.350000E+1	1.634420E-2	0.000000E+0
-2.400000E+0	1.633660E-2	0.000000E+0
2.240000E+1	1.633080E-2	0.000000E+0
3.380000E+1	1.633270E-2	0.000000E+0
5.620000E+1	1.634610E-2	0.000000E+0
6.730000E+1	1.635370E-2	0.000000E+0
8.980000E+1	1.637090E-2	0.000000E+0
1.010000E+2	1.638230E-2	0.000000E+0
1.258000E+2	1.640140E-2	1.907360E-6
1.371000E+2	1.641480E-2	3.814730E-6
1.516000E+2	1.642430E-2	3.814730E-6
1.734000E+2	1.643760E-2	3.814730E-6
1.876000E+2	1.644530E-2	3.814730E-6
1.988000E+2	1.645100E-2	5.722080E-6
2.237000E+2	1.646820E-2	7.629450E-6
2.347000E+2	1.647960E-2	9.536800E-6
2.573000E+2	1.649680E-2	1.144420E-5
2.686000E+2	1.650440E-2	1.144420E-5
2.907000E+2	1.651780E-2	1.144420E-5
3.019000E+2	1.652350E-2	1.144420E-5
3.132000E+2	1.652920E-2	1.144420E-5
3.379000E+2	1.653680E-2	1.144420E-5
3.494000E+2	1.654060E-2	1.335150E-5
3.722000E+2	1.654830E-2	1.335150E-5
3.835000E+2	1.655590E-2	1.335150E-5
4.086000E+2	1.656540E-2	1.335150E-5
4.198000E+2	1.656930E-2	1.335150E-5
4.310000E+2	1.657120E-2	1.335150E-5
4.558000E+2	1.657310E-2	1.144420E-5
4.671000E+2	1.657310E-2	1.144420E-5
4.898000E+2	1.657310E-2	1.144420E-5
5.011000E+2	1.657500E-2	9.536800E-6
5.155000E+2	1.657500E-2	9.536800E-6
5.378000E+2	1.658260E-2	1.144420E-5
5.516000E+2	1.658260E-2	1.144420E-5
5.655000E+2	1.658450E-2	1.144420E-5
5.882000E+2	1.659210E-2	1.144420E-5
5.994000E+2	1.659600E-2	1.144420E-5
6.246000E+2	1.661120E-2	1.144420E-5
6.359000E+2	1.661500E-2	1.144420E-5
6.587000E+2	1.662840E-2	1.335150E-5
6.698000E+2	1.663600E-2	1.525890E-5
6.839000E+2	1.664170E-2	1.525890E-5
7.064000E+2	1.664360E-2	1.716630E-5
7.178000E+2	1.664170E-2	1.716630E-5
7.441000E+2	1.664360E-2	1.525890E-5
7.548000E+2	1.664170E-2	1.525890E-5
7.660000E+2	1.663790E-2	1.525890E-5
7.918000E+2	1.663790E-2	1.716630E-5
8.030000E+2	1.663980E-2	1.716630E-5
8.287000E+2	1.664360E-2	1.907360E-5
8.401000E+2	1.664560E-2	1.907360E-5
8.541000E+2	1.664560E-2	1.907360E-5
8.767000E+2	1.664750E-2	1.716630E-5
8.909000E+2	1.664750E-2	1.716630E-5
9.023000E+2	1.664750E-2	1.716630E-5
9.279000E+2	1.664940E-2	1.907360E-5
9.392000E+2	1.665320E-2	1.907360E-5
9.648000E+2	1.665890E-2	2.098100E-5
9.762000E+2	1.665890E-2	2.098100E-5
9.872000E+2	1.665890E-2	2.098100E-5
1.013400E+3	1.666080E-2	2.098100E-5
1.024600E+3	1.666270E-2	2.098100E-5
1.038600E+3	1.666460E-2	2.288830E-5
1.061500E+3	1.666460E-2	2.098100E-5
1.073000E+3	1.666460E-2	2.098100E-5
1.095900E+3	1.666270E-2	2.098100E-5
1.107300E+3	1.666270E-2	2.098100E-5
1.132500E+3	1.666270E-2	1.907360E-5
1.143800E+3	1.666650E-2	1.907360E-5
1.155100E+3	1.667420E-2	1.907360E-5
1.181100E+3	1.667990E-2	1.907360E-5
1.192400E+3	1.667990E-2	1.907360E-5
1.217600E+3	1.667800E-2	2.098100E-5
1.229100E+3	1.668180E-2	2.098100E-5
1.243200E+3	1.668560E-2	2.288830E-5
1.265900E+3	1.669320E-2	2.479560E-5
1.279900E+3	1.669700E-2	2.479560E-5
1.291000E+3	1.669900E-2	2.479560E-5
1.316300E+3	1.670280E-2	2.479560E-5
1.327600E+3	1.670470E-2	2.479560E-5
1.338700E+3	1.670660E-2	2.479560E-5
1.364100E+3	1.670090E-2	2.288830E-5
1.375300E+3	1.669900E-2	2.288830E-5
1.400600E+3	1.670090E-2	2.288830E-5
1.411900E+3	1.670280E-2	2.288830E-5
1.425700E+3	1.670280E-2	2.288830E-5
1.448000E+3	1.670470E-2	2.288830E-5
1.459300E+3	1.670470E-2	2.288830E-5
1.481600E+3	1.670470E-2	2.479560E-5
1.492800E+3	1.670280E-2	2.479560E-5
1.517900E+3	1.670470E-2	2.288830E-5
1.529000E+3	1.670660E-2	2.288830E-5
1.542700E+3	1.670850E-2	2.288830E-5
1.565100E+3	1.671420E-2	2.288830E-5
1.579000E+3	1.671610E-2	2.288830E-5
1.590400E+3	1.671990E-2	2.479560E-5
1.612600E+3	1.672570E-2	2.479560E-5
1.623700E+3	1.672570E-2	2.479560E-5
1.648700E+3	1.672570E-2	2.479560E-5
1.659700E+3	1.672570E-2	2.670300E-5
1.673800E+3	1.672570E-2	2.670300E-5
1.699400E+3	1.672950E-2	2.861030E-5
1.710400E+3	1.673140E-2	2.861030E-5
1.732700E+3	1.673710E-2	2.861030E-5
1.743900E+3	1.674090E-2	3.051780E-5
1.765900E+3	1.674660E-2	3.242520E-5
1.777100E+3	1.675050E-2	3.242520E-5
1.791500E+3	1.675430E-2	3.242520E-5
1.813900E+3	1.676190E-2	3.051780E-5
1.827600E+3	1.676760E-2	3.051780E-5
1.850100E+3	1.677530E-2	3.242520E-5
1.861100E+3	1.677720E-2	3.242520E-5
1.872200E+3	1.677910E-2	3.051780E-5
1.897100E+3	1.678100E-2	3.242520E-5
1.908300E+3	1.678290E-2	3.242520E-5
1.930800E+3	1.678670E-2	3.433250E-5
1.944500E+3	1.678860E-2	3.433250E-5
1.955700E+3	1.679050E-2	3.623990E-5
1.980700E+3	1.679430E-2	3.623990E-5
1.991900E+3	1.679620E-2	3.623990E-5
2.017300E+3	1.680390E-2	3.433250E-5
2.028600E+3	1.680580E-2	3.433250E-5
2.039700E+3	1.680770E-2	3.623990E-5
2.064900E+3	1.680770E-2	3.814720E-5
2.076100E+3	1.680770E-2	3.814720E-5
2.098400E+3	1.681340E-2	3.623990E-5
2.112300E+3	1.681720E-2	3.623990E-5
2.123500E+3	1.682100E-2	3.623990E-5
2.148300E+3	1.682670E-2	3.814720E-5
2.159400E+3	1.683250E-2	3.814720E-5
2.170700E+3	1.684010E-2	3.814720E-5
2.195600E+3	1.684770E-2	3.814720E-5
2.206700E+3	1.684770E-2	3.814720E-5
2.231600E+3	1.684960E-2	3.623990E-5
2.242800E+3	1.685350E-2	3.814720E-5
2.254100E+3	1.685730E-2	3.814720E-5
2.279700E+3	1.686110E-2	4.005460E-5
2.290700E+3	1.686110E-2	4.005460E-5
2.313000E+3	1.687060E-2	4.005460E-5
2.323500E+3	1.687440E-2	4.005460E-5
2.346400E+3	1.687820E-2	4.005460E-5
2.357400E+3	1.688020E-2	4.005460E-5
2.382800E+3	1.688590E-2	4.196190E-5
2.393900E+3	1.688780E-2	4.196190E-5
2.404900E+3	1.688590E-2	4.196190E-5
2.430000E+3	1.687630E-2	4.196190E-5
2.441100E+3	1.687630E-2	4.196190E-5
2.454800E+3	1.687820E-2	4.196190E-5
2.477300E+3	1.688210E-2	4.386930E-5
2.488500E+3	1.688400E-2	4.386930E-5
2.511000E+3	1.688210E-2	4.386930E-5
2.533200E+3	1.688020E-2	4.386930E-5
2.544300E+3	1.688020E-2	4.386930E-5
2.566500E+3	1.688210E-2	4.005460E-5
2.577700E+3	1.688590E-2	4.005460E-5
2.591600E+3	1.688590E-2	4.005460E-5
2.614200E+3	1.688780E-2	4.005460E-5
2.627900E+3	1.689160E-2	4.005460E-5
2.638800E+3	1.689160E-2	4.196190E-5
2.650100E+3	1.689540E-2	4.196190E-5
2.678000E+3	1.689540E-2	4.196190E-5
2.689100E+3	1.689540E-2	4.196190E-5
2.714400E+3	1.689730E-2	4.196190E-5
2.725600E+3	1.689730E-2	4.196190E-5
2.736900E+3	1.689920E-2	4.196190E-5
2.761900E+3	1.690500E-2	4.386930E-5
2.773100E+3	1.690880E-2	4.577660E-5
2.784300E+3	1.691260E-2	4.577660E-5
2.811500E+3	1.691640E-2	4.386930E-5
2.822700E+3	1.691830E-2	4.386930E-5
2.845200E+3	1.692400E-2	4.386930E-5
2.856600E+3	1.692590E-2	4.386930E-5
2.878900E+3	1.693170E-2	4.577660E-5
2.893000E+3	1.693550E-2	4.577660E-5
2.903800E+3	1.693930E-2	4.577660E-5
2.929300E+3	1.695260E-2	4.768390E-5
2.940400E+3	1.695450E-2	4.959130E-5
2.962600E+3	1.696220E-2	5.149860E-5
2.973800E+3	1.696410E-2	5.149860E-5
2.987600E+3	1.696600E-2	5.149860E-5
3.010000E+3	1.696600E-2	5.149860E-5
3.023900E+3	1.696790E-2	5.149860E-5
3.035100E+3	1.696600E-2	5.340600E-5
3.060100E+3	1.697170E-2	5.340600E-5
3.071200E+3	1.697170E-2	5.340600E-5
3.096200E+3	1.697360E-2	5.340600E-5
3.107500E+3	1.697550E-2	5.340600E-5
3.129800E+3	1.698120E-2	5.149860E-5
3.140900E+3	1.698510E-2	5.149860E-5
3.154800E+3	1.698890E-2	5.149860E-5
3.177200E+3	1.699460E-2	5.149860E-5
3.191500E+3	1.700030E-2	5.149860E-5
3.202800E+3	1.700410E-2	5.340600E-5
3.227500E+3	1.700790E-2	5.340600E-5
3.238600E+3	1.701180E-2	5.340600E-5
3.249800E+3	1.701940E-2	5.340600E-5
3.274900E+3	1.703460E-2	5.531330E-5
3.286100E+3	1.704610E-2	5.722070E-5
3.310900E+3	1.705180E-2	5.912800E-5
3.322200E+3	1.705180E-2	5.912800E-5
3.344500E+3	1.705180E-2	5.912800E-5
3.358200E+3	1.705180E-2	5.912800E-5
3.369300E+3	1.705370E-2	5.912800E-5
3.394300E+3	1.705370E-2	5.722070E-5
3.405600E+3	1.705370E-2	5.722070E-5
3.428100E+3	1.704800E-2	5.531330E-5
3.439100E+3	1.704800E-2	5.531330E-5
3.453600E+3	1.705370E-2	5.531330E-5
3.475600E+3	1.706520E-2	5.722070E-5
3.489300E+3	1.707090E-2	5.722070E-5
3.500600E+3	1.707470E-2	5.722070E-5
3.525800E+3	1.708230E-2	5.722070E-5
3.536900E+3	1.708610E-2	5.912800E-5
3.558900E+3	1.709760E-2	5.912800E-5
3.570100E+3	1.709760E-2	5.912800E-5
3.583900E+3	1.709760E-2	5.912800E-5
3.609000E+3	1.710140E-2	5.912800E-5
3.620200E+3	1.710330E-2	5.912800E-5
3.631400E+3	1.710710E-2	6.103560E-5
3.656500E+3	1.711090E-2	5.912800E-5
3.678800E+3	1.711480E-2	5.912800E-5
3.690100E+3	1.711480E-2	5.912800E-5
3.712100E+3	1.711480E-2	5.912800E-5
3.723200E+3	1.711480E-2	5.722070E-5
3.734400E+3	1.711480E-2	5.722070E-5
3.756600E+3	1.712430E-2	5.912800E-5
3.770400E+3	1.712810E-2	6.103560E-5
3.793000E+3	1.713760E-2	6.103560E-5
3.804300E+3	1.713960E-2	5.912800E-5
3.826600E+3	1.714340E-2	5.912800E-5
3.837700E+3	1.714720E-2	5.912800E-5
3.860100E+3	1.715290E-2	5.912800E-5
3.871300E+3	1.715290E-2	5.912800E-5
3.885500E+3	1.715290E-2	5.912800E-5
3.907700E+3	1.715480E-2	5.912800E-5
3.918800E+3	1.715670E-2	6.103560E-5
3.940800E+3	1.716240E-2	6.103560E-5
3.952100E+3	1.716630E-2	6.103560E-5
3.974400E+3	1.717770E-2	6.103560E-5
3.985500E+3	1.718150E-2	6.294300E-5
4.011100E+3	1.719300E-2	6.485030E-5
4.022000E+3	1.719680E-2	6.485030E-5
4.043800E+3	1.720440E-2	6.485030E-5
4.055100E+3	1.721010E-2	6.485030E-5
4.069500E+3	1.721580E-2	6.485030E-5
4.092000E+3	1.722540E-2	6.485030E-5
4.103200E+3	1.723110E-2	6.675770E-5
4.128100E+3	1.724640E-2	7.057240E-5
4.139300E+3	1.725590E-2	7.057240E-5
4.150300E+3	1.726350E-2	7.247970E-5
4.175300E+3	1.726930E-2	7.247970E-5
4.186400E+3	1.727120E-2	7.247970E-5
4.200500E+3	1.727310E-2	7.247970E-5
4.222700E+3	1.726930E-2	7.057240E-5
4.236500E+3	1.726930E-2	6.866500E-5
4.258900E+3	1.727120E-2	6.866500E-5
4.270100E+3	1.727120E-2	6.866500E-5
4.281400E+3	1.727690E-2	6.866500E-5
4.306500E+3	1.728640E-2	6.866500E-5
4.317300E+3	1.729210E-2	6.866500E-5
4.328500E+3	1.729790E-2	7.057240E-5
4.356700E+3	1.730740E-2	7.247970E-5
4.368000E+3	1.730930E-2	7.247970E-5
4.390400E+3	1.731690E-2	7.247970E-5
4.401600E+3	1.732270E-2	7.438710E-5
4.415300E+3	1.733030E-2	7.629440E-5
4.440200E+3	1.734360E-2	7.820180E-5
4.451600E+3	1.734940E-2	7.820180E-5
4.476400E+3	1.735700E-2	7.820180E-5
4.487500E+3	1.736270E-2	7.820180E-5
4.501300E+3	1.736840E-2	7.820180E-5
4.523800E+3	1.737990E-2	7.820180E-5
4.535100E+3	1.738750E-2	7.820180E-5
4.557200E+3	1.739130E-2	7.820180E-5
4.568400E+3	1.739320E-2	7.820180E-5
4.590600E+3	1.740090E-2	7.820180E-5
4.601800E+3	1.740470E-2	7.820180E-5
4.624100E+3	1.741230E-2	7.820180E-5
4.638000E+3	1.741610E-2	7.820180E-5
4.649000E+3	1.742370E-2	7.629440E-5
4.674500E+3	1.744090E-2	7.820180E-5
4.685800E+3	1.744660E-2	7.820180E-5
4.708100E+3	1.745620E-2	7.820180E-5
4.719200E+3	1.746190E-2	7.820180E-5
4.741100E+3	1.747140E-2	7.820180E-5
4.752300E+3	1.747520E-2	7.820180E-5
4.763600E+3	1.747910E-2	7.820180E-5
4.789100E+3	1.749050E-2	7.820180E-5
4.800200E+3	1.749430E-2	7.820180E-5
4.822400E+3	1.750960E-2	8.010910E-5
4.833500E+3	1.751720E-2	8.010910E-5
4.858500E+3	1.753250E-2	8.392380E-5
4.869900E+3	1.754200E-2	8.583120E-5
4.883600E+3	1.755340E-2	8.773850E-5
4.897400E+3	1.756110E-2	8.773850E-5
4.919600E+3	1.757440E-2	8.964590E-5
4.942000E+3	1.758780E-2	8.964590E-5
4.953300E+3	1.759730E-2	8.964590E-5
4.964400E+3	1.760300E-2	9.155320E-5
4.989300E+3	1.761260E-2	9.155320E-5
5.000500E+3	1.761830E-2	9.155320E-5
5.014100E+3	1.762400E-2	9.155320E-5
5.036900E+3	1.763740E-2	9.155320E-5
5.048000E+3	1.764500E-2	9.155320E-5
5.070200E+3	1.766030E-2	9.155320E-5
5.081500E+3	1.766790E-2	9.155320E-5
5.106500E+3	1.768510E-2	9.155320E-5
5.117700E+3	1.769840E-2	9.155320E-5
5.131800E+3	1.770990E-2	9.346050E-5
5.156600E+3	1.772510E-2	9.155320E-5
5.167800E+3	1.773270E-2	9.346050E-5
5.178800E+3	1.773660E-2	9.346050E-5
5.204300E+3	1.774800E-2	9.536790E-5
5.215500E+3	1.775180E-2	9.536790E-5
5.237600E+3	1.776130E-2	9.536790E-5
5.248800E+3	1.776900E-2	9.536790E-5
5.273800E+3	1.778040E-2	9.727520E-5
5.285000E+3	1.778610E-2	9.727520E-5
5.298700E+3	1.779380E-2	9.727520E-5
5.321200E+3	1.780520E-2	9.918260E-5
5.332500E+3	1.781090E-2	9.918260E-5
5.343400E+3	1.781860E-2	1.010900E-4
5.368400E+3	1.783000E-2	1.010900E-4
5.379600E+3	1.783380E-2	9.918260E-5
5.402000E+3	1.783760E-2	1.010900E-4
5.413200E+3	1.784150E-2	1.010900E-4
5.435600E+3	1.784720E-2	1.029970E-4
5.446900E+3	1.784910E-2	1.029970E-4
5.471900E+3	1.785100E-2	1.029970E-4
5.483000E+3	1.785290E-2	1.029970E-4
5.494100E+3	1.785670E-2	1.010900E-4
5.519700E+3	1.786630E-2	1.029970E-4
5.530100E+3	1.787010E-2	1.049050E-4
5.544700E+3	1.787200E-2	1.049050E-4
5.569600E+3	1.786430E-2	1.049050E-4
5.580900E+3	1.786240E-2	1.029970E-4
5.603300E+3	1.785290E-2	1.029970E-4
5.614200E+3	1.785100E-2	1.029970E-4
5.639300E+3	1.784340E-2	1.010900E-4
5.650500E+3	1.783760E-2	1.010900E-4
5.661500E+3	1.783380E-2	1.010900E-4
5.683900E+3	1.782050E-2	1.029970E-4
5.697900E+3	1.781090E-2	1.029970E-4
5.719700E+3	1.779000E-2	1.029970E-4
5.734000E+3	1.777850E-2	1.029970E-4
5.744800E+3	1.776710E-2	1.010900E-4
5.770100E+3	1.773660E-2	9.918260E-5
5.781200E+3	1.772320E-2	9.918260E-5
5.803700E+3	1.769270E-2	9.727520E-5
5.815100E+3	1.767930E-2	9.727520E-5
5.837200E+3	1.763930E-2	9.536790E-5
5.848200E+3	1.762210E-2	9.346050E-5
5.859600E+3	1.759920E-2	9.155320E-5
5.887200E+3	1.755150E-2	8.964590E-5
5.898400E+3	1.752870E-2	8.964590E-5
5.920700E+3	1.748100E-2	8.583120E-5
5.931700E+3	1.745430E-2	8.392380E-5
5.942900E+3	1.742180E-2	8.201650E-5
5.967900E+3	1.736080E-2	7.820180E-5
5.979100E+3	1.733030E-2	7.820180E-5
6.001400E+3	1.725970E-2	7.247970E-5
6.012500E+3	1.722160E-2	6.866500E-5
6.037500E+3	1.715100E-2	6.485030E-5
6.048700E+3	1.711480E-2	6.485030E-5
6.059700E+3	1.707850E-2	6.103560E-5
6.084800E+3	1.700030E-2	5.531330E-5
6.096000E+3	1.696600E-2	5.340600E-5
6.118400E+3	1.689350E-2	4.959130E-5
6.129700E+3	1.685540E-2	4.577660E-5
6.151900E+3	1.678100E-2	4.196190E-5
6.163000E+3	1.674470E-2	4.005460E-5
6.174100E+3	1.669900E-2	3.814720E-5
6.199100E+3	1.661500E-2	3.433250E-5
6.210400E+3	1.657500E-2	3.051780E-5
6.232700E+3	1.649300E-2	2.479560E-5
6.243600E+3	1.645100E-2	2.098100E-5
6.268600E+3	1.636900E-2	1.525890E-5
6.280000E+3	1.632320E-2	1.144420E-5
6.302300E+3	1.624880E-2	9.536800E-6
6.313300E+3	1.621260E-2	7.629450E-6
6.324500E+3	1.617440E-2	5.722080E-6
6.349500E+3	1.608100E-2	0.000000E+0
6.360800E+3	1.604090E-2	0.000000E+0
6.386400E+3	1.594560E-2	-5.722080E-6
6.397500E+3	1.589980E-2	-9.536800E-6
6.408400E+3	1.585020E-2	-1.335150E-5
6.433300E+3	1.576240E-2	-1.907360E-5
6.444800E+3	1.571090E-2	-2.288830E-5
6.458400E+3	1.566140E-2	-2.670300E-5
6.480900E+3	1.556970E-2	-3.242520E-5
6.494600E+3	1.552020E-2	-3.623990E-5
6.517000E+3	1.543430E-2	-4.005460E-5
6.528400E+3	1.538850E-2	-4.196190E-5
6.553400E+3	1.530270E-2	-4.577660E-5
6.564500E+3	1.525880E-2	-4.959130E-5
6.575600E+3	1.520160E-2	-5.340600E-5
6.600600E+3	1.510820E-2	-5.722070E-5
6.611900E+3	1.506430E-2	-6.103560E-5
6.622900E+3	1.500900E-2	-6.294300E-5
6.648400E+3	1.491360E-2	-6.675770E-5
6.659500E+3	1.486780E-2	-6.675770E-5
6.684300E+3	1.476870E-2	-7.438710E-5
6.695700E+3	1.472290E-2	-7.629440E-5
6.717900E+3	1.462750E-2	-8.201650E-5
6.728900E+3	1.457600E-2	-8.583120E-5
6.742900E+3	1.452640E-2	-8.964590E-5
6.765300E+3	1.442530E-2	-9.346050E-5
6.779200E+3	1.437770E-2	-9.536790E-5
6.790300E+3	1.432810E-2	-9.727520E-5
6.815300E+3	1.421930E-2	-1.029970E-4
6.826400E+3	1.416980E-2	-1.049050E-4
6.851900E+3	1.406290E-2	-1.087190E-4
6.863100E+3	1.401530E-2	-1.106270E-4
6.885400E+3	1.391610E-2	-1.163490E-4
6.895800E+3	1.385310E-2	-1.201630E-4
6.910200E+3	1.379210E-2	-1.220710E-4
6.932600E+3	1.369100E-2	-1.277930E-4
6.943900E+3	1.364140E-2	-1.297010E-4
6.966200E+3	1.352700E-2	-1.354230E-4
6.977400E+3	1.347170E-2	-1.392370E-4
6.999500E+3	1.335910E-2	-1.468670E-4
7.010700E+3	1.329810E-2	-1.487740E-4
7.024500E+3	1.324280E-2	-1.525890E-4
7.047000E+3	1.312640E-2	-1.583110E-4
7.060800E+3	1.306920E-2	-1.602180E-4
7.071800E+3	1.301390E-2	-1.640330E-4
7.099500E+3	1.286890E-2	-1.716620E-4
7.110800E+3	1.281550E-2	-1.735700E-4
7.133100E+3	1.269920E-2	-1.792920E-4
7.144300E+3	1.264200E-2	-1.811990E-4
7.155600E+3	1.258670E-2	-1.850140E-4
7.180500E+3	1.244930E-2	-1.888280E-4
7.191600E+3	1.239020E-2	-1.926430E-4
7.213900E+3	1.227000E-2	-1.983650E-4
7.225100E+3	1.220900E-2	-2.002730E-4
7.236200E+3	1.214030E-2	-2.040870E-4
7.264400E+3	1.198970E-2	-2.117170E-4
7.275500E+3	1.191910E-2	-2.155310E-4
7.297700E+3	1.178940E-2	-2.231610E-4
7.308900E+3	1.171310E-2	-2.250680E-4
7.322700E+3	1.164060E-2	-2.288830E-4
7.345000E+3	1.151090E-2	-2.365120E-4
7.356100E+3	1.144420E-2	-2.384200E-4
7.381400E+3	1.128200E-2	-2.460500E-4
7.392300E+3	1.120950E-2	-2.498650E-4
7.403500E+3	1.112940E-2	-2.517720E-4
7.428600E+3	1.097690E-2	-2.613090E-4
7.439800E+3	1.089290E-2	-2.651230E-4
7.464900E+3	1.073460E-2	-2.708450E-4
7.476100E+3	1.065070E-2	-2.746600E-4
7.490400E+3	1.054960E-2	-2.784750E-4
7.515200E+3	1.038940E-2	-2.841970E-4
7.526400E+3	1.031310E-2	-2.880120E-4
7.548700E+3	1.015480E-2	-2.918260E-4
7.560000E+3	1.007280E-2	-2.956410E-4
7.582300E+3	9.914460E-3	-3.032700E-4
7.593400E+3	9.830530E-3	-3.051780E-4
7.615800E+3	9.660780E-3	-3.128070E-4
7.627000E+3	9.571140E-3	-3.185290E-4
7.638100E+3	9.466230E-3	-3.204360E-4
7.663000E+3	9.271680E-3	-3.299730E-4
7.674200E+3	9.174410E-3	-3.318810E-4
7.688100E+3	9.069500E-3	-3.337880E-4
7.710600E+3	8.880670E-3	-3.414170E-4
7.724500E+3	8.775770E-3	-3.433250E-4
7.735400E+3	8.678500E-3	-3.471390E-4
7.760200E+3	8.462970E-3	-3.566760E-4
7.771400E+3	8.367600E-3	-3.585830E-4
7.796500E+3	8.148250E-3	-3.662130E-4
7.807700E+3	8.049070E-3	-3.700270E-4
7.818900E+3	7.930820E-3	-3.719350E-4
7.844400E+3	7.705720E-3	-3.795640E-4
7.855500E+3	7.593180E-3	-3.833790E-4
7.880400E+3	7.371930E-3	-3.891010E-4
7.891800E+3	7.265120E-3	-3.929160E-4
7.902900E+3	7.154490E-3	-3.948230E-4
7.927600E+3	6.889370E-3	-4.024520E-4
7.938800E+3	6.774930E-3	-4.062670E-4
7.964100E+3	6.538420E-3	-4.119890E-4
7.975300E+3	6.416350E-3	-4.158040E-4
7.986400E+3	6.292370E-3	-4.196190E-4
8.011200E+3	6.042510E-3	-4.253410E-4
8.022400E+3	5.905180E-3	-4.291550E-4
8.047400E+3	5.672480E-3	-4.348770E-4
8.058400E+3	5.559950E-3	-4.367850E-4
8.080700E+3	5.331070E-3	-4.425070E-4
8.092000E+3	5.218540E-3	-4.444140E-4
8.103100E+3	5.086930E-3	-4.482290E-4
8.128100E+3	4.844700E-3	-4.501360E-4
8.139300E+3	4.713090E-3	-4.520430E-4
8.153700E+3	4.598650E-3	-4.539510E-4
8.175900E+3	4.396470E-3	-4.558580E-4
8.187100E+3	4.278210E-3	-4.577660E-4
8.212100E+3	4.062680E-3	-4.596730E-4
8.223200E+3	3.967310E-3	-4.596730E-4
8.245600E+3	3.788010E-3	-4.596730E-4
8.256800E+3	3.696460E-3	-4.615800E-4
8.279100E+3	3.532420E-3	-4.615800E-4
8.290300E+3	3.444690E-3	-4.615800E-4
8.301500E+3	3.366490E-3	-4.615800E-4
8.326400E+3	3.227250E-3	-4.615800E-4
8.337500E+3	3.164310E-3	-4.615800E-4
8.359800E+3	3.042240E-3	-4.615800E-4
8.374000E+3	2.985020E-3	-4.615800E-4
8.385100E+3	2.943050E-3	-4.596730E-4
8.410000E+3	2.862950E-3	-4.596730E-4
8.421100E+3	2.832430E-3	-4.596730E-4
8.443200E+3	2.782840E-3	-4.596730E-4
8.454500E+3	2.763760E-3	-4.596730E-4
8.468300E+3	2.756130E-3	-4.577660E-4
8.490600E+3	2.748500E-3	-4.558580E-4
8.501800E+3	2.752320E-3	-4.558580E-4
8.524200E+3	2.765670E-3	-4.558580E-4
8.535500E+3	2.777110E-3	-4.577660E-4
8.557800E+3	2.813350E-3	-4.577660E-4
8.569000E+3	2.838150E-3	-4.577660E-4
8.591100E+3	2.897280E-3	-4.577660E-4
8.602400E+3	2.933520E-3	-4.577660E-4
8.627400E+3	3.034610E-3	-4.577660E-4
8.638500E+3	3.082290E-3	-4.577660E-4
8.649700E+3	3.141420E-3	-4.577660E-4
8.674700E+3	3.263490E-3	-4.577660E-4
8.685800E+3	3.335970E-3	-4.577660E-4
8.710900E+3	3.471390E-3	-4.577660E-4
8.722000E+3	3.553410E-3	-4.577660E-4
8.736100E+3	3.629700E-3	-4.558580E-4
8.758600E+3	3.786100E-3	-4.539510E-4
8.769700E+3	3.868120E-3	-4.520430E-4
8.791700E+3	4.049330E-3	-4.501360E-4
8.802800E+3	4.142790E-3	-4.482290E-4
8.828300E+3	4.323990E-3	-4.463210E-4
8.839500E+3	4.413630E-3	-4.444140E-4
8.850700E+3	4.514720E-3	-4.425070E-4
8.875600E+3	4.720720E-3	-4.386920E-4
8.886700E+3	4.816090E-3	-4.367850E-4
8.909100E+3	5.006820E-3	-4.348770E-4
8.920300E+3	5.104090E-3	-4.329700E-4
8.942400E+3	5.323440E-3	-4.291550E-4
8.956400E+3	5.439790E-3	-4.253410E-4
8.967400E+3	5.544690E-3	-4.234330E-4
8.992500E+3	5.771670E-3	-4.215260E-4
9.003500E+3	5.874660E-3	-4.196190E-4
9.025900E+3	6.088290E-3	-4.138970E-4
9.037100E+3	6.217990E-3	-4.100820E-4
9.051000E+3	6.338150E-3	-4.081740E-4
9.073400E+3	6.574660E-3	-3.986380E-4
9.087000E+3	6.677660E-3	-3.967300E-4
9.109100E+3	6.887470E-3	-3.910080E-4
9.120400E+3	7.007630E-3	-3.852860E-4
9.131500E+3	7.120160E-3	-3.833790E-4
9.156600E+3	7.333790E-3	-3.757500E-4
9.167800E+3	7.432970E-3	-3.719350E-4
9.190000E+3	7.659940E-3	-3.662130E-4
9.204400E+3	7.768660E-3	-3.623980E-4
9.226100E+3	7.965150E-3	-3.566760E-4
9.237200E+3	8.062420E-3	-3.547690E-4
9.259500E+3	8.258880E-3	-3.471390E-4
9.270700E+3	8.358060E-3	-3.433250E-4
9.293200E+3	8.548800E-3	-3.376030E-4
9.304500E+3	8.644160E-3	-3.337880E-4
9.315500E+3	8.754790E-3	-3.299730E-4
9.340400E+3	8.953150E-3	-3.204360E-4
9.351600E+3	9.065690E-3	-3.185290E-4
9.365900E+3	9.176310E-3	-3.128070E-4
9.388300E+3	9.370860E-3	-3.051780E-4
9.401900E+3	9.462420E-3	-3.013630E-4
9.424200E+3	9.658870E-3	-2.918260E-4
9.438200E+3	9.746610E-3	-2.918260E-4
9.449200E+3	9.834350E-3	-2.880120E-4
9.471700E+3	9.996470E-3	-2.822890E-4
9.482900E+3	1.009370E-2	-2.784750E-4
9.496800E+3	1.019290E-2	-2.746600E-4
9.521600E+3	1.036270E-2	-2.670310E-4
9.532700E+3	1.044280E-2	-2.651230E-4
9.555100E+3	1.059540E-2	-2.574940E-4
9.566200E+3	1.067360E-2	-2.536790E-4
9.588400E+3	1.083000E-2	-2.460500E-4
9.599700E+3	1.090250E-2	-2.422340E-4
9.622300E+3	1.103790E-2	-2.384200E-4
9.633300E+3	1.110460E-2	-2.346050E-4
9.655700E+3	1.125340E-2	-2.269750E-4
9.669500E+3	1.133540E-2	-2.250680E-4
9.683200E+3	1.140600E-2	-2.212530E-4
9.705500E+3	1.153190E-2	-2.136240E-4
9.716800E+3	1.159290E-2	-2.117170E-4
9.739200E+3	1.172260E-2	-2.040870E-4
9.750300E+3	1.178560E-2	-2.002730E-4
9.764700E+3	1.185420E-2	-1.983650E-4
9.789500E+3	1.197250E-2	-1.926430E-4
9.800600E+3	1.202210E-2	-1.907360E-4
9.822900E+3	1.211740E-2	-1.850140E-4
9.834200E+3	1.216130E-2	-1.850140E-4
9.856700E+3	1.225860E-2	-1.792920E-4
9.867800E+3	1.230440E-2	-1.773840E-4
9.879000E+3	1.235400E-2	-1.754770E-4
9.903800E+3	1.244360E-2	-1.716620E-4
9.915100E+3	1.248370E-2	-1.697550E-4
9.940000E+3	1.258280E-2	-1.640330E-4
9.951100E+3	1.262670E-2	-1.602180E-4
9.965000E+3	1.266870E-2	-1.602180E-4
9.987200E+3	1.274110E-2	-1.564040E-4
9.998500E+3	1.278120E-2	-1.544960E-4
1.001240E+4	1.281550E-2	-1.506810E-4
1.003460E+4	1.289370E-2	-1.468670E-4
1.004850E+4	1.292810E-2	-1.468670E-4
1.007070E+4	1.298910E-2	-1.449590E-4
1.008180E+4	1.301770E-2	-1.430520E-4
1.010740E+4	1.308450E-2	-1.373300E-4
1.011860E+4	1.311120E-2	-1.373300E-4
1.014030E+4	1.316840E-2	-1.354230E-4
1.015150E+4	1.320460E-2	-1.335150E-4
1.016600E+4	1.322940E-2	-1.335150E-4
1.018830E+4	1.327900E-2	-1.316080E-4
1.019930E+4	1.330950E-2	-1.297010E-4
1.022170E+4	1.335720E-2	-1.258860E-4
1.023280E+4	1.337820E-2	-1.239790E-4
1.025510E+4	1.342590E-2	-1.201630E-4
1.026620E+4	1.345450E-2	-1.201630E-4
1.027990E+4	1.348120E-2	-1.182560E-4
1.030230E+4	1.352890E-2	-1.163490E-4
1.031620E+4	1.355180E-2	-1.144410E-4
1.033850E+4	1.359750E-2	-1.106270E-4
1.034960E+4	1.361850E-2	-1.087190E-4
1.037150E+4	1.366050E-2	-1.068120E-4
1.038260E+4	1.368150E-2	-1.068120E-4
1.039670E+4	1.370440E-2	-1.068120E-4
1.042210E+4	1.373870E-2	-1.068120E-4
1.043320E+4	1.375590E-2	-1.068120E-4
1.045530E+4	1.378450E-2	-1.068120E-4
1.046660E+4	1.380540E-2	-1.049050E-4
1.047760E+4	1.382450E-2	-1.029970E-4
1.050550E+4	1.386650E-2	-9.727520E-5
1.051620E+4	1.388750E-2	-9.536790E-5
1.052740E+4	1.390270E-2	-9.536790E-5
1.054990E+4	1.393130E-2	-9.536790E-5
1.056120E+4	1.394280E-2	-9.536790E-5
1.058350E+4	1.396950E-2	-9.346050E-5
1.059450E+4	1.398280E-2	-9.346050E-5
1.061680E+4	1.401340E-2	-9.346050E-5
1.063060E+4	1.402860E-2	-9.346050E-5
1.064170E+4	1.404200E-2	-9.346050E-5
1.066730E+4	1.407440E-2	-9.155320E-5
1.067850E+4	1.408770E-2	-8.964590E-5
1.070080E+4	1.411830E-2	-8.773850E-5
1.071180E+4	1.413160E-2	-8.583120E-5
1.073690E+4	1.415450E-2	-8.583120E-5
1.074800E+4	1.416590E-2	-8.583120E-5
1.075910E+4	1.417930E-2	-8.583120E-5
1.078420E+4	1.420790E-2	-8.392380E-5
1.079560E+4	1.422320E-2	-8.201650E-5
1.081790E+4	1.424990E-2	-8.010910E-5
1.082890E+4	1.426700E-2	-8.010910E-5
1.085380E+4	1.429370E-2	-7.629440E-5
1.086500E+4	1.430710E-2	-7.629440E-5
1.087900E+4	1.431850E-2	-7.438710E-5
1.090390E+4	1.433950E-2	-7.438710E-5
1.091500E+4	1.435100E-2	-7.438710E-5
1.092640E+4	1.436240E-2	-7.438710E-5
1.095160E+4	1.437770E-2	-7.247970E-5
1.096220E+4	1.438910E-2	-7.057240E-5
1.098460E+4	1.441010E-2	-7.057240E-5
1.099900E+4	1.442150E-2	-7.057240E-5
1.101010E+4	1.443110E-2	-6.866500E-5
1.103240E+4	1.444630E-2	-6.675770E-5
1.104360E+4	1.445780E-2	-6.675770E-5
1.106570E+4	1.447870E-2	-6.485030E-5
1.107630E+4	1.449020E-2	-6.294300E-5
1.110130E+4	1.450350E-2	-6.294300E-5
1.111280E+4	1.450930E-2	-6.485030E-5
1.112650E+4	1.451310E-2	-6.485030E-5
1.114900E+4	1.452260E-2	-6.675770E-5
1.116010E+4	1.453020E-2	-6.675770E-5
1.118250E+4	1.454930E-2	-6.675770E-5
1.119610E+4	1.455690E-2	-6.675770E-5
1.120730E+4	1.456460E-2	-6.675770E-5
1.122990E+4	1.457980E-2	-6.485030E-5
1.124350E+4	1.458940E-2	-6.485030E-5
1.126590E+4	1.460270E-2	-6.103560E-5
1.128020E+4	1.461040E-2	-6.103560E-5
1.129120E+4	1.461800E-2	-6.103560E-5
1.131300E+4	1.463130E-2	-5.912800E-5
1.132430E+4	1.463900E-2	-5.912800E-5
1.134660E+4	1.465040E-2	-5.912800E-5
1.136100E+4	1.465610E-2	-5.912800E-5
1.137470E+4	1.466380E-2	-5.912800E-5
1.139710E+4	1.468090E-2	-5.912800E-5
1.141090E+4	1.468470E-2	-5.912800E-5
1.143300E+4	1.469810E-2	-5.531330E-5
1.144430E+4	1.470570E-2	-5.531330E-5
1.146670E+4	1.472100E-2	-5.340600E-5
1.147800E+4	1.472670E-2	-5.149860E-5
1.150020E+4	1.474200E-2	-4.959130E-5
1.151140E+4	1.475150E-2	-4.959130E-5
1.152250E+4	1.476100E-2	-4.959130E-5
1.154740E+4	1.477630E-2	-4.959130E-5
1.155860E+4	1.478770E-2	-4.768390E-5
1.157260E+4	1.479350E-2	-4.577660E-5
1.159470E+4	1.480300E-2	-4.386930E-5
1.160890E+4	1.480680E-2	-4.577660E-5
1.163130E+4	1.481440E-2	-4.577660E-5
1.164190E+4	1.482020E-2	-4.386930E-5
1.166400E+4	1.482590E-2	-4.386930E-5
1.167540E+4	1.482780E-2	-4.386930E-5
1.170080E+4	1.483920E-2	-4.386930E-5
1.171190E+4	1.484500E-2	-4.386930E-5
1.172330E+4	1.485260E-2	-4.386930E-5
1.174800E+4	1.486970E-2	-4.196190E-5
1.175930E+4	1.487930E-2	-4.196190E-5
1.178170E+4	1.488880E-2	-4.196190E-5
1.179270E+4	1.489260E-2	-4.196190E-5
1.181480E+4	1.489840E-2	-4.196190E-5
1.182610E+4	1.490030E-2	-4.196190E-5
1.183730E+4	1.490600E-2	-4.196190E-5
1.186230E+4	1.491360E-2	-4.386930E-5
1.187360E+4	1.491740E-2	-4.386930E-5
1.189600E+4	1.492890E-2	-4.386930E-5
1.190990E+4	1.493270E-2	-4.386930E-5
1.193210E+4	1.494410E-2	-4.196190E-5
1.194320E+4	1.494600E-2	-4.196190E-5
1.195430E+4	1.494990E-2	-4.196190E-5
1.197920E+4	1.495750E-2	-4.196190E-5
1.199040E+4	1.496130E-2	-4.196190E-5
1.200410E+4	1.496510E-2	-4.196190E-5
1.202640E+4	1.496890E-2	-4.196190E-5
1.204040E+4	1.497080E-2	-4.196190E-5
1.205150E+4	1.497270E-2	-4.196190E-5
1.207710E+4	1.497850E-2	-4.005460E-5
1.209850E+4	1.498990E-2	-4.005460E-5
1.210970E+4	1.499750E-2	-4.005460E-5
1.212100E+4	1.500330E-2	-4.005460E-5
1.214670E+4	1.501660E-2	-4.005460E-5
1.215800E+4	1.502420E-2	-4.005460E-5
1.218270E+4	1.503000E-2	-4.005460E-5
1.219380E+4	1.503190E-2	-4.005460E-5
1.220770E+4	1.503380E-2	-4.005460E-5
1.223000E+4	1.504140E-2	-4.005460E-5
1.224120E+4	1.504710E-2	-4.005460E-5
1.225210E+4	1.505090E-2	-4.005460E-5
1.227710E+4	1.506050E-2	-3.814720E-5
1.228840E+4	1.506430E-2	-3.814720E-5
1.231330E+4	1.506810E-2	-3.814720E-5
1.232440E+4	1.507190E-2	-3.814720E-5
1.233820E+4	1.507770E-2	-3.623990E-5
1.236070E+4	1.508530E-2	-3.623990E-5
1.237180E+4	1.508910E-2	-3.623990E-5
1.239720E+4	1.509100E-2	-3.623990E-5
1.240860E+4	1.509100E-2	-3.623990E-5
1.241960E+4	1.509480E-2	-3.623990E-5
1.244450E+4	1.510630E-2	-3.242520E-5
1.245580E+4	1.511200E-2	-3.051780E-5
1.247820E+4	1.512340E-2	-3.051780E-5
1.249190E+4	1.512910E-2	-2.861030E-5
1.251410E+4	1.513870E-2	-2.861030E-5
1.252530E+4	1.514250E-2	-2.861030E-5
1.254760E+4	1.515010E-2	-2.670300E-5
1.255890E+4	1.515780E-2	-2.670300E-5
1.257260E+4	1.515780E-2	-2.670300E-5
1.259500E+4	1.516160E-2	-2.670300E-5
1.260630E+4	1.516350E-2	-2.670300E-5
1.261740E+4	1.516540E-2	-2.861030E-5
1.264230E+4	1.516540E-2	-2.861030E-5
1.265330E+4	1.516350E-2	-3.051780E-5
1.267550E+4	1.516160E-2	-3.051780E-5
1.268680E+4	1.516350E-2	-3.051780E-5
1.270900E+4	1.516730E-2	-3.051780E-5
1.272010E+4	1.516920E-2	-3.242520E-5
1.274260E+4	1.517110E-2	-3.242520E-5
1.275380E+4	1.517680E-2	-3.242520E-5
1.277580E+4	1.519020E-2	-3.242520E-5
1.278960E+4	1.519590E-2	-3.051780E-5
1.280090E+4	1.520160E-2	-3.051780E-5
1.282620E+4	1.521500E-2	-2.861030E-5
1.283730E+4	1.522070E-2	-2.670300E-5
1.286220E+4	1.522260E-2	-2.670300E-5
1.287350E+4	1.522450E-2	-2.670300E-5
1.289580E+4	1.523600E-2	-2.288830E-5
1.290660E+4	1.524740E-2	-2.098100E-5
1.292060E+4	1.525310E-2	-2.098100E-5
1.294300E+4	1.526270E-2	-1.907360E-5
1.295400E+4	1.526840E-2	-1.907360E-5
1.296510E+4	1.527410E-2	-1.716630E-5
1.299070E+4	1.528170E-2	-1.525890E-5
1.300130E+4	1.528360E-2	-1.525890E-5
1.302360E+4	1.527980E-2	-1.716630E-5
1.303730E+4	1.527980E-2	-1.716630E-5
1.305720E+4	1.528360E-2	-1.716630E-5
1.306620E+4	1.528560E-2	-1.525890E-5
1.308130E+4	1.529130E-2	-1.335150E-5
1.308730E+4	1.529510E-2	-1.335150E-5
1.309590E+4	1.530080E-2	-1.335150E-5
1.309860E+4	1.530270E-2	-1.335150E-5
1.309990E+4	1.530460E-2	-1.335150E-5
1.309830E+4	1.530460E-2	-1.335150E-5
1.309530E+4	1.530270E-2	-1.335150E-5
1.308390E+4	1.530460E-2	-1.525890E-5
1.307620E+4	1.530270E-2	-1.525890E-5
1.306730E+4	1.530270E-2	-1.525890E-5
1.304190E+4	1.529510E-2	-1.525890E-5
1.302880E+4	1.529320E-2	-1.525890E-5
1.301180E+4	1.529130E-2	-1.525890E-5
1.297980E+4	1.528940E-2	-1.716630E-5
1.296580E+4	1.528940E-2	-1.716630E-5
1.293850E+4	1.528170E-2	-1.907360E-5
1.292540E+4	1.527790E-2	-1.907360E-5
1.290120E+4	1.527030E-2	-2.098100E-5
1.289050E+4	1.526460E-2	-2.288830E-5
1.287660E+4	1.526270E-2	-2.288830E-5
1.285540E+4	1.525310E-2	-2.479560E-5
1.284480E+4	1.524930E-2	-2.479560E-5
1.282370E+4	1.524930E-2	-2.479560E-5
1.281300E+4	1.524930E-2	-2.288830E-5
1.279100E+4	1.525120E-2	-2.098100E-5
1.277990E+4	1.525310E-2	-1.907360E-5
1.275500E+4	1.525120E-2	-1.907360E-5
1.274370E+4	1.524740E-2	-1.907360E-5
1.272680E+4	1.524360E-2	-1.907360E-5
1.270430E+4	1.523600E-2	-1.907360E-5
1.269300E+4	1.523600E-2	-2.098100E-5
1.268180E+4	1.523410E-2	-1.907360E-5
1.265670E+4	1.523020E-2	-1.907360E-5
1.264570E+4	1.522640E-2	-1.716630E-5
1.262020E+4	1.522260E-2	-1.907360E-5
1.260900E+4	1.521880E-2	-1.907360E-5
1.259520E+4	1.521690E-2	-2.098100E-5
1.257280E+4	1.521120E-2	-2.098100E-5
1.256160E+4	1.520740E-2	-2.098100E-5
1.253920E+4	1.519780E-2	-2.098100E-5
1.252800E+4	1.519590E-2	-2.288830E-5
1.250310E+4	1.519020E-2	-2.479560E-5
1.249180E+4	1.518830E-2	-2.479560E-5
1.248070E+4	1.518450E-2	-2.670300E-5
1.245570E+4	1.517680E-2	-2.670300E-5
1.244430E+4	1.517110E-2	-2.670300E-5
1.243330E+4	1.516350E-2	-2.670300E-5
1.240830E+4	1.515390E-2	-2.670300E-5
1.239700E+4	1.515010E-2	-2.479560E-5
1.239700E+4	1.515010E-2	-2.479560E-5
1.236100E+4	1.513870E-2	-2.670300E-5
1.234710E+4	1.513300E-2	-2.670300E-5
1.232440E+4	1.512340E-2	-2.670300E-5
1.231330E+4	1.511960E-2	-2.670300E-5
1.228760E+4	1.511580E-2	-2.670300E-5
1.227630E+4	1.511390E-2	-2.670300E-5
1.225450E+4	1.511010E-2	-2.670300E-5
1.224340E+4	1.510820E-2	-2.670300E-5
1.222900E+4	1.510440E-2	-2.670300E-5
1.220660E+4	1.509480E-2	-2.670300E-5
1.219280E+4	1.508910E-2	-2.670300E-5
1.218170E+4	1.508150E-2	-2.670300E-5
1.215670E+4	1.507190E-2	-2.861030E-5
1.214560E+4	1.506620E-2	-3.051780E-5
1.213430E+4	1.506240E-2	-3.051780E-5
1.210600E+4	1.505290E-2	-3.242520E-5
1.209490E+4	1.505090E-2	-3.242520E-5
1.207260E+4	1.504330E-2	-3.242520E-5
1.206150E+4	1.503950E-2	-3.242520E-5
1.203940E+4	1.503570E-2	-3.242520E-5
1.202800E+4	1.503190E-2	-3.242520E-5
1.201710E+4	1.502620E-2	-3.051780E-5
1.199130E+4	1.501660E-2	-3.051780E-5
1.198010E+4	1.501280E-2	-3.051780E-5
1.195770E+4	1.499940E-2	-3.051780E-5
1.194390E+4	1.499560E-2	-3.051780E-5
1.193270E+4	1.498800E-2	-3.051780E-5
1.190770E+4	1.498040E-2	-3.051780E-5
1.189640E+4	1.497850E-2	-3.051780E-5
1.187390E+4	1.497270E-2	-3.051780E-5
1.186270E+4	1.497080E-2	-2.861030E-5
1.184040E+4	1.495940E-2	-3.051780E-5
1.182940E+4	1.495560E-2	-3.051780E-5
1.180710E+4	1.494410E-2	-3.242520E-5
1.179320E+4	1.493840E-2	-3.242520E-5
1.178200E+4	1.493270E-2	-3.242520E-5
1.175670E+4	1.492320E-2	-3.433250E-5
1.174540E+4	1.491740E-2	-3.433250E-5
1.172320E+4	1.490600E-2	-3.433250E-5
1.171200E+4	1.489840E-2	-3.623990E-5
1.169820E+4	1.489260E-2	-3.623990E-5
1.167260E+4	1.488310E-2	-3.623990E-5
1.166140E+4	1.487930E-2	-3.623990E-5
1.163910E+4	1.487170E-2	-3.814720E-5
1.162790E+4	1.486590E-2	-3.814720E-5
1.161690E+4	1.485830E-2	-3.814720E-5
1.158890E+4	1.484500E-2	-3.814720E-5
1.157780E+4	1.484110E-2	-3.814720E-5
1.155540E+4	1.483160E-2	-3.814720E-5
1.154410E+4	1.482780E-2	-3.814720E-5
1.152180E+4	1.481440E-2	-3.814720E-5
1.151070E+4	1.480680E-2	-3.814720E-5
1.148830E+4	1.479350E-2	-3.814720E-5
1.147710E+4	1.478960E-2	-3.814720E-5
1.146330E+4	1.478770E-2	-3.814720E-5
1.144080E+4	1.477630E-2	-4.005460E-5
1.142980E+4	1.477060E-2	-4.005460E-5
1.140490E+4	1.475530E-2	-4.196190E-5
1.139360E+4	1.474770E-2	-4.386930E-5
1.138240E+4	1.473810E-2	-4.386930E-5
1.135710E+4	1.472480E-2	-4.577660E-5
1.134610E+4	1.471720E-2	-4.577660E-5
1.133150E+4	1.470950E-2	-4.768390E-5
1.130910E+4	1.470190E-2	-4.768390E-5
1.129810E+4	1.469620E-2	-4.768390E-5
1.127300E+4	1.468470E-2	-4.768390E-5
1.126180E+4	1.468090E-2	-4.768390E-5
1.125050E+4	1.467330E-2	-4.768390E-5
1.122540E+4	1.465990E-2	-4.768390E-5
1.121430E+4	1.465230E-2	-4.959130E-5
1.119190E+4	1.463510E-2	-4.959130E-5
1.118080E+4	1.462750E-2	-5.149860E-5
1.115570E+4	1.460840E-2	-5.149860E-5
1.114430E+4	1.460080E-2	-5.149860E-5
1.113340E+4	1.458940E-2	-5.149860E-5
1.110820E+4	1.457410E-2	-5.149860E-5
1.109690E+4	1.456650E-2	-5.149860E-5
1.108360E+4	1.456270E-2	-5.340600E-5
1.106100E+4	1.454930E-2	-5.340600E-5
1.103840E+4	1.453210E-2	-5.340600E-5
1.102720E+4	1.452260E-2	-5.340600E-5
1.100470E+4	1.450160E-2	-5.340600E-5
1.099350E+4	1.449210E-2	-5.340600E-5
1.098230E+4	1.448260E-2	-5.340600E-5
1.095740E+4	1.445970E-2	-5.531330E-5
1.094620E+4	1.445200E-2	-5.722070E-5
1.092390E+4	1.443300E-2	-5.912800E-5
1.090990E+4	1.442340E-2	-5.912800E-5
1.089880E+4	1.441580E-2	-5.912800E-5
1.087310E+4	1.439480E-2	-5.912800E-5
1.086210E+4	1.438530E-2	-6.103560E-5
1.083980E+4	1.436430E-2	-6.294300E-5
1.082830E+4	1.435100E-2	-6.485030E-5
1.081460E+4	1.433760E-2	-6.485030E-5
1.078950E+4	1.430900E-2	-6.675770E-5
1.077830E+4	1.429950E-2	-6.866500E-5
1.076710E+4	1.428420E-2	-6.866500E-5
1.074230E+4	1.424990E-2	-7.247970E-5
1.073120E+4	1.423650E-2	-7.438710E-5
1.070590E+4	1.421360E-2	-7.438710E-5
1.069460E+4	1.420410E-2	-7.438710E-5
1.068340E+4	1.419260E-2	-7.438710E-5
1.065830E+4	1.416980E-2	-7.438710E-5
1.064710E+4	1.415450E-2	-7.438710E-5
1.062150E+4	1.412780E-2	-7.629440E-5
1.061040E+4	1.411440E-2	-7.820180E-5
1.059910E+4	1.410300E-2	-7.820180E-5
1.057400E+4	1.407440E-2	-8.010910E-5
1.056300E+4	1.406290E-2	-8.010910E-5
1.055180E+4	1.404960E-2	-8.010910E-5
1.052680E+4	1.402100E-2	-8.201650E-5
1.050440E+4	1.399620E-2	-8.392380E-5
1.049320E+4	1.398280E-2	-8.392380E-5
1.047960E+4	1.396570E-2	-8.583120E-5
1.046570E+4	1.395040E-2	-8.773850E-5
1.044320E+4	1.391610E-2	-8.964590E-5
1.043190E+4	1.389890E-2	-8.964590E-5
1.040620E+4	1.386270E-2	-8.964590E-5
1.039510E+4	1.384930E-2	-8.964590E-5
1.037300E+4	1.381120E-2	-9.155320E-5
1.036240E+4	1.379210E-2	-9.346050E-5
1.034850E+4	1.377300E-2	-9.346050E-5
1.032580E+4	1.374060E-2	-9.536790E-5
1.031190E+4	1.371770E-2	-9.536790E-5
1.028930E+4	1.367960E-2	-9.536790E-5
1.027810E+4	1.366240E-2	-9.727520E-5
1.026700E+4	1.363950E-2	-9.727520E-5
1.024190E+4	1.359370E-2	-1.010900E-4
1.023070E+4	1.357280E-2	-1.010900E-4
1.020850E+4	1.353270E-2	-1.029970E-4
1.019720E+4	1.351360E-2	-1.029970E-4
1.018600E+4	1.349070E-2	-1.029970E-4
1.016110E+4	1.343920E-2	-1.049050E-4
1.014660E+4	1.340870E-2	-1.068120E-4
1.013530E+4	1.338010E-2	-1.068120E-4
1.011030E+4	1.332290E-2	-1.106270E-4
1.009930E+4	1.329430E-2	-1.125340E-4
1.007430E+4	1.324280E-2	-1.163490E-4
1.006320E+4	1.321990E-2	-1.182560E-4
1.004060E+4	1.315500E-2	-1.220710E-4
1.002670E+4	1.312450E-2	-1.239790E-4
1.001550E+4	1.309210E-2	-1.258860E-4
9.993200E+3	1.303300E-2	-1.297010E-4
9.981900E+3	1.299290E-2	-1.316080E-4
9.957000E+3	1.292430E-2	-1.335150E-4
9.945700E+3	1.288420E-2	-1.373300E-4
9.931200E+3	1.284410E-2	-1.392370E-4
9.908800E+3	1.276210E-2	-1.449590E-4
9.895000E+3	1.271440E-2	-1.468670E-4
9.881100E+3	1.267440E-2	-1.487740E-4
9.858700E+3	1.259810E-2	-1.525890E-4
9.847700E+3	1.255230E-2	-1.544960E-4
9.833700E+3	1.250270E-2	-1.583110E-4
9.808600E+3	1.241120E-2	-1.621260E-4
9.797500E+3	1.236540E-2	-1.659400E-4
9.775200E+3	1.226620E-2	-1.716620E-4
9.764000E+3	1.221850E-2	-1.716620E-4
9.741400E+3	1.212510E-2	-1.773840E-4
9.730000E+3	1.207360E-2	-1.792920E-4
9.718900E+3	1.200490E-2	-1.831060E-4
9.693800E+3	1.189620E-2	-1.869210E-4
9.682700E+3	1.184280E-2	-1.907360E-4
9.660500E+3	1.171120E-2	-1.964580E-4
9.646100E+3	1.165010E-2	-1.983650E-4
9.624200E+3	1.152620E-2	-2.021800E-4
9.612900E+3	1.144610E-2	-2.059950E-4
9.598600E+3	1.137170E-2	-2.098090E-4
9.576200E+3	1.124580E-2	-2.136240E-4
9.564800E+3	1.118090E-2	-2.174390E-4
9.542500E+3	1.102830E-2	-2.250680E-4
9.528600E+3	1.093870E-2	-2.288830E-4
9.514800E+3	1.085100E-2	-2.346050E-4
9.489700E+3	1.068120E-2	-2.422340E-4
9.478500E+3	1.060110E-2	-2.479570E-4
9.467200E+3	1.051530E-2	-2.517720E-4
9.439100E+3	1.032840E-2	-2.574940E-4
9.428000E+3	1.025210E-2	-2.632160E-4
9.406100E+3	1.009180E-2	-2.689380E-4
9.395200E+3	1.000790E-2	-2.708450E-4
9.383900E+3	9.914460E-3	-2.746600E-4
9.358000E+3	9.733260E-3	-2.822890E-4
9.346800E+3	9.634080E-3	-2.861040E-4
9.321700E+3	9.441440E-3	-2.937340E-4
9.310400E+3	9.349880E-3	-2.975480E-4
9.299300E+3	9.244980E-3	-3.032700E-4
9.274200E+3	9.058060E-3	-3.089920E-4
9.262900E+3	8.968410E-3	-3.128070E-4
9.240700E+3	8.783400E-3	-3.185290E-4
9.229500E+3	8.688030E-3	-3.204360E-4
9.218300E+3	8.573590E-3	-3.261580E-4
9.190500E+3	8.344710E-3	-3.318810E-4
9.179300E+3	8.243620E-3	-3.376030E-4
9.156800E+3	8.037630E-3	-3.433250E-4
9.145600E+3	7.934630E-3	-3.490470E-4
9.134400E+3	7.833540E-3	-3.528610E-4
9.109300E+3	7.589370E-3	-3.604910E-4
9.098200E+3	7.484470E-3	-3.643050E-4
9.075900E+3	7.288010E-3	-3.700270E-4
9.064500E+3	7.186920E-3	-3.700270E-4
9.042000E+3	6.959940E-3	-3.776570E-4
9.027500E+3	6.841690E-3	-3.814720E-4
9.016500E+3	6.723430E-3	-3.833790E-4
8.991700E+3	6.494550E-3	-3.910080E-4
8.980400E+3	6.387740E-3	-3.948230E-4
8.969200E+3	6.244690E-3	-3.967300E-4
8.944000E+3	6.038700E-3	-4.024520E-4
8.932800E+3	5.933790E-3	-4.062670E-4
8.910500E+3	5.693470E-3	-4.119890E-4
8.896500E+3	5.594280E-3	-4.138970E-4
8.874300E+3	5.386380E-3	-4.196190E-4
8.863000E+3	5.287200E-3	-4.215260E-4
8.851800E+3	5.149870E-3	-4.234330E-4
8.826700E+3	4.953410E-3	-4.291550E-4
8.815400E+3	4.858050E-3	-4.310630E-4
8.793200E+3	4.636790E-3	-4.367850E-4
8.779300E+3	4.528080E-3	-4.367850E-4
8.768100E+3	4.425080E-3	-4.386920E-4
8.739900E+3	4.207640E-3	-4.425070E-4
8.728800E+3	4.116090E-3	-4.444140E-4
8.717800E+3	4.026440E-3	-4.463210E-4
8.695200E+3	3.839510E-3	-4.482290E-4
8.681200E+3	3.757490E-3	-4.501360E-4
8.658900E+3	3.606810E-3	-4.501360E-4
8.647700E+3	3.538150E-3	-4.501360E-4
8.625200E+3	3.400820E-3	-4.501360E-4
8.614000E+3	3.318800E-3	-4.501360E-4
8.600200E+3	3.257770E-3	-4.501360E-4
8.577800E+3	3.129970E-3	-4.501360E-4
8.563400E+3	3.070850E-3	-4.520430E-4
8.541600E+3	2.969760E-3	-4.539510E-4
8.530400E+3	2.925890E-3	-4.539510E-4
8.508000E+3	2.849590E-3	-4.558580E-4
8.493500E+3	2.813350E-3	-4.558580E-4
8.479900E+3	2.788560E-3	-4.558580E-4
8.457500E+3	2.752320E-3	-4.558580E-4
8.446100E+3	2.742780E-3	-4.558580E-4
8.423700E+3	2.737060E-3	-4.558580E-4
8.412500E+3	2.742780E-3	-4.539510E-4
8.389900E+3	2.767580E-3	-4.539510E-4
8.389900E+3	2.767580E-3	-4.539510E-4
8.359500E+3	2.824800E-3	-4.520430E-4
8.348500E+3	2.857220E-3	-4.520430E-4
8.323500E+3	2.929700E-3	-4.539510E-4
8.312300E+3	2.971660E-3	-4.539510E-4
8.301300E+3	3.019350E-3	-4.539510E-4
8.275600E+3	3.141420E-3	-4.539510E-4
8.264400E+3	3.204360E-3	-4.539510E-4
8.241900E+3	3.358860E-3	-4.539510E-4
8.228100E+3	3.438960E-3	-4.539510E-4
8.216900E+3	3.515260E-3	-4.520430E-4
8.194500E+3	3.686920E-3	-4.520430E-4
8.183300E+3	3.774660E-3	-4.501360E-4
8.158300E+3	3.971130E-3	-4.501360E-4
8.147100E+3	4.079850E-3	-4.482290E-4
8.135800E+3	4.192380E-3	-4.482290E-4
8.110700E+3	4.400280E-3	-4.444140E-4
8.099500E+3	4.524260E-3	-4.444140E-4
8.085600E+3	4.659680E-3	-4.425070E-4
8.060100E+3	4.886660E-3	-4.386920E-4
8.049100E+3	4.993470E-3	-4.367850E-4
8.027000E+3	5.214720E-3	-4.348770E-4
8.015900E+3	5.329160E-3	-4.310630E-4
7.990100E+3	5.586650E-3	-4.272480E-4
7.979000E+3	5.716350E-3	-4.253410E-4
7.965000E+3	5.861310E-3	-4.234330E-4
7.942800E+3	6.080660E-3	-4.158040E-4
7.931700E+3	6.191280E-3	-4.119890E-4
7.909500E+3	6.431610E-3	-4.081740E-4
7.898400E+3	6.559400E-3	-4.043600E-4
7.884500E+3	6.675750E-3	-4.005450E-4
7.859100E+3	6.925610E-3	-3.948230E-4
7.847700E+3	7.036240E-3	-3.910080E-4
7.822900E+3	7.267030E-3	-3.833790E-4
7.811700E+3	7.389100E-3	-3.814720E-4
7.800400E+3	7.511170E-3	-3.757500E-4
7.775300E+3	7.730510E-3	-3.681200E-4
7.764200E+3	7.839260E-3	-3.643050E-4
7.741700E+3	8.045260E-3	-3.566760E-4
7.730500E+3	8.161600E-3	-3.547690E-4
7.719200E+3	8.270320E-3	-3.509540E-4
7.693600E+3	8.487760E-3	-3.433250E-4
7.682400E+3	8.592670E-3	-3.395100E-4
7.657600E+3	8.798660E-3	-3.318810E-4
7.646400E+3	8.892120E-3	-3.261580E-4
7.635100E+3	8.987490E-3	-3.223440E-4
7.609900E+3	9.208740E-3	-3.147140E-4
7.596100E+3	9.306010E-3	-3.109000E-4
7.573900E+3	9.483400E-3	-3.051780E-4
7.562700E+3	9.573040E-3	-3.013630E-4
7.551500E+3	9.676040E-3	-2.975480E-4
7.526300E+3	9.859140E-3	-2.918260E-4
7.515200E+3	9.946880E-3	-2.880120E-4
7.489600E+3	1.012620E-2	-2.784750E-4
7.478400E+3	1.020440E-2	-2.746600E-4
7.456000E+3	1.036460E-2	-2.670310E-4
7.444700E+3	1.044470E-2	-2.651230E-4
7.433600E+3	1.053240E-2	-2.613090E-4
7.411800E+3	1.068690E-2	-2.517720E-4
7.389400E+3	1.083380E-2	-2.460500E-4
7.378300E+3	1.093110E-2	-2.403270E-4
7.363900E+3	1.100360E-2	-2.384200E-4
7.341300E+3	1.115040E-2	-2.326970E-4
7.330100E+3	1.121910E-2	-2.288830E-4
7.308200E+3	1.135450E-2	-2.250680E-4
7.297000E+3	1.142510E-2	-2.212530E-4
7.285800E+3	1.149370E-2	-2.174390E-4
7.260200E+3	1.165400E-2	-2.098090E-4
7.246500E+3	1.172450E-2	-2.059950E-4
7.224200E+3	1.186000E-2	-1.983650E-4
7.212900E+3	1.192480E-2	-1.964580E-4
7.190500E+3	1.206020E-2	-1.888280E-4
7.179300E+3	1.213270E-2	-1.850140E-4
7.165500E+3	1.220520E-2	-1.831060E-4
7.143100E+3	1.234630E-2	-1.754770E-4
7.129100E+3	1.241120E-2	-1.716620E-4
7.118100E+3	1.247220E-2	-1.697550E-4
7.093000E+3	1.260760E-2	-1.621260E-4
7.081700E+3	1.267440E-2	-1.602180E-4
7.056700E+3	1.279460E-2	-1.525890E-4
7.045400E+3	1.285560E-2	-1.487740E-4
7.034100E+3	1.291660E-2	-1.468670E-4
7.008400E+3	1.303870E-2	-1.392370E-4
6.997300E+3	1.309590E-2	-1.373300E-4
6.975700E+3	1.319700E-2	-1.335150E-4
6.964400E+3	1.325610E-2	-1.316080E-4
6.953300E+3	1.332100E-2	-1.277930E-4
6.927500E+3	1.342400E-2	-1.201630E-4
6.916200E+3	1.347740E-2	-1.201630E-4
6.893900E+3	1.359560E-2	-1.106270E-4
6.880000E+3	1.365100E-2	-1.068120E-4
6.857600E+3	1.375590E-2	-1.029970E-4
6.846300E+3	1.380930E-2	-1.010900E-4
6.835200E+3	1.387600E-2	-9.536790E-5
6.810200E+3	1.398280E-2	-8.773850E-5
6.799000E+3	1.403430E-2	-8.392380E-5
6.776600E+3	1.414690E-2	-7.820180E-5
6.762700E+3	1.420220E-2	-7.629440E-5
6.751500E+3	1.424600E-2	-7.438710E-5
6.726400E+3	1.435480E-2	-6.675770E-5
6.715300E+3	1.440630E-2	-6.485030E-5
6.693100E+3	1.450160E-2	-5.912800E-5
6.681700E+3	1.454740E-2	-5.722070E-5
6.659400E+3	1.463320E-2	-5.340600E-5
6.648200E+3	1.468660E-2	-4.959130E-5
6.634300E+3	1.474200E-2	-4.577660E-5
6.611800E+3	1.484110E-2	-4.005460E-5
6.597300E+3	1.488880E-2	-4.005460E-5
6.575000E+3	1.498800E-2	-3.242520E-5
6.561100E+3	1.504140E-2	-2.861030E-5
6.550000E+3	1.508530E-2	-2.670300E-5
6.524700E+3	1.519590E-2	-2.288830E-5
6.510900E+3	1.524360E-2	-1.907360E-5
6.499600E+3	1.528940E-2	-1.525890E-5
6.477700E+3	1.537330E-2	-1.144420E-5
6.466600E+3	1.541910E-2	-7.629450E-6
6.444100E+3	1.550870E-2	-1.907360E-6
6.432600E+3	1.555450E-2	0.000000E+0
6.407600E+3	1.565950E-2	5.722080E-6
6.396500E+3	1.570710E-2	9.536800E-6
6.373800E+3	1.578920E-2	1.144420E-5
6.362600E+3	1.583490E-2	1.335150E-5
6.348300E+3	1.588070E-2	1.525890E-5
6.326100E+3	1.596080E-2	1.907360E-5
6.315700E+3	1.599710E-2	2.098100E-5
6.292500E+3	1.607530E-2	2.479560E-5
6.281400E+3	1.611910E-2	2.861030E-5
6.256400E+3	1.619730E-2	3.242520E-5
6.245100E+3	1.623740E-2	3.433250E-5
6.234100E+3	1.627360E-2	3.623990E-5
6.208900E+3	1.636520E-2	3.814720E-5
6.197700E+3	1.640330E-2	4.005460E-5
6.175400E+3	1.649110E-2	4.577660E-5
6.161600E+3	1.653300E-2	4.959130E-5
6.150500E+3	1.657500E-2	5.149860E-5
6.139300E+3	1.663030E-2	5.531330E-5
6.110800E+3	1.671040E-2	6.294300E-5
6.099400E+3	1.675430E-2	6.485030E-5
6.074600E+3	1.683820E-2	7.057240E-5
6.063400E+3	1.688210E-2	7.247970E-5
6.052300E+3	1.692020E-2	7.629440E-5
6.027400E+3	1.700030E-2	7.820180E-5
6.015900E+3	1.703660E-2	8.010910E-5
5.990800E+3	1.711290E-2	8.583120E-5
5.979500E+3	1.714530E-2	8.773850E-5
5.968200E+3	1.717390E-2	8.964590E-5
5.945800E+3	1.723680E-2	9.155320E-5
5.934600E+3	1.726930E-2	9.346050E-5
5.909700E+3	1.732840E-2	9.918260E-5
5.898600E+3	1.736080E-2	1.029970E-4
5.876100E+3	1.741990E-2	1.068120E-4
5.862200E+3	1.744280E-2	1.068120E-4
5.839900E+3	1.748860E-2	1.068120E-4
5.828600E+3	1.751720E-2	1.068120E-4
5.814400E+3	1.754390E-2	1.087190E-4
5.792600E+3	1.758590E-2	1.125340E-4
5.781100E+3	1.760690E-2	1.144410E-4
5.766800E+3	1.762780E-2	1.163490E-4
5.744300E+3	1.766600E-2	1.182560E-4
5.730700E+3	1.768310E-2	1.182560E-4
5.708500E+3	1.771370E-2	1.220710E-4
5.697100E+3	1.772890E-2	1.239790E-4
5.674400E+3	1.775750E-2	1.277930E-4
5.663200E+3	1.777090E-2	1.297010E-4
5.640700E+3	1.780520E-2	1.354230E-4
5.629800E+3	1.782050E-2	1.373300E-4
5.615700E+3	1.783570E-2	1.392370E-4
5.590700E+3	1.785480E-2	1.430520E-4
5.579700E+3	1.786240E-2	1.430520E-4
5.568400E+3	1.786630E-2	1.430520E-4
5.543400E+3	1.787390E-2	1.430520E-4
5.532000E+3	1.787770E-2	1.430520E-4
5.509500E+3	1.788720E-2	1.411450E-4
5.495800E+3	1.788910E-2	1.392370E-4
5.473400E+3	1.789490E-2	1.411450E-4
5.462400E+3	1.789680E-2	1.411450E-4
5.448300E+3	1.789870E-2	1.411450E-4
5.425700E+3	1.789490E-2	1.411450E-4
5.414600E+3	1.789300E-2	1.411450E-4
5.403500E+3	1.789300E-2	1.411450E-4
5.378000E+3	1.789100E-2	1.411450E-4
5.366700E+3	1.788910E-2	1.411450E-4
5.341600E+3	1.787770E-2	1.411450E-4
5.330500E+3	1.787010E-2	1.392370E-4
5.316400E+3	1.786430E-2	1.373300E-4
5.294100E+3	1.785290E-2	1.354230E-4
5.282900E+3	1.784910E-2	1.335150E-4
5.260500E+3	1.783760E-2	1.316080E-4
5.249300E+3	1.783000E-2	1.316080E-4
5.227000E+3	1.782050E-2	1.297010E-4
5.215900E+3	1.781480E-2	1.297010E-4
5.193300E+3	1.780140E-2	1.297010E-4
5.179200E+3	1.779190E-2	1.297010E-4
5.165700E+3	1.778610E-2	1.297010E-4
5.143600E+3	1.777850E-2	1.277930E-4
5.132200E+3	1.777470E-2	1.277930E-4
5.109600E+3	1.776130E-2	1.258860E-4
5.098600E+3	1.775180E-2	1.239790E-4
5.073500E+3	1.773270E-2	1.220710E-4
5.062400E+3	1.772700E-2	1.201630E-4
5.051200E+3	1.771940E-2	1.201630E-4
5.025900E+3	1.769840E-2	1.182560E-4
5.014700E+3	1.768890E-2	1.182560E-4
4.990100E+3	1.766980E-2	1.182560E-4
4.978900E+3	1.766220E-2	1.182560E-4
4.967500E+3	1.765260E-2	1.182560E-4
4.941600E+3	1.764310E-2	1.163490E-4
4.930500E+3	1.763740E-2	1.144410E-4
4.916600E+3	1.762970E-2	1.144410E-4
4.894400E+3	1.761830E-2	1.125340E-4
4.883100E+3	1.761260E-2	1.144410E-4
4.857800E+3	1.759920E-2	1.144410E-4
4.846700E+3	1.759350E-2	1.125340E-4
4.824400E+3	1.758590E-2	1.125340E-4
4.813200E+3	1.758400E-2	1.125340E-4
4.799400E+3	1.757820E-2	1.125340E-4
4.776900E+3	1.757250E-2	1.144410E-4
4.763000E+3	1.756870E-2	1.144410E-4
4.751900E+3	1.756490E-2	1.163490E-4
4.726400E+3	1.755730E-2	1.144410E-4
4.715700E+3	1.755150E-2	1.144410E-4
4.693300E+3	1.754390E-2	1.144410E-4
4.682200E+3	1.753820E-2	1.125340E-4
4.656500E+3	1.752870E-2	1.106270E-4
4.645400E+3	1.752100E-2	1.125340E-4
4.631400E+3	1.752100E-2	1.125340E-4
4.609000E+3	1.751530E-2	1.144410E-4
4.597900E+3	1.751150E-2	1.144410E-4
4.586500E+3	1.750580E-2	1.144410E-4
4.561500E+3	1.749430E-2	1.125340E-4
4.550400E+3	1.748670E-2	1.125340E-4
4.527900E+3	1.747330E-2	1.125340E-4
4.514100E+3	1.746760E-2	1.106270E-4
4.491800E+3	1.746000E-2	1.106270E-4
4.478000E+3	1.745430E-2	1.106270E-4
4.466700E+3	1.745050E-2	1.106270E-4
4.444300E+3	1.744090E-2	1.106270E-4
4.433100E+3	1.743710E-2	1.087190E-4
4.410700E+3	1.742760E-2	1.087190E-4
4.399600E+3	1.742370E-2	1.087190E-4
4.377200E+3	1.741420E-2	1.087190E-4
4.366000E+3	1.740660E-2	1.068120E-4
4.340600E+3	1.739130E-2	1.049050E-4
4.329700E+3	1.738750E-2	1.049050E-4
4.318400E+3	1.737800E-2	1.049050E-4
4.293400E+3	1.736650E-2	1.049050E-4
4.282400E+3	1.736270E-2	1.029970E-4
4.270900E+3	1.735700E-2	1.029970E-4
4.245400E+3	1.734550E-2	1.010900E-4
4.223500E+3	1.733410E-2	1.010900E-4
4.212400E+3	1.732650E-2	1.010900E-4
4.198000E+3	1.732080E-2	1.010900E-4
4.175500E+3	1.731120E-2	1.010900E-4
4.164400E+3	1.730930E-2	1.010900E-4
4.153300E+3	1.730550E-2	1.010900E-4
4.128400E+3	1.729790E-2	9.918260E-5
4.117200E+3	1.729600E-2	9.727520E-5
4.091900E+3	1.728450E-2	9.727520E-5
4.080700E+3	1.728070E-2	9.727520E-5
4.069500E+3	1.727690E-2	9.536790E-5
4.044700E+3	1.726930E-2	9.536790E-5
4.033600E+3	1.726540E-2	9.536790E-5
4.019600E+3	1.726160E-2	9.536790E-5
3.993800E+3	1.725590E-2	9.536790E-5
3.982500E+3	1.725210E-2	9.536790E-5
3.960100E+3	1.724450E-2	9.727520E-5
3.949100E+3	1.724060E-2	9.727520E-5
3.924000E+3	1.723110E-2	9.727520E-5
3.912800E+3	1.722920E-2	9.536790E-5
3.901700E+3	1.722540E-2	9.536790E-5
3.876700E+3	1.721970E-2	9.536790E-5
3.865600E+3	1.721780E-2	9.536790E-5
3.840300E+3	1.721010E-2	9.536790E-5
3.829000E+3	1.720820E-2	9.536790E-5
3.817900E+3	1.720440E-2	9.536790E-5
3.792900E+3	1.720440E-2	9.536790E-5
3.781700E+3	1.720250E-2	9.536790E-5
3.770300E+3	1.719680E-2	9.536790E-5
3.745500E+3	1.719110E-2	9.346050E-5
3.734300E+3	1.718530E-2	9.346050E-5
3.708600E+3	1.717770E-2	9.155320E-5
3.698000E+3	1.717580E-2	9.155320E-5
3.683400E+3	1.717010E-2	9.155320E-5
3.660900E+3	1.716430E-2	9.155320E-5
3.649700E+3	1.716240E-2	9.155320E-5
3.624800E+3	1.716430E-2	9.346050E-5
3.613900E+3	1.716430E-2	9.536790E-5
3.591400E+3	1.716430E-2	9.727520E-5
3.580000E+3	1.716630E-2	9.727520E-5
3.557700E+3	1.716430E-2	9.918260E-5
3.546600E+3	1.716430E-2	9.918260E-5
3.524100E+3	1.716050E-2	9.918260E-5
3.512700E+3	1.715670E-2	9.918260E-5
3.501500E+3	1.715290E-2	9.918260E-5
3.476600E+3	1.714720E-2	9.727520E-5
3.465500E+3	1.713960E-2	9.727520E-5
3.451700E+3	1.713190E-2	9.727520E-5
3.426600E+3	1.712050E-2	9.727520E-5
3.415200E+3	1.711480E-2	9.727520E-5
3.392800E+3	1.710140E-2	9.918260E-5
3.381700E+3	1.709760E-2	9.727520E-5
3.370500E+3	1.709190E-2	9.727520E-5
3.345700E+3	1.708420E-2	9.536790E-5
3.334400E+3	1.708420E-2	9.346050E-5
3.308600E+3	1.707850E-2	9.346050E-5
3.297600E+3	1.707660E-2	9.346050E-5
3.275200E+3	1.707470E-2	9.346050E-5
3.263800E+3	1.707280E-2	9.346050E-5
3.252600E+3	1.707090E-2	9.346050E-5
3.227700E+3	1.706520E-2	9.346050E-5
3.216600E+3	1.706520E-2	9.346050E-5
3.191500E+3	1.706900E-2	9.536790E-5
3.180300E+3	1.707090E-2	9.727520E-5
3.168900E+3	1.707280E-2	9.727520E-5
3.143900E+3	1.707090E-2	9.727520E-5
3.130200E+3	1.706900E-2	9.727520E-5
3.118900E+3	1.706520E-2	9.727520E-5
3.096400E+3	1.705940E-2	9.536790E-5
3.074100E+3	1.705180E-2	9.536790E-5
3.062900E+3	1.705180E-2	9.346050E-5
3.051800E+3	1.704990E-2	9.346050E-5
3.029500E+3	1.704800E-2	9.155320E-5
3.018300E+3	1.704610E-2	9.155320E-5
2.995900E+3	1.704040E-2	9.155320E-5
2.984600E+3	1.703850E-2	8.964590E-5
2.959200E+3	1.703460E-2	8.964590E-5
2.948600E+3	1.703460E-2	9.155320E-5
2.937200E+3	1.703270E-2	9.155320E-5
2.911500E+3	1.703080E-2	8.964590E-5
2.900400E+3	1.703080E-2	9.155320E-5
2.875100E+3	1.702320E-2	9.155320E-5
2.864000E+3	1.701940E-2	9.155320E-5
2.852800E+3	1.701750E-2	9.155320E-5
2.827700E+3	1.701370E-2	9.155320E-5
2.816700E+3	1.701180E-2	9.155320E-5
2.791900E+3	1.700410E-2	9.155320E-5
2.780700E+3	1.699840E-2	8.964590E-5
2.769500E+3	1.699270E-2	8.964590E-5
2.744200E+3	1.698890E-2	9.155320E-5
2.733000E+3	1.698700E-2	9.155320E-5
2.710600E+3	1.698320E-2	9.155320E-5
2.699500E+3	1.697930E-2	9.155320E-5
2.674100E+3	1.697360E-2	9.155320E-5
2.662700E+3	1.697170E-2	9.155320E-5
2.652000E+3	1.696980E-2	9.155320E-5
2.626300E+3	1.696980E-2	9.155320E-5
2.614900E+3	1.697170E-2	9.155320E-5
2.592400E+3	1.697360E-2	9.155320E-5
2.581300E+3	1.697170E-2	9.155320E-5
2.567400E+3	1.697170E-2	9.155320E-5
2.545300E+3	1.697170E-2	9.155320E-5
2.534200E+3	1.696980E-2	9.155320E-5
2.508900E+3	1.696790E-2	9.155320E-5
2.497400E+3	1.696600E-2	9.155320E-5
2.475100E+3	1.696600E-2	8.964590E-5
2.464200E+3	1.696410E-2	8.964590E-5
2.450200E+3	1.696220E-2	9.155320E-5
2.424900E+3	1.695840E-2	9.155320E-5
2.414200E+3	1.695450E-2	9.155320E-5
2.399700E+3	1.695450E-2	9.155320E-5
2.377200E+3	1.695070E-2	9.155320E-5
2.363200E+3	1.695260E-2	9.155320E-5
2.340600E+3	1.695260E-2	9.155320E-5
2.329300E+3	1.695260E-2	9.155320E-5
2.318100E+3	1.695260E-2	9.155320E-5
2.293300E+3	1.694880E-2	9.155320E-5
2.282100E+3	1.694310E-2	9.155320E-5
2.268200E+3	1.693930E-2	8.964590E-5
2.245600E+3	1.693550E-2	8.964590E-5
2.234500E+3	1.693360E-2	8.964590E-5
2.212300E+3	1.692780E-2	8.964590E-5
2.201100E+3	1.692590E-2	8.773850E-5
2.175800E+3	1.692020E-2	8.773850E-5
2.164500E+3	1.691830E-2	8.773850E-5
2.142100E+3	1.691450E-2	8.964590E-5
2.130900E+3	1.691260E-2	9.155320E-5
2.108600E+3	1.690500E-2	9.155320E-5
2.097300E+3	1.690300E-2	9.155320E-5
2.074700E+3	1.689920E-2	9.155320E-5
2.063400E+3	1.689730E-2	8.964590E-5
2.052200E+3	1.689350E-2	8.964590E-5
2.026300E+3	1.688970E-2	8.773850E-5
2.014700E+3	1.688970E-2	8.773850E-5
1.992300E+3	1.688780E-2	8.773850E-5
1.980800E+3	1.688590E-2	8.583120E-5
1.957900E+3	1.688210E-2	8.583120E-5
1.946500E+3	1.688020E-2	8.583120E-5
1.935000E+3	1.687820E-2	8.583120E-5
1.906400E+3	1.687440E-2	8.392380E-5
1.894800E+3	1.687440E-2	8.583120E-5
1.880500E+3	1.687440E-2	8.583120E-5
1.857300E+3	1.687060E-2	8.773850E-5
1.845600E+3	1.687060E-2	8.773850E-5
1.822000E+3	1.686490E-2	8.773850E-5
1.807000E+3	1.686300E-2	8.583120E-5
1.783800E+3	1.686110E-2	8.583120E-5
1.773000E+3	1.686110E-2	8.583120E-5
1.761400E+3	1.686110E-2	8.583120E-5
1.735400E+3	1.685540E-2	8.773850E-5
1.724100E+3	1.685540E-2	8.964590E-5
1.698700E+3	1.685730E-2	9.155320E-5
1.687300E+3	1.685730E-2	9.155320E-5
1.673200E+3	1.685350E-2	9.155320E-5
1.647500E+3	1.684580E-2	9.155320E-5
1.636000E+3	1.684580E-2	9.155320E-5
1.613000E+3	1.684390E-2	9.155320E-5
1.601500E+3	1.684200E-2	9.155320E-5
1.589900E+3	1.684200E-2	9.346050E-5
1.566500E+3	1.683820E-2	9.346050E-5
1.543400E+3	1.683820E-2	9.155320E-5
1.531900E+3	1.683820E-2	9.155320E-5
1.520200E+3	1.684010E-2	9.155320E-5
1.494100E+3	1.684010E-2	9.155320E-5
1.482500E+3	1.684010E-2	9.155320E-5
1.468200E+3	1.683630E-2	9.155320E-5
1.442000E+3	1.683250E-2	9.155320E-5
1.430600E+3	1.683060E-2	9.155320E-5
1.407700E+3	1.682290E-2	8.964590E-5
1.393600E+3	1.682100E-2	8.773850E-5
1.382200E+3	1.681910E-2	8.583120E-5
1.371000E+3	1.681910E-2	8.583120E-5
1.343100E+3	1.681340E-2	8.583120E-5
1.332000E+3	1.681340E-2	8.583120E-5
1.309700E+3	1.681340E-2	8.773850E-5
1.298700E+3	1.681340E-2	8.773850E-5
1.274100E+3	1.681150E-2	8.773850E-5
1.263100E+3	1.681150E-2	8.773850E-5
1.252300E+3	1.680960E-2	8.583120E-5
1.228200E+3	1.680770E-2	8.392380E-5
1.217400E+3	1.680770E-2	8.392380E-5
1.206900E+3	1.680580E-2	8.392380E-5
1.183100E+3	1.680000E-2	8.392380E-5
1.172700E+3	1.679810E-2	8.392380E-5
1.152200E+3	1.679430E-2	8.201650E-5
1.142100E+3	1.679050E-2	8.201650E-5
1.122300E+3	1.678100E-2	8.010910E-5
1.112600E+3	1.678100E-2	8.010910E-5
1.093400E+3	1.677530E-2	8.010910E-5
1.084300E+3	1.677530E-2	8.010910E-5
1.062800E+3	1.677330E-2	8.010910E-5
1.053500E+3	1.677140E-2	8.010910E-5
1.042200E+3	1.677140E-2	8.010910E-5
1.024000E+3	1.677330E-2	8.010910E-5
1.012900E+3	1.677530E-2	8.201650E-5
9.951000E+2	1.677530E-2	8.392380E-5
9.860000E+2	1.677530E-2	8.392380E-5
9.772000E+2	1.677330E-2	8.392380E-5
9.598000E+2	1.676950E-2	8.392380E-5
9.489000E+2	1.676760E-2	8.392380E-5
9.316000E+2	1.676760E-2	8.392380E-5
9.209000E+2	1.676950E-2	8.392380E-5
9.123000E+2	1.676950E-2	8.392380E-5
8.928000E+2	1.676760E-2	8.201650E-5
8.843000E+2	1.676760E-2	8.010910E-5
8.758000E+2	1.676570E-2	8.010910E-5
8.551000E+2	1.676190E-2	8.201650E-5
8.467000E+2	1.676000E-2	8.201650E-5
8.299000E+2	1.676000E-2	8.201650E-5
8.215000E+2	1.676000E-2	8.392380E-5
8.049000E+2	1.676190E-2	8.392380E-5
7.967000E+2	1.676190E-2	8.201650E-5
7.802000E+2	1.676380E-2	8.201650E-5
7.722000E+2	1.676760E-2	8.392380E-5
7.619000E+2	1.676760E-2	8.392380E-5
7.437000E+2	1.676760E-2	8.392380E-5
7.355000E+2	1.676760E-2	8.583120E-5
7.275000E+2	1.676760E-2	8.392380E-5
7.093000E+2	1.676760E-2	8.392380E-5
7.014000E+2	1.676380E-2	8.392380E-5
6.854000E+2	1.675620E-2	8.392380E-5
6.773000E+2	1.675240E-2	8.392380E-5
6.595000E+2	1.674660E-2	8.201650E-5
6.515000E+2	1.674280E-2	8.201650E-5
6.437000E+2	1.674090E-2	8.010910E-5
6.255000E+2	1.673900E-2	7.820180E-5
6.177000E+2	1.673900E-2	7.820180E-5
6.019000E+2	1.674090E-2	8.010910E-5
5.941000E+2	1.674090E-2	8.010910E-5
5.766000E+2	1.674090E-2	8.201650E-5
5.686000E+2	1.673900E-2	8.201650E-5
5.590000E+2	1.673900E-2	8.201650E-5
5.433000E+2	1.674090E-2	8.201650E-5
5.338000E+2	1.674090E-2	8.392380E-5
5.260000E+2	1.674090E-2	8.392380E-5
5.085000E+2	1.673900E-2	8.392380E-5
5.008000E+2	1.673520E-2	8.392380E-5
4.854000E+2	1.672760E-2	8.201650E-5
4.770000E+2	1.672760E-2	8.010910E-5
4.487000E+2	1.671990E-2	7.820180E-5
4.305000E+2	1.671610E-2	7.820180E-5
4.110000E+2	1.671420E-2	8.010910E-5
3.631000E+2	1.670470E-2	8.010910E-5
3.403000E+2	1.669700E-2	8.010910E-5
2.865000E+2	1.667800E-2	7.820180E-5
2.612000E+2	1.666840E-2	7.820180E-5
2.085000E+2	1.664560E-2	7.629440E-5
1.815000E+2	1.662840E-2	7.629440E-5
1.541000E+2	1.661120E-2	7.438710E-5
9.870000E+1	1.657690E-2	7.247970E-5
4.260000E+1	1.653110E-2	7.057240E-5
1.470000E+1	1.650630E-2	6.866500E-5
-1.330000E+1	1.648910E-2	6.675770E-5
-6.890000E+1	1.647010E-2	6.485030E-5
-9.640000E+1	1.647200E-2	6.485030E-5
-1.507000E+2	1.649110E-2	6.485030E-5
-1.775000E+2	1.650630E-2	6.675770E-5
-2.288000E+2	1.654060E-2	7.057240E-5
-2.544000E+2	1.656160E-2	7.247970E-5
-3.044000E+2	1.659600E-2	7.629440E-5
-3.283000E+2	1.661120E-2	7.820180E-5
-3.747000E+2	1.664170E-2	7.820180E-5
